  -3.4248788e-02
  -3.2540262e-02
  -3.0787665e-02
  -2.9467389e-02
  -2.8781731e-02
  -2.8785305e-02
  -2.9508002e-02
  -3.0298207e-02
  -3.0495550e-02
  -2.9674485e-02
  -2.8559538e-02
  -2.7895899e-02
  -2.8077090e-02
  -2.8194249e-02
  -2.7352577e-02
  -2.4782006e-02
  -2.1381151e-02
  -1.7442726e-02
  -1.2501846e-02
  -8.3171473e-03
  -5.6522753e-03
  -2.8232481e-03
  -5.5805106e-04
   0.0000000e+00
   0.0000000e+00
   0.0000000e+00
   0.0000000e+00
  -0.0000000e+00
  -0.0000000e+00
  -1.3679274e-02
  -2.0110425e-02
  -2.4694772e-02
  -2.8772237e-02
  -3.2085586e-02
  -3.4250125e-02
  -3.5142034e-02
  -4.3710861e-02
  -4.1794736e-02
  -3.9662540e-02
  -3.7367161e-02
  -3.5082135e-02
  -3.2477617e-02
  -3.2256480e-02
  -3.4605652e-02
  -3.6992814e-02
  -3.8156863e-02
  -3.7699040e-02
  -3.5553530e-02
  -3.3462014e-02
  -3.1485725e-02
  -2.7633233e-02
  -2.4136238e-02
  -2.1116716e-02
  -1.9323517e-02
  -1.3449333e-02
  -6.6321043e-03
  -4.2406681e-03
  -4.0768893e-03
  -3.2684655e-03
   0.0000000e+00
   0.0000000e+00
   0.0000000e+00
   0.0000000e+00
   0.0000000e+00
  -0.0000000e+00
  -4.3883603e-02
  -4.0694147e-02
  -3.4825463e-02
  -3.2633621e-02
  -3.4399144e-02
  -3.8838487e-02
  -4.2989474e-02
   5.7950662e-03
   7.3315115e-03
   9.0089096e-03
   1.0057622e-02
   8.9787887e-03
   8.6353989e-03
   7.7906926e-03
   4.9313228e-03
   2.7629263e-03
   1.2653251e-03
   1.0949797e-03
   2.2454504e-03
   5.6117941e-03
   9.9076079e-03
   1.3402275e-02
   1.3164583e-02
   7.3131571e-03
   3.4093522e-03
   6.4186318e-03
   0.0000000e+00
   0.0000000e+00
   0.0000000e+00
   0.0000000e+00
   0.0000000e+00
   0.0000000e+00
   0.0000000e+00
   0.0000000e+00
  -0.0000000e+00
  -1.7878804e-02
  -1.4952555e-02
  -3.6894870e-03
   2.3092187e-03
   8.1156977e-03
   1.0339651e-02
   9.8674595e-03
   7.3659243e-03
   5.9418298e-02
   5.7621565e-02
   5.4080516e-02
   5.2906036e-02
   4.9663004e-02
   4.8554104e-02
   4.9125366e-02
   5.1202264e-02
   5.2495074e-02
   5.1992800e-02
   5.7672735e-02
   5.4727048e-02
   5.4490380e-02
   5.7575405e-02
   4.4448455e-02
   4.1437577e-02
   3.8385756e-02
   3.0031484e-02
   2.8819488e-02
   0.0000000e+00
   0.0000000e+00
   0.0000000e+00
   0.0000000e+00
   0.0000000e+00
   0.0000000e+00
   0.0000000e+00
   0.0000000e+00
   0.0000000e+00
   3.2287804e-02
   5.3332213e-02
   6.3621610e-02
   6.3479133e-02
   7.0712358e-02
   6.8912350e-02
   6.8590924e-02
   6.5241411e-02
   9.3711019e-02
   8.9404352e-02
   8.3292566e-02
   8.2144067e-02
   7.9123132e-02
   7.9276301e-02
   7.9696208e-02
   8.3409816e-02
   8.6250670e-02
   8.2469210e-02
   9.2564233e-02
   8.8169150e-02
   8.4057949e-02
   8.6802937e-02
   7.4514485e-02
   0.0000000e+00
   5.9663430e-02
   5.0505636e-02
   0.0000000e+00
   0.0000000e+00
   0.0000000e+00
   0.0000000e+00
   0.0000000e+00
   0.0000000e+00
   0.0000000e+00
   0.0000000e+00
   0.0000000e+00
   0.0000000e+00
   0.0000000e+00
   1.0818589e-01
   1.2141880e-01
   1.2016631e-01
   1.2463083e-01
   1.1715678e-01
   1.1075027e-01
   1.0263547e-01
   1.0841839e-01
   1.0315147e-01
   9.9551961e-02
   9.9398568e-02
   9.7275682e-02
   9.6908741e-02
   9.4718233e-02
   9.3114369e-02
   9.5416673e-02
   8.9590594e-02
   9.4325565e-02
   9.1919377e-02
   8.3232477e-02
   8.2212761e-02
   7.9407871e-02
   0.0000000e+00
   5.7702313e-02
   4.6691258e-02
   0.0000000e+00
   0.0000000e+00
   0.0000000e+00
   0.0000000e+00
   0.0000000e+00
   0.0000000e+00
   0.0000000e+00
   0.0000000e+00
   0.0000000e+00
   1.3047599e-01
   1.2499140e-01
   1.2643926e-01
   1.3793145e-01
   1.4048611e-01
   1.4201407e-01
   1.3687636e-01
   1.2637793e-01
   1.1564073e-01
   9.2763267e-02
   8.9606918e-02
   8.7951399e-02
   8.8057227e-02
   8.7292351e-02
   8.5047431e-02
   8.1609361e-02
   7.5441442e-02
   7.7860393e-02
   7.5402059e-02
   7.1827218e-02
   7.0049286e-02
   5.5811588e-02
   4.8343308e-02
   4.6512872e-02
   0.0000000e+00
   0.0000000e+00
   0.0000000e+00
   0.0000000e+00
   0.0000000e+00
   0.0000000e+00
   0.0000000e+00
   0.0000000e+00
   5.7406425e-02
   7.3770456e-02
   1.0049777e-01
   1.2189010e-01
   1.2125628e-01
   1.1678623e-01
   1.0460945e-01
   1.0475028e-01
   1.0970961e-01
   1.1224418e-01
   1.1217105e-01
   1.0664636e-01
   9.6702299e-02
   5.1450003e-02
   5.0089471e-02
   4.8157007e-02
   4.8016474e-02
   4.8581094e-02
   4.6222314e-02
   4.4924203e-02
   4.0514346e-02
   4.3778036e-02
   4.5755625e-02
   4.0496338e-02
   3.6718223e-02
   1.9393422e-02
   1.2226177e-02
   0.0000000e+00
   0.0000000e+00
   0.0000000e+00
   0.0000000e+00
   0.0000000e+00
   0.0000000e+00
   0.0000000e+00
   0.0000000e+00
   4.3703955e-02
   3.8151842e-02
   4.7657538e-02
   6.6264495e-02
   7.1692154e-02
   6.8439834e-02
   6.7128547e-02
   5.8102638e-02
   5.2432738e-02
   5.5345293e-02
   5.8555108e-02
   5.9418052e-02
   5.8410686e-02
   5.5155225e-02
   1.5540377e-03
   9.5158967e-04
  -9.8320737e-04
  -1.2876308e-03
   4.5849977e-04
   3.3344876e-04
   2.8575286e-03
   3.6882639e-03
   7.1450118e-03
   1.0807868e-02
   8.5802991e-03
   3.4602142e-03
  -1.1685853e-02
  -1.4163666e-02
   0.0000000e+00
   0.0000000e+00
   0.0000000e+00
   0.0000000e+00
   0.0000000e+00
   0.0000000e+00
   0.0000000e+00
   0.0000000e+00
   1.2175389e-02
   3.8602941e-03
   5.9035541e-03
   1.1803261e-02
   1.2029970e-02
   1.1276783e-02
   8.7233828e-03
   5.5466853e-03
   1.5691321e-03
   1.0126572e-03
   3.7136436e-03
   4.3465160e-03
   4.9743098e-03
   3.9805099e-03
  -4.0046398e-02
  -4.0698525e-02
  -4.1170191e-02
  -4.1619372e-02
  -3.8806465e-02
  -3.5813875e-02
  -3.0406641e-02
  -2.5518985e-02
  -2.3778891e-02
  -2.1003423e-02
  -2.0031532e-02
  -2.3692528e-02
  -3.1429917e-02
  -2.6728341e-02
   0.0000000e+00
   0.0000000e+00
   0.0000000e+00
   0.0000000e+00
   0.0000000e+00
   0.0000000e+00
   0.0000000e+00
  -0.0000000e+00
  -2.3418276e-02
  -2.8892403e-02
  -3.2889452e-02
  -3.3273056e-02
  -2.9542765e-02
  -2.8784648e-02
  -3.5095137e-02
  -3.6354136e-02
  -3.6934040e-02
  -4.0464457e-02
  -3.9670788e-02
  -3.8278598e-02
  -3.8356822e-02
  -3.8565502e-02
  -6.1169602e-02
  -6.2681496e-02
  -5.9259951e-02
  -5.8629364e-02
  -5.5316929e-02
  -4.9653355e-02
  -4.5706380e-02
  -4.1216258e-02
  -4.6026167e-02
  -4.6206225e-02
  -4.6625640e-02
  -4.6563603e-02
  -3.4846604e-02
  -2.7195862e-02
   0.0000000e+00
   0.0000000e+00
   0.0000000e+00
   0.0000000e+00
   0.0000000e+00
  -0.0000000e+00
  -0.0000000e+00
  -0.0000000e+00
  -4.7509417e-02
  -5.0016295e-02
  -5.5906873e-02
  -5.7611153e-02
  -5.0886616e-02
  -4.8140232e-02
  -5.5199619e-02
  -5.9303038e-02
  -6.1112311e-02
  -6.5201350e-02
  -6.7434572e-02
  -6.3705929e-02
  -6.2006395e-02
  -6.1668660e-02
  -5.3075802e-02
  -5.4800704e-02
  -5.0574578e-02
  -4.8251517e-02
  -4.5484591e-02
  -3.8835134e-02
  -4.0597200e-02
  -4.0200882e-02
  -5.0092462e-02
  -5.4969531e-02
  -5.7066135e-02
  -5.1563170e-02
  -2.4666287e-02
  -2.0433322e-02
   0.0000000e+00
   0.0000000e+00
   0.0000000e+00
   0.0000000e+00
  -0.0000000e+00
  -0.0000000e+00
  -4.9737191e-02
  -5.3327456e-02
  -5.0599076e-02
  -5.2691922e-02
  -5.7585128e-02
  -5.9816629e-02
  -5.5379573e-02
  -4.7573127e-02
  -4.9447641e-02
  -5.6826051e-02
  -6.4632311e-02
  -6.7446634e-02
  -7.0056826e-02
  -6.4502612e-02
  -5.7423182e-02
  -5.6134153e-02
  -3.8009465e-02
  -4.0195055e-02
  -3.7606798e-02
  -3.5458993e-02
  -3.3788554e-02
  -2.8436009e-02
  -3.3238504e-02
  -3.5433494e-02
  -4.7170866e-02
  -5.3956077e-02
  -5.6674957e-02
  -4.7555599e-02
  -1.5344448e-02
  -1.3302898e-02
   0.0000000e+00
   0.0000000e+00
   0.0000000e+00
   0.0000000e+00
  -0.0000000e+00
  -5.4464575e-02
  -5.1012103e-02
  -4.9918614e-02
  -4.2055774e-02
  -4.3945245e-02
  -4.7853597e-02
  -5.0763562e-02
  -4.8503119e-02
  -3.7902873e-02
  -3.6902387e-02
  -4.2943377e-02
  -5.2891597e-02
  -5.6050505e-02
  -5.8710210e-02
  -5.3628400e-02
  -4.3978456e-02
  -4.1891955e-02
  -2.1901531e-02
  -2.4617817e-02
  -2.4184862e-02
  -2.3066999e-02
  -2.2959460e-02
  -1.9911101e-02
  -2.6265707e-02
  -2.9776642e-02
  -4.1798700e-02
  -4.8718758e-02
  -5.1399928e-02
  -3.9360896e-02
  -5.9235469e-03
  -1.8380272e-03
   0.0000000e+00
   0.0000000e+00
   0.0000000e+00
   0.0000000e+00
  -0.0000000e+00
  -5.3201612e-02
  -4.5219015e-02
  -4.1452661e-02
  -2.9217705e-02
  -3.0970747e-02
  -3.3841766e-02
  -3.6966566e-02
  -3.6435239e-02
  -2.5159266e-02
  -2.3165636e-02
  -2.6162930e-02
  -3.5388302e-02
  -3.8478531e-02
  -4.1013006e-02
  -3.7693787e-02
  -2.7765119e-02
  -2.5510982e-02
  -1.2978933e-02
  -1.6025608e-02
  -1.6346090e-02
  -1.7274417e-02
  -1.9104239e-02
  -1.9375805e-02
  -2.4091844e-02
  -2.6137071e-02
  -3.5907898e-02
  -4.0212806e-02
  -4.2263877e-02
  -2.6966076e-02
   3.6405514e-03
   2.2786512e-03
   0.0000000e+00
   0.0000000e+00
   0.0000000e+00
   0.0000000e+00
  -0.0000000e+00
  -4.1676161e-02
  -3.1681632e-02
  -2.7314194e-02
  -1.4980197e-02
  -1.6124738e-02
  -1.6830198e-02
  -1.8541049e-02
  -1.8270670e-02
  -1.2162747e-02
  -1.4337932e-02
  -1.3931250e-02
  -1.5413588e-02
  -1.5625589e-02
  -1.7686350e-02
  -1.8377384e-02
  -1.4216087e-02
  -1.3825790e-02
  -2.1381851e-02
  -2.3475140e-02
  -2.3350384e-02
  -2.4939381e-02
  -2.6496397e-02
  -2.8056093e-02
  -3.1171184e-02
  -3.1055648e-02
  -3.6896508e-02
  -3.6865968e-02
  -3.6894672e-02
  -1.6543720e-02
   1.2283589e-02
   0.0000000e+00
   0.0000000e+00
   0.0000000e+00
   0.0000000e+00
   0.0000000e+00
  -0.0000000e+00
  -0.0000000e+00
  -0.0000000e+00
  -2.4710469e-02
  -1.6959490e-02
  -1.8346306e-02
  -1.4144914e-02
  -1.3032186e-02
  -1.2230999e-02
  -9.4403755e-03
  -1.4048235e-02
  -1.4941803e-02
  -1.4801076e-02
  -1.3046972e-02
  -1.5059787e-02
  -1.7885571e-02
  -1.7941743e-02
  -2.0287009e-02
  -2.6436890e-02
  -2.8047737e-02
  -2.8103633e-02
  -2.9745359e-02
  -3.0704349e-02
  -3.2101933e-02
  -3.3902481e-02
  -3.2890223e-02
  -3.5640787e-02
  -3.3003118e-02
  -3.0596677e-02
  -7.8594787e-03
   1.9571215e-02
   0.0000000e+00
   0.0000000e+00
   0.0000000e+00
   0.0000000e+00
   0.0000000e+00
   0.0000000e+00
   0.0000000e+00
  -0.0000000e+00
  -2.6138749e-02
  -2.0841638e-02
  -1.9794656e-02
  -1.3326121e-02
  -1.0618212e-02
  -8.5270861e-03
  -7.2653382e-03
  -1.1317873e-02
  -1.3842769e-02
  -1.5107077e-02
  -1.3735253e-02
  -1.6434146e-02
  -1.9729182e-02
  -2.1637199e-02
  -2.4877131e-02
  -2.7502635e-02
  -2.8765550e-02
  -2.9212268e-02
  -3.0575074e-02
  -3.0623097e-02
  -3.1170703e-02
  -3.1695563e-02
  -3.0127168e-02
  -3.0242847e-02
  -2.5715949e-02
  -2.1369269e-02
   6.4092688e-04
   2.6522222e-02
   0.0000000e+00
   0.0000000e+00
   0.0000000e+00
   0.0000000e+00
   0.0000000e+00
   0.0000000e+00
   0.0000000e+00
  -0.0000000e+00
  -2.7986145e-02
  -2.3710916e-02
  -1.8893706e-02
  -1.1470415e-02
  -7.8378618e-03
  -4.2409846e-03
  -4.2657754e-03
  -7.4055650e-03
  -1.1944556e-02
  -1.5581360e-02
  -1.5486569e-02
  -1.8939622e-02
  -2.1422617e-02
  -2.3555133e-02
  -2.6402656e-02
  -2.5248483e-02
  -2.5937026e-02
  -2.6173865e-02
  -2.8195033e-02
  -2.7946027e-02
  -2.8357971e-02
  -2.7274011e-02
  -2.6385792e-02
  -2.4468450e-02
  -1.8774426e-02
  -1.2621135e-02
   6.5943045e-03
   1.9275843e-02
   0.0000000e+00
   0.0000000e+00
   0.0000000e+00
   0.0000000e+00
   0.0000000e+00
   0.0000000e+00
   0.0000000e+00
  -0.0000000e+00
  -3.7796646e-02
  -3.0830773e-02
  -1.9205857e-02
  -1.1300465e-02
  -4.7957795e-03
  -2.8261144e-03
  -5.8721676e-03
  -0.0000000e+00
  -0.0000000e+00
  -1.5102642e-02
  -1.7490568e-02
  -2.3216309e-02
  -2.5477184e-02
  -2.7116802e-02
  -2.6138263e-02
  -2.6324151e-02
  -2.4579939e-02
  -2.3246799e-02
  -2.5061503e-02
  -2.6226740e-02
  -2.9164031e-02
  -2.8279895e-02
  -2.7866822e-02
  -2.3670658e-02
  -1.6645771e-02
  -9.5467679e-03
   4.9091023e-03
   8.1850272e-03
   0.0000000e+00
   0.0000000e+00
   0.0000000e+00
   0.0000000e+00
   0.0000000e+00
   0.0000000e+00
   0.0000000e+00
  -0.0000000e+00
  -4.4478208e-02
  -3.6000825e-02
  -2.0610308e-02
  -8.0969194e-03
  -2.0064102e-03
  -3.8808467e-03
  -0.0000000e+00
   0.0000000e+00
  -0.0000000e+00
  -1.5737291e-02
  -2.0851482e-02
  -2.8660391e-02
  -3.0837707e-02
  -3.2811351e-02
  -2.9081378e-02
  -2.7262477e-02
  -2.2715099e-02
  -1.8851085e-02
  -1.9306077e-02
  -2.1203015e-02
  -2.6301490e-02
  -2.6966054e-02
  -2.6392277e-02
  -2.0396316e-02
  -1.2612117e-02
  -5.3556040e-03
   1.2275986e-03
  -3.0928669e-03
   0.0000000e+00
   0.0000000e+00
   0.0000000e+00
   0.0000000e+00
   0.0000000e+00
   0.0000000e+00
   0.0000000e+00
  -0.0000000e+00
  -4.9322255e-02
  -3.9913740e-02
  -2.0704314e-02
  -2.8638819e-03
   1.0459509e-03
  -0.0000000e+00
   0.0000000e+00
   0.0000000e+00
  -0.0000000e+00
  -0.0000000e+00
  -2.4665065e-02
  -3.2737747e-02
  -3.4555934e-02
  -3.6877085e-02
  -3.2085136e-02
  -3.2492578e-02
  -2.4871791e-02
  -1.7341414e-02
  -1.4603033e-02
  -1.6941588e-02
  -2.4052607e-02
  -2.9001204e-02
  -2.7557079e-02
  -2.0177260e-02
  -1.1261426e-02
  -2.9914796e-03
  -4.7925399e-03
  -0.0000000e+00
  -0.0000000e+00
  -0.0000000e+00
  -0.0000000e+00
   0.0000000e+00
   0.0000000e+00
   0.0000000e+00
  -0.0000000e+00
  -0.0000000e+00
  -5.2873079e-02
  -4.4457857e-02
  -2.0776629e-02
   3.2168340e-03
   0.0000000e+00
   0.0000000e+00
   0.0000000e+00
   0.0000000e+00
  -0.0000000e+00
  -0.0000000e+00
  -3.1380355e-02
  -3.6712348e-02
  -3.8485855e-02
  -4.1968420e-02
  -3.9655484e-02
  -5.1157944e-02
  -4.3812227e-02
  -3.4833468e-02
  -2.7395928e-02
  -2.9519213e-02
  -3.4833468e-02
  -4.3774415e-02
  -4.2979293e-02
  -3.5916790e-02
  -2.3223175e-02
  -9.0609305e-03
  -1.5867678e-02
  -0.0000000e+00
  -0.0000000e+00
  -0.0000000e+00
  -0.0000000e+00
   0.0000000e+00
   0.0000000e+00
  -0.0000000e+00
  -0.0000000e+00
  -6.8831928e-02
  -6.2076151e-02
  -5.3793956e-02
  -2.5564743e-02
  -3.4646251e-03
   0.0000000e+00
   0.0000000e+00
   0.0000000e+00
   0.0000000e+00
  -0.0000000e+00
  -5.1631730e-02
  -5.2131455e-02
  -4.8599686e-02
  -5.3998537e-02
  -5.7611477e-02
  -5.8943249e-02
  -6.3245490e-02
  -5.8265436e-02
  -5.1815510e-02
  -4.3430150e-02
  -4.5238245e-02
  -4.7609922e-02
  -5.5628989e-02
  -5.6494709e-02
  -5.0154377e-02
  -3.3587087e-02
  -1.4711947e-02
  -2.0275902e-02
  -0.0000000e+00
  -0.0000000e+00
  -0.0000000e+00
  -0.0000000e+00
   0.0000000e+00
   0.0000000e+00
  -0.0000000e+00
  -5.9240121e-02
  -7.6054625e-02
  -6.7908846e-02
  -5.7664167e-02
  -3.1644604e-02
  -8.4195145e-03
   0.0000000e+00
   0.0000000e+00
   0.0000000e+00
   0.0000000e+00
  -0.0000000e+00
  -6.7981973e-02
  -6.5652318e-02
  -5.9027683e-02
  -6.7336522e-02
  -6.8049178e-02
  -6.9024444e-02
  -6.9384843e-02
  -6.6800810e-02
  -6.3860305e-02
  -5.7218459e-02
  -5.9160277e-02
  -5.8813456e-02
  -6.4049214e-02
  -6.5807097e-02
  -5.9662484e-02
  -4.0765107e-02
  -1.9571939e-02
  -2.2079118e-02
  -0.0000000e+00
  -0.0000000e+00
  -0.0000000e+00
  -0.0000000e+00
   0.0000000e+00
   0.0000000e+00
  -0.0000000e+00
  -6.1652917e-02
  -7.7371858e-02
  -6.9225274e-02
  -5.7275950e-02
  -3.9963416e-02
   0.0000000e+00
   0.0000000e+00
   0.0000000e+00
   0.0000000e+00
   0.0000000e+00
  -0.0000000e+00
  -7.3056415e-02
  -7.1392544e-02
  -6.5217189e-02
  -7.4905850e-02
  -7.2658531e-02
  -7.2630242e-02
  -6.3034303e-02
  -6.2275451e-02
  -6.3206203e-02
  -6.3729472e-02
  -6.6884816e-02
  -6.5153971e-02
  -6.5565959e-02
  -6.4940371e-02
  -5.6792315e-02
  -4.0079453e-02
  -2.1414484e-02
  -1.9790480e-02
   0.0000000e+00
  -0.0000000e+00
  -0.0000000e+00
  -0.0000000e+00
  -0.0000000e+00
  -0.0000000e+00
  -4.3391655e-02
  -5.4105770e-02
  -6.6002227e-02
  -5.9279460e-02
  -4.9813441e-02
   0.0000000e+00
   0.0000000e+00
   0.0000000e+00
   0.0000000e+00
   0.0000000e+00
   0.0000000e+00
  -0.0000000e+00
  -5.7878688e-02
  -6.0321920e-02
  -6.1455257e-02
  -6.7299403e-02
  -6.3956566e-02
  -6.3842714e-02
  -3.0301807e-02
  -2.9320367e-02
  -3.0311124e-02
  -3.6319610e-02
  -4.1325968e-02
  -4.1703422e-02
  -4.0524047e-02
  -3.5265423e-02
  -2.7629094e-02
  -2.3247233e-02
  -1.5420072e-02
  -1.1939356e-02
   0.0000000e+00
   0.0000000e+00
  -0.0000000e+00
  -0.0000000e+00
  -3.8954670e-02
  -2.9085648e-02
  -3.2353358e-02
  -3.6551464e-02
  -3.6924832e-02
  -3.3746570e-02
  -3.0816121e-02
   0.0000000e+00
   0.0000000e+00
   0.0000000e+00
   0.0000000e+00
   0.0000000e+00
   0.0000000e+00
  -0.0000000e+00
  -1.7307211e-02
  -2.1921366e-02
  -2.9858382e-02
  -3.0532114e-02
  -3.0374656e-02
  -3.1285435e-02
   2.1077527e-02
   2.1606363e-02
   1.8896602e-02
   1.0807827e-02
   3.7781368e-03
  -3.3606903e-04
  -1.1578677e-03
   3.3429367e-03
   1.9789264e-03
  -3.5618534e-03
  -2.3977824e-03
  -0.0000000e+00
   0.0000000e+00
   0.0000000e+00
   0.0000000e+00
  -0.0000000e+00
  -1.5919713e-02
  -5.0921421e-03
  -1.4298992e-02
  -1.2407472e-02
  -7.2750314e-03
  -1.2777600e-02
  -0.0000000e+00
   0.0000000e+00
   0.0000000e+00
   0.0000000e+00
   0.0000000e+00
   0.0000000e+00
   0.0000000e+00
  -0.0000000e+00
   0.0000000e+00
   2.7094213e-02
   2.0901598e-02
   1.9751422e-02
   1.7525343e-02
   1.8332709e-02
   8.6347729e-02
   8.4416665e-02
   7.6456778e-02
   6.4728804e-02
   5.4999698e-02
   4.7229186e-02
   4.4473171e-02
   4.5656241e-02
   4.5610130e-02
   0.0000000e+00
   1.5116264e-02
   0.0000000e+00
   0.0000000e+00
   0.0000000e+00
   0.0000000e+00
  -0.0000000e+00
   0.0000000e+00
   2.7831725e-02
   2.3346498e-02
   1.6585588e-02
   2.0026689e-02
   9.2966949e-03
   0.0000000e+00
   0.0000000e+00
   0.0000000e+00
   0.0000000e+00
   0.0000000e+00
   0.0000000e+00
   0.0000000e+00
   0.0000000e+00
   0.0000000e+00
   7.3935665e-02
   8.0802575e-02
   7.7517211e-02
   7.5487912e-02
   8.1828855e-02
   1.4751320e-01
   1.4122099e-01
   1.2753029e-01
   1.1011523e-01
   9.7733162e-02
   8.7352976e-02
   8.3568111e-02
   8.0441892e-02
   6.4385310e-02
   4.6619285e-02
   3.7333587e-02
   0.0000000e+00
   0.0000000e+00
   0.0000000e+00
   0.0000000e+00
   0.0000000e+00
   0.0000000e+00
   0.0000000e+00
   0.0000000e+00
   0.0000000e+00
   0.0000000e+00
   0.0000000e+00
   0.0000000e+00
   0.0000000e+00
   0.0000000e+00
   0.0000000e+00
   0.0000000e+00
   0.0000000e+00
   0.0000000e+00
   0.0000000e+00
   0.0000000e+00
   0.0000000e+00
   1.2733418e-01
   1.3113154e-01
   1.3267018e-01
   1.4437898e-01
   1.7427531e-01
   1.6331780e-01
   1.4952442e-01
   1.2924550e-01
   1.1623517e-01
   1.0516931e-01
   1.0041494e-01
   9.3330242e-02
   7.9730920e-02
   6.3648033e-02
   5.7514407e-02
   0.0000000e+00
   0.0000000e+00
   0.0000000e+00
   0.0000000e+00
   0.0000000e+00
   0.0000000e+00
   0.0000000e+00
   0.0000000e+00
   0.0000000e+00
   0.0000000e+00
   0.0000000e+00
   0.0000000e+00
   0.0000000e+00
   0.0000000e+00
   0.0000000e+00
   0.0000000e+00
   0.0000000e+00
   0.0000000e+00
   0.0000000e+00
   0.0000000e+00
   0.0000000e+00
   1.4039903e-01
   1.5807769e-01
   1.6666208e-01
   1.7724968e-01
   1.4668988e-01
   1.3439710e-01
   1.2638029e-01
   1.1293937e-01
   1.0471657e-01
   9.6965238e-02
   9.0431534e-02
   8.0637068e-02
   7.1829133e-02
   6.4626730e-02
   5.4779950e-02
   5.3182495e-02
   0.0000000e+00
   0.0000000e+00
   0.0000000e+00
   0.0000000e+00
   0.0000000e+00
   0.0000000e+00
   0.0000000e+00
   0.0000000e+00
   0.0000000e+00
   0.0000000e+00
   0.0000000e+00
   0.0000000e+00
   0.0000000e+00
   0.0000000e+00
   0.0000000e+00
   0.0000000e+00
   0.0000000e+00
   0.0000000e+00
   0.0000000e+00
   0.0000000e+00
   0.0000000e+00
   1.3764198e-01
   1.4922918e-01
   1.5316664e-01
   7.9008356e-02
   7.2995596e-02
   6.9285803e-02
   6.4613067e-02
   6.4133540e-02
   6.3459300e-02
   5.8596715e-02
   4.9611699e-02
   4.1451845e-02
   3.8485073e-02
   3.2161186e-02
   2.4428575e-02
   0.0000000e+00
   0.0000000e+00
   0.0000000e+00
   0.0000000e+00
   0.0000000e+00
   0.0000000e+00
   0.0000000e+00
   0.0000000e+00
   0.0000000e+00
   0.0000000e+00
   0.0000000e+00
   0.0000000e+00
   0.0000000e+00
   0.0000000e+00
   0.0000000e+00
   0.0000000e+00
   0.0000000e+00
   0.0000000e+00
   0.0000000e+00
   0.0000000e+00
   0.0000000e+00
   6.6992678e-02
   7.3647529e-02
   7.8744240e-02
  -1.0357235e-02
  -9.0113161e-03
  -1.1103904e-02
  -1.2687664e-02
  -9.3906131e-03
  -4.6635340e-03
  -2.5177575e-03
   1.0989602e-03
   6.8115817e-03
   0.0000000e+00
   0.0000000e+00
   0.0000000e+00
   0.0000000e+00
   0.0000000e+00
   0.0000000e+00
   0.0000000e+00
   0.0000000e+00
   0.0000000e+00
  -0.0000000e+00
  -0.0000000e+00
  -0.0000000e+00
  -0.0000000e+00
   0.0000000e+00
   0.0000000e+00
   0.0000000e+00
   0.0000000e+00
   0.0000000e+00
   0.0000000e+00
   0.0000000e+00
   0.0000000e+00
   0.0000000e+00
   0.0000000e+00
  -0.0000000e+00
  -2.6236273e-02
  -2.7289765e-02
  -1.8235005e-02
  -8.6421512e-02
  -8.4890656e-02
  -8.5902534e-02
  -8.6109638e-02
  -8.2710974e-02
  -7.5887054e-02
  -6.2067255e-02
  -3.9774175e-02
  -2.7289097e-02
  -2.1352741e-02
  -1.8684834e-02
  -1.5173818e-02
  -1.3110685e-02
  -1.2021535e-02
  -0.0000000e+00
  -0.0000000e+00
  -0.0000000e+00
  -0.0000000e+00
  -0.0000000e+00
  -1.1261453e-02
  -1.0629961e-02
  -9.0160130e-03
  -9.4424540e-03
  -0.0000000e+00
   0.0000000e+00
   0.0000000e+00
   0.0000000e+00
   0.0000000e+00
   0.0000000e+00
   0.0000000e+00
   0.0000000e+00
  -0.0000000e+00
  -0.0000000e+00
  -7.9127349e-02
  -8.7750826e-02
  -8.7821044e-02
  -0.0000000e+00
  -0.0000000e+00
  -0.0000000e+00
  -0.0000000e+00
  -0.0000000e+00
  -3.4524751e-02
  -2.3936913e-02
  -1.6089832e-02
  -1.7402618e-02
  -1.7330868e-02
  -1.4895469e-02
  -1.1578837e-02
  -7.2598042e-03
  -1.0828499e-02
  -9.8842622e-03
  -9.3207890e-03
  -8.7197619e-03
  -8.2051652e-03
  -8.0730240e-03
  -8.0193008e-03
  -8.5807437e-03
  -8.7349610e-03
  -8.2516974e-03
  -5.2734162e-03
  -1.4736223e-03
   0.0000000e+00
   0.0000000e+00
   0.0000000e+00
   0.0000000e+00
   0.0000000e+00
   0.0000000e+00
   0.0000000e+00
   0.0000000e+00
   0.0000000e+00
   0.0000000e+00
  -0.0000000e+00
