  -2.3402904e+00
  -2.1433051e+00
  -2.1139911e+00
  -2.2995530e+00
  -2.3674299e+00
  -2.1354916e+00
  -1.6711759e+00
  -1.3497678e+00
  -1.0192991e+00
  -8.2978540e-01
  -8.0541160e-01
  -7.4483154e-01
  -8.7716292e-01
  -1.6994616e+00
  -2.4752866e+00
  -2.6380873e+00
  -2.7057584e+00
  -2.5854800e+00
   2.3009145e+00
   2.2678916e+00
   2.2677843e+00
   2.3249597e+00
   1.9406348e+00
   1.6483952e+00
   1.3093346e+00
   9.8315409e-01
   1.0952208e+00
   1.5595930e+00
   1.7743243e+00
   2.2137992e+00
   3.4409363e+00
   4.3544357e+00
   4.1080920e+00
   3.3621969e+00
   2.7963405e+00
   2.4457008e+00
   7.2054165e+00
   6.9493013e+00
   7.0568090e+00
   7.2827870e+00
   7.3231761e+00
   5.0652793e+00
   5.2701658e+00
   4.8828172e+00
   3.9586615e+00
   4.2647935e+00
   5.2311342e+00
   5.7608021e+00
   6.9205020e+00
   7.8773712e+00
   8.1856805e+00
   8.4998033e+00
   8.2462278e+00
   7.6550485e+00
   5.9537619e+00
   5.6589805e+00
   5.3490160e+00
   5.9050166e+00
   5.5859738e+00
   3.7049071e+00
   4.5610021e+00
   4.3253653e+00
   3.0838900e+00
   3.0980538e+00
   3.5675257e+00
   3.2655856e+00
   3.5014143e+00
   4.1091752e+00
   4.9762356e+00
   5.8648418e+00
   6.2194250e+00
   6.1308695e+00
  -5.2716362e-01
  -4.7162823e-01
  -1.7662509e-01
   1.3600836e-01
  -2.6649770e-01
  -5.3365603e-01
  -8.3708955e-01
  -9.1889917e-01
  -9.7273328e-01
  -1.0994957e+00
  -1.3657745e+00
  -1.7974013e+00
  -2.4512635e+00
  -2.0004810e+00
  -1.8481620e+00
  -1.2480337e+00
  -8.5948689e-01
  -6.9674326e-01
  -5.5576950e+00
  -4.8390488e+00
  -4.6573495e+00
  -4.8448061e+00
  -3.4148477e+00
  -3.1049864e+00
  -4.4511423e+00
  -4.6697631e+00
  -4.6060791e+00
  -3.9409288e+00
  -3.6922326e+00
  -3.7414719e+00
  -4.6495738e+00
  -5.8045533e+00
  -6.2245258e+00
  -6.3214123e+00
  -6.0418064e+00
  -5.7912257e+00
  -4.7307301e+00
  -4.0429812e+00
  -4.7381609e+00
  -5.8784541e+00
  -3.8782397e+00
  -2.1231183e+00
  -3.5323650e+00
  -3.6159272e+00
  -4.3389980e+00
  -3.1479232e+00
  -2.5897416e+00
  -2.7632688e+00
  -3.1288644e+00
  -5.1103705e+00
  -5.8510273e+00
  -5.9644327e+00
  -5.4708443e+00
  -4.9718842e+00
  -3.3948205e+00
  -3.2398238e+00
  -3.5226532e+00
  -3.7793543e+00
  -3.2148553e+00
  -1.4761382e+00
  -2.2364870e+00
  -3.0188062e+00
  -3.7357595e+00
  -1.2390712e+00
  -1.5271143e+00
  -1.8360262e+00
  -2.0506107e+00
  -2.9437009e+00
  -3.9730951e+00
  -3.8635473e+00
  -3.7666966e+00
  -3.5208221e+00
  -4.0159267e+00
  -4.1880344e+00
  -3.6053884e+00
  -8.4532388e-01
  -2.0173292e+00
  -1.8642949e+00
  -2.2711913e+00
  -4.5285098e+00
  -4.1352355e+00
  -2.4482416e-01
  -1.2560438e+00
  -2.0695298e+00
  -1.9447640e+00
  -2.1289880e+00
  -2.3755782e+00
  -2.9618212e+00
  -3.3920934e+00
  -3.7160988e+00
  -3.4637850e+00
  -4.0838539e+00
  -3.6846704e+00
  -7.8573843e-02
  -1.2364709e+00
  -1.3002155e+00
  -2.2322728e+00
  -4.4943821e+00
  -2.7791751e+00
   7.6577451e-02
  -1.1160202e+00
  -1.8971963e+00
  -1.7332488e+00
  -1.7341485e+00
  -1.2509955e+00
  -2.1253217e+00
  -2.5321282e+00
  -2.9462734e+00
  -1.9470289e+00
  -2.6684314e+00
  -3.3378685e+00
  -1.8243408e+00
  -1.2009804e+00
  -1.5077351e+00
  -2.2039731e+00
  -2.7103857e+00
  -1.2683988e+00
  -7.3333937e-01
  -1.6981624e+00
  -1.7400266e+00
  -1.9212445e+00
  -1.7897872e+00
  -1.5555848e+00
  -1.7604985e+00
  -1.8135223e+00
  -1.8288955e+00
  -2.7088196e+00
  -2.8683981e+00
  -3.7985524e+00
  -3.4954654e+00
  -2.0983363e+00
  -3.3955280e+00
  -3.5274727e+00
  -2.9104898e+00
  -2.7111388e+00
  -3.2343839e+00
  -3.5024516e+00
  -3.4006750e+00
  -3.4171344e+00
  -3.3546895e+00
  -3.1916103e+00
  -3.2712806e+00
  -3.1814871e+00
  -2.9495569e+00
  -4.1259022e+00
  -3.9513492e+00
  -3.7946344e+00
  -3.6669705e+00
  -3.2774771e+00
  -3.8525132e+00
  -4.0630928e+00
  -3.8142451e+00
  -4.2336457e+00
  -4.5568820e+00
  -4.6116643e+00
  -4.5402409e+00
  -4.4041807e+00
  -4.2851880e+00
  -4.2383472e+00
  -4.3766693e+00
  -4.3007912e+00
  -4.1691334e+00
  -7.8954851e-01
  -8.3638932e-01
  -3.4081593e-01
  -6.1084016e-01
  -1.0902645e+00
  -6.8820890e-01
  -2.9447404e-01
   4.1964200e-02
  -4.9229921e-01
  -9.1529834e-01
  -1.0131165e+00
  -1.0881565e+00
  -1.0469656e+00
  -7.2304125e-01
  -6.4987882e-01
  -6.0320830e-01
  -4.3549248e-01
  -4.9140905e-01
   4.6366221e+00
   4.5622408e+00
   4.5830066e+00
   4.3887690e+00
   4.3600467e+00
   3.8583021e+00
   4.2370787e+00
   5.1411717e+00
   5.0611068e+00
   5.2750828e+00
   5.2997593e+00
   5.0106765e+00
   4.8166042e+00
   5.0189543e+00
   5.2953270e+00
   5.3278673e+00
   5.1995014e+00
   4.9116097e+00
   5.4881090e+00
   5.6955735e+00
   5.8785318e+00
   5.2337896e+00
   5.5925877e+00
   5.5301368e+00
   5.3413420e+00
   5.8741225e+00
   6.5603979e+00
   7.1311476e+00
   7.1738708e+00
   6.8520593e+00
   6.5293827e+00
   6.3452870e+00
   6.2701856e+00
   6.1730183e+00
   5.9746965e+00
   5.6296711e+00
   9.9746379e-01
   1.1198007e+00
   1.0537893e+00
   9.9978376e-01
   1.2195580e+00
   1.2791552e+00
   1.5331269e+00
   1.9132010e+00
   1.9704892e+00
   1.8989177e+00
   1.7188054e+00
   1.5343265e+00
   1.4584042e+00
   1.4234045e+00
   1.2920879e+00
   1.0574531e+00
   9.0645305e-01
   8.6793847e-01
  -2.1283341e+00
  -2.0851578e+00
  -2.1050184e+00
  -2.0740523e+00
  -1.9135008e+00
  -1.8965332e+00
  -1.9535798e+00
  -2.1541413e+00
  -2.5198232e+00
  -2.7214629e+00
  -2.7775041e+00
  -2.6953744e+00
  -2.4855815e+00
  -2.2824627e+00
  -2.3363653e+00
  -2.3947731e+00
  -2.3725051e+00
  -2.2723220e+00
