  -2.7397090e-02
  -3.4542755e-02
  -0.0000000e+00
  -0.0000000e+00
   0.0000000e+00
   0.0000000e+00
   0.0000000e+00
   0.0000000e+00
  -0.0000000e+00
  -0.0000000e+00
  -0.0000000e+00
  -1.3157262e-02
  -1.5664269e-02
  -1.8499006e-02
  -0.0000000e+00
  -0.0000000e+00
  -0.0000000e+00
  -0.0000000e+00
  -0.0000000e+00
  -0.0000000e+00
  -0.0000000e+00
   0.0000000e+00
   0.0000000e+00
  -0.0000000e+00
  -0.0000000e+00
  -0.0000000e+00
   0.0000000e+00
   0.0000000e+00
   0.0000000e+00
   0.0000000e+00
   0.0000000e+00
   0.0000000e+00
   0.0000000e+00
   0.0000000e+00
  -0.0000000e+00
  -2.2326552e-02
  -3.3234858e-02
  -3.3638457e-02
  -3.8830221e-02
  -4.4436455e-02
  -4.6481644e-02
  -4.3284003e-02
  -3.5239672e-02
  -2.7423076e-02
  -2.4599370e-02
  -2.1929778e-02
  -0.0000000e+00
  -1.0520558e-02
  -7.2402023e-03
  -4.0944512e-03
  -4.0792609e-03
  -1.0638841e-02
  -1.5186615e-02
  -1.5853956e-02
  -1.8098673e-02
  -1.8881625e-02
  -2.0177139e-02
  -2.2962525e-02
  -2.5675726e-02
  -3.0053303e-02
  -3.8637392e-02
  -4.6815461e-02
  -4.5038957e-02
  -3.1094537e-02
  -0.0000000e+00
  -0.0000000e+00
  -0.0000000e+00
  -0.0000000e+00
  -0.0000000e+00
  -0.0000000e+00
  -2.2012040e-02
  -2.6494284e-02
   2.8283945e-02
   2.5814718e-02
   2.4467070e-02
   1.8078594e-02
   1.1811604e-02
   8.2172100e-03
   6.3094515e-03
   1.0289861e-02
   5.8353730e-03
   3.0999614e-03
   1.0655651e-02
   0.0000000e+00
   1.7829919e-02
   2.0325160e-02
   2.7132178e-02
   2.5221415e-02
   2.1621482e-02
   2.8117120e-02
   2.2773668e-02
   1.7013550e-02
   1.2728198e-02
   3.7988015e-03
   2.6224928e-03
   3.9902111e-03
   4.1731293e-03
  -5.1330253e-03
  -1.6526837e-02
  -1.5351409e-02
  -0.0000000e+00
   0.0000000e+00
   0.0000000e+00
   0.0000000e+00
  -0.0000000e+00
   0.0000000e+00
   1.5545248e-02
   1.8440567e-02
   7.6952606e-02
   7.6827787e-02
   7.5999953e-02
   7.2760232e-02
   6.6108786e-02
   5.8686476e-02
   5.0581481e-02
   5.2592371e-02
   4.6631310e-02
   4.2201735e-02
   4.6329770e-02
   4.3765989e-02
   4.8297286e-02
   4.5998756e-02
   4.8114624e-02
   5.2231267e-02
   5.4709934e-02
   6.9720708e-02
   6.5325044e-02
   4.8762646e-02
   4.0424136e-02
   3.6209766e-02
   3.8495813e-02
   4.2516702e-02
   4.9388408e-02
   4.5569345e-02
   3.6714789e-02
   3.0268815e-02
   0.0000000e+00
   0.0000000e+00
   0.0000000e+00
   0.0000000e+00
   0.0000000e+00
   0.0000000e+00
   6.1455715e-02
   7.0274107e-02
   1.0008369e-01
   9.9912785e-02
   9.4930694e-02
   9.1286533e-02
   8.6432680e-02
   7.9537913e-02
   7.1833283e-02
   7.1092278e-02
   6.9565035e-02
   6.9566816e-02
   7.2257072e-02
   6.4221419e-02
   0.0000000e+00
   6.2774472e-02
   6.5324314e-02
   6.9182135e-02
   7.1818255e-02
   8.1817536e-02
   8.1359426e-02
   6.6059553e-02
   5.7647456e-02
   6.5327627e-02
   6.9981456e-02
   7.3557980e-02
   7.9266585e-02
   8.1722133e-02
   8.1452146e-02
   6.2907951e-02
   4.9238519e-02
   0.0000000e+00
   0.0000000e+00
   0.0000000e+00
   0.0000000e+00
   0.0000000e+00
   8.6630479e-02
   9.4906874e-02
   9.6953794e-02
   9.8139688e-02
   9.3088709e-02
   8.6470947e-02
   8.0902874e-02
   7.5795926e-02
   7.1990244e-02
   7.2395228e-02
   7.5541593e-02
   7.3966913e-02
   7.3088452e-02
   6.4990203e-02
   0.0000000e+00
   5.8229376e-02
   6.9957174e-02
   7.2260782e-02
   6.6698529e-02
   6.4715863e-02
   0.0000000e+00
   0.0000000e+00
   6.5695494e-02
   8.0929554e-02
   8.1493829e-02
   7.8524806e-02
   9.3725368e-02
   1.0296416e-01
   9.6451886e-02
   8.1808992e-02
   5.7785515e-02
   5.3448921e-02
   0.0000000e+00
   0.0000000e+00
   0.0000000e+00
   9.0563573e-02
   9.0076879e-02
   9.2822082e-02
   7.0267528e-02
   7.2371915e-02
   7.1549952e-02
   6.5724857e-02
   5.9629891e-02
   5.5428941e-02
   5.4254327e-02
   5.7651415e-02
   6.4309619e-02
   5.8614835e-02
   4.8461139e-02
   4.1235674e-02
   0.0000000e+00
   0.0000000e+00
   4.9352549e-02
   5.5105396e-02
   4.6312295e-02
   3.4488484e-02
   0.0000000e+00
   0.0000000e+00
   5.6485312e-02
   7.2862086e-02
   7.5422534e-02
   0.0000000e+00
   8.1925012e-02
   9.4070494e-02
   7.9096019e-02
   7.3653601e-02
   6.1361741e-02
   5.0262020e-02
   5.1561981e-02
   5.3773914e-02
   7.5197652e-02
   8.0041274e-02
   7.0674360e-02
   6.9028862e-02
   3.1518605e-02
   3.3047989e-02
   3.4748133e-02
   3.1786200e-02
   2.7462466e-02
   2.5019554e-02
   2.6101742e-02
   3.0878739e-02
   3.7557784e-02
   3.3989303e-02
   1.8576544e-02
   9.4487919e-03
   1.0109054e-02
   0.0000000e+00
   0.0000000e+00
   2.5635714e-02
   2.1265336e-02
   1.0732821e-02
   0.0000000e+00
   0.0000000e+00
   0.0000000e+00
   5.0882259e-02
   4.4000884e-02
   0.0000000e+00
   4.8758745e-02
   5.5614173e-02
   4.3809444e-02
   4.2982776e-02
   4.0376667e-02
   3.3060927e-02
   3.2492619e-02
   3.3771341e-02
   4.2314108e-02
   4.1642185e-02
   3.4384724e-02
   3.1627752e-02
  -5.4777418e-03
  -5.5124592e-03
  -4.5869132e-03
  -5.7556611e-03
  -7.0041823e-03
  -6.4774347e-03
  -3.4321123e-03
   6.0562725e-04
   4.4596558e-03
   6.9711828e-03
  -3.8642099e-03
  -9.9870674e-03
  -2.9928811e-03
   0.0000000e+00
  -0.0000000e+00
  -9.3965192e-04
   2.1218081e-04
  -3.0337679e-03
   0.0000000e+00
   0.0000000e+00
   0.0000000e+00
   1.4230846e-02
   1.6719855e-02
   0.0000000e+00
   1.1877809e-02
   1.1815191e-02
   7.2629959e-03
   6.7560510e-03
   5.4415604e-03
   2.9095686e-03
   2.5960566e-04
  -4.4125119e-03
   1.6614059e-03
  -1.2897764e-03
  -3.9746137e-03
  -6.1154487e-03
  -3.2717150e-02
  -3.3810060e-02
  -3.5291139e-02
  -3.6106806e-02
  -3.4816884e-02
  -3.1670462e-02
  -2.7704339e-02
  -2.6007060e-02
  -2.5163421e-02
  -1.8259237e-02
  -1.6942926e-02
  -1.2797215e-02
  -7.8542116e-03
   0.0000000e+00
  -0.0000000e+00
  -0.0000000e+00
  -1.5133124e-02
  -8.5711097e-03
   0.0000000e+00
   0.0000000e+00
  -0.0000000e+00
  -1.1697135e-02
  -9.1408742e-03
  -0.0000000e+00
  -1.6200956e-02
  -1.8788198e-02
  -2.1000082e-02
  -2.2916008e-02
  -2.7663199e-02
  -2.7845152e-02
  -2.8649071e-02
  -2.9350720e-02
  -3.0540965e-02
  -3.2796651e-02
  -3.4015231e-02
  -3.4632873e-02
  -4.7846317e-02
  -4.6919979e-02
  -5.0151698e-02
  -4.8932824e-02
  -4.6340678e-02
  -4.4456549e-02
  -4.1256163e-02
  -4.5833398e-02
  -4.5612007e-02
  -4.0949140e-02
  -2.4514200e-02
  -2.6766127e-03
  -5.9462993e-03
   0.0000000e+00
   0.0000000e+00
  -0.0000000e+00
  -2.2619093e-02
  -9.1772157e-03
   0.0000000e+00
   0.0000000e+00
  -0.0000000e+00
  -2.6571024e-02
  -2.6971516e-02
  -3.0423067e-02
  -2.9985392e-02
  -3.0092832e-02
  -3.5921142e-02
  -4.1373920e-02
  -4.6544611e-02
  -4.6828710e-02
  -4.5887634e-02
  -4.8835699e-02
  -4.6023875e-02
  -4.5555416e-02
  -4.7974773e-02
  -4.7774848e-02
  -4.7960397e-02
  -4.3439068e-02
  -4.4700444e-02
  -3.8725127e-02
  -3.5783809e-02
  -3.8865685e-02
  -3.9377943e-02
  -4.7855329e-02
  -4.6425041e-02
  -4.7983516e-02
  -2.8590774e-02
   3.9434339e-04
  -4.0023546e-03
   0.0000000e+00
   0.0000000e+00
  -0.0000000e+00
  -2.0679435e-02
  -9.4070435e-03
   0.0000000e+00
   0.0000000e+00
  -0.0000000e+00
  -2.9460467e-02
  -3.3903290e-02
  -3.4262810e-02
  -3.1324800e-02
  -2.7545191e-02
  -3.5789657e-02
  -4.2780425e-02
  -4.4564050e-02
  -4.7896713e-02
  -4.3715574e-02
  -4.4336013e-02
  -4.0068381e-02
  -3.8985513e-02
  -4.1949268e-02
  -4.4270132e-02
  -3.8914282e-02
  -3.4541890e-02
  -3.3428609e-02
  -2.6760804e-02
  -2.4748717e-02
  -3.0108681e-02
  -3.4675967e-02
  -4.2174485e-02
  -4.1827772e-02
  -4.4310100e-02
  -2.7097020e-02
  -2.3099187e-03
  -0.0000000e+00
   0.0000000e+00
   0.0000000e+00
  -0.0000000e+00
  -1.9324478e-02
  -8.1298888e-03
   0.0000000e+00
   0.0000000e+00
  -0.0000000e+00
  -2.9861689e-02
  -3.1134363e-02
  -2.9195173e-02
  -2.5552414e-02
  -2.0932717e-02
  -2.7609896e-02
  -3.2927353e-02
  -3.3979546e-02
  -3.7292961e-02
  -3.2275926e-02
  -3.1324916e-02
  -2.7704405e-02
  -2.7006228e-02
  -3.0007796e-02
  -3.4360930e-02
  -2.6973363e-02
  -2.4326086e-02
  -2.1014022e-02
  -1.5676532e-02
  -1.5439096e-02
  -2.1663936e-02
  -2.9931877e-02
  -3.4414597e-02
  -3.5995901e-02
  -3.6912441e-02
  -2.2661092e-02
  -7.0295573e-03
  -6.5308213e-03
   0.0000000e+00
   0.0000000e+00
  -0.0000000e+00
  -0.0000000e+00
  -6.3777643e-03
   0.0000000e+00
   0.0000000e+00
  -0.0000000e+00
  -2.8767038e-02
  -2.4239883e-02
  -2.0900285e-02
  -1.7754130e-02
  -1.3415757e-02
  -1.6341316e-02
  -1.8538363e-02
  -2.0465590e-02
  -2.2075035e-02
  -1.7281795e-02
  -1.5205192e-02
  -1.3193224e-02
  -1.3861098e-02
  -1.6900225e-02
  -2.2895036e-02
  -1.5824907e-02
  -1.6516356e-02
  -1.3098019e-02
  -1.2147661e-02
  -1.5337981e-02
  -2.0042498e-02
  -2.9640317e-02
  -2.8747201e-02
  -3.2083776e-02
  -2.8074129e-02
  -1.3862588e-02
  -1.0755850e-02
  -8.8456503e-03
   0.0000000e+00
   0.0000000e+00
  -0.0000000e+00
  -2.0440960e-02
  -4.8980775e-03
   0.0000000e+00
   0.0000000e+00
  -0.0000000e+00
  -0.0000000e+00
  -1.4397255e-02
  -1.1084444e-02
  -9.8919505e-03
  -7.2206496e-03
  -5.3885430e-03
  -2.1793155e-03
  -6.1517227e-03
  -3.3746443e-03
  -5.8791164e-04
   7.2228961e-04
  -1.0221064e-04
  -4.4674119e-03
  -7.7935616e-03
  -1.4158505e-02
  -2.0480735e-02
  -2.1922993e-02
  -2.1208385e-02
  -2.3132326e-02
  -2.7554400e-02
  -3.0344073e-02
  -3.7579276e-02
  -3.4002729e-02
  -3.6569230e-02
  -2.8809872e-02
  -9.6639497e-03
  -7.8228744e-03
  -6.2089995e-03
   0.0000000e+00
  -0.0000000e+00
  -0.0000000e+00
  -1.6889755e-02
  -7.2501940e-03
   0.0000000e+00
   0.0000000e+00
   0.0000000e+00
  -0.0000000e+00
  -1.6842952e-02
  -1.3913388e-02
  -1.3610899e-02
  -1.0540905e-02
  -7.7339020e-03
  -2.8825363e-03
  -4.9568363e-03
  -4.0679914e-03
  -2.9057928e-03
  -3.8149774e-03
  -6.1400002e-03
  -1.1116504e-02
  -1.4301446e-02
  -1.9452445e-02
  -2.4488356e-02
  -2.6677087e-02
  -2.8099470e-02
  -3.1271785e-02
  -3.4851950e-02
  -3.6293086e-02
  -4.0704526e-02
  -3.6725841e-02
  -3.8071614e-02
  -2.7205937e-02
  -8.7736472e-03
  -6.4727061e-03
  -3.7987294e-03
   0.0000000e+00
  -0.0000000e+00
  -9.4281007e-03
  -1.1716746e-02
  -8.3102733e-03
  -1.1067842e-03
   0.0000000e+00
   0.0000000e+00
  -0.0000000e+00
  -2.0334320e-02
  -1.7340798e-02
  -1.6353872e-02
  -1.3904791e-02
  -1.2298556e-02
  -5.5285916e-03
  -4.4470453e-03
  -6.3353120e-03
  -7.3712454e-03
  -9.4438624e-03
  -1.2184886e-02
  -1.6141657e-02
  -1.8867204e-02
  -2.2956420e-02
  -2.6783174e-02
  -2.9599234e-02
  -3.2210078e-02
  -3.5301812e-02
  -3.6677219e-02
  -3.6501404e-02
  -3.7848614e-02
  -3.3817850e-02
  -3.4017526e-02
  -2.1075971e-02
  -6.5174894e-03
  -4.3722790e-03
  -5.6431519e-04
   0.0000000e+00
  -0.0000000e+00
  -3.4076115e-03
   0.0000000e+00
  -0.0000000e+00
  -2.4185373e-03
   0.0000000e+00
   0.0000000e+00
  -0.0000000e+00
  -2.3040626e-02
  -1.9625988e-02
  -1.7104218e-02
  -1.5805982e-02
  -1.6284490e-02
  -8.4223719e-03
  -4.1087309e-03
  -9.0629011e-03
  -1.2490625e-02
  -1.4917566e-02
  -1.7455570e-02
  -1.9465208e-02
  -2.1455217e-02
  -2.4489658e-02
  -2.5045132e-02
  -2.8754955e-02
  -3.1270523e-02
  -3.3548869e-02
  -3.1654507e-02
  -2.9688446e-02
  -2.8977320e-02
  -2.6606424e-02
  -2.6635325e-02
  -1.6087901e-02
  -7.7718282e-03
  -5.4665723e-03
  -1.6296188e-03
  -0.0000000e+00
  -2.4061095e-02
   2.5939302e-03
   0.0000000e+00
  -0.0000000e+00
  -5.7022310e-03
   0.0000000e+00
   0.0000000e+00
  -0.0000000e+00
  -2.8411971e-02
  -2.1606870e-02
  -1.6358387e-02
  -1.6759899e-02
  -2.1438992e-02
  -1.1833090e-02
  -6.3542095e-03
  -1.1947613e-02
  -1.7291879e-02
  -1.9541785e-02
  -2.1254305e-02
  -2.0930100e-02
  -2.1637142e-02
  -2.3026291e-02
  -2.5331102e-02
  -2.7816560e-02
  -3.0046254e-02
  -3.2180600e-02
  -3.0884346e-02
  -2.7838798e-02
  -2.5445873e-02
  -2.2360235e-02
  -2.3882622e-02
  -2.0205248e-02
  -1.3702556e-02
  -1.2478219e-02
  -1.2401900e-02
  -3.3177352e-02
  -2.2824541e-02
   4.6447438e-03
   0.0000000e+00
  -0.0000000e+00
  -1.1408401e-02
  -1.3911309e-02
   0.0000000e+00
  -0.0000000e+00
  -3.1582020e-02
  -1.8098388e-02
  -1.3414918e-02
  -9.3613352e-03
  -1.3278291e-02
  -1.3351637e-02
  -9.5924649e-03
  -1.1649966e-02
  -1.8061286e-02
  -2.1992825e-02
  -2.5042892e-02
  -2.4993170e-02
  -2.5507454e-02
  -2.5322640e-02
  -2.4159547e-02
  -2.4427537e-02
  -2.5690660e-02
  -2.7616825e-02
  -2.6871622e-02
  -2.3651801e-02
  -1.9427536e-02
  -1.4934706e-02
  -1.6886020e-02
  -2.1347437e-02
  -1.8503111e-02
  -1.8768309e-02
  -2.6660461e-02
  -3.6292829e-02
  -2.0559536e-02
   4.6062687e-03
   0.0000000e+00
  -0.0000000e+00
  -0.0000000e+00
  -2.4707422e-02
  -0.0000000e+00
  -0.0000000e+00
  -3.3765178e-02
  -1.4053213e-02
  -1.0952301e-02
   0.0000000e+00
   1.0429600e-03
  -1.4784457e-02
  -1.2515450e-02
  -1.2498884e-02
  -1.9483358e-02
  -2.4734780e-02
  -2.9448837e-02
  -2.9216284e-02
  -2.9436223e-02
  -2.6903134e-02
  -2.4360295e-02
  -2.0949254e-02
  -2.0786384e-02
  -2.3496527e-02
  -2.3614496e-02
  -2.2488341e-02
  -1.5765499e-02
  -8.7898578e-03
  -8.8486820e-03
  -2.0446684e-02
  -2.5818322e-02
  -2.7029555e-02
  -4.1721601e-02
  -4.1165899e-02
  -2.0651991e-02
  -6.9522234e-04
   0.0000000e+00
   0.0000000e+00
  -0.0000000e+00
  -4.3713789e-02
  -4.0904484e-02
  -4.6809107e-02
  -3.6038212e-02
  -1.1424550e-02
  -0.0000000e+00
   1.6628370e-02
   1.8561304e-02
   0.0000000e+00
  -0.0000000e+00
  -1.5485328e-02
  -2.3285683e-02
  -3.0021641e-02
  -3.7530519e-02
  -3.6696039e-02
  -3.6925226e-02
  -3.0757345e-02
  -3.4380488e-02
  -2.8892485e-02
  -2.7246138e-02
  -2.9503070e-02
  -3.0680150e-02
  -3.2694779e-02
  -2.8085506e-02
  -2.1336811e-02
  -1.4102166e-02
  -2.0628277e-02
  -3.2757364e-02
  -3.9218437e-02
  -4.4383470e-02
  -4.1585848e-02
  -3.0878272e-02
  -1.0529565e-02
  -0.0000000e+00
   0.0000000e+00
  -0.0000000e+00
  -5.8176178e-02
  -5.3267673e-02
  -4.8559807e-02
  -4.2299971e-02
  -1.8409318e-02
  -3.4218754e-03
   1.2620092e-02
   0.0000000e+00
   0.0000000e+00
  -0.0000000e+00
  -2.9753637e-02
  -3.9449748e-02
  -4.4565346e-02
  -5.2310940e-02
  -5.1633362e-02
  -5.0469495e-02
  -4.2551406e-02
  -4.4035103e-02
  -3.9004579e-02
  -3.6601055e-02
  -3.7506349e-02
  -3.8842261e-02
  -4.0911879e-02
  -3.9768539e-02
  -3.3094171e-02
  -2.0329570e-02
  -1.9519628e-02
  -3.0122911e-02
  -4.0281076e-02
  -4.2539179e-02
  -4.1685604e-02
  -3.7813999e-02
  -1.7853701e-02
  -1.4864848e-02
   0.0000000e+00
  -0.0000000e+00
  -6.3889898e-02
  -5.9497338e-02
  -5.3963386e-02
  -4.7608108e-02
  -2.1597764e-02
  -7.9486020e-03
   0.0000000e+00
   0.0000000e+00
   0.0000000e+00
  -0.0000000e+00
  -4.3186355e-02
  -5.0845236e-02
  -5.3153981e-02
  -5.9745505e-02
  -5.9393559e-02
  -5.7907518e-02
  -5.1527012e-02
  -5.0937455e-02
  -4.7276642e-02
  -4.4659987e-02
  -4.4288091e-02
  -4.5630492e-02
  -4.6981297e-02
  -4.8497014e-02
  -4.1373815e-02
  -2.4740651e-02
  -1.8083570e-02
  -0.0000000e+00
  -3.7458449e-02
  -3.9029129e-02
  -3.9903916e-02
  -4.1045845e-02
  -2.6149893e-02
  -2.6633513e-02
  -0.0000000e+00
  -4.7745590e-02
  -6.3810267e-02
  -6.2056080e-02
  -5.9812800e-02
  -4.6154715e-02
  -2.9437583e-02
  -0.0000000e+00
   0.0000000e+00
   0.0000000e+00
   0.0000000e+00
  -0.0000000e+00
  -5.1821236e-02
  -5.6070849e-02
  -5.6402829e-02
  -6.2024761e-02
  -6.2068138e-02
  -6.0863886e-02
  -5.6785673e-02
  -5.0616007e-02
  -4.9708407e-02
  -4.8060484e-02
  -4.6996012e-02
  -4.8084095e-02
  -4.8519813e-02
  -4.9320687e-02
  -4.1051362e-02
  -2.4251787e-02
  -1.6007197e-02
  -0.0000000e+00
  -2.8488627e-02
  -3.4164086e-02
  -3.4095369e-02
  -3.6207847e-02
  -3.4984414e-02
  -3.8163822e-02
  -3.9631523e-02
  -4.6255294e-02
  -5.5245912e-02
  -5.9666398e-02
  -6.5115055e-02
  -4.8983244e-02
  -3.3957745e-02
  -0.0000000e+00
   0.0000000e+00
   0.0000000e+00
   0.0000000e+00
  -0.0000000e+00
  -4.5566890e-02
  -4.7157142e-02
  -4.7707114e-02
  -5.3535596e-02
  -5.4103833e-02
  -5.4742560e-02
  -5.2998882e-02
  -2.4148662e-02
  -2.5117619e-02
  -2.6829267e-02
  -2.8290108e-02
  -3.0297980e-02
  -3.1834118e-02
  -2.9483141e-02
  -2.2433890e-02
  -1.2762377e-02
  -7.7160783e-03
  -0.0000000e+00
  -1.6501520e-02
  -1.9237343e-02
  -1.5768392e-02
  -1.7864246e-02
  -2.8401885e-02
  -3.1249354e-02
  -2.9195091e-02
  -3.7191924e-02
  -4.0126005e-02
  -0.0000000e+00
  -4.9421128e-02
  -3.4890138e-02
  -2.8737921e-02
  -2.6950404e-02
   0.0000000e+00
   0.0000000e+00
   0.0000000e+00
   0.0000000e+00
  -0.0000000e+00
  -1.4770498e-02
  -2.1307888e-02
  -2.6244594e-02
  -2.6876366e-02
  -2.6975034e-02
  -2.4775272e-02
   1.8232005e-02
   1.5422490e-02
   8.9516090e-03
   3.4394113e-03
  -4.8023020e-04
  -3.4302168e-03
  -1.1552426e-03
   4.0137343e-04
   1.5914948e-03
   3.1275541e-03
   0.0000000e+00
  -8.4287394e-04
   2.8166627e-03
   8.1622079e-03
   7.8000510e-03
  -5.0332532e-03
  -1.1180255e-02
  -0.0000000e+00
  -1.7085347e-02
  -1.6595466e-02
  -2.1962422e-02
  -2.0822927e-02
  -1.3773752e-02
  -1.7323873e-02
  -1.7296115e-02
  -0.0000000e+00
   0.0000000e+00
   0.0000000e+00
   0.0000000e+00
   3.2213430e-02
   3.0406127e-02
   1.7913574e-02
   1.5212108e-02
   1.4102647e-02
   1.6477210e-02
   1.9137949e-02
   6.9281392e-02
   6.2351249e-02
   4.9168736e-02
   3.8318332e-02
   3.2367360e-02
   2.7272930e-02
   2.8079756e-02
   2.1474078e-02
   1.4844487e-02
   1.4689670e-02
   0.0000000e+00
   6.3186468e-03
   0.0000000e+00
   2.9700696e-02
   3.8445570e-02
   2.9969826e-02
   2.0006590e-02
   1.2647473e-02
   9.8626604e-03
   6.7202854e-03
   1.5557748e-03
   1.0342771e-02
   1.0995770e-02
   1.1775369e-02
  -0.0000000e+00
  -0.0000000e+00
   0.0000000e+00
   0.0000000e+00
   0.0000000e+00
   7.0077688e-02
   7.8880541e-02
   6.9152907e-02
   6.9191180e-02
   6.9816262e-02
   7.4016899e-02
   7.4488565e-02
   1.1243316e-01
   9.9129863e-02
   7.9579480e-02
   6.5571353e-02
   5.7906576e-02
   5.0882567e-02
   4.9675997e-02
   3.5996165e-02
   2.5729955e-02
   0.0000000e+00
   0.0000000e+00
   3.3511964e-02
   0.0000000e+00
   0.0000000e+00
   5.9721990e-02
   6.1359998e-02
   5.6206886e-02
   3.9992193e-02
   0.0000000e+00
   3.2058843e-02
   1.5987435e-02
   0.0000000e+00
   3.1545419e-02
   2.4624384e-02
   0.0000000e+00
   0.0000000e+00
   0.0000000e+00
   0.0000000e+00
   0.0000000e+00
   8.7795820e-02
   1.1156443e-01
   1.1909014e-01
   1.2449871e-01
   1.2848324e-01
   1.3096307e-01
   1.2546317e-01
   1.2596169e-01
   1.0751018e-01
   8.6591706e-02
   7.4185178e-02
   6.5267518e-02
   5.8273308e-02
   5.5768169e-02
   4.2195216e-02
   3.6561636e-02
   0.0000000e+00
   0.0000000e+00
   3.2090819e-02
   0.0000000e+00
   0.0000000e+00
   0.0000000e+00
   0.0000000e+00
   7.8378685e-02
   6.5234522e-02
   5.4087682e-02
   5.3812833e-02
   0.0000000e+00
   0.0000000e+00
   0.0000000e+00
   0.0000000e+00
   2.7164454e-02
   0.0000000e+00
   0.0000000e+00
   0.0000000e+00
   0.0000000e+00
   0.0000000e+00
   0.0000000e+00
   1.4128371e-01
   1.5515909e-01
   1.6110769e-01
   1.5845954e-01
   1.4658445e-01
   1.0425767e-01
   8.6952955e-02
   7.1003690e-02
   6.2274750e-02
   5.3871747e-02
   5.0288308e-02
   4.8883747e-02
   4.2414352e-02
   4.5407695e-02
   0.0000000e+00
   0.0000000e+00
   1.9590288e-02
   0.0000000e+00
   0.0000000e+00
   0.0000000e+00
   0.0000000e+00
   6.7278677e-02
   5.7958098e-02
   5.2787537e-02
   5.0126445e-02
   0.0000000e+00
   0.0000000e+00
   0.0000000e+00
   0.0000000e+00
   3.2196611e-02
   0.0000000e+00
   0.0000000e+00
   0.0000000e+00
   0.0000000e+00
   0.0000000e+00
   0.0000000e+00
   1.1764736e-01
   1.3632552e-01
   1.4183193e-01
   1.3665712e-01
   1.2431873e-01
   6.1261535e-02
   5.1142327e-02
   4.1591313e-02
   3.6003955e-02
   3.2514308e-02
   3.4284618e-02
   3.5314664e-02
   3.2593925e-02
   3.5110848e-02
   0.0000000e+00
   0.0000000e+00
   5.9155889e-03
   0.0000000e+00
   2.9631932e-02
   2.4056443e-02
   2.6979978e-02
   3.8476881e-02
   0.0000000e+00
   0.0000000e+00
   3.7983602e-02
   0.0000000e+00
   0.0000000e+00
   0.0000000e+00
   3.5318311e-02
   2.9665153e-02
   0.0000000e+00
   0.0000000e+00
   0.0000000e+00
   0.0000000e+00
   0.0000000e+00
   0.0000000e+00
   5.6839485e-02
   7.2544813e-02
   7.9872578e-02
   7.8534767e-02
   7.2234198e-02
  -9.7263593e-04
  -3.4638473e-03
  -5.8587296e-03
  -3.9032735e-03
   1.2355444e-03
   7.0931641e-03
   8.8783130e-03
   6.2961290e-03
   1.3464280e-02
   0.0000000e+00
  -0.0000000e+00
  -4.0835369e-03
   2.6525971e-03
   4.1958275e-03
   1.3763939e-03
   8.0874413e-03
   0.0000000e+00
   0.0000000e+00
   0.0000000e+00
  -7.1148886e-04
   0.0000000e+00
   0.0000000e+00
   0.0000000e+00
   1.0686231e-02
   9.7562084e-03
   0.0000000e+00
   0.0000000e+00
   0.0000000e+00
   0.0000000e+00
  -0.0000000e+00
   0.0000000e+00
  -6.7812784e-03
  -6.0420847e-03
  -2.8742594e-04
   2.1103993e-03
   1.5009834e-03
  -6.3909948e-02
  -6.1241429e-02
  -5.4337007e-02
  -4.3962736e-02
  -3.4754815e-02
  -2.8153699e-02
  -2.4236228e-02
  -2.0584670e-02
   0.0000000e+00
   0.0000000e+00
  -0.0000000e+00
  -1.5979241e-02
  -1.5897700e-02
  -0.0000000e+00
  -0.0000000e+00
  -0.0000000e+00
   0.0000000e+00
  -0.0000000e+00
  -0.0000000e+00
  -2.1091617e-02
  -2.1071225e-02
  -1.9720437e-02
  -2.0536665e-02
  -1.9528838e-02
  -1.0813660e-02
  -0.0000000e+00
  -0.0000000e+00
   0.0000000e+00
   0.0000000e+00
  -0.0000000e+00
  -0.0000000e+00
  -0.0000000e+00
  -4.9453051e-02
  -5.6977484e-02
  -6.1147631e-02
  -6.3594910e-02
  -0.0000000e+00
  -0.0000000e+00
  -0.0000000e+00
  -0.0000000e+00
  -0.0000000e+00
  -0.0000000e+00
  -0.0000000e+00
   0.0000000e+00
   0.0000000e+00
  -0.0000000e+00
  -7.5778049e-03
  -8.8647129e-03
  -4.6437282e-03
  -1.5455918e-03
  -1.4927437e-03
  -1.5115525e-03
  -5.2149931e-03
  -9.8492892e-03
  -1.2891638e-02
  -1.5762547e-02
  -1.7632963e-02
  -1.7963368e-02
  -1.6224805e-02
  -1.1540965e-02
  -3.4195797e-03
  -9.0923477e-04
   1.4935865e-03
   2.4263598e-03
   2.1090398e-03
   1.6919721e-03
  -1.2989402e-03
  -2.3976074e-03
  -0.0000000e+00
  -0.0000000e+00
  -0.0000000e+00
  -0.0000000e+00
