  -8.2759953e-03
  -1.0425527e-02
  -1.5432651e-02
  -0.0000000e+00
  -0.0000000e+00
  -0.0000000e+00
  -0.0000000e+00
  -0.0000000e+00
  -0.0000000e+00
  -0.0000000e+00
  -0.0000000e+00
  -0.0000000e+00
  -1.1936572e-02
  -7.7885640e-03
  -2.4159788e-03
  -3.6995998e-04
  -0.0000000e+00
  -0.0000000e+00
  -0.0000000e+00
  -0.0000000e+00
  -0.0000000e+00
   0.0000000e+00
   0.0000000e+00
   0.0000000e+00
   0.0000000e+00
   0.0000000e+00
   0.0000000e+00
   0.0000000e+00
   0.0000000e+00
   0.0000000e+00
   0.0000000e+00
   0.0000000e+00
   0.0000000e+00
   0.0000000e+00
  -0.0000000e+00
  -7.2417789e-03
  -2.8739654e-02
  -2.7510140e-02
  -2.7116617e-02
  -2.8282905e-02
  -3.0676365e-02
  -3.2930318e-02
  -3.1678535e-02
  -2.5258988e-02
  -1.6814480e-02
  -1.1305392e-02
  -8.9013444e-03
  -1.5360207e-02
  -1.5030235e-02
  -5.5173985e-03
   6.7057372e-05
  -3.0172504e-03
  -1.0175633e-02
  -1.7122434e-02
  -2.0976142e-02
  -2.2142120e-02
  -2.2329466e-02
  -2.1229972e-02
  -1.8788378e-02
  -2.0518629e-02
  -2.4821422e-02
  -2.8199630e-02
  -2.9982739e-02
  -2.8532872e-02
  -0.0000000e+00
  -0.0000000e+00
  -0.0000000e+00
  -2.2912251e-02
  -2.2846377e-02
  -2.7274720e-02
  -2.7601909e-02
  -2.8157968e-02
  -1.5988449e-02
  -1.7298708e-02
  -1.5846562e-02
  -1.2887049e-02
  -1.7228968e-02
  -2.4057949e-02
  -2.5429172e-02
  -1.8017067e-02
  -8.0702724e-03
  -5.5440590e-03
  -2.5674736e-03
  -1.1846568e-02
  -2.2704910e-02
  -1.9587930e-02
  -1.8498691e-02
  -1.7267106e-02
  -1.7598439e-02
  -1.9278334e-02
  -1.9066405e-02
  -2.0320723e-02
  -2.1037517e-02
  -1.9730855e-02
  -1.6882012e-02
  -1.7246192e-02
  -2.0545915e-02
  -2.2111516e-02
  -2.4106007e-02
  -2.3093008e-02
  -2.2184204e-02
  -2.2770898e-02
  -1.9810868e-02
  -1.0742006e-02
  -5.6758504e-03
  -8.8689867e-03
  -8.2498500e-03
  -1.0530727e-02
   2.7288763e-02
   2.6433155e-02
   2.7780754e-02
   3.0096697e-02
   2.4597039e-02
   1.1573641e-02
   4.4846470e-03
  -7.1324018e-04
   4.1558719e-03
   1.1461272e-02
   5.3389325e-03
   5.0496436e-03
  -9.5490349e-04
  -3.6738706e-03
   4.6098430e-06
   7.8656236e-03
   1.8319853e-02
   1.8527441e-02
   1.7735846e-02
   1.5837047e-02
   8.7180808e-03
   5.4403092e-03
   7.3973305e-04
   4.9055093e-03
   1.1105426e-02
   8.2951374e-03
   8.5646799e-03
   5.2758339e-03
   1.4670551e-03
   1.4385711e-03
   8.0721257e-03
   2.0336697e-02
   2.6879463e-02
   2.5732102e-02
   2.6416074e-02
   2.8290154e-02
   6.7175776e-02
   6.9742903e-02
   7.5825810e-02
   7.6785393e-02
   7.6118618e-02
   6.0179960e-02
   5.5412821e-02
   4.3261088e-02
   3.1030012e-02
   4.8451740e-02
   3.3682351e-02
   2.7607375e-02
   4.2072989e-02
   3.8404968e-02
   4.8126165e-02
   5.7850238e-02
   7.0793524e-02
   7.7244289e-02
   7.2775632e-02
   7.3998086e-02
   5.6699995e-02
   4.5018736e-02
   3.6303923e-02
   4.0898595e-02
   5.4247167e-02
   5.3432666e-02
   6.1236229e-02
   5.7040457e-02
   4.9860582e-02
   4.9593259e-02
   4.9387529e-02
   5.5576529e-02
   5.5579726e-02
   5.4673627e-02
   5.1152756e-02
   6.0161460e-02
   9.5500953e-02
   1.0097127e-01
   1.0877302e-01
   1.1222921e-01
   1.1906461e-01
   1.0309774e-01
   1.0005251e-01
   9.8062545e-02
   7.0331313e-02
   7.9873428e-02
   8.3935450e-02
   0.0000000e+00
   7.3711358e-02
   7.8451104e-02
   8.8818066e-02
   1.0106078e-01
   1.0664738e-01
   1.2251443e-01
   1.1063156e-01
   1.0814250e-01
   9.6375331e-02
   7.9994977e-02
   8.0908887e-02
   7.5765483e-02
   8.3801039e-02
   9.5783941e-02
   1.0499877e-01
   1.0244814e-01
   9.3804292e-02
   8.9728214e-02
   8.1810519e-02
   7.5172365e-02
   6.9931963e-02
   7.5673684e-02
   7.8744953e-02
   8.3266109e-02
   1.0357543e-01
   1.0927478e-01
   1.1363233e-01
   1.1886381e-01
   1.3114379e-01
   1.1825082e-01
   1.1104427e-01
   1.1629956e-01
   8.9916281e-02
   8.1236549e-02
   8.0966572e-02
   0.0000000e+00
   7.2121404e-02
   9.2013538e-02
   9.9707805e-02
   1.1040983e-01
   1.0811689e-01
   1.1669526e-01
   1.0528235e-01
   9.3397960e-02
   9.7602651e-02
   9.5017709e-02
   1.0584304e-01
   9.8559052e-02
   8.9637637e-02
   1.0318572e-01
   1.0758958e-01
   1.1161833e-01
   1.0665646e-01
   8.6860828e-02
   8.0146573e-02
   6.8252337e-02
   6.6354191e-02
   8.3995797e-02
   9.2816482e-02
   9.5224652e-02
   8.4195465e-02
   8.7439679e-02
   9.0896107e-02
   9.2568211e-02
   1.0524087e-01
   9.9791355e-02
   9.0418130e-02
   8.8958912e-02
   6.9164507e-02
   5.3836562e-02
   4.9848779e-02
   0.0000000e+00
   5.0390767e-02
   7.5877935e-02
   8.4383033e-02
   8.7540120e-02
   8.2431495e-02
   7.3679045e-02
   6.8274826e-02
   5.8374432e-02
   6.5280224e-02
   8.2295932e-02
   9.1849230e-02
   9.6192151e-02
   7.8137681e-02
   7.2553672e-02
   7.5954027e-02
   8.6119264e-02
   8.5590608e-02
   5.6456865e-02
   4.9420975e-02
   6.1546281e-02
   0.0000000e+00
   6.9969699e-02
   7.9036309e-02
   8.1412446e-02
   4.5098536e-02
   4.4806566e-02
   4.9835723e-02
   4.8652414e-02
   5.7122841e-02
   5.9789542e-02
   5.5113986e-02
   4.5466006e-02
   2.7704695e-02
   1.6723661e-02
   1.4960812e-02
   0.0000000e+00
   0.0000000e+00
   4.4100367e-02
   5.4908030e-02
   5.1549304e-02
   4.6057716e-02
   2.6799437e-02
   2.5701383e-02
   2.7137766e-02
   0.0000000e+00
   4.9887303e-02
   5.4417066e-02
   6.7097619e-02
   5.1122665e-02
   2.8023997e-02
   3.5145264e-02
   4.7718581e-02
   4.9233366e-02
   3.1861976e-02
   0.0000000e+00
   0.0000000e+00
   0.0000000e+00
   3.7576683e-02
   4.3959122e-02
   4.7128551e-02
  -1.2117411e-03
  -4.8841732e-03
   1.5370575e-04
   2.2480167e-03
   5.3379741e-03
   1.1970436e-02
   1.6155867e-02
   8.7594017e-03
  -9.1405110e-03
  -1.5957056e-02
  -1.0930528e-02
   0.0000000e+00
   0.0000000e+00
   9.3418099e-03
   1.9250467e-02
   1.4779436e-02
   9.3724579e-03
  -8.0147684e-03
  -7.2636556e-03
   1.3740979e-03
   0.0000000e+00
   1.1094562e-02
   1.3629577e-02
   2.1608368e-02
   1.2932213e-02
  -1.1346349e-02
  -1.0786947e-03
   1.2276820e-02
   1.5129731e-02
   1.4832776e-02
   0.0000000e+00
   0.0000000e+00
  -0.0000000e+00
  -2.7757417e-03
  -1.0649727e-03
   1.2563055e-03
  -4.4123821e-02
  -5.0970536e-02
  -4.9548309e-02
  -4.1710000e-02
  -3.5904191e-02
  -3.1945981e-02
  -2.5797257e-02
  -1.9148311e-02
  -3.0484384e-02
  -3.6601685e-02
  -2.3735869e-02
   0.0000000e+00
  -0.0000000e+00
  -1.9770008e-02
  -2.0901226e-02
  -2.2916175e-02
  -2.4945797e-02
  -3.0642848e-02
  -2.2890895e-02
   0.0000000e+00
  -0.0000000e+00
  -1.7791471e-02
  -2.1032773e-02
  -2.2662127e-02
  -2.8748538e-02
  -4.1448951e-02
  -3.4035180e-02
  -1.9727297e-02
  -8.7461980e-03
  -0.0000000e+00
   0.0000000e+00
   0.0000000e+00
  -0.0000000e+00
  -4.6097353e-02
  -4.6599835e-02
  -4.3666098e-02
  -5.8036596e-02
  -6.4467266e-02
  -6.9663785e-02
  -6.4285293e-02
  -5.1604684e-02
  -5.0384965e-02
  -5.0858002e-02
  -3.5242051e-02
  -3.0945987e-02
  -3.0884843e-02
  -2.0280296e-02
   0.0000000e+00
   0.0000000e+00
  -0.0000000e+00
  -4.3623943e-02
  -4.9586866e-02
  -4.6339378e-02
  -3.7969731e-02
  -1.8324356e-02
   0.0000000e+00
  -0.0000000e+00
  -1.8864837e-02
  -3.4501319e-02
  -4.1956235e-02
  -4.5006849e-02
  -4.9240910e-02
  -5.0910778e-02
  -4.3188516e-02
  -2.0345150e-02
  -1.4615325e-02
   0.0000000e+00
   0.0000000e+00
  -0.0000000e+00
  -6.4308047e-02
  -6.2312223e-02
  -5.9343033e-02
  -5.3638577e-02
  -5.6024287e-02
  -6.4497165e-02
  -6.5784112e-02
  -5.4865558e-02
  -5.6959424e-02
  -5.7231624e-02
  -4.5512132e-02
  -3.0688014e-02
  -1.8790361e-02
  -1.3706364e-02
   0.0000000e+00
   0.0000000e+00
  -0.0000000e+00
  -4.9291573e-02
  -6.1388403e-02
  -6.0459208e-02
  -3.9253321e-02
  -1.2482967e-02
   0.0000000e+00
  -0.0000000e+00
  -1.5850714e-02
  -3.5739828e-02
  -4.2563744e-02
  -4.7934156e-02
  -4.9033485e-02
  -5.4876972e-02
  -5.5942461e-02
  -2.7155073e-02
  -1.4346858e-02
   0.0000000e+00
   0.0000000e+00
  -0.0000000e+00
  -6.3066080e-02
  -5.9922662e-02
  -5.5157661e-02
  -3.9812420e-02
  -3.7342321e-02
  -4.6770092e-02
  -5.4610420e-02
  -4.9881250e-02
  -5.6484081e-02
  -5.3417787e-02
  -5.0830312e-02
  -2.9391702e-02
  -5.7362816e-03
  -0.0000000e+00
   0.0000000e+00
   0.0000000e+00
  -0.0000000e+00
  -4.4516616e-02
  -6.2739402e-02
  -6.7121610e-02
  -3.6778633e-02
  -2.1845524e-03
   0.0000000e+00
   0.0000000e+00
  -0.0000000e+00
  -2.6182170e-02
  -3.3711143e-02
  -4.2300750e-02
  -4.5058839e-02
  -5.2775439e-02
  -6.1206751e-02
  -3.0909497e-02
  -1.2141907e-02
  -6.8234914e-03
  -0.0000000e+00
  -0.0000000e+00
  -5.1637344e-02
  -4.8643380e-02
  -4.1520819e-02
  -1.4322324e-02
  -1.0020772e-02
  -1.5334841e-02
  -2.2198379e-02
  -2.9886989e-02
  -4.3447532e-02
  -3.3685327e-02
  -4.4697665e-02
  -2.4578681e-02
   4.0959799e-03
   0.0000000e+00
   0.0000000e+00
   0.0000000e+00
  -0.0000000e+00
  -2.1814015e-02
  -4.3409448e-02
  -5.3542566e-02
  -2.7092896e-02
   4.3985618e-03
   0.0000000e+00
   0.0000000e+00
  -0.0000000e+00
  -2.0038897e-02
  -1.2672199e-02
  -2.2544416e-02
  -3.5424132e-02
  -4.2210460e-02
  -5.0138004e-02
  -2.5799163e-02
  -6.8812179e-03
  -3.4045955e-03
  -9.4733842e-03
  -0.0000000e+00
  -2.7708339e-02
  -2.6950784e-02
  -1.7895298e-02
  -4.5536351e-03
  -2.9724441e-03
  -4.2547430e-03
  -6.3883122e-03
  -1.2644629e-02
  -2.1328587e-02
  -2.0279594e-02
  -2.6524672e-02
  -1.1156089e-02
   5.0680777e-03
   0.0000000e+00
   0.0000000e+00
   0.0000000e+00
  -0.0000000e+00
  -0.0000000e+00
  -1.3740546e-02
  -2.5816839e-02
  -1.4124859e-02
   6.3350151e-03
   0.0000000e+00
   0.0000000e+00
  -0.0000000e+00
  -1.4173587e-02
   5.2288896e-04
  -3.3383032e-03
  -1.8047100e-02
  -2.9913858e-02
  -3.1594671e-02
  -1.8906724e-02
  -6.7383333e-03
  -4.9702660e-03
  -5.7661790e-03
  -0.0000000e+00
  -1.6320702e-02
  -1.6072895e-02
  -1.0140981e-02
  -9.4073210e-03
  -1.0043417e-02
  -8.5531427e-03
  -6.9298968e-03
  -8.5705584e-03
  -1.0398653e-02
  -1.5594826e-02
  -1.6947003e-02
  -3.6633390e-03
   4.9147240e-03
   0.0000000e+00
   0.0000000e+00
   0.0000000e+00
  -0.0000000e+00
   6.7616720e-03
   7.2958739e-03
  -3.3775854e-03
  -2.7300813e-03
   6.7792170e-03
   0.0000000e+00
   0.0000000e+00
  -0.0000000e+00
  -1.2072114e-02
   4.6408479e-03
   6.2172124e-03
  -5.5705891e-03
  -1.8995322e-02
  -2.1648825e-02
  -0.0000000e+00
  -0.0000000e+00
  -1.0393930e-02
  -7.3318831e-03
  -0.0000000e+00
  -1.9526675e-02
  -1.8333489e-02
  -1.6414257e-02
  -2.0886766e-02
  -2.3387490e-02
  -1.9774007e-02
  -1.4965085e-02
  -1.0599457e-02
  -4.6626665e-03
  -1.4704106e-02
  -1.1175925e-02
   1.0072062e-03
   4.7912147e-03
   0.0000000e+00
   0.0000000e+00
   0.0000000e+00
  -0.0000000e+00
   9.4811497e-03
   2.4602070e-02
   1.6988639e-02
   8.2807373e-03
   7.9652424e-03
   0.0000000e+00
   0.0000000e+00
  -0.0000000e+00
  -1.1373862e-02
   4.6387599e-03
   1.1338327e-02
   4.8919120e-03
  -8.1051942e-03
  -1.2199442e-02
   0.0000000e+00
  -0.0000000e+00
  -1.9238269e-02
  -1.1728125e-02
  -2.4943190e-02
  -2.9261921e-02
  -2.6504448e-02
  -2.8934922e-02
  -6.5113284e-02
  -6.5089583e-02
  -5.9087947e-02
  -5.1412828e-02
  -3.4536820e-02
  -1.7843947e-02
  -2.1591984e-02
  -2.4976104e-02
  -1.4919455e-02
   1.9334020e-03
   0.0000000e+00
   0.0000000e+00
  -0.0000000e+00
  -2.9607039e-02
   1.9909500e-03
   4.0667761e-02
   3.5307765e-02
   1.8341806e-02
   9.0736483e-03
   0.0000000e+00
   0.0000000e+00
  -0.0000000e+00
  -1.6177081e-02
  -3.6129951e-03
   7.8336010e-03
   7.0661046e-03
  -8.0854102e-04
  -9.5122763e-03
  -0.0000000e+00
  -0.0000000e+00
  -4.4462744e-02
  -4.5351900e-02
  -5.8265705e-02
  -6.7106247e-02
  -6.4509004e-02
  -6.9229931e-02
  -8.5211448e-02
  -8.2139760e-02
  -7.7778302e-02
  -6.9994159e-02
  -5.4282911e-02
  -3.1519920e-02
  -2.8022449e-02
  -3.9164420e-02
  -3.0978028e-02
  -7.8098411e-03
   0.0000000e+00
  -0.0000000e+00
  -0.0000000e+00
  -4.8587054e-02
  -8.2372697e-03
   3.3822939e-02
   2.9408391e-02
   1.4726643e-02
   9.2033826e-03
   0.0000000e+00
   0.0000000e+00
   0.0000000e+00
  -0.0000000e+00
  -8.2995333e-03
   5.8862688e-03
   3.5267418e-03
  -3.5235318e-03
  -1.4807309e-02
  -0.0000000e+00
  -4.2264112e-02
  -6.2384952e-02
  -7.4380890e-02
  -7.9908721e-02
  -8.7234966e-02
  -8.5696585e-02
  -8.8025354e-02
  -9.9714600e-02
  -9.5265374e-02
  -9.3315423e-02
  -8.4981546e-02
  -7.2445653e-02
  -4.2862393e-02
  -3.4453731e-02
  -4.9177948e-02
  -4.1883342e-02
  -1.3484624e-02
   0.0000000e+00
  -0.0000000e+00
  -5.9763927e-02
  -6.6472240e-02
  -2.1654099e-02
   2.3402231e-02
   2.9391542e-02
   0.0000000e+00
   0.0000000e+00
   0.0000000e+00
   0.0000000e+00
   0.0000000e+00
  -0.0000000e+00
  -1.2323081e-02
   5.3904415e-03
  -1.4130164e-03
  -8.3198370e-03
  -1.3526104e-02
  -0.0000000e+00
  -5.9573317e-02
  -7.9056621e-02
  -9.6174315e-02
  -9.7099528e-02
  -1.0445119e-01
  -1.0314188e-01
  -1.0402419e-01
  -1.0587350e-01
  -1.0288826e-01
  -1.0512705e-01
  -9.5398784e-02
  -9.0236053e-02
  -5.1090047e-02
  -4.1133329e-02
  -5.2247811e-02
  -4.4513584e-02
  -3.2574156e-02
  -0.0000000e+00
  -6.3986910e-02
  -9.4882868e-02
  -8.5595571e-02
  -4.3302089e-02
   4.5238990e-03
   0.0000000e+00
   0.0000000e+00
   0.0000000e+00
   0.0000000e+00
   0.0000000e+00
   0.0000000e+00
  -0.0000000e+00
  -1.5495896e-02
   7.3792109e-03
  -9.7973474e-03
  -1.7528336e-02
  -1.3339330e-02
  -0.0000000e+00
  -8.3167396e-02
  -9.5935263e-02
  -1.0828575e-01
  -1.0803558e-01
  -1.1802800e-01
  -1.1598253e-01
  -1.1718302e-01
  -1.0674261e-01
  -1.0652152e-01
  -1.1129905e-01
  -9.8293275e-02
  -9.2192553e-02
  -4.6407979e-02
  -3.2787360e-02
  -3.9714885e-02
  -3.6027459e-02
  -0.0000000e+00
  -6.0237937e-02
  -9.0647928e-02
  -1.1360460e-01
  -1.0325403e-01
  -7.5188085e-02
  -1.6806184e-02
   0.0000000e+00
   0.0000000e+00
   0.0000000e+00
   0.0000000e+00
   0.0000000e+00
   0.0000000e+00
  -0.0000000e+00
  -1.2461191e-02
   7.9218522e-03
  -0.0000000e+00
  -1.5638249e-02
  -8.8617273e-03
  -0.0000000e+00
  -9.1003276e-02
  -9.5015399e-02
  -9.4285876e-02
  -1.0171829e-01
  -1.1766383e-01
  -1.1479880e-01
  -1.1979359e-01
  -1.0079346e-01
  -1.0142115e-01
  -1.0447823e-01
  -9.1574773e-02
  -7.9165600e-02
  -3.3862904e-02
  -1.7767150e-02
  -3.1035235e-02
  -0.0000000e+00
  -4.6454031e-02
  -7.1244343e-02
  -9.2325225e-02
  -1.0332324e-01
  -1.0451046e-01
  -8.9695551e-02
  -3.5796986e-02
   0.0000000e+00
   0.0000000e+00
   0.0000000e+00
   0.0000000e+00
   0.0000000e+00
   0.0000000e+00
  -0.0000000e+00
  -7.2735914e-03
   4.5936380e-03
  -0.0000000e+00
  -1.7237960e-03
  -2.5976110e-03
  -0.0000000e+00
  -7.2223671e-02
  -7.3661998e-02
  -7.5338818e-02
  -8.7558962e-02
  -1.0307436e-01
  -1.0388078e-01
  -1.1059651e-01
  -8.7192923e-02
  -8.7841906e-02
  -8.8381015e-02
  -7.7751748e-02
  -5.9608895e-02
  -1.8244565e-02
  -2.5498639e-03
  -0.0000000e+00
  -1.4453839e-02
  -3.5700685e-02
  -6.1281801e-02
  -7.8138925e-02
  -8.0799140e-02
  -9.3556680e-02
  -9.1886230e-02
  -5.0362651e-02
   0.0000000e+00
   0.0000000e+00
   0.0000000e+00
   0.0000000e+00
   0.0000000e+00
   0.0000000e+00
   0.0000000e+00
  -0.0000000e+00
   0.0000000e+00
   0.0000000e+00
   0.0000000e+00
   0.0000000e+00
  -0.0000000e+00
  -4.6763157e-02
  -4.4453532e-02
  -5.3358834e-02
  -6.8065122e-02
  -8.1158951e-02
  -8.5839652e-02
  -9.3139857e-02
  -5.7464443e-02
  -5.6508224e-02
  -5.4524649e-02
  -5.0576881e-02
  -3.0824028e-02
   9.0457039e-04
   1.4525350e-02
  -0.0000000e+00
  -9.9568320e-03
  -1.6542507e-02
  -3.1453870e-02
  -4.3694045e-02
  -4.5222018e-02
  -5.8899626e-02
  -7.1213238e-02
  -5.6421372e-02
  -0.0000000e+00
   0.0000000e+00
   0.0000000e+00
   0.0000000e+00
   0.0000000e+00
   0.0000000e+00
   0.0000000e+00
  -0.0000000e+00
  -0.0000000e+00
   0.0000000e+00
   0.0000000e+00
   0.0000000e+00
   0.0000000e+00
  -0.0000000e+00
  -6.8723424e-03
  -2.6622938e-02
  -3.9632536e-02
  -4.7648173e-02
  -5.5246159e-02
  -6.1332896e-02
   3.8404629e-04
   3.7486015e-03
  -1.9477161e-03
  -4.9608015e-03
   1.6351098e-03
   1.5232077e-02
   0.0000000e+00
   0.0000000e+00
   5.5638896e-04
   1.1289456e-02
   1.8528860e-02
   4.2355382e-03
   9.4245173e-05
  -4.9820100e-03
  -2.3414986e-02
  -2.7062822e-02
  -2.0387694e-02
   0.0000000e+00
   0.0000000e+00
   0.0000000e+00
   0.0000000e+00
   0.0000000e+00
   0.0000000e+00
   0.0000000e+00
   0.0000000e+00
   0.0000000e+00
   0.0000000e+00
   0.0000000e+00
   0.0000000e+00
   0.0000000e+00
   2.3278123e-02
   9.1800028e-03
   6.8893312e-03
  -1.0439155e-03
  -4.8824707e-03
  -4.5545571e-03
   6.4703889e-02
   6.4641416e-02
   4.9484454e-02
   3.6591213e-02
   2.1591894e-02
   1.9612073e-02
   0.0000000e+00
   0.0000000e+00
   0.0000000e+00
   0.0000000e+00
   5.8854971e-02
   5.9639145e-02
   5.1849052e-02
   4.3777112e-02
   3.0496048e-02
   1.7078342e-02
   1.6095631e-02
   0.0000000e+00
   0.0000000e+00
   0.0000000e+00
   0.0000000e+00
   0.0000000e+00
   0.0000000e+00
   0.0000000e+00
   0.0000000e+00
   0.0000000e+00
   0.0000000e+00
   0.0000000e+00
   0.0000000e+00
   0.0000000e+00
   3.3467860e-02
   4.1358255e-02
   5.5260286e-02
   5.0713293e-02
   5.3836003e-02
   6.0315590e-02
   1.2153921e-01
   1.1440730e-01
   9.2685036e-02
   7.0353471e-02
   3.4001216e-02
   2.2438513e-02
   0.0000000e+00
   0.0000000e+00
   0.0000000e+00
   0.0000000e+00
   8.4603414e-02
   1.0934791e-01
   9.8415688e-02
   8.6989790e-02
   8.2553290e-02
   6.2158950e-02
   5.0023016e-02
   4.4445891e-02
   4.3315855e-02
   4.3269120e-02
   3.5735099e-02
   0.0000000e+00
   0.0000000e+00
   0.0000000e+00
   0.0000000e+00
   0.0000000e+00
   0.0000000e+00
   0.0000000e+00
   0.0000000e+00
   0.0000000e+00
   3.3367724e-02
   6.1263627e-02
   9.2790030e-02
   9.9043518e-02
   1.0849412e-01
   1.1802268e-01
   1.4343487e-01
   1.3386644e-01
   1.1205572e-01
   8.3695687e-02
   4.0575683e-02
   2.7884828e-02
   0.0000000e+00
   0.0000000e+00
   0.0000000e+00
   0.0000000e+00
   0.0000000e+00
   1.2725006e-01
   1.2211701e-01
   1.1908510e-01
   1.1616132e-01
   9.0436049e-02
   7.7231095e-02
   0.0000000e+00
   5.3632192e-02
   5.5012096e-02
   4.5762776e-02
   0.0000000e+00
   0.0000000e+00
   0.0000000e+00
   0.0000000e+00
   0.0000000e+00
   0.0000000e+00
   0.0000000e+00
   0.0000000e+00
   0.0000000e+00
   0.0000000e+00
   5.5561479e-02
   9.7483911e-02
   1.1734699e-01
   1.3147546e-01
   1.4024252e-01
   1.1111157e-01
   1.1218850e-01
   9.6784182e-02
   7.1301915e-02
   4.4213694e-02
   3.7490197e-02
   0.0000000e+00
   0.0000000e+00
   0.0000000e+00
   0.0000000e+00
   0.0000000e+00
   9.4336286e-02
   1.0536027e-01
   1.1924843e-01
   1.0733190e-01
   8.0602951e-02
   6.1113281e-02
   4.0105630e-02
   0.0000000e+00
   0.0000000e+00
   0.0000000e+00
   0.0000000e+00
   0.0000000e+00
   0.0000000e+00
   0.0000000e+00
   0.0000000e+00
   0.0000000e+00
   0.0000000e+00
   0.0000000e+00
   0.0000000e+00
   0.0000000e+00
   3.1723797e-02
   5.5796448e-02
   6.9861643e-02
   8.5571475e-02
   1.0119099e-01
   4.4088781e-02
   5.9621647e-02
   5.8684867e-02
   4.6968594e-02
   4.2712850e-02
   0.0000000e+00
   0.0000000e+00
   0.0000000e+00
   0.0000000e+00
   0.0000000e+00
   0.0000000e+00
   3.6767515e-02
   5.0279627e-02
   6.3102469e-02
   4.9548894e-02
   3.0756513e-02
   2.1613516e-02
   3.1550425e-02
   0.0000000e+00
   0.0000000e+00
   0.0000000e+00
   0.0000000e+00
   0.0000000e+00
   0.0000000e+00
   0.0000000e+00
   0.0000000e+00
   0.0000000e+00
   0.0000000e+00
   0.0000000e+00
   0.0000000e+00
   0.0000000e+00
   0.0000000e+00
   7.9833269e-03
   8.3495565e-03
   1.5826842e-02
   3.0093489e-02
   4.8893536e-03
   1.1563670e-02
   1.4750134e-02
   2.0507285e-02
   2.7938912e-02
   0.0000000e+00
   0.0000000e+00
   0.0000000e+00
   0.0000000e+00
   0.0000000e+00
   0.0000000e+00
  -0.0000000e+00
  -1.0164397e-02
  -2.0019751e-02
  -2.4392907e-02
  -2.5189687e-02
  -1.9291034e-02
  -0.0000000e+00
  -0.0000000e+00
   0.0000000e+00
   0.0000000e+00
   0.0000000e+00
   0.0000000e+00
   0.0000000e+00
   0.0000000e+00
   0.0000000e+00
   0.0000000e+00
   0.0000000e+00
   0.0000000e+00
   0.0000000e+00
   0.0000000e+00
  -0.0000000e+00
  -1.7475460e-02
  -1.9198881e-02
  -1.6677376e-02
  -5.5336975e-03
  -5.4061501e-03
  -0.0000000e+00
  -0.0000000e+00
  -0.0000000e+00
   0.0000000e+00
   0.0000000e+00
   0.0000000e+00
   0.0000000e+00
   0.0000000e+00
  -0.0000000e+00
  -0.0000000e+00
  -1.0071817e-02
  -2.6610031e-02
  -4.2078814e-02
  -4.1379131e-02
  -3.4332272e-02
  -1.8979949e-02
  -8.3418853e-03
  -6.9086254e-03
   0.0000000e+00
   0.0000000e+00
   0.0000000e+00
   0.0000000e+00
   0.0000000e+00
   0.0000000e+00
   0.0000000e+00
   0.0000000e+00
   0.0000000e+00
   0.0000000e+00
   0.0000000e+00
   0.0000000e+00
  -0.0000000e+00
  -0.0000000e+00
  -0.0000000e+00
  -0.0000000e+00
  -8.4066223e-03
  -0.0000000e+00
  -0.0000000e+00
  -0.0000000e+00
  -0.0000000e+00
  -0.0000000e+00
   0.0000000e+00
   0.0000000e+00
   0.0000000e+00
  -0.0000000e+00
  -0.0000000e+00
  -0.0000000e+00
  -1.6872476e-03
  -4.9886202e-03
  -0.0000000e+00
  -0.0000000e+00
  -9.1280156e-03
  -9.0224591e-03
  -5.3021000e-03
  -3.7130524e-03
  -0.0000000e+00
  -0.0000000e+00
  -0.0000000e+00
  -0.0000000e+00
  -0.0000000e+00
  -0.0000000e+00
   0.0000000e+00
   0.0000000e+00
   0.0000000e+00
   0.0000000e+00
   0.0000000e+00
   0.0000000e+00
   0.0000000e+00
   0.0000000e+00
  -0.0000000e+00
  -0.0000000e+00
  -0.0000000e+00
  -2.9538898e-03
  -3.2166664e-03
  -3.1384514e-03
  -2.7774503e-03
  -2.3207408e-03
  -1.4293807e-03
  -0.0000000e+00
  -0.0000000e+00
  -0.0000000e+00
  -0.0000000e+00
  -4.8857956e-04
  -1.6922963e-04
  -0.0000000e+00
  -0.0000000e+00
  -0.0000000e+00
  -0.0000000e+00
  -1.9972652e-03
  -2.6913320e-03
  -2.9792771e-03
  -2.6850081e-03
  -2.2820139e-03
  -1.9937027e-03
  -1.9478170e-03
  -1.8209841e-03
  -1.4877948e-03
  -1.1553845e-03
  -9.7256676e-04
  -5.9350180e-04
  -9.5698347e-04
  -9.9485843e-04
  -8.2427178e-04
  -5.3377720e-04
  -4.3063882e-04
  -6.1237897e-04
  -1.2722713e-03
  -2.1348738e-03
