-START-OF-DATA-
   1.000 8.04992e-04
   6.000 8.05758e-04
  11.000 8.06523e-04
  16.000 8.07289e-04
  21.000 8.08054e-04
  26.000 8.08820e-04
  31.000 8.09585e-04
  36.000 8.10351e-04
  41.000 8.11116e-04
  46.000 8.11882e-04
  51.000 8.12647e-04
  56.000 8.13413e-04
  61.000 8.14179e-04
  66.000 8.14944e-04
  71.000 8.15710e-04
  76.000 8.16475e-04
  81.000 8.17241e-04
  86.000 8.18006e-04
  91.000 8.18772e-04
  96.000 8.19537e-04
 101.000 8.20303e-04
 106.000 8.21068e-04
 111.000 8.21834e-04
 116.000 8.22600e-04
 121.000 8.23365e-04
 126.000 8.24131e-04
 131.000 8.24896e-04
 136.000 8.25662e-04
 141.000 8.26427e-04
 146.000 8.27193e-04
 151.000 8.27958e-04
 156.000 8.28724e-04
 161.000 8.29489e-04
 166.000 8.30255e-04
 171.000 8.31020e-04
 176.000 8.31786e-04
 181.000 8.32552e-04
 186.000 8.33317e-04
 191.000 8.34083e-04
 196.000 8.34848e-04
 201.000 8.35614e-04
 206.000 8.36379e-04
 211.000 8.37145e-04
 216.000 8.37910e-04
 221.000 8.38676e-04
 226.000 8.39441e-04
 231.000 8.40207e-04
 236.000 8.40973e-04
 241.000 8.41738e-04
 246.000 8.42504e-04
 251.000 8.43269e-04
 256.000 8.44035e-04
 261.000 8.44800e-04
 266.000 8.45566e-04
 271.000 8.46331e-04
 276.000 8.47097e-04
 281.000 8.47862e-04
 286.000 8.48628e-04
 291.000 8.49394e-04
 296.000 8.50159e-04
 301.000 8.50925e-04
 306.000 8.51690e-04
 311.000 8.52456e-04
 316.000 8.53221e-04
 321.000 8.53987e-04
 326.000 8.54752e-04
 331.000 8.55518e-04
 336.000 8.56283e-04
 341.000 8.57049e-04
 346.000 8.57815e-04
 351.000 8.58580e-04
 356.000 8.59346e-04
 361.000 8.60111e-04
 366.000 8.60877e-04
 371.000 8.61642e-04
 376.000 8.62408e-04
 381.000 8.63173e-04
 386.000 8.63939e-04
 391.000 8.64704e-04
 396.000 8.65470e-04
 401.000 8.66236e-04
 406.000 8.67001e-04
 411.000 8.67767e-04
 416.000 8.68532e-04
 421.000 8.69298e-04
 426.000 8.70063e-04
 431.000 8.70829e-04
 436.000 8.71594e-04
 441.000 8.72360e-04
 446.000 8.73125e-04
 451.000 8.73891e-04
 456.000 8.74656e-04
 461.000 8.75422e-04
 466.000 8.76188e-04
 471.000 8.76953e-04
 476.000 8.77719e-04
 481.000 8.78484e-04
 486.000 8.79250e-04
 491.000 8.80015e-04
 496.000 8.80781e-04
 501.000 8.81546e-04
 506.000 8.82312e-04
 511.000 8.83077e-04
 516.000 8.83843e-04
 521.000 8.84609e-04
 526.000 8.85374e-04
 531.000 8.86140e-04
 536.000 8.86905e-04
 541.000 8.87671e-04
 546.000 8.88436e-04
 551.000 8.89202e-04
 556.000 8.89967e-04
 561.000 8.90733e-04
 566.000 8.91498e-04
 571.000 8.92264e-04
 576.000 8.93030e-04
 581.000 8.93795e-04
 586.000 8.94561e-04
 591.000 8.95326e-04
 596.000 8.96092e-04
 601.000 8.96857e-04
 606.000 8.97623e-04
 611.000 8.98388e-04
 616.000 8.99154e-04
 621.000 8.99919e-04
 626.000 9.00685e-04
 631.000 9.01451e-04
 636.000 9.02216e-04
 641.000 9.02982e-04
 646.000 9.03747e-04
 651.000 9.04513e-04
 656.000 9.05278e-04
 661.000 9.06044e-04
 666.000 9.06809e-04
 671.000 9.07575e-04
 676.000 9.08340e-04
 681.000 9.09106e-04
 686.000 9.09872e-04
 691.000 9.10637e-04
 696.000 9.11403e-04
 701.000 9.12168e-04
 706.000 9.12934e-04
 711.000 9.13699e-04
 716.000 9.14465e-04
 721.000 9.15230e-04
 726.000 9.15996e-04
 731.000 9.16761e-04
 736.000 9.17527e-04
 741.000 9.18292e-04
 746.000 9.19058e-04
 751.000 9.19824e-04
 756.000 9.20589e-04
 761.000 9.21355e-04
 766.000 9.22120e-04
 771.000 9.22886e-04
 776.000 9.23651e-04
 781.000 9.24417e-04
 786.000 9.25182e-04
 791.000 9.25948e-04
 796.000 9.26713e-04
 801.000 9.27479e-04
 806.000 9.28245e-04
 811.000 9.29010e-04
 816.000 9.29776e-04
 821.000 9.30541e-04
 826.000 9.31307e-04
 831.000 9.32072e-04
 836.000 9.32838e-04
 841.000 9.33603e-04
 846.000 9.34369e-04
 851.000 9.35134e-04
 856.000 9.35900e-04
 861.000 9.36666e-04
 866.000 9.37431e-04
 871.000 9.38197e-04
 876.000 9.38962e-04
 881.000 9.39728e-04
 886.000 9.40493e-04
 891.000 9.41259e-04
 896.000 9.42024e-04
 901.000 9.42790e-04
 906.000 9.43555e-04
 911.000 9.44321e-04
 916.000 9.45087e-04
 921.000 9.45852e-04
 926.000 9.46618e-04
 931.000 9.47383e-04
 936.000 9.48149e-04
 941.000 9.48914e-04
 946.000 9.49680e-04
 951.000 9.50445e-04
 956.000 9.51211e-04
 961.000 9.51976e-04
 966.000 9.52742e-04
 971.000 9.53508e-04
 976.000 9.54273e-04
 981.000 9.55039e-04
 986.000 9.55804e-04
 991.000 9.56570e-04
 996.000 9.57335e-04
1001.000 9.58101e-04
1006.000 9.58866e-04
1011.000 9.59632e-04
1016.000 9.60397e-04
1021.000 9.61163e-04
1026.000 9.61928e-04
1031.000 9.62694e-04
1036.000 9.63460e-04
1041.000 9.64225e-04
1046.000 9.64991e-04
1051.000 9.65756e-04
1056.000 9.66522e-04
1061.000 9.67287e-04
1066.000 9.68053e-04
1071.000 9.68818e-04
1076.000 9.69584e-04
1081.000 9.70349e-04
1086.000 9.71115e-04
1091.000 9.71881e-04
1096.000 9.72646e-04
1101.000 9.73412e-04
1106.000 9.74177e-04
1111.000 9.74943e-04
1116.000 9.75708e-04
1121.000 9.76474e-04
1126.000 9.77239e-04
1131.000 9.78005e-04
1136.000 9.78770e-04
1141.000 9.79536e-04
1146.000 9.80302e-04
1151.000 9.81067e-04
1156.000 9.81833e-04
1161.000 9.82598e-04
1166.000 9.83364e-04
1171.000 9.84129e-04
1176.000 9.84895e-04
1181.000 9.85660e-04
1186.000 9.86426e-04
1191.000 9.87191e-04
1196.000 9.87957e-04
1201.000 9.88723e-04
1206.000 9.89488e-04
1211.000 9.90254e-04
1216.000 9.91019e-04
1221.000 9.91785e-04
1226.000 9.92550e-04
1231.000 9.93316e-04
1236.000 9.94081e-04
1241.000 9.94847e-04
1246.000 9.95612e-04
1251.000 9.96378e-04
1256.000 9.97144e-04
1261.000 9.97909e-04
1266.000 9.98675e-04
1271.000 9.99440e-04
1276.000 1.00021e-03
1281.000 1.00097e-03
1286.000 1.00174e-03
1291.000 1.00250e-03
1296.000 1.00327e-03
1301.000 1.00403e-03
1306.000 1.00480e-03
1311.000 1.00556e-03
1316.000 1.00633e-03
1321.000 1.00710e-03
1326.000 1.00786e-03
1331.000 1.00863e-03
1336.000 1.00939e-03
1341.000 1.01016e-03
1346.000 1.01092e-03
1351.000 1.01169e-03
1356.000 1.01245e-03
1361.000 1.01322e-03
1366.000 1.01399e-03
1371.000 1.01475e-03
1376.000 1.01552e-03
1381.000 1.01628e-03
1386.000 1.01705e-03
1391.000 1.01781e-03
1396.000 1.01858e-03
1401.000 1.01934e-03
1406.000 1.02011e-03
1411.000 1.02088e-03
1416.000 1.02164e-03
1421.000 1.02241e-03
1426.000 1.02317e-03
1431.000 1.02394e-03
1436.000 1.02470e-03
1441.000 1.02547e-03
1446.000 1.02623e-03
1451.000 1.02700e-03
1456.000 1.02777e-03
1461.000 1.02853e-03
1466.000 1.02930e-03
1471.000 1.03006e-03
1476.000 1.03083e-03
1481.000 1.03159e-03
1486.000 1.03236e-03
1491.000 1.03312e-03
1496.000 1.03389e-03
1501.000 1.03466e-03
1506.000 1.03542e-03
1511.000 1.03619e-03
1516.000 1.03695e-03
1521.000 1.03772e-03
1526.000 1.03848e-03
1531.000 1.03925e-03
1536.000 1.04001e-03
1541.000 1.04078e-03
1546.000 1.04155e-03
1551.000 1.04231e-03
1556.000 1.04308e-03
1561.000 1.04384e-03
1566.000 1.04461e-03
1571.000 1.04537e-03
1576.000 1.04614e-03
1581.000 1.04690e-03
1586.000 1.04767e-03
1591.000 1.04843e-03
1596.000 1.04920e-03
1601.000 1.04997e-03
1606.000 1.05073e-03
1611.000 1.05150e-03
1616.000 1.05226e-03
1621.000 1.05303e-03
1626.000 1.05379e-03
1631.000 1.05456e-03
1636.000 1.05532e-03
1641.000 1.05609e-03
1646.000 1.05686e-03
1651.000 1.05762e-03
1656.000 1.05839e-03
1661.000 1.05915e-03
1666.000 1.05992e-03
1671.000 1.06068e-03
1676.000 1.06145e-03
1681.000 1.06221e-03
1686.000 1.06298e-03
1691.000 1.06375e-03
1696.000 1.06451e-03
1701.000 1.06528e-03
1706.000 1.06604e-03
1711.000 1.06681e-03
1716.000 1.06757e-03
1721.000 1.06834e-03
1726.000 1.06910e-03
1731.000 1.06987e-03
1736.000 1.07064e-03
1741.000 1.07140e-03
1746.000 1.07217e-03
1751.000 1.07293e-03
1756.000 1.07370e-03
1761.000 1.07446e-03
1766.000 1.07523e-03
1771.000 1.07599e-03
1776.000 1.07676e-03
1781.000 1.07753e-03
1786.000 1.07829e-03
1791.000 1.07906e-03
1796.000 1.07982e-03
1801.000 1.08059e-03
1806.000 1.08135e-03
1811.000 1.08212e-03
1816.000 1.08288e-03
1821.000 1.08365e-03
1826.000 1.08442e-03
1831.000 1.08518e-03
1836.000 1.08595e-03
1841.000 1.08671e-03
1846.000 1.08748e-03
1851.000 1.08824e-03
1856.000 1.08901e-03
1861.000 1.08977e-03
1866.000 1.09054e-03
1871.000 1.09131e-03
1876.000 1.09207e-03
1881.000 1.09284e-03
1886.000 1.09360e-03
1891.000 1.09437e-03
1896.000 1.09513e-03
1901.000 1.09590e-03
1906.000 1.09666e-03
1911.000 1.09743e-03
1916.000 1.09820e-03
1921.000 1.09896e-03
1926.000 1.09973e-03
1931.000 1.10049e-03
1936.000 1.10126e-03
1941.000 1.10202e-03
1946.000 1.10279e-03
1951.000 1.10355e-03
1956.000 1.10432e-03
1961.000 1.10509e-03
1966.000 1.10585e-03
1971.000 1.10662e-03
1976.000 1.10738e-03
1981.000 1.10815e-03
1986.000 1.10891e-03
1991.000 1.10968e-03
1996.000 1.11044e-03
2001.000 1.11121e-03
2006.000 1.11198e-03
2011.000 1.11274e-03
2016.000 1.11351e-03
2021.000 1.11427e-03
2026.000 1.11504e-03
2031.000 1.11580e-03
2036.000 1.11657e-03
2041.000 1.11733e-03
2046.000 1.11810e-03
2051.000 1.11886e-03
2056.000 1.11963e-03
2061.000 1.12040e-03
2066.000 1.12116e-03
2071.000 1.12193e-03
2076.000 1.12269e-03
2081.000 1.12346e-03
2086.000 1.12422e-03
2091.000 1.12499e-03
2096.000 1.12575e-03
2101.000 1.12652e-03
2106.000 1.12729e-03
2111.000 1.12805e-03
2116.000 1.12882e-03
2121.000 1.12958e-03
2126.000 1.13035e-03
2131.000 1.13111e-03
2136.000 1.13188e-03
2141.000 1.13264e-03
2146.000 1.13341e-03
2151.000 1.13418e-03
2156.000 1.13494e-03
2161.000 1.13571e-03
2166.000 1.13647e-03
2171.000 1.13724e-03
2176.000 1.13800e-03
2181.000 1.13877e-03
2186.000 1.13953e-03
2191.000 1.14030e-03
2196.000 1.14107e-03
2201.000 1.14183e-03
2206.000 1.14260e-03
2211.000 1.14336e-03
2216.000 1.14413e-03
2221.000 1.14489e-03
2226.000 1.14566e-03
2231.000 1.14642e-03
2236.000 1.14719e-03
2241.000 1.14796e-03
2246.000 1.14872e-03
2251.000 1.14949e-03
2256.000 1.15025e-03
2261.000 1.15102e-03
2266.000 1.15178e-03
2271.000 1.15255e-03
2276.000 1.15331e-03
2281.000 1.15408e-03
2286.000 1.15485e-03
2291.000 1.15561e-03
2296.000 1.15638e-03
2301.000 1.15714e-03
2306.000 1.15791e-03
2311.000 1.15867e-03
2316.000 1.15944e-03
2321.000 1.16020e-03
2326.000 1.16097e-03
2331.000 1.16174e-03
2336.000 1.16250e-03
2341.000 1.16327e-03
2346.000 1.16403e-03
2351.000 1.16480e-03
2356.000 1.16556e-03
2361.000 1.16633e-03
2366.000 1.16709e-03
2371.000 1.16786e-03
2376.000 1.16863e-03
2381.000 1.16939e-03
2386.000 1.17016e-03
2391.000 1.17092e-03
2396.000 1.17169e-03
2401.000 1.17245e-03
2406.000 1.17322e-03
2411.000 1.17398e-03
2416.000 1.17475e-03
2421.000 1.17552e-03
2426.000 1.17628e-03
2431.000 1.17705e-03
2436.000 1.17781e-03
2441.000 1.17858e-03
2446.000 1.17934e-03
2451.000 1.18011e-03
2456.000 1.18087e-03
2461.000 1.18164e-03
2466.000 1.18241e-03
2471.000 1.18317e-03
2476.000 1.18394e-03
2481.000 1.18470e-03
2486.000 1.18547e-03
2491.000 1.18623e-03
2496.000 1.18700e-03
2501.000 1.18776e-03
2506.000 1.18853e-03
2511.000 1.18930e-03
2516.000 1.19006e-03
2521.000 1.19083e-03
2526.000 1.19159e-03
2531.000 1.19236e-03
2536.000 1.19312e-03
2541.000 1.19389e-03
2546.000 1.19465e-03
2551.000 1.19542e-03
2556.000 1.19618e-03
2561.000 1.19695e-03
2566.000 1.19772e-03
2571.000 1.19848e-03
2576.000 1.19925e-03
2581.000 1.20001e-03
2586.000 1.20078e-03
2591.000 1.20154e-03
2596.000 1.20231e-03
2601.000 1.20307e-03
2606.000 1.20384e-03
2611.000 1.20461e-03
2616.000 1.20537e-03
2621.000 1.20614e-03
2626.000 1.20690e-03
2631.000 1.20767e-03
2636.000 1.20843e-03
2641.000 1.20920e-03
2646.000 1.20996e-03
2651.000 1.21073e-03
2656.000 1.21150e-03
2661.000 1.21226e-03
2666.000 1.21303e-03
2671.000 1.21379e-03
2676.000 1.21456e-03
2681.000 1.21532e-03
2686.000 1.21609e-03
2691.000 1.21685e-03
2696.000 1.21762e-03
2701.000 1.21839e-03
2706.000 1.21915e-03
2711.000 1.21992e-03
2716.000 1.22068e-03
2721.000 1.22145e-03
2726.000 1.22221e-03
2731.000 1.22298e-03
2736.000 1.22374e-03
2741.000 1.22451e-03
2746.000 1.22528e-03
2751.000 1.22604e-03
2756.000 1.22681e-03
2761.000 1.22757e-03
2766.000 1.22834e-03
2771.000 1.22910e-03
2776.000 1.22987e-03
2781.000 1.23063e-03
2786.000 1.23140e-03
2791.000 1.23217e-03
2796.000 1.23293e-03
2801.000 1.23370e-03
2806.000 1.23446e-03
2811.000 1.23523e-03
2816.000 1.23599e-03
2821.000 1.23676e-03
2826.000 1.23752e-03
2831.000 1.23829e-03
2836.000 1.23906e-03
2841.000 1.23982e-03
2846.000 1.24059e-03
2851.000 1.24135e-03
2856.000 1.24212e-03
2861.000 1.24288e-03
2866.000 1.24365e-03
2871.000 1.24441e-03
2876.000 1.24518e-03
2881.000 1.24595e-03
2886.000 1.24671e-03
2891.000 1.24748e-03
2896.000 1.24824e-03
2901.000 1.24901e-03
2906.000 1.24977e-03
2911.000 1.25054e-03
2916.000 1.25130e-03
2921.000 1.25207e-03
2926.000 1.25284e-03
2931.000 1.25360e-03
2936.000 1.25437e-03
2941.000 1.25513e-03
2946.000 1.25590e-03
2951.000 1.25666e-03
2956.000 1.25743e-03
2961.000 1.25819e-03
2966.000 1.25896e-03
2971.000 1.25973e-03
2976.000 1.26049e-03
2981.000 1.26126e-03
2986.000 1.26202e-03
2991.000 1.26279e-03
2996.000 1.26355e-03
3001.000 1.26432e-03
3006.000 1.26508e-03
3011.000 1.26585e-03
3016.000 1.26661e-03
3021.000 1.26738e-03
3026.000 1.26815e-03
3031.000 1.26891e-03
3036.000 1.26968e-03
3041.000 1.27044e-03
3046.000 1.27121e-03
3051.000 1.27197e-03
3056.000 1.27274e-03
3061.000 1.27350e-03
3066.000 1.27427e-03
3071.000 1.27504e-03
3076.000 1.27580e-03
3081.000 1.27657e-03
3086.000 1.27733e-03
3091.000 1.27810e-03
3096.000 1.27886e-03
3101.000 1.27963e-03
3106.000 1.28039e-03
3111.000 1.28116e-03
3116.000 1.28193e-03
3121.000 1.28269e-03
3126.000 1.28346e-03
3131.000 1.28422e-03
3136.000 1.28499e-03
3141.000 1.28575e-03
3146.000 1.28652e-03
3151.000 1.28728e-03
3156.000 1.28805e-03
3161.000 1.28882e-03
3166.000 1.28958e-03
3171.000 1.29035e-03
3176.000 1.29111e-03
3181.000 1.29188e-03
3186.000 1.29264e-03
3191.000 1.29341e-03
3196.000 1.29417e-03
3201.000 1.29494e-03
3206.000 1.29571e-03
3211.000 1.29647e-03
3216.000 1.29724e-03
3221.000 1.29800e-03
3226.000 1.29877e-03
3231.000 1.29953e-03
3236.000 1.30030e-03
3241.000 1.30106e-03
3246.000 1.30183e-03
3251.000 1.30260e-03
3256.000 1.30336e-03
3261.000 1.30413e-03
3266.000 1.30489e-03
3271.000 1.30566e-03
3276.000 1.30642e-03
3281.000 1.30719e-03
3286.000 1.30795e-03
3291.000 1.30872e-03
3296.000 1.30949e-03
3301.000 1.31025e-03
3306.000 1.31102e-03
3311.000 1.31178e-03
3316.000 1.31255e-03
3321.000 1.31331e-03
3326.000 1.31408e-03
3331.000 1.31484e-03
3336.000 1.31561e-03
3341.000 1.31638e-03
3346.000 1.31714e-03
3351.000 1.31791e-03
3356.000 1.31867e-03
3361.000 1.31944e-03
3366.000 1.32020e-03
3371.000 1.32097e-03
3376.000 1.32173e-03
3381.000 1.32250e-03
3386.000 1.32327e-03
3391.000 1.32403e-03
3396.000 1.32480e-03
3401.000 1.32556e-03
3406.000 1.32633e-03
3411.000 1.32709e-03
3416.000 1.32786e-03
3421.000 1.32862e-03
3426.000 1.32939e-03
3431.000 1.33016e-03
3436.000 1.33092e-03
3441.000 1.33169e-03
3446.000 1.33245e-03
3451.000 1.33322e-03
3456.000 1.33398e-03
3461.000 1.33475e-03
3466.000 1.33551e-03
3471.000 1.33628e-03
3476.000 1.33704e-03
3481.000 1.33781e-03
3486.000 1.33858e-03
3491.000 1.33934e-03
3496.000 1.34011e-03
3501.000 1.34087e-03
3506.000 1.34164e-03
3511.000 1.34240e-03
3516.000 1.34317e-03
3521.000 1.34393e-03
3526.000 1.34470e-03
3531.000 1.34547e-03
3536.000 1.34623e-03
3541.000 1.34700e-03
3546.000 1.34776e-03
3551.000 1.34853e-03
3556.000 1.34929e-03
3561.000 1.35006e-03
3566.000 1.35082e-03
3571.000 1.35159e-03
3576.000 1.35236e-03
3581.000 1.35312e-03
3586.000 1.35389e-03
3591.000 1.35465e-03
3596.000 1.35542e-03
3601.000 1.35618e-03
3606.000 1.35695e-03
3611.000 1.35771e-03
3616.000 1.35848e-03
3621.000 1.35925e-03
3626.000 1.36001e-03
3631.000 1.36078e-03
3636.000 1.36154e-03
3641.000 1.36231e-03
3646.000 1.36307e-03
3651.000 1.36384e-03
3656.000 1.36460e-03
3661.000 1.36537e-03
3666.000 1.36614e-03
3671.000 1.36690e-03
3676.000 1.36767e-03
3681.000 1.36843e-03
3686.000 1.36920e-03
3691.000 1.36996e-03
3696.000 1.37073e-03
3701.000 1.37149e-03
3706.000 1.37226e-03
3711.000 1.37303e-03
3716.000 1.37379e-03
3721.000 1.37456e-03
3726.000 1.37532e-03
3731.000 1.37609e-03
3736.000 1.37685e-03
3741.000 1.37762e-03
3746.000 1.37838e-03
3751.000 1.37915e-03
3756.000 1.37992e-03
3761.000 1.38068e-03
3766.000 1.38145e-03
3771.000 1.38221e-03
3776.000 1.38298e-03
3781.000 1.38374e-03
3786.000 1.38451e-03
3791.000 1.38527e-03
3796.000 1.38604e-03
3801.000 1.38681e-03
3806.000 1.38757e-03
3811.000 1.38834e-03
3816.000 1.38910e-03
3821.000 1.38987e-03
3826.000 1.39063e-03
3831.000 1.39140e-03
3836.000 1.39216e-03
3841.000 1.39293e-03
3846.000 1.39370e-03
3851.000 1.39446e-03
3856.000 1.39523e-03
3861.000 1.39599e-03
3866.000 1.39676e-03
3871.000 1.39752e-03
3876.000 1.39829e-03
3881.000 1.39905e-03
3886.000 1.39982e-03
3891.000 1.40059e-03
3896.000 1.40135e-03
3901.000 1.40212e-03
3906.000 1.40288e-03
3911.000 1.40365e-03
3916.000 1.40441e-03
3921.000 1.40518e-03
3926.000 1.40594e-03
3931.000 1.40671e-03
3936.000 1.40748e-03
3941.000 1.40824e-03
3946.000 1.40901e-03
3951.000 1.40977e-03
3956.000 1.41054e-03
3961.000 1.41130e-03
3966.000 1.41207e-03
3971.000 1.41283e-03
3976.000 1.41360e-03
3981.000 1.41436e-03
3986.000 1.41513e-03
3991.000 1.41590e-03
3996.000 1.41666e-03
4001.000 1.41743e-03
4006.000 1.41819e-03
4011.000 1.41896e-03
4016.000 1.41972e-03
4021.000 1.42049e-03
4026.000 1.42125e-03
4031.000 1.42202e-03
4036.000 1.42279e-03
4041.000 1.42355e-03
4046.000 1.42432e-03
4051.000 1.42508e-03
4056.000 1.42585e-03
4061.000 1.42661e-03
4066.000 1.42738e-03
4071.000 1.42814e-03
4076.000 1.42891e-03
4081.000 1.42968e-03
4086.000 1.43044e-03
4091.000 1.43121e-03
4096.000 1.43197e-03
4101.000 1.43274e-03
4106.000 1.43350e-03
4111.000 1.43427e-03
4116.000 1.43503e-03
4121.000 1.43580e-03
4126.000 1.43657e-03
4131.000 1.43733e-03
4136.000 1.43810e-03
4141.000 1.43886e-03
4146.000 1.43963e-03
4151.000 1.44039e-03
4156.000 1.44116e-03
4161.000 1.44192e-03
4166.000 1.44269e-03
4171.000 1.44346e-03
4176.000 1.44422e-03
4181.000 1.44499e-03
4186.000 1.44575e-03
4191.000 1.44652e-03
4196.000 1.44728e-03
4201.000 1.44805e-03
4206.000 1.44881e-03
4211.000 1.44958e-03
4216.000 1.45035e-03
4221.000 1.45111e-03
4226.000 1.45188e-03
4231.000 1.45264e-03
4236.000 1.45341e-03
4241.000 1.45417e-03
4246.000 1.45494e-03
4251.000 1.45570e-03
4256.000 1.45647e-03
4261.000 1.45724e-03
4266.000 1.45800e-03
4271.000 1.45877e-03
4276.000 1.45953e-03
4281.000 1.46030e-03
4286.000 1.46106e-03
4291.000 1.46183e-03
4296.000 1.46259e-03
4301.000 1.46336e-03
4306.000 1.46413e-03
4311.000 1.46489e-03
4316.000 1.46566e-03
4321.000 1.46642e-03
4326.000 1.46719e-03
4331.000 1.46795e-03
4336.000 1.46872e-03
4341.000 1.46948e-03
4346.000 1.47025e-03
4351.000 1.47102e-03
4356.000 1.47178e-03
4361.000 1.47255e-03
4366.000 1.47331e-03
4371.000 1.47408e-03
4376.000 1.47484e-03
4381.000 1.47561e-03
4386.000 1.47637e-03
4391.000 1.47714e-03
4396.000 1.47791e-03
4401.000 1.47867e-03
4406.000 1.47944e-03
4411.000 1.48020e-03
4416.000 1.48097e-03
4421.000 1.48173e-03
4426.000 1.48250e-03
4431.000 1.48326e-03
4436.000 1.48403e-03
4441.000 1.48479e-03
4446.000 1.48556e-03
4451.000 1.48633e-03
4456.000 1.48709e-03
4461.000 1.48786e-03
4466.000 1.48862e-03
4471.000 1.48939e-03
4476.000 1.49015e-03
4481.000 1.49092e-03
4486.000 1.49168e-03
4491.000 1.49245e-03
4496.000 1.49322e-03
4501.000 1.49398e-03
4506.000 1.49475e-03
4511.000 1.49551e-03
4516.000 1.49628e-03
4521.000 1.49704e-03
4526.000 1.49781e-03
4531.000 1.49857e-03
4536.000 1.49934e-03
4541.000 1.50011e-03
4546.000 1.50087e-03
4551.000 1.50164e-03
4556.000 1.50240e-03
4561.000 1.50317e-03
4566.000 1.50393e-03
4571.000 1.50470e-03
4576.000 1.50546e-03
4581.000 1.50623e-03
4586.000 1.50700e-03
4591.000 1.50776e-03
4596.000 1.50853e-03
4601.000 1.50929e-03
4606.000 1.51006e-03
4611.000 1.51082e-03
4616.000 1.51159e-03
4621.000 1.51235e-03
4626.000 1.51312e-03
4631.000 1.51389e-03
4636.000 1.51465e-03
4641.000 1.51542e-03
4646.000 1.51618e-03
4651.000 1.51695e-03
4656.000 1.51771e-03
4661.000 1.51848e-03
4666.000 1.51924e-03
4671.000 1.52001e-03
4676.000 1.52078e-03
4681.000 1.52154e-03
4686.000 1.52231e-03
4691.000 1.52307e-03
4696.000 1.52384e-03
4701.000 1.52460e-03
4706.000 1.52537e-03
4711.000 1.52613e-03
4716.000 1.52690e-03
4721.000 1.52767e-03
4726.000 1.52843e-03
4731.000 1.52920e-03
4736.000 1.52996e-03
4741.000 1.53073e-03
4746.000 1.53149e-03
4751.000 1.53226e-03
4756.000 1.53302e-03
4761.000 1.53379e-03
4766.000 1.53456e-03
4771.000 1.53532e-03
4776.000 1.53609e-03
4781.000 1.53685e-03
4786.000 1.53762e-03
4791.000 1.53838e-03
4796.000 1.53915e-03
4801.000 1.53991e-03
4806.000 1.54068e-03
4811.000 1.54145e-03
4816.000 1.54221e-03
4821.000 1.54298e-03
4826.000 1.54374e-03
4831.000 1.54451e-03
4836.000 1.54527e-03
4841.000 1.54604e-03
4846.000 1.54680e-03
4851.000 1.54757e-03
4856.000 1.54834e-03
4861.000 1.54910e-03
4866.000 1.54987e-03
4871.000 1.55063e-03
4876.000 1.55140e-03
4881.000 1.55216e-03
4886.000 1.55293e-03
4891.000 1.55369e-03
4896.000 1.55446e-03
4901.000 1.55523e-03
4906.000 1.55599e-03
4911.000 1.55676e-03
4916.000 1.55752e-03
4921.000 1.55829e-03
4926.000 1.55905e-03
4931.000 1.55982e-03
4936.000 1.56058e-03
4941.000 1.56135e-03
4946.000 1.56211e-03
4951.000 1.56288e-03
4956.000 1.56365e-03
4961.000 1.56441e-03
4966.000 1.56518e-03
4971.000 1.56594e-03
4976.000 1.56671e-03
4981.000 1.56747e-03
4986.000 1.56824e-03
4991.000 1.56900e-03
4996.000 1.56977e-03
5001.000 1.57054e-03
-END-OF-DATA-
force pCO2 follows the value above (in ppm)
