   1.3825336e+00
   1.3892376e+00
   1.3665218e+00
   1.3088738e+00
   1.2097925e+00
   1.1036315e+00
   1.0281278e+00
   9.6023113e-01
   8.6023313e-01
   7.0331246e-01
   4.5668155e-01
   1.7527068e-01
  -4.3973740e-02
  -2.0489967e-01
  -3.5942918e-01
  -5.4478461e-01
  -7.2027615e-01
  -8.0322808e-01
  -8.3406442e-01
  -8.9147444e-01
  -9.6444660e-01
  -9.6138287e-01
  -8.2159533e-01
  -5.6963253e-01
  -2.5703326e-01
   1.9328385e-01
   7.0181769e-01
   1.0999250e+00
   1.3492059e+00
   1.4384567e+00
   1.4987550e+00
   1.5513495e+00
   1.5159276e+00
   1.4390187e+00
   1.3833086e+00
   1.3714061e+00
  -4.7686949e-02
   1.2921147e-01
   4.1118339e-01
   6.8597484e-01
   8.7789279e-01
   9.8353517e-01
   1.0621653e+00
   1.0760343e+00
   9.1818070e-01
   6.1434376e-01
   2.7456176e-01
  -5.3254612e-02
  -3.5512301e-01
  -3.9977747e-01
  -5.5004197e-01
  -9.0193295e-01
  -7.7312005e-01
  -3.2027411e-01
  -2.8569722e-03
   1.7795824e-01
   1.3044453e-01
   1.5443905e-01
   2.9385340e-01
   2.5886589e-01
   1.8724820e-01
   4.6114513e-01
   1.1320701e+00
   2.0741229e+00
   2.9063432e+00
   2.8661046e+00
   2.6013212e+00
   2.0766575e+00
   1.0346972e+00
   3.9341140e-01
   1.0364728e-01
  -7.9280280e-02
  -5.2636045e-01
  -4.0072158e-01
  -1.0990302e-01
   1.7610994e-01
   3.1713194e-01
   4.2912963e-01
   5.8261824e-01
   6.8019664e-01
   5.3871793e-01
   1.2798731e-01
  -3.6560047e-01
  -6.5544355e-01
  -1.0296535e+00
  -1.2220539e+00
  -1.5478474e+00
  -1.6989032e+00
  -7.7222013e-01
  -2.6810554e-01
  -2.4868944e-01
  -1.7413381e-02
   1.1237361e-01
   3.8400742e-01
   4.5146891e-01
   4.1873565e-01
   6.2758857e-01
   8.9271057e-01
   1.0859315e+00
   1.9148804e+00
   3.3183379e+00
   3.3723466e+00
   2.8295479e+00
   1.7607470e+00
   1.8362516e-01
  -1.7540601e-01
  -3.3302766e-01
  -6.4746499e-01
  -1.0252028e+00
  -9.1998887e-01
  -6.5849918e-01
  -4.6407759e-01
  -4.0204039e-01
  -3.5306844e-01
  -3.5342948e-01
  -2.9655674e-01
  -4.7619656e-01
  -8.5337291e-01
  -1.1830956e+00
  -1.3798159e+00
  -1.6382453e+00
  -2.0279887e+00
  -2.4095254e+00
  -2.0073814e+00
  -9.5415765e-01
  -7.6540232e-01
  -6.8816819e-01
  -4.4057050e-01
  -4.0023044e-01
  -2.3422766e-01
  -5.1764536e-01
  -5.2884763e-01
  -7.5509885e-02
  -4.2374548e-02
  -8.2755595e-02
   7.4783602e-01
   2.2358577e+00
   2.4221199e+00
   1.5758028e+00
   1.4493197e-01
  -1.1984937e+00
  -1.3261860e+00
  -1.3725600e+00
  -1.3634053e+00
  -1.6855180e+00
  -1.5650008e+00
  -1.3655936e+00
  -1.2676752e+00
  -1.1632131e+00
  -1.0239170e+00
  -1.0987408e+00
  -1.0626885e+00
  -1.3234985e+00
  -1.7485719e+00
  -1.7449008e+00
  -1.7585728e+00
  -1.8880306e+00
  -2.0837324e+00
  -2.1084311e+00
  -1.4805294e+00
  -1.0439490e+00
  -1.0901604e+00
  -7.7101988e-01
  -6.1273509e-01
  -8.0895102e-01
  -1.0042895e+00
  -1.3305770e+00
  -1.3708293e+00
  -1.2880704e+00
  -1.4364717e+00
  -1.4332724e+00
  -6.0571063e-01
   7.4624532e-01
   6.9917411e-01
  -5.5431998e-01
  -1.9377655e+00
  -2.7026205e+00
  -2.6908269e+00
  -2.4629664e+00
  -2.0657606e+00
  -1.8401613e+00
  -1.7687080e+00
  -1.6785483e+00
  -1.7460043e+00
  -1.7014158e+00
  -1.5775898e+00
  -1.5491505e+00
  -1.5116842e+00
  -1.7053418e+00
  -2.0539973e+00
  -2.0512862e+00
  -1.7266598e+00
  -1.5591418e+00
  -1.2329999e+00
  -7.7214849e-01
  -4.9184018e-01
  -5.5487335e-01
  -7.7100420e-01
  -6.2749487e-01
  -6.0910040e-01
  -9.6219122e-01
  -1.3485510e+00
  -1.5353582e+00
  -1.7016885e+00
  -2.0579073e+00
  -1.9302492e+00
  -1.8162148e+00
  -1.4360405e+00
  -4.6661314e-01
  -1.0844306e+00
  -2.4480093e+00
  -3.2086790e+00
  -3.3460314e+00
  -3.0079656e+00
  -2.5900507e+00
  -2.1177740e+00
  -1.2953223e+00
  -1.3220973e+00
  -1.3400491e+00
  -1.5879958e+00
  -1.6938477e+00
  -1.7670511e+00
  -1.6549678e+00
  -1.6777910e+00
  -1.7349370e+00
  -1.7684511e+00
  -1.9713829e+00
  -1.1352120e+00
  -2.0806295e-01
   2.9874494e-01
   6.1405201e-01
   5.0490731e-01
   3.8547553e-01
   2.0698669e-02
  -2.7530208e-01
  -4.2050330e-01
  -8.0272869e-01
  -1.0916760e+00
  -1.2525719e+00
  -1.5792318e+00
  -1.8910785e+00
  -1.5395976e+00
  -1.4606226e+00
  -1.4533515e+00
  -1.2243033e+00
  -2.3558240e+00
  -3.2101555e+00
  -3.1210271e+00
  -2.7853440e+00
  -2.2327456e+00
  -1.8474130e+00
  -1.4286066e+00
  -4.6709636e-01
  -5.5362642e-01
  -6.6971252e-01
  -1.0107216e+00
  -1.2145821e+00
  -1.3928197e+00
  -1.3306417e+00
  -1.4241972e+00
  -1.4431594e+00
  -1.1844592e+00
  -1.3383516e+00
   2.4147739e-02
   2.0072644e+00
   2.0401828e+00
   1.3449168e+00
   1.3550744e+00
   1.3345232e+00
   8.0969476e-01
   2.2282079e-01
  -1.2502953e-01
  -3.9816182e-01
  -5.4999077e-01
  -7.0887828e-01
  -1.1087746e+00
  -1.1936222e+00
  -9.9969900e-01
  -1.1422852e+00
  -1.0939529e+00
  -1.5150229e+00
  -2.7406778e+00
  -2.8221784e+00
  -2.1714783e+00
  -1.6707548e+00
  -1.1837280e+00
  -8.4911174e-01
  -4.9503162e-01
   2.8943476e-01
   1.8777443e-01
  -1.1736438e-02
  -3.4041232e-01
  -5.6033784e-01
  -6.2243742e-01
  -6.5153295e-01
  -7.2658879e-01
  -8.0601025e-01
  -4.2505854e-01
  -2.3681460e-01
   1.4522784e+00
   4.3463321e+00
   3.5551157e+00
   1.5195135e+00
   2.1114223e+00
   2.0514719e+00
   1.2059797e+00
   6.1486626e-01
   1.2954633e-01
   4.1855991e-02
  -3.1154588e-02
  -1.1424030e-01
  -5.3030103e-01
  -6.0738599e-01
  -6.8331373e-01
  -9.8985422e-01
  -8.0711508e-01
  -1.4276346e+00
  -2.2370477e+00
  -1.8021674e+00
  -1.0515113e+00
  -6.2629735e-01
  -3.0323493e-01
   5.3404376e-02
   2.7506709e-01
   8.8788056e-01
   7.7654713e-01
   5.1783001e-01
   2.6331514e-01
   6.7253411e-02
   2.5842768e-01
   2.0235723e-01
   2.6399499e-01
   1.1056031e-01
   4.9288246e-01
   1.0968466e+00
   2.8313282e+00
   6.2051277e+00
   4.6203618e+00
   1.5127347e+00
   2.8225203e+00
   2.4757378e+00
   1.0619111e+00
   6.9851679e-01
   2.5545672e-01
   3.3754942e-01
   3.4410727e-01
   3.7058744e-01
  -9.8284200e-02
  -4.2527020e-01
  -5.6986165e-01
  -7.7218032e-01
  -6.7678744e-01
  -1.0795482e+00
  -1.1078216e+00
  -6.0772049e-01
  -1.0454962e-01
   1.7178942e-01
   4.0343469e-01
   8.0157852e-01
   8.0450875e-01
   1.6559253e+00
   1.4798402e+00
   1.1869832e+00
   9.9080118e-01
   8.0615164e-01
   1.1112106e+00
   1.1565159e+00
   1.4508116e+00
   1.3779230e+00
   1.8348695e+00
   2.5938632e+00
   4.1303503e+00
   7.2092291e+00
   5.0677786e+00
   1.8631028e+00
   3.5146072e+00
   2.3382375e+00
   1.2425912e-02
   1.3509121e-01
   1.6673030e-01
   2.8378393e-01
   5.2986997e-01
   4.7751906e-01
  -2.3463111e-01
  -5.9351588e-01
  -2.7038645e-01
   1.0425843e-01
  -1.1713228e-01
  -2.4679530e-01
   5.6385211e-01
   7.9751586e-01
   9.6473877e-01
   1.2264965e+00
   1.4235084e+00
   1.7354162e+00
   1.5419192e+00
   2.6976285e+00
   2.4056499e+00
   2.0950551e+00
   1.8473854e+00
   1.6644588e+00
   1.7525618e+00
   1.7556057e+00
   2.0565054e+00
   2.0933814e+00
   2.6765182e+00
   3.3486203e+00
   4.9481549e+00
   7.3393173e+00
   4.7802056e+00
   2.1393056e+00
   3.2992680e+00
   1.3257998e+00
  -1.0521371e+00
  -5.6111085e-01
  -8.5168888e-02
   4.5533437e-02
   2.5760075e-01
   7.4810451e-03
  -5.7737768e-01
  -2.6061979e-01
   5.8558266e-01
   1.1992393e+00
   1.2220931e+00
   1.1568098e+00
   1.7570949e+00
   2.0630889e+00
   2.3558385e+00
   2.5476944e+00
   2.6586938e+00
   2.8515405e+00
   2.7010708e+00
   3.6595371e+00
   3.2445879e+00
   2.9586625e+00
   2.6568401e+00
   2.5095298e+00
   2.4457388e+00
   2.3252425e+00
   2.5369675e+00
   2.4653747e+00
   3.1415329e+00
   3.7887166e+00
   5.4834461e+00
   7.4219303e+00
   4.2436543e+00
   1.7636226e+00
   2.4418933e+00
   2.1306470e-01
  -1.5458242e+00
  -9.1105753e-01
  -3.0685198e-01
  -1.3946560e-01
  -1.7888072e-01
  -3.9250842e-01
  -4.2556086e-01
   4.8804611e-01
   1.5086141e+00
   2.0858910e+00
   2.4302759e+00
   2.5435998e+00
   2.8178480e+00
   3.1796141e+00
   3.5990624e+00
   3.6333666e+00
   3.7332857e+00
   3.8539336e+00
   3.7273674e+00
   4.4370518e+00
   3.9220986e+00
   3.6954315e+00
   3.3621609e+00
   3.2866449e+00
   3.1398401e+00
   2.9193428e+00
   3.0321519e+00
   2.7664807e+00
   3.5280309e+00
   4.1286590e+00
   5.8415384e+00
   7.4026074e+00
   3.5223012e+00
   1.0255041e+00
   1.3193971e+00
  -8.2061737e-01
  -1.7104630e+00
  -1.0575886e+00
  -4.7970852e-01
  -3.0546933e-01
  -6.3122892e-01
  -6.4774255e-01
   1.4289763e-02
   1.3817657e+00
   2.3798996e+00
   2.8543220e+00
   3.4506979e+00
   3.7660138e+00
   3.8067088e+00
   4.1453099e+00
   4.6015795e+00
   4.4875517e+00
   4.6138616e+00
   4.6705044e+00
   4.5427113e+00
   4.6821713e+00
   4.1598383e+00
   4.1055445e+00
   3.8442395e+00
   3.9782847e+00
   3.9487405e+00
   3.8421895e+00
   3.9353338e+00
   3.3634642e+00
   4.2509322e+00
   4.5901539e+00
   5.9086690e+00
   6.9692879e+00
   2.1197305e+00
  -5.9879296e-01
  -3.4951624e-01
  -1.6060460e+00
  -1.2694611e+00
  -8.3153563e-01
  -5.1691863e-01
  -5.1252014e-01
  -1.0224617e+00
  -3.9799370e-01
   1.1551095e+00
   2.5491874e+00
   3.1406287e+00
   3.6077776e+00
   4.0722552e+00
   4.5743741e+00
   4.9409385e+00
   4.9012128e+00
   4.9755040e+00
   4.8557672e+00
   5.0741378e+00
   5.0130051e+00
   4.7947656e+00
   3.2977364e+00
   3.0170321e+00
   3.1367056e+00
   3.1152449e+00
   3.5212765e+00
   3.7192304e+00
   4.1008134e+00
   4.4107118e+00
   4.3287082e+00
   5.1876392e+00
   4.8677292e+00
   5.4996929e+00
   5.3215070e+00
   5.9062874e-01
  -1.3421423e+00
  -9.5380592e-01
  -1.2881428e+00
  -7.0604032e-01
  -5.4785556e-01
  -3.1299800e-01
  -5.5880469e-01
  -9.0379727e-01
   1.3304326e-01
   1.6779759e+00
   2.5869732e+00
   2.9924042e+00
   3.5818648e+00
   3.7201071e+00
   3.9214220e+00
   4.3607030e+00
   4.1460705e+00
   3.8843915e+00
   3.8652596e+00
   3.9946594e+00
   3.7674952e+00
   3.5301113e+00
   1.6574643e+00
   1.5604519e+00
   1.7616880e+00
   1.9485675e+00
   2.4901481e+00
   2.8734000e+00
   3.5555453e+00
   4.0839596e+00
   4.6745644e+00
   5.3933868e+00
   4.7321892e+00
   4.9540343e+00
   3.7775109e+00
  -2.4810329e-01
  -1.3058342e+00
  -9.4807208e-01
  -8.6174297e-01
  -4.0043724e-01
  -4.2619282e-01
  -1.6813855e-01
  -4.8251984e-01
  -8.5532922e-01
   1.4066611e-01
   1.4496629e+00
   2.0063047e+00
   2.4328563e+00
   3.0217714e+00
   3.0994363e+00
   3.0260525e+00
   3.0337558e+00
   2.8483644e+00
   2.5923553e+00
   2.5282540e+00
   2.5138519e+00
   2.1912515e+00
   1.9520344e+00
  -3.0292424e-01
  -2.2096851e-01
   2.8487510e-02
   4.3437942e-01
   1.0641249e+00
   1.6355208e+00
   2.5670279e+00
   3.3414587e+00
   4.7724100e+00
   5.2817405e+00
   4.3865280e+00
   4.2777176e+00
   2.0936621e+00
  -8.6573189e-01
  -8.9976323e-01
  -6.5579462e-01
  -3.3245132e-01
  -1.7833524e-01
  -3.6559575e-01
  -3.3270009e-02
  -3.3948906e-01
  -8.3383691e-01
  -9.6040762e-02
   8.4149233e-01
   1.0649569e+00
   1.6122640e+00
   2.1429988e+00
   2.2771730e+00
   1.9077895e+00
   1.1949286e+00
   1.1380077e+00
   1.0484448e+00
   8.6567226e-01
   6.6422087e-01
   2.6761184e-01
   3.4450524e-02
  -3.2670021e+00
  -3.1871581e+00
  -3.0421512e+00
  -2.5482247e+00
  -2.0976434e+00
  -1.4119673e+00
  -7.1843481e-01
   1.6593403e-01
   2.0275679e+00
   2.4137390e+00
   2.3330369e+00
   2.5098124e+00
   9.2152750e-01
  -2.2350354e-01
  -3.3315282e-02
  -5.4557737e-02
  -4.4805650e-04
  -1.6670063e-01
  -4.6507955e-01
  -2.8255379e-01
  -5.0483155e-01
  -1.6566279e+00
  -1.8107827e+00
  -1.2327528e+00
  -1.1098603e+00
  -5.8296698e-01
  -1.9091098e-01
   2.8817442e-01
   6.7571372e-02
  -1.1922046e+00
  -1.6537199e+00
  -1.7959001e+00
  -2.0482664e+00
  -2.4239848e+00
  -2.7944498e+00
  -3.0799589e+00
  -4.3072615e+00
  -4.2984858e+00
  -4.2449350e+00
  -3.9065051e+00
  -3.5911942e+00
  -3.0852289e+00
  -2.6598809e+00
  -2.0606196e+00
  -7.1171963e-01
  -1.4995706e-01
   3.9801019e-01
   1.2006712e+00
   9.3797046e-01
   3.2262027e-01
   2.5709616e-02
  -6.7004122e-02
  -1.4608504e-01
  -2.2740969e-01
  -5.8724803e-01
  -8.4813207e-01
  -1.1868317e+00
  -2.4350741e+00
  -2.8318090e+00
  -2.2860804e+00
  -2.1559501e+00
  -1.7973242e+00
  -1.4740604e+00
  -9.2947614e-01
  -5.5719697e-01
  -1.2461379e+00
  -2.3020196e+00
  -3.0933561e+00
  -3.2481172e+00
  -3.5281878e+00
  -3.8635521e+00
  -4.1252561e+00
  -5.0368315e+00
  -5.1038799e+00
  -5.1198174e+00
  -4.9431201e+00
  -4.7381277e+00
  -4.4342504e+00
  -4.2565561e+00
  -3.9814377e+00
  -3.1719207e+00
  -2.4770415e+00
  -1.4518969e+00
  -1.1594607e-01
   7.1298733e-01
   5.7207817e-01
  -1.9383247e-03
  -1.4631245e-01
  -3.2745600e-01
  -2.9515097e-01
  -7.4067095e-01
  -1.4946206e+00
  -1.9122506e+00
  -3.0950202e+00
  -3.6252890e+00
  -3.0766605e+00
  -2.9349462e+00
  -2.7208035e+00
  -2.5266414e+00
  -1.9330075e+00
  -9.1953504e-01
  -1.0769677e+00
  -2.5933882e+00
  -3.9824502e+00
  -4.1443343e+00
  -4.3059473e+00
  -4.5983357e+00
  -4.8250280e+00
  -5.2007315e+00
  -5.3720865e+00
  -5.4190082e+00
  -5.4527815e+00
  -5.3225110e+00
  -5.3185950e+00
  -5.3951259e+00
  -5.6107843e+00
  -5.5149877e+00
  -4.7690255e+00
  -3.5305421e+00
  -1.7752480e+00
  -2.0055072e-01
   1.3571707e-01
  -2.3634474e-01
  -3.9913360e-01
  -6.3128661e-01
  -3.9511048e-01
  -1.0088556e+00
  -2.4917703e+00
  -2.9081623e+00
  -3.6145788e+00
  -4.0500822e+00
  -3.4165493e+00
  -3.2519697e+00
  -3.1534683e+00
  -3.2726593e+00
  -2.6534458e+00
  -7.3438485e-01
  -3.5798276e-01
  -2.1031862e+00
  -4.0893100e+00
  -4.5276187e+00
  -4.4911780e+00
  -4.7107183e+00
  -4.8675455e+00
  -4.4783974e+00
  -4.7835545e+00
  -4.7863607e+00
  -4.8026018e+00
  -4.6922421e+00
  -4.6515274e+00
  -4.8968763e+00
  -5.1811598e+00
  -5.4931707e+00
  -5.0597992e+00
  -3.9653406e+00
  -3.3247299e+00
  -2.3702657e+00
  -1.2317693e+00
  -6.2672615e-01
  -4.4890174e-01
  -8.2901396e-01
  -6.0645115e-01
  -1.1732405e+00
  -2.8782174e+00
  -3.0619202e+00
  -3.2890041e+00
  -3.6554883e+00
  -2.8738608e+00
  -2.3472202e+00
  -2.3935883e+00
  -2.8919091e+00
  -2.1872475e+00
  -2.6402879e-01
  -2.1893039e-02
  -1.2117219e+00
  -2.8195602e+00
  -3.7822990e+00
  -3.8599753e+00
  -3.9842865e+00
  -4.1844850e+00
  -3.7312174e+00
  -4.0701175e+00
  -4.0523958e+00
  -4.0035558e+00
  -3.8885095e+00
  -3.6999333e+00
  -3.9513083e+00
  -4.1543636e+00
  -4.7965894e+00
  -4.6010580e+00
  -3.5923440e+00
  -4.1041069e+00
  -3.5606308e+00
  -1.9603733e+00
  -1.1048142e+00
  -4.5605445e-01
  -8.5117215e-01
  -8.2276022e-01
  -9.7070432e-01
  -2.4173484e+00
  -2.7261338e+00
  -2.8303249e+00
  -3.0941679e+00
  -2.2949147e+00
  -1.4717541e+00
  -1.5999786e+00
  -2.2345030e+00
  -1.5913839e+00
  -2.0575085e-01
   5.2149821e-02
  -5.4556602e-01
  -1.7342510e+00
  -2.8600850e+00
  -3.1482201e+00
  -3.2631333e+00
  -3.5123801e+00
  -2.8823361e+00
  -3.2117755e+00
  -3.1908174e+00
  -3.0807326e+00
  -2.9629095e+00
  -2.6134822e+00
  -2.8051510e+00
  -2.9370968e+00
  -3.8953297e+00
  -3.9489608e+00
  -3.0167351e+00
  -4.5010071e+00
  -4.2397790e+00
  -2.3597713e+00
  -1.6288731e+00
  -5.0630277e-01
  -7.7742660e-01
  -1.0050465e+00
  -5.5189312e-01
  -1.5501611e+00
  -2.2098653e+00
  -2.3179679e+00
  -2.3944821e+00
  -1.6739745e+00
  -6.7082065e-01
  -7.9579371e-01
  -1.4942458e+00
  -9.9079853e-01
  -2.6803699e-01
   5.9735708e-02
   1.3779086e-01
  -5.8759373e-01
  -1.7710569e+00
  -2.2882531e+00
  -2.4254427e+00
  -2.7197828e+00
  -1.8711690e+00
  -2.1213053e+00
  -2.1405649e+00
  -2.0369385e+00
  -1.9447652e+00
  -1.5168202e+00
  -1.5614003e+00
  -1.8017544e+00
  -3.0210831e+00
  -3.3738881e+00
  -2.5172770e+00
  -4.0761238e+00
  -3.7455740e+00
  -2.0188524e+00
  -2.1306426e+00
  -7.3818725e-01
  -5.2067910e-01
  -1.0196833e+00
   2.4895396e-01
  -1.1693680e-01
  -1.5669404e+00
  -1.8358951e+00
  -1.4871759e+00
  -1.0672983e+00
  -2.9098192e-01
  -1.5791656e-01
  -8.5011245e-01
  -6.1463438e-01
  -4.0459814e-01
   4.6830032e-02
   9.2524396e-01
   6.8731152e-01
  -4.6499271e-01
  -1.1468526e+00
  -1.3435823e+00
  -1.6539601e+00
  -6.3236696e-01
  -9.6466631e-01
  -1.1289871e+00
  -1.0938201e+00
  -1.1161649e+00
  -8.2905877e-01
  -8.7609977e-01
  -1.3243779e+00
  -2.3658619e+00
  -3.0694160e+00
  -2.4530411e+00
  -2.8722596e+00
  -2.4466796e+00
  -1.2036283e+00
  -1.8133693e+00
  -9.1007048e-01
  -1.0221338e-01
  -4.1557184e-01
   8.2906246e-01
   8.1480205e-01
  -9.3024480e-01
  -1.3496630e+00
  -7.7953994e-01
  -7.5430501e-01
  -4.8775607e-01
  -1.2233885e-01
  -7.5646144e-01
  -5.1649892e-01
  -7.2991438e-02
   1.2090512e-01
   1.4669932e+00
   2.1843319e+00
   1.1400775e+00
   3.1005171e-01
   1.0642335e-01
  -2.4768819e-01
   5.1102769e-01
   3.1291097e-03
  -3.7283099e-01
  -3.9344013e-01
  -4.6702936e-01
  -3.5067582e-01
  -3.7973827e-01
  -8.1366432e-01
  -1.6105293e+00
  -2.2869537e+00
  -2.0762265e+00
  -2.0655310e+00
  -1.6710536e+00
  -7.8276718e-01
  -1.0633363e+00
  -5.9495026e-01
   2.2918312e-01
   2.3689449e-01
   9.2629039e-01
   1.0277835e+00
  -2.4814494e-01
  -7.4682558e-01
  -4.8258138e-01
  -6.1914879e-01
  -4.6574402e-01
  -1.8545048e-01
  -5.5588120e-01
  -2.4909008e-01
   3.0214792e-01
   4.4366300e-01
   1.5571609e+00
   2.9426713e+00
   2.5637205e+00
   1.6786776e+00
   1.4201982e+00
   1.0234692e+00
   1.6699655e+00
   1.0484105e+00
   4.5364407e-01
   3.4464031e-01
   2.6022044e-01
   2.8689528e-01
   3.8538289e-01
   5.5781343e-02
  -5.3765321e-01
  -1.0110751e+00
  -1.1951840e+00
  -1.2763053e+00
  -1.0173051e+00
  -4.6668542e-01
  -2.8631076e-01
   5.6411065e-02
   5.3060186e-01
   6.9204938e-01
   1.0424347e+00
   1.2177344e+00
   5.3353500e-01
  -7.7910870e-03
  -1.2590148e-01
  -3.3745795e-01
  -2.6840612e-01
  -3.9915354e-03
   5.7990648e-02
   2.1449569e-01
   5.7849472e-01
   9.2443049e-01
   1.5227094e+00
   2.9316355e+00
   3.4927897e+00
   2.9255035e+00
   2.6869561e+00
   2.2840552e+00
   2.6710297e+00
   2.0769742e+00
   1.3690172e+00
   1.1305210e+00
   1.0210284e+00
   1.0910774e+00
   1.2927781e+00
   1.1229974e+00
   7.0196967e-01
   3.3331202e-01
   5.9179220e-02
  -2.7902176e-01
  -2.9805769e-01
  -6.4672709e-02
   3.0451252e-01
   8.2918327e-01
   8.2186160e-01
   8.6260342e-01
   1.3328143e+00
   1.5482662e+00
   1.2393095e+00
   7.4506335e-01
   4.8934004e-01
   2.2595104e-01
   1.3317951e-02
   3.8573749e-01
   9.3301564e-01
   8.3031659e-01
   7.5540945e-01
   1.2857840e+00
   1.4231217e+00
   2.1440194e+00
   3.2995803e+00
   3.4575951e+00
   3.5379054e+00
   3.2658903e+00
   3.2012593e+00
   2.7905512e+00
   2.1957737e+00
   1.8340868e+00
   1.6456431e+00
   1.7667415e+00
   1.8160729e+00
   1.8338233e+00
   1.5862239e+00
   1.0374557e+00
   1.0940217e+00
   8.6135220e-01
   5.4537007e-01
   5.1112294e-01
   6.2748841e-01
   1.3290374e+00
   1.1513286e+00
   9.1569572e-01
   1.6107241e+00
   1.8229809e+00
   1.5838786e+00
   1.2912157e+00
   1.2545818e+00
   9.6322089e-01
   3.1606181e-01
   5.7986957e-01
   1.4386531e+00
   1.4276056e+00
   8.9692688e-01
   1.1231428e+00
   1.1578460e+00
   1.0261432e+00
   1.8049686e+00
   2.5875754e+00
   3.2953920e+00
   3.4847984e+00
   2.7899823e+00
   2.7051926e+00
   2.4647245e+00
   2.1154988e+00
   1.8783966e+00
   1.7976232e+00
   1.5155623e+00
   1.6452897e+00
   1.5165869e+00
   9.0161568e-01
   1.1308528e+00
   1.2826290e+00
   1.0219948e+00
   8.1290191e-01
   7.0001256e-01
   1.2568992e+00
   1.4007672e+00
   1.0363531e+00
   1.2642717e+00
   1.4283741e+00
   1.3344321e+00
   1.3426319e+00
   1.4590275e+00
   1.3322533e+00
   6.9518924e-01
   2.3163605e-01
   1.0066637e+00
   1.6392794e+00
   8.9681137e-01
   3.9691386e-01
   4.6297967e-01
   9.1344669e-02
   1.0899156e-03
   4.7206289e-01
   1.4119685e+00
   2.4043562e+00
   1.1099688e+00
   1.5628159e+00
   1.8742414e+00
   1.7700547e+00
   1.5771682e+00
   1.2135758e+00
   8.6844736e-01
   8.1766725e-01
   7.0099109e-01
   4.5917571e-01
   1.8244877e-01
   4.3980590e-01
   5.9856284e-01
   2.8235900e-01
   2.7592075e-01
   5.5803388e-01
   1.0397092e+00
   8.0233806e-01
   2.6698580e-01
   3.3261383e-01
   4.7510514e-01
   6.5789425e-01
   6.5938407e-01
   8.6947536e-01
   8.8566864e-01
  -8.8976033e-02
   2.0329678e-01
   1.0896363e+00
   4.6591404e-01
  -3.5179865e-01
  -5.1171875e-01
  -7.2076678e-01
  -1.0642099e+00
  -1.5321524e+00
  -1.3549671e+00
   7.3395431e-02
  -1.1883048e+00
  -1.3467027e-01
   8.2214153e-01
   1.0890969e+00
   9.4197625e-01
   6.3578820e-01
   5.1290888e-01
   1.9688095e-01
   5.9994794e-02
   1.0155135e-01
  -5.9747386e-01
  -5.4458755e-01
  -2.5709236e-01
  -6.5082920e-01
  -6.2885636e-01
  -5.5575871e-01
  -2.2894569e-01
  -1.6586624e-01
  -5.7069623e-01
  -5.9888482e-01
  -5.4099143e-01
  -3.8757107e-01
  -4.1839713e-01
  -1.3168652e-01
   4.2933622e-01
   1.5506776e-01
   6.3982069e-02
   2.1569957e-01
  -1.9162306e-01
  -6.4879221e-01
  -1.1321204e+00
  -1.5126621e+00
  -1.6803197e+00
  -2.4450662e+00
  -3.0916171e+00
  -2.2656298e+00
  -2.0623052e+00
  -9.6944291e-01
   8.8437013e-02
   4.4081813e-01
   2.6643091e-01
   8.7877706e-02
   8.2800426e-02
  -4.5783876e-02
  -6.4265952e-02
  -3.1227777e-02
  -3.2949929e-01
  -4.0179986e-01
  -4.0471900e-01
  -6.7420588e-01
  -7.8758818e-01
  -8.9717418e-01
  -9.6638650e-01
  -8.1789500e-01
  -6.7915368e-01
  -6.5961842e-01
  -7.0597184e-01
  -6.0826659e-01
  -6.2055717e-01
  -6.7583239e-01
  -3.2494065e-01
   2.2209065e-01
   4.0792105e-01
   1.7557235e-01
  -9.7880717e-02
  -3.5593918e-01
  -1.0113224e+00
  -1.8489634e+00
  -2.2482677e+00
  -2.5338581e+00
  -2.8425034e+00
  -2.6776843e+00
  -1.3252267e+00
  -9.1277402e-01
  -5.9272099e-01
  -5.0284958e-01
  -5.7915178e-01
  -6.6807288e-01
  -6.7423761e-01
  -6.2398151e-01
  -5.6404352e-01
  -5.3968847e-01
  -5.5043492e-01
  -5.3643459e-01
  -4.6792969e-01
  -3.3753761e-01
  -1.9237226e-01
  -1.2468259e-01
  -1.4512555e-01
  -1.9951712e-01
  -2.3955883e-01
  -2.6319067e-01
  -2.4633215e-01
  -2.0889024e-01
  -2.1935281e-01
  -2.5731975e-01
  -1.8060128e-01
   6.9263567e-02
   3.2695365e-01
   4.2249936e-01
   3.2490115e-01
  -1.5369596e-02
  -5.4757583e-01
  -1.2104486e+00
  -1.6977434e+00
  -1.8850162e+00
  -1.8541810e+00
  -1.6425402e+00
