   2.6055787e+00
   1.3645326e+00
   1.8537154e-01
  -9.1954065e-01
  -1.1857443e+00
  -4.0780621e-01
   2.7182387e-01
   2.8526073e-01
   1.3605771e+00
   2.1444216e+00
   1.2143125e+00
   1.5292547e+00
   2.0489028e+00
   1.3341116e+00
   6.4078215e-01
  -2.5854930e-01
  -7.2991396e-01
  -2.1152214e-01
   7.4587190e-01
   2.5558810e+00
   3.4123842e+00
   3.0086080e+00
   1.8389235e+00
   3.1171765e+00
   4.5406218e+00
   1.7398061e+00
  -1.5197196e+00
  -2.9838997e-01
   3.0823207e-01
   1.0622165e+00
   1.4968452e+00
   2.0420586e+00
   3.2592005e+00
   4.1293797e+00
   4.6041236e+00
   4.0601169e+00
   6.9360946e-01
   3.6362304e-01
   3.2446369e-02
  -2.0318597e-01
  -3.3807538e-01
  -4.6993572e-01
  -6.0992812e-01
  -5.8458195e-01
  -4.7234959e-01
  -2.2332369e-01
  -5.6369742e-01
   2.1927661e-01
   7.8374219e-01
   9.7957981e-01
   1.1449901e+00
   1.1479812e+00
   1.0488679e+00
   1.0259206e+00
   1.1225621e+00
   1.6258132e+00
   1.3427970e+00
   9.8727409e-01
   8.3863283e-01
   2.7966829e+00
   4.0642624e+00
   1.5429132e+00
   1.8675088e+00
   3.7357339e+00
   4.0987677e+00
   4.1289612e+00
   3.2039170e+00
   3.4458827e+00
   3.7247010e+00
   2.3410542e+00
   1.9508156e+00
   1.2522303e+00
  -5.7403935e-01
  -1.5922868e-01
  -1.0847836e-01
  -2.0712849e-01
  -2.5507037e-01
  -4.2849861e-01
  -6.4672548e-01
  -8.2725984e-01
  -8.6640196e-01
  -7.8618823e-01
  -7.6936790e-01
  -3.8376598e-01
   2.8783351e-02
   3.7020821e-01
   7.0571207e-01
   8.7380134e-01
   7.1780557e-01
   3.5955884e-01
   2.1658209e-02
  -3.5716138e-01
  -7.1742662e-01
  -8.7126886e-01
  -6.9548350e-01
  -2.3133286e-01
   3.3181297e-01
   5.7877306e-01
   7.7423393e-01
   6.6595794e-01
   1.3613615e-01
  -5.9222877e-01
  -1.2743030e+00
  -1.6374875e+00
  -1.7936087e+00
  -1.6815013e+00
  -1.3401403e+00
  -1.0880329e+00
  -6.0702017e-01
  -6.8351147e-02
   3.9437814e-02
  -1.1091057e-01
  -3.0719047e-01
  -6.4828596e-01
  -1.1201575e+00
  -1.3482002e+00
  -1.4078165e+00
  -1.4903725e+00
  -1.8922357e+00
  -7.6517199e-01
  -5.2615234e-01
  -3.2340686e-01
  -2.3851138e-02
   1.4955408e-02
  -2.5790196e-01
  -6.3950034e-01
  -1.0534086e+00
  -1.4970852e+00
  -1.8430378e+00
  -1.8224727e+00
  -1.5259252e+00
  -1.0630460e+00
  -6.6419712e-01
  -3.1287639e-01
   2.1883721e-01
  -4.8639047e-02
  -8.7078088e-01
  -1.8475699e+00
  -2.5319839e+00
  -2.8583586e+00
  -2.9245942e+00
  -2.4787198e+00
  -1.9934240e+00
  -1.4581530e+00
  -1.9232696e-02
   1.9118698e-01
   1.3621048e-01
  -1.6138778e-01
  -5.4838144e-01
  -1.0595240e+00
  -1.4830934e+00
  -1.6037746e+00
  -1.5467176e+00
  -1.5691482e+00
  -2.0047444e+00
  -6.6504313e-01
  -1.0183162e+00
  -7.0761389e-01
  -4.9202104e-01
  -6.0214558e-01
  -8.8624865e-01
  -1.2307018e+00
  -1.6664896e+00
  -2.0796382e+00
  -2.1993097e+00
  -1.9376423e+00
  -1.6847597e+00
  -1.2396653e+00
  -8.0378000e-01
  -1.7583132e-01
   2.1301324e-01
  -5.3442353e-01
  -1.5202468e+00
  -2.4479566e+00
  -2.9643095e+00
  -3.1765742e+00
  -2.8621734e+00
  -2.1129265e+00
  -1.8535203e+00
  -6.8062603e-01
   2.3495743e-01
   1.7183123e-01
   4.1404338e-02
  -2.6244599e-01
  -7.0646588e-01
  -1.1999412e+00
  -1.4246559e+00
  -1.4393900e+00
  -1.3656328e+00
  -1.1192302e+00
  -1.4537333e+00
  -7.3347578e-01
  -1.1871717e+00
  -8.5816059e-01
  -7.6471596e-01
  -8.7737953e-01
  -1.0927869e+00
  -1.3958476e+00
  -1.7642444e+00
  -1.8981389e+00
  -1.3109610e+00
  -8.3417266e-01
  -9.0211231e-01
  -6.7209317e-01
  -2.3970982e-01
   2.9412056e-01
   8.9898620e-03
  -9.9327409e-01
  -1.8772796e+00
  -2.4410224e+00
  -2.6909788e+00
  -2.4898124e+00
  -1.9401110e+00
  -1.1269476e+00
  -8.2031835e-01
  -4.8074163e-01
  -1.0850485e-01
  -2.4603171e-01
  -1.9884600e-01
  -3.2271960e-01
  -6.5510100e-01
  -9.6008467e-01
  -1.0615105e+00
  -1.0910742e+00
  -1.0776205e+00
  -4.5037343e-01
  -3.3900821e-01
  -3.1278143e-01
  -1.0919557e+00
  -9.1252634e-01
  -9.0555316e-01
  -9.2122080e-01
  -1.0470626e+00
  -1.2398401e+00
  -1.2960343e+00
  -5.5515438e-01
   6.7738843e-02
  -2.3100287e-01
  -6.2657447e-01
  -4.9110602e-01
  -1.5085174e-01
  -4.8217651e-02
  -5.8531238e-01
  -1.1539074e+00
  -1.4482582e+00
  -1.3737534e+00
  -1.5562670e+00
  -9.8767904e-01
  -9.5591436e-01
  -1.9747100e-01
   2.1009857e-01
  -4.5179200e-01
  -3.4826761e-01
  -4.4123243e-01
  -2.1706698e-01
  -1.2293926e-01
  -2.3804990e-01
  -3.8947534e-01
  -5.9320529e-01
  -8.3772356e-01
  -7.8592093e-01
   5.8632976e-01
   1.1011834e+00
   2.2961260e-02
  -6.0671063e-01
  -1.0174992e+00
  -1.1413448e+00
  -9.9479700e-01
  -9.0222797e-01
  -8.1120993e-01
   1.6994128e-03
   1.4059380e+00
   2.7094150e-01
  -3.8548040e-01
  -6.1203349e-01
  -7.7867185e-01
  -5.5563398e-01
  -4.2933601e-01
  -4.5831313e-01
  -2.8396316e-01
   4.4745887e-01
   5.2853894e-01
   1.9192697e-02
   5.4421865e-01
  -4.7513747e-02
   7.9832229e-02
   3.4781174e-01
   1.1675148e-01
  -2.2401002e-01
  -2.2876630e-01
   9.8399489e-02
   3.3534655e-01
   3.3558485e-01
   1.5329441e-01
  -3.0995459e-01
  -7.5325351e-01
  -5.1072452e-01
   1.5658142e+00
   2.0234732e+00
   4.6793270e-01
  -2.4075212e-01
  -1.3057221e+00
  -1.6173186e+00
  -1.1103657e+00
  -7.1028566e-01
  -1.6361338e-01
   1.7062583e+00
   3.3915788e+00
   1.7880307e-01
  -3.2792262e-01
  -3.7710812e-01
  -1.0635062e+00
  -5.2799906e-01
  -6.6868789e-02
   3.6984068e-01
   1.1113951e+00
   2.5874649e+00
   1.7128943e+00
   1.2940955e+00
   1.2864200e+00
   3.3492382e-01
   1.3848794e-01
   3.9328346e-01
   4.1703299e-01
   2.9105156e-01
   4.4212675e-01
   8.1978658e-01
   1.1185023e+00
   1.0594722e+00
   6.2599392e-01
  -3.1504984e-01
  -7.7518869e-01
  -3.7030085e-02
   2.6244225e+00
   2.9301414e+00
   2.5930017e-01
  -5.1707097e-02
  -1.4801888e+00
  -2.3753851e+00
  -1.1520618e+00
  -3.1256842e-01
   9.9435067e-01
   3.8910978e+00
   3.7379465e+00
  -1.4181250e-01
  -1.9334540e-02
  -1.7509230e-01
  -1.1553067e+00
   2.0023838e-01
   9.3268023e-01
   1.7021330e+00
   2.8091494e+00
   4.5078831e+00
   2.7730491e+00
   1.4154567e+00
   1.2538397e+00
   2.2914298e-01
   2.1755299e-01
   7.7949986e-01
   7.1837786e-01
   8.6204753e-01
   1.0209440e+00
   1.4244392e+00
   1.6471032e+00
   1.4165167e+00
   5.6884045e-01
  -6.5379039e-01
  -7.4742145e-01
   5.4375918e-01
   3.2025867e+00
   3.5819522e+00
   2.9802553e-01
  -2.6598566e-01
  -1.0952633e+00
  -2.9932172e+00
  -1.0269085e+00
   2.1577155e-01
   2.0994068e+00
   5.3422594e+00
   3.2126039e+00
  -1.9183188e-01
   6.1979900e-01
  -2.8165300e-01
  -8.3009241e-01
   7.7201170e-01
   1.5980154e+00
   2.4882995e+00
   3.7509324e+00
   5.3680470e+00
   3.1663763e+00
   9.9062063e-01
   8.8930312e-01
   1.7055021e-03
   8.4648221e-01
   1.3897185e+00
   1.1318473e+00
   1.3116036e+00
   1.4795342e+00
   1.8775452e+00
   1.8773873e+00
   1.2672974e+00
  -7.8620415e-02
  -1.0152650e+00
  -3.2456379e-01
   1.3964613e+00
   3.7710703e+00
   3.3766781e+00
  -7.3428209e-02
  -5.3336399e-01
  -7.7694350e-01
  -2.6364052e+00
  -4.3857158e-01
   1.1914022e+00
   3.3531783e+00
   6.2481011e+00
   1.6339274e+00
   1.3510481e-01
   6.7007609e-01
  -2.9261908e-02
  -1.6189838e-02
   1.3820043e+00
   2.3349596e+00
   3.3687420e+00
   4.6443667e+00
   5.7474975e+00
   3.1543760e+00
   4.6282604e-01
   2.1197820e-01
  -1.8638988e-02
   1.8080356e+00
   1.9486096e+00
   1.5272584e+00
   1.3839230e+00
   1.5857751e+00
   1.8161719e+00
   1.4560598e+00
   4.2701108e-01
  -8.5965658e-01
  -8.1443971e-01
   5.2957853e-01
   2.3419477e+00
   4.4199092e+00
   2.3219963e+00
  -2.6803472e-01
  -5.9771455e-01
  -5.2847558e-01
  -1.5424324e+00
   6.7921515e-01
   2.3629175e+00
   4.2596146e+00
   5.8170820e+00
   1.1352906e+00
  -8.2052761e-02
   6.7524106e-01
   5.7024395e-02
   1.0835564e+00
   2.1617533e+00
   3.1940422e+00
   4.2803698e+00
   5.2277320e+00
   5.3843933e+00
   2.8329051e+00
  -1.4860767e-01
  -3.4750970e-01
   6.9593360e-01
   2.7082491e+00
   2.1663333e+00
   1.6022107e+00
   8.6006291e-01
   1.0988834e+00
   1.1031197e+00
   4.5866210e-01
  -5.8578617e-01
  -1.0801867e+00
  -1.3007846e-01
   1.4350251e+00
   3.1735417e+00
   4.9094924e+00
   1.1524243e+00
  -2.0080535e-01
  -3.2699910e-01
  -1.4500198e-01
  -1.5001780e-01
   1.8025211e+00
   3.2243780e+00
   4.6258553e+00
   5.0805927e+00
   7.7034344e-01
   3.0080896e-01
   5.4943028e-01
   7.0545992e-03
   2.0981044e+00
   2.8961101e+00
   3.8778948e+00
   4.8075913e+00
   5.1249832e+00
   4.2212085e+00
   1.5673888e+00
  -5.4314871e-01
  -5.4554019e-02
   1.5277772e+00
   2.4731663e+00
   1.7608770e+00
   1.0235820e+00
  -3.0915383e-01
  -9.9020132e-02
  -2.1330136e-01
  -7.6179807e-01
  -1.1146661e+00
  -5.8295185e-01
   7.8421221e-01
   2.2762009e+00
   3.7090291e+00
   4.5470634e+00
   5.1507316e-01
   2.6740832e-01
  -6.1647059e-02
   1.3997141e-01
   1.1797077e+00
   2.7600428e+00
   3.7731265e+00
   4.6324874e+00
   4.3128167e+00
   1.0595463e+00
   3.2950598e-01
   2.0850305e-01
   1.4659876e+00
   3.1456826e+00
   3.4951998e+00
   4.2696699e+00
   4.8173733e+00
   4.1004659e+00
   2.3990260e+00
   2.5808356e-01
  -8.2416090e-01
   6.0966812e-01
   1.7347662e+00
   1.3564561e+00
   4.2066263e-01
  -3.2396490e-01
  -1.8394057e+00
  -1.7509085e+00
  -1.7701078e+00
  -1.6903353e+00
  -1.1142668e+00
  -1.9404010e-02
   1.3604632e+00
   2.5871748e+00
   3.5027420e+00
   3.4288093e+00
   2.7718610e-01
   1.6890969e-01
  -4.6550832e-01
   1.2805584e-01
   2.3185040e+00
   3.3667784e+00
   4.1040920e+00
   4.5172727e+00
   3.6819381e+00
   8.3832521e-01
   2.7771865e-01
   6.4432811e-01
   2.9038430e+00
   3.4923348e+00
   3.6442616e+00
   4.0882399e+00
   4.1351709e+00
   2.3120780e+00
   9.8498297e-01
  -1.2747306e-01
  -9.9564148e-02
   1.4934013e+00
   7.0411920e-01
   7.3466127e-02
  -1.2325355e+00
  -1.8249400e+00
  -2.9165306e+00
  -2.9075354e+00
  -2.7442690e+00
  -2.1766363e+00
  -1.1718635e+00
   6.4388530e-02
   1.3110088e+00
   2.2255341e+00
   2.8058161e+00
   2.2133172e+00
   5.5506178e-02
  -1.6981258e-03
  -1.9556521e+00
  -9.2277651e-01
   2.8083190e+00
   3.4186391e+00
   4.1136820e+00
   4.3043091e+00
   2.8237254e+00
   9.0700651e-01
   1.0310783e-01
   1.0063560e+00
   3.5135709e+00
   3.0181056e+00
   3.1575635e+00
   3.3121940e+00
   2.9945943e+00
   7.7540105e-01
   2.4205988e-01
  -1.7926159e-02
  -9.4458508e-02
   9.5456138e-01
  -6.8186581e-02
  -8.8341504e-01
  -2.3546132e+00
  -2.7903089e+00
  -2.5578062e+00
  -2.6396386e+00
  -2.4693667e+00
  -1.8428583e+00
  -8.4731291e-01
   2.8062935e-01
   1.3110662e+00
   1.9182701e+00
   1.9779985e+00
   8.0882177e-01
  -3.8300606e-02
  -2.1047997e-01
  -2.9568036e+00
  -1.2057051e+00
   2.6216274e+00
   3.0709766e+00
   3.8872615e+00
   3.9637848e+00
   1.8943341e+00
   4.7681608e-01
   3.3176031e-01
   1.8783575e+00
   3.9553602e+00
   2.4337210e+00
   2.4851308e+00
   2.3801477e+00
   1.9280568e+00
   4.5468088e-02
  -3.2640523e-02
   2.0998171e-01
  -3.7209468e-01
  -5.8769605e-01
   2.0062881e-01
  -1.2104628e+00
  -1.9961681e+00
  -2.3290935e+00
  -1.4138103e+00
  -1.4193247e+00
  -1.2575403e+00
  -7.3795660e-01
   1.6320310e-01
   1.2793693e+00
   2.2584545e+00
   2.4331265e+00
   1.2945900e+00
  -7.0307745e-01
  -2.6782380e-01
  -1.2231267e+00
  -2.3606586e+00
  -1.3761581e+00
   1.3395296e+00
   2.5259382e+00
   3.3503318e+00
   3.3374562e+00
   1.6846166e+00
   4.1591887e-01
   1.9943759e-01
   2.5959347e+00
   4.6101307e+00
   2.0010935e+00
   1.6445263e+00
   1.0182981e+00
   7.1552762e-01
   2.0582731e-01
  -1.0050717e-01
   1.2703820e-01
  -4.3279555e-01
  -4.4681758e-01
   1.9069453e-01
  -6.9559319e-01
  -1.0724163e+00
  -1.2989266e+00
  -2.3168200e+00
  -2.1348888e+00
  -1.7115972e+00
  -1.0072575e+00
  -1.4512448e-01
   7.5291882e-01
   1.3361113e+00
   1.0772026e+00
   1.3955658e-01
  -1.7225461e+00
  -6.8323827e-01
  -2.6026544e+00
  -1.6317481e+00
  -1.5526877e+00
  -6.0739343e-01
   2.9763480e-01
   1.5518825e+00
   1.9642829e+00
   1.6125253e+00
   2.8340709e-01
   3.5544393e-01
   2.4188977e+00
   3.8723352e+00
   1.6692093e+00
   4.8644515e-01
  -3.0181407e-02
   2.6901886e-01
   3.8618150e-01
  -4.1511329e-01
  -2.5340242e-01
  -1.6882087e-01
  -2.5764846e-01
  -3.8624131e-01
  -1.1510603e+00
  -1.7957066e+00
  -2.2070888e+00
  -3.5782195e+00
  -3.7356036e+00
  -3.5153073e+00
  -2.8616749e+00
  -2.0592939e+00
  -1.3350536e+00
  -7.9283953e-01
  -6.7351352e-01
  -4.6689299e-01
  -2.9381314e+00
  -1.6055522e+00
  -2.7040733e+00
  -1.7837286e+00
  -2.5235536e+00
  -2.8844987e+00
  -2.2665747e+00
   2.4835100e-01
   1.3023851e+00
   1.5629871e+00
   3.9633614e-01
   1.1282654e-01
   1.4281062e+00
   2.6656174e+00
   1.9683814e+00
  -2.0632236e-01
  -2.0330718e-01
   8.5475019e-01
   7.4816641e-01
  -1.5945073e-01
   2.5346506e-01
   1.9888528e-02
  -2.0930006e-01
  -6.8106799e-01
  -1.5411381e+00
  -2.3883452e+00
  -3.0856574e+00
  -3.4317059e+00
  -3.9761576e+00
  -4.3042519e+00
  -4.2458131e+00
  -3.7699954e+00
  -3.0569409e+00
  -2.1125874e+00
  -1.1519524e+00
  -1.2282917e+00
  -3.3449974e+00
  -4.0914569e+00
  -1.6618779e+00
  -1.8438075e+00
  -3.0889235e+00
  -4.0937859e+00
  -4.4651274e+00
  -4.1677696e-01
   8.2261979e-01
   1.5228930e+00
   1.8855425e-01
  -4.8334602e-01
   7.6743029e-01
   9.3958456e-01
   2.7848417e+00
   1.2605171e-01
  -2.6196376e-01
   1.0193183e+00
   1.1175340e+00
   1.6266374e-01
   9.0121954e-01
   1.4526736e-01
  -1.5612023e-01
  -5.3595550e-01
  -1.2526121e+00
  -2.0322477e+00
  -2.7419366e+00
  -2.5219616e+00
  -3.1008578e+00
  -3.6318794e+00
  -4.0724016e+00
  -4.1689918e+00
  -3.7208513e+00
  -2.7333953e+00
  -6.9627715e-01
  -2.0150139e+00
  -1.2128796e+00
  -9.7284983e-01
  -3.7246383e-01
  -1.4640508e+00
  -2.5340637e+00
  -3.8918671e+00
  -5.5951928e+00
  -2.9199586e+00
  -7.9630733e-01
   1.2419930e+00
   4.3800005e-02
  -8.0840492e-01
   7.6394710e-01
   1.0248823e+00
   3.2427572e+00
   7.9083343e-01
  -4.7042690e-01
   4.8071893e-01
   1.0627895e+00
   5.8813436e-01
   1.2920622e+00
   3.3398307e-01
  -1.1012923e-01
  -2.7962012e-01
  -7.3854674e-01
  -1.3591105e+00
  -1.9113403e+00
  -1.7839711e+00
  -2.2809615e+00
  -2.8069768e+00
  -3.4663958e+00
  -4.0233033e+00
  -3.9987199e+00
  -3.1857278e+00
  -3.5542297e-01
  -1.6184006e+00
  -1.6640311e-01
  -6.3876737e-01
  -2.7471684e-01
  -1.0490054e+00
  -2.0093500e+00
  -3.4898877e+00
  -5.8855490e+00
  -4.9084711e+00
  -2.3447030e+00
   6.1095413e-01
  -2.5726389e-02
  -1.1649172e+00
   5.1813215e-02
   7.5228014e-01
   2.6799877e+00
   1.6172430e+00
  -3.8617266e-02
   8.1436772e-02
   8.0906390e-01
   6.4712466e-01
   1.5114746e+00
   4.9882829e-01
  -2.5517141e-02
  -7.4984773e-02
  -2.9379765e-01
  -8.2399838e-01
  -1.2958620e+00
  -1.2007920e+00
  -1.6495080e+00
  -2.0923722e+00
  -2.7589802e+00
  -3.6323339e+00
  -4.1645491e+00
  -3.5345922e+00
  -4.2716312e-01
  -7.0811937e-01
  -1.2062239e-01
   6.1102934e-02
  -3.3635809e-02
  -5.7322490e-01
  -1.4783044e+00
  -2.9430621e+00
  -5.5789618e+00
  -5.6299666e+00
  -3.1410779e+00
   1.0063031e-01
  -6.1103939e-01
  -1.9409263e+00
  -1.2282662e+00
  -4.8666608e-01
   3.2509084e-01
   1.8964699e+00
   1.9164790e-01
  -9.0595129e-02
   4.7758809e-01
   1.0779966e+00
   6.6358308e-01
   4.1841431e-01
   1.5225576e-01
   1.8086946e-01
   2.1290468e-01
  -1.9276992e-01
  -7.0402294e-01
  -4.9604816e-01
  -1.0846539e+00
  -1.5812331e+00
  -2.2027285e+00
  -3.2349467e+00
  -4.2102845e+00
  -3.4565522e+00
  -2.5343250e-01
   6.3775175e-01
   2.4843291e-02
   6.6026526e-01
   4.6639125e-01
   2.0652097e-02
  -7.2783518e-01
  -2.1200247e+00
  -4.6698924e+00
  -5.5629259e+00
  -2.4144248e+00
   1.0277058e-01
  -7.6923410e-01
  -2.2725833e+00
  -1.8838744e+00
  -1.3249683e+00
  -6.2689847e-01
   1.2250661e+00
   1.1604371e+00
   1.9736039e-01
   4.0415781e-01
   8.4515596e-01
   6.6476596e-01
   2.1016759e-01
   3.7470166e-01
   5.5148698e-01
   8.0939559e-01
   6.4749153e-01
   1.3041672e-01
   2.0751295e-01
  -4.4568468e-01
  -1.0281576e+00
  -1.7054323e+00
  -2.9155695e+00
  -4.1694394e+00
  -2.3667858e+00
   3.0499528e-01
   5.9880300e-01
   1.4570426e-01
   9.3411914e-01
   1.0261709e+00
   5.3094420e-01
  -1.3158343e-01
  -1.3494689e+00
  -3.7658758e+00
  -4.8026762e+00
  -7.5837000e-01
   4.6539895e-01
  -7.9919194e-01
  -2.3213515e+00
  -2.0537233e+00
  -1.5707238e+00
  -5.9718188e-02
   1.2628337e+00
   1.0671223e+00
   1.8578020e-01
   5.3658129e-01
   9.1880061e-01
   5.5798016e-01
   1.9708474e-02
   3.0891436e-02
   5.3709678e-01
   1.1655455e+00
   1.2460320e+00
   8.5581848e-01
   8.2751325e-01
   1.8204515e-01
  -3.0954812e-01
  -9.5866028e-01
  -2.3506218e+00
  -3.5416253e+00
  -5.4980927e-01
   7.1857257e-01
   3.7040018e-01
   2.0842684e-01
   1.0261323e+00
   1.3009390e+00
   1.0413022e+00
   4.4774096e-01
  -5.1602722e-01
  -2.7865807e+00
  -5.2389116e+00
   2.7051452e-01
   6.6195990e-01
  -1.5595596e+00
  -2.6701405e+00
  -7.3968926e-01
  -1.1096760e+00
   1.3169697e+00
  -8.6103791e-02
  -3.0132736e-01
   6.6264818e-01
   1.3271109e+00
   6.2581715e-01
   4.6530893e-03
  -1.4258950e-01
  -7.3418309e-01
  -3.8631846e-01
   9.4015577e-01
   1.4502993e+00
   1.3801771e+00
   1.0606529e+00
   5.0273042e-01
   1.1527735e-01
  -3.6046868e-01
  -1.7759646e+00
  -2.3182089e+00
   3.1571982e-01
   5.7339223e-01
   3.4273606e-01
   1.5637641e-01
   7.4749296e-01
   1.0526646e+00
   1.0936801e+00
   6.6983575e-01
   3.6455114e-02
  -1.8950342e+00
  -4.2620941e+00
  -8.0154331e-03
  -3.1148258e-01
  -1.6601004e+00
  -1.8249229e+00
  -1.4824930e-01
  -3.5528821e-01
  -1.1133079e-01
  -1.3778857e+00
  -1.1629511e+00
  -1.5481953e-02
  -3.5299702e-01
   6.1549564e-01
   3.4475837e-01
  -2.9744858e-01
  -7.2561756e-01
  -9.5897800e-01
   2.6750726e-01
   1.0421579e+00
   1.3474623e+00
   1.0375264e+00
   7.1323066e-01
   4.8837084e-01
   2.8669095e-01
  -8.8908483e-01
  -6.9018920e-01
   3.1675076e-01
   5.8381097e-01
   1.6617387e-01
   1.5797859e-01
  -3.6900381e-01
   4.9004304e-02
   5.7195368e-01
   4.9563738e-01
   3.5429489e-01
  -7.7428643e-01
  -3.1554975e+00
  -2.7780391e-01
  -1.7375163e+00
  -7.0016199e-01
  -1.2223204e+00
  -3.9393944e-01
  -4.5521802e-01
  -1.1419664e+00
  -2.0914742e+00
  -1.4723498e-01
  -4.7781145e-01
   5.0824497e-01
  -2.4274706e-01
   3.0094787e-01
  -2.0805810e-01
  -1.4881082e+00
  -1.7460102e+00
  -8.3474460e-01
   1.7221041e-01
   9.3151330e-01
   8.7387373e-01
   6.2611277e-01
   6.0280613e-01
   7.4963930e-01
   1.1466178e-01
   1.0216363e-01
   2.7306127e-01
   4.6389454e-01
   1.3504275e-01
   2.4999030e-01
  -2.1407420e-01
  -8.0702124e-01
  -1.0936527e-01
   1.5049201e-01
   3.3012338e-01
   1.3809580e-01
  -1.3753146e+00
  -1.3546273e-01
  -1.7139134e+00
  -4.5607469e-01
  -4.0744881e-01
  -1.3555741e+00
   8.1298110e-02
  -1.1829259e+00
  -2.3774968e+00
   3.8765296e-01
   8.0370715e-01
   8.7565038e-01
   1.7503189e-01
  -1.4312773e-01
   2.9376685e-02
  -1.4017801e+00
  -1.2356120e+00
  -7.9624242e-01
  -1.6752259e-02
   7.4349096e-01
   1.7532100e-01
   4.4750769e-02
   3.9290186e-01
   1.0304690e+00
   8.4402339e-01
   6.4014980e-01
   3.7531125e-01
   5.9966274e-02
   1.7571497e-01
  -1.6603899e-01
  -6.5103422e-02
  -9.6533756e-01
  -4.8340688e-01
  -1.3269841e-01
   3.7626115e-01
   7.7157173e-01
   3.6550111e-01
  -2.3191669e-01
  -7.4901614e-02
   7.5735600e-01
   2.3144878e-01
  -1.2072648e+00
  -2.7083570e-01
  -7.1280152e-01
  -1.4436441e+00
   1.3974173e+00
   5.3091493e-01
   1.6168893e-01
  -7.7283565e-02
  -2.0385408e-01
  -3.7818706e-01
   5.0458889e-02
  -1.1151619e+00
  -1.0734421e+00
  -6.1926582e-01
   1.5732359e-01
  -1.2549853e+00
  -1.3012590e+00
  -3.6558450e-01
   9.9160001e-01
   1.0672732e+00
   6.1820152e-01
   6.1919558e-01
   5.5798695e-02
  -1.6870034e-01
  -5.1431958e-01
  -4.5619322e-01
  -5.5958098e-01
  -1.0664303e+00
  -7.5969211e-01
   1.9212825e-01
   1.0138761e+00
   1.3588276e+00
   6.6956165e-01
   7.7510385e-02
   1.8771886e-01
   8.5124037e-02
  -1.3337726e-01
  -4.0744435e-01
   1.9724759e-01
  -4.7702049e-01
   8.1894080e-02
   4.6979293e-01
   2.4766942e-01
   2.1457595e-01
  -8.6311754e-02
  -8.8024244e-01
  -7.6096236e-01
  -6.1637381e-01
  -3.6817502e-01
  -1.5309725e+00
  -9.0119694e-01
  -2.5332808e+00
  -1.9494884e+00
  -1.0423190e+00
  -3.9362203e-01
   1.0903361e+00
   1.8582339e-01
   1.5836422e-01
  -1.8171986e-02
  -5.5647805e-01
  -1.2384977e+00
  -8.9359825e-01
  -1.2330140e+00
  -1.7543012e+00
  -1.8352833e+00
  -9.7735911e-01
   4.9650320e-01
   1.0421084e+00
   1.0952323e+00
   8.3160127e-01
  -1.2471158e-01
  -6.8332667e-03
  -2.0226351e-01
  -3.6629269e-01
   5.5456420e-02
  -5.0675320e-01
   1.0366076e-01
   4.6035964e-01
   3.4550766e-01
   5.7548257e-01
   3.8890352e-01
   1.1957547e-01
  -2.0188618e-01
  -1.9407652e+00
  -3.1169090e-01
  -1.0163064e+00
  -2.0091008e+00
  -1.7573588e+00
  -2.1438093e+00
   5.2817609e-01
   1.0175744e+00
   1.6006746e-01
   5.8512197e-01
  -8.5691506e-02
  -3.0391275e-01
  -7.1258242e-01
  -1.2200543e+00
  -1.4643387e+00
  -2.3813892e+00
  -4.1223103e-01
  -2.4389618e-01
  -3.8165065e+00
  -1.0899047e+00
  -4.5255981e-02
   3.9601416e-01
   9.3373660e-01
   9.0010415e-01
   5.1102487e-01
  -2.3440036e-01
  -6.7328076e-01
  -2.2247708e-01
  -4.8934969e-01
  -4.2307350e-01
   1.2026303e-01
   6.5672775e-01
   6.5697692e-01
  -2.7326385e-01
   2.9020053e-01
   7.1276193e-01
   4.5309261e-01
   2.7583500e-02
   1.0489861e+00
   6.4898664e-04
  -4.7501929e-01
  -8.8177975e-01
  -7.6754160e-01
  -3.3450479e-01
  -5.0342233e-01
  -5.0187005e-01
  -6.7554208e-01
  -9.7064771e-01
  -1.1444704e+00
  -1.1036136e+00
  -1.2973289e+00
  -7.6180281e-01
   1.1133528e+00
   1.5934729e+00
  -8.1177866e-01
  -1.6161385e+00
  -1.0818162e+00
  -1.3460743e-01
   9.2070345e-02
   1.8748546e-01
   3.1205447e-01
  -1.5435917e-02
  -2.7583703e-01
  -4.8446523e-01
  -4.7137753e-01
  -3.9825827e-01
   8.9114139e-02
   3.7880344e-01
   2.5352730e-01
   4.6204184e-01
   6.0373967e-01
   6.2826989e-01
   6.3047100e-01
   4.0813108e-01
  -9.6618950e-02
  -2.8560801e-01
