   5.9888656e-02
   3.0243498e-02
   0.0000000e+00
   0.0000000e+00
   0.0000000e+00
   0.0000000e+00
   0.0000000e+00
   0.0000000e+00
   0.0000000e+00
   0.0000000e+00
   0.0000000e+00
   0.0000000e+00
   0.0000000e+00
   4.4298680e-03
  -4.7225079e-03
   0.0000000e+00
   0.0000000e+00
   0.0000000e+00
   0.0000000e+00
   0.0000000e+00
   0.0000000e+00
   0.0000000e+00
   0.0000000e+00
   0.0000000e+00
   0.0000000e+00
   0.0000000e+00
   0.0000000e+00
   0.0000000e+00
   0.0000000e+00
   0.0000000e+00
   0.0000000e+00
   0.0000000e+00
   0.0000000e+00
   0.0000000e+00
   0.0000000e+00
   8.4090666e-02
   4.3654830e-02
   2.2048831e-02
   7.7993086e-03
  -2.3619313e-03
  -6.7951122e-03
  -9.5651671e-03
  -1.1738092e-02
  -1.0796150e-02
  -8.0712785e-03
   6.1168680e-05
  -1.4696537e-02
   0.0000000e+00
   4.1933930e-02
   2.3261265e-02
   2.0159895e-02
   1.0846198e-02
   1.2460530e-02
   1.2343239e-02
   1.5554013e-02
   2.4361857e-02
   2.3006139e-02
   2.3171882e-03
  -1.9289259e-02
   0.0000000e+00
   8.0494572e-02
   2.3595475e-02
   0.0000000e+00
   0.0000000e+00
   0.0000000e+00
   0.0000000e+00
   0.0000000e+00
   0.0000000e+00
   5.6034128e-02
   3.2983428e-02
   6.7179020e-02
   7.5463341e-02
   5.2671446e-03
   7.4364419e-03
   3.5271492e-03
  -8.9339826e-04
  -3.0490166e-03
  -7.2529063e-03
  -1.0612021e-02
  -1.3012429e-02
  -1.1153482e-02
  -8.5692875e-03
  -7.6429514e-03
  -2.0962212e-03
   9.1446491e-03
   1.5608240e-02
   1.9699148e-02
   2.2031370e-02
   2.0311709e-02
   1.3754286e-02
   8.8988901e-03
   7.2277652e-03
   1.5442108e-03
  -3.7513615e-03
  -7.6602696e-03
   7.3216455e-03
   3.2524626e-02
   2.3021273e-02
   2.1152998e-02
   1.9942767e-02
   1.4912794e-02
   5.7214411e-03
  -6.8830266e-03
  -9.3819954e-03
  -3.2493803e-03
  -5.4150182e-03
  -6.2302781e-04
   1.1976653e-03
  -5.6772052e-03
   4.2732147e-03
   5.1301224e-03
   2.0248286e-03
  -9.6304342e-04
  -7.5611498e-03
  -1.6056554e-02
  -2.1450271e-02
  -2.2513766e-02
  -2.2100407e-02
  -2.0776240e-02
  -3.9710664e-03
   2.0647208e-03
   4.7576983e-03
   8.8974789e-03
   1.0313130e-02
   5.2176773e-03
  -2.4839049e-03
  -9.3783115e-03
  -1.8196992e-02
  -2.5095934e-02
  -2.5109341e-02
  -1.9013766e-02
  -1.0412748e-02
  -2.3802635e-03
   4.2481600e-03
   1.1866140e-02
   7.6817001e-03
  -7.1425054e-03
  -2.5045901e-02
  -3.9111797e-02
  -4.5943674e-02
  -4.8644297e-02
  -4.0260692e-02
  -3.0192217e-02
  -2.0168812e-02
   2.6907117e-03
   8.4338130e-03
   6.7646252e-03
   1.0008529e-03
  -5.7683049e-03
  -1.6526433e-02
  -2.7392497e-02
  -3.1114114e-02
  -3.1048116e-02
  -3.2966992e-02
  -0.0000000e+00
   1.0377751e-04
  -7.8307670e-03
  -6.7903217e-03
  -3.2385628e-03
  -4.9737500e-03
  -1.1303959e-02
  -1.8492745e-02
  -2.7331501e-02
  -3.6383074e-02
  -4.0660968e-02
  -3.6174140e-02
  -2.9159496e-02
  -1.9314728e-02
  -1.0018379e-02
   1.1288565e-03
   1.1172102e-02
  -1.0257595e-03
  -2.1215520e-02
  -4.2513251e-02
  -5.5108255e-02
  -6.0381657e-02
  -5.5640890e-02
  -4.2276892e-02
  -3.2939123e-02
  -1.2265205e-02
   1.0449853e-02
   9.0679944e-03
   4.9849962e-03
  -2.0579523e-03
  -1.2196250e-02
  -2.3626437e-02
  -3.0635563e-02
  -3.1842378e-02
  -2.9906931e-02
  -2.7058391e-02
  -2.1987741e-02
  -0.0000000e+00
  -1.3854737e-02
  -1.1160359e-02
  -1.0837914e-02
  -1.5464313e-02
  -2.1148210e-02
  -2.7195320e-02
  -3.5450343e-02
  -4.0621853e-02
  -3.3225744e-02
  -2.1745751e-02
  -1.9054006e-02
  -1.2580302e-02
  -3.2459443e-03
   1.2204970e-02
   1.2014352e-02
  -1.1858984e-02
  -3.4334206e-02
  -5.0372368e-02
  -5.6575768e-02
  -5.4968618e-02
  -4.3793727e-02
  -2.4619710e-02
  -2.5991475e-02
   5.1784564e-03
   7.1687219e-03
   2.1978716e-03
   2.4188955e-04
  -4.9259560e-03
  -1.4250718e-02
  -2.2357281e-02
  -2.5637721e-02
  -2.5680658e-02
  -2.4049809e-02
  -1.6245029e-02
  -1.4410417e-02
  -0.0000000e+00
  -1.3473861e-02
  -1.2311215e-02
  -1.5069196e-02
  -1.9234173e-02
  -2.2832222e-02
  -2.7015373e-02
  -3.0574949e-02
  -2.4285007e-02
  -5.5874686e-03
   1.0180984e-03
  -5.0355170e-03
  -2.8471645e-03
   4.9018312e-03
   1.1349979e-02
  -1.7437273e-03
  -2.3067603e-02
  -3.6378681e-02
  -3.8335232e-02
  -3.7818485e-02
  -2.9590190e-02
  -2.4649161e-02
  -6.4625435e-03
  -1.0177358e-03
   5.0456570e-03
  -2.4279271e-03
  -6.8272815e-03
  -4.2039853e-03
  -5.3766674e-03
  -1.0809968e-02
  -1.4745035e-02
  -1.6900346e-02
  -1.8386411e-02
  -1.7157369e-02
  -2.6936430e-03
   7.7668138e-03
   0.0000000e+00
  -1.1976799e-02
  -1.1733411e-02
  -1.6086188e-02
  -1.8504239e-02
  -1.9022936e-02
  -1.8862107e-02
  -1.3226195e-02
   2.2275715e-03
   5.1807544e-03
  -6.9046217e-07
  -8.6670259e-03
  -9.2220978e-03
  -5.7217188e-03
  -5.3632997e-03
  -1.2604788e-02
  -1.7696009e-02
  -1.4234563e-02
  -6.5497434e-03
  -8.7199072e-03
  -2.4734893e-03
   0.0000000e+00
   6.2252023e-03
   5.1026469e-03
   1.9597515e-04
  -3.8247182e-03
  -6.1615372e-03
  -1.6919825e-03
  -4.1322074e-04
  -2.1708965e-03
  -4.7242755e-03
  -9.3793896e-03
  -1.3471854e-02
  -1.0722302e-02
   1.1292539e-02
   2.9731323e-02
   0.0000000e+00
  -0.0000000e+00
  -1.4784046e-02
  -1.9608244e-02
  -1.6401941e-02
  -1.2375828e-02
  -7.3592317e-03
   8.7891295e-03
   2.8819869e-02
   0.0000000e+00
   1.2116384e-03
  -2.9271319e-03
  -1.1097911e-02
  -7.9838352e-03
  -3.6834563e-03
  -1.4662804e-03
   3.3154462e-03
   1.9080582e-02
   0.0000000e+00
   0.0000000e+00
   0.0000000e+00
   0.0000000e+00
   7.2154365e-03
   5.8260517e-03
   3.2665092e-03
  -9.1143791e-04
   7.5515774e-04
   5.8299879e-03
   8.9412458e-03
   8.8918082e-03
   5.0564150e-03
  -4.0065497e-03
  -9.5856983e-03
  -3.6278528e-03
   2.4410634e-02
   4.8480552e-02
   0.0000000e+00
   0.0000000e+00
  -1.8987169e-02
  -2.5839596e-02
  -1.2923997e-02
  -4.7956878e-03
   5.3499720e-03
   3.3562181e-02
   6.0529953e-02
   0.0000000e+00
   3.2908480e-03
   1.3026758e-03
  -1.0166156e-02
   3.6108252e-04
   8.2720625e-03
   1.4941787e-02
   2.5490905e-02
   4.9251954e-02
   0.0000000e+00
   0.0000000e+00
   0.0000000e+00
   0.0000000e+00
   7.7195090e-03
   8.2339036e-03
   6.1178867e-03
   7.0155015e-03
   9.8928078e-03
   1.4986479e-02
   1.8692292e-02
   1.7783014e-02
   1.0216130e-02
  -3.0447384e-03
  -7.0938117e-03
   3.8941223e-03
   3.3287271e-02
   3.9063219e-02
   0.0000000e+00
   0.0000000e+00
  -2.8910548e-02
  -3.2438908e-02
  -9.3192467e-03
   1.6854835e-03
   1.7372456e-02
   5.6690506e-02
   0.0000000e+00
   0.0000000e+00
   1.0666450e-02
   7.5328091e-04
  -6.5606798e-03
   9.5281034e-03
   1.8231481e-02
   2.6723670e-02
   4.1437104e-02
   6.7773390e-02
   0.0000000e+00
   0.0000000e+00
   0.0000000e+00
   0.0000000e+00
   1.4069794e-02
   1.4622532e-02
   1.0790312e-02
   1.4699073e-02
   1.7545126e-02
   2.2957586e-02
   2.5266138e-02
   2.0746354e-02
   7.4424640e-03
  -5.8678823e-03
  -3.3411111e-03
   1.2504397e-02
   3.8822118e-02
   3.6939826e-02
   0.0000000e+00
   0.0000000e+00
  -0.0000000e+00
  -3.3401799e-02
  -5.2335762e-03
   9.2040728e-03
   3.1756535e-02
   7.5852319e-02
   0.0000000e+00
   0.0000000e+00
   0.0000000e+00
  -6.2141852e-04
   1.0706099e-04
   1.5867879e-02
   2.5998634e-02
   3.7354485e-02
   5.5680755e-02
   7.7650280e-02
   7.4662062e-02
   0.0000000e+00
   0.0000000e+00
   0.0000000e+00
   2.4065974e-02
   2.1505366e-02
   1.6661147e-02
   1.8488618e-02
   2.1569864e-02
   2.6078813e-02
   2.4868839e-02
   1.5133830e-02
  -5.4367975e-04
  -6.7967482e-03
   2.9907713e-03
   2.1312069e-02
   4.4960498e-02
   3.5971890e-02
   0.0000000e+00
   0.0000000e+00
   0.0000000e+00
  -2.2892612e-02
   2.1436073e-03
   1.9688602e-02
   4.4966319e-02
   7.6263467e-02
   0.0000000e+00
   0.0000000e+00
   0.0000000e+00
  -0.0000000e+00
   8.5844312e-03
   2.2847353e-02
   3.5437733e-02
   5.0225728e-02
   6.8237054e-02
   7.8022839e-02
   5.2298671e-02
   0.0000000e+00
   0.0000000e+00
   0.0000000e+00
   3.2790189e-02
   2.4965844e-02
   1.9739394e-02
   1.6307698e-02
   1.9125468e-02
   2.0610526e-02
   1.4487894e-02
   2.2983799e-03
  -7.0753382e-03
  -1.7792566e-03
   1.3230539e-02
   3.2681610e-02
   5.5051068e-02
   0.0000000e+00
   0.0000000e+00
   0.0000000e+00
   0.0000000e+00
  -7.3212638e-03
   1.5736738e-02
   3.3461632e-02
   5.3211329e-02
   5.9440464e-02
   0.0000000e+00
   0.0000000e+00
   0.0000000e+00
  -3.6152805e-03
   2.4965371e-02
   3.3581090e-02
   4.7314157e-02
   6.3341541e-02
   7.2778354e-02
   6.3679692e-02
   2.3922374e-02
  -1.0436662e-02
   0.0000000e+00
   3.7380684e-02
   3.4351229e-02
   2.4097621e-02
   1.7245747e-02
   6.5086559e-03
   8.8864727e-03
   8.0179596e-03
   9.1418432e-04
  -6.6142175e-03
  -5.8647041e-03
   6.4148252e-03
   2.3076666e-02
   4.1463930e-02
   5.1452254e-02
   0.0000000e+00
   0.0000000e+00
   0.0000000e+00
   0.0000000e+00
   7.2481472e-03
   2.7826734e-02
   4.1298203e-02
   5.1813607e-02
   4.5082459e-02
   0.0000000e+00
   0.0000000e+00
   0.0000000e+00
   9.8845892e-03
   3.7148741e-02
   4.1470299e-02
   5.2834196e-02
   6.3939375e-02
   6.0122515e-02
   3.8367030e-02
   6.9108398e-03
  -9.7175595e-03
   1.8551004e-02
   2.9249417e-02
   2.5315296e-02
   1.4552003e-02
   6.6504154e-03
  -6.1262536e-03
  -4.7979699e-03
  -5.6982777e-03
  -8.6969294e-03
  -8.1985257e-03
  -2.4735893e-04
   1.4270379e-02
   2.9082685e-02
   4.0831236e-02
   4.3811638e-02
   0.0000000e+00
   0.0000000e+00
   0.0000000e+00
   0.0000000e+00
   2.5726956e-02
   3.5126372e-02
   4.3375572e-02
   4.6542334e-02
   3.5030230e-02
   0.0000000e+00
   0.0000000e+00
   0.0000000e+00
   2.7697451e-02
   4.3287043e-02
   4.3700095e-02
   5.0398276e-02
   5.3925897e-02
   3.7733156e-02
   1.8302964e-02
  -3.0729227e-04
  -2.8523008e-03
   1.6440412e-02
   0.0000000e+00
   1.1434878e-02
  -9.9570767e-05
  -6.3631073e-03
  -1.9456609e-02
  -1.9000083e-02
  -1.8488672e-02
  -1.5718412e-02
  -8.4284875e-03
   2.9943456e-03
   1.6451762e-02
   2.6717286e-02
   3.1067029e-02
   3.0153053e-02
   0.0000000e+00
   0.0000000e+00
   0.0000000e+00
   0.0000000e+00
   4.7019595e-02
   3.6916559e-02
   4.1360000e-02
   4.0105246e-02
   2.6175432e-02
   0.0000000e+00
   0.0000000e+00
   0.0000000e+00
   4.1498651e-02
   4.1411857e-02
   3.8687183e-02
   3.9878078e-02
   3.6714308e-02
   1.4991797e-02
   9.9933952e-03
  -3.7109222e-03
   2.8408427e-03
   1.5272083e-02
   5.6150588e-03
  -1.4690579e-03
  -1.4229747e-02
  -1.8795980e-02
  -2.5381377e-02
  -2.5661036e-02
  -2.3688197e-02
  -1.7326707e-02
  -7.4221544e-03
   3.6821586e-03
   1.3797840e-02
   1.9296313e-02
   1.8789683e-02
   1.1827006e-02
   0.0000000e+00
   0.0000000e+00
   0.0000000e+00
   1.0397198e-02
   3.9279379e-02
   3.0157592e-02
   3.3935884e-02
   3.2033648e-02
   1.9602224e-02
   0.0000000e+00
   0.0000000e+00
   0.0000000e+00
   4.3678445e-02
   2.9913317e-02
   2.7737735e-02
   2.6172222e-02
   2.1129541e-02
   3.4639943e-03
   0.0000000e+00
   0.0000000e+00
   7.4594698e-04
   2.5448945e-03
   4.7820403e-03
  -9.5793056e-03
  -1.9748657e-02
  -2.3541217e-02
  -1.7992788e-02
  -1.8674182e-02
  -1.7062187e-02
  -1.1401177e-02
  -2.5060808e-03
   7.4494020e-03
   1.5912428e-02
   1.8372021e-02
   1.1759999e-02
   1.4430517e-03
   0.0000000e+00
   0.0000000e+00
   0.0000000e+00
  -7.8159426e-03
   2.1576267e-02
   2.5002644e-02
   2.9217216e-02
   2.7648244e-02
   1.5239320e-02
   0.0000000e+00
   0.0000000e+00
   0.0000000e+00
   3.4984405e-02
   2.4496638e-02
   2.1639757e-02
   1.6845747e-02
   1.2806816e-02
   1.9543524e-03
  -1.5702522e-03
   0.0000000e+00
  -3.0471841e-03
  -3.5436833e-03
   2.3303978e-03
  -8.5542833e-03
  -1.3015068e-02
  -1.5913897e-02
  -1.9885434e-02
  -1.8874680e-02
  -1.5827684e-02
  -9.5373606e-03
  -2.1721006e-04
   1.0280710e-02
   1.7470065e-02
   1.5090882e-02
   4.1106582e-03
  -7.7645014e-03
  -0.0000000e+00
   0.0000000e+00
   0.0000000e+00
  -1.3137632e-02
   5.6084122e-03
   1.4212975e-02
   1.9452122e-02
   2.4380590e-02
   1.8149984e-02
   0.0000000e+00
   0.0000000e+00
   0.0000000e+00
   0.0000000e+00
   2.2605063e-02
   1.3395991e-02
   6.5781012e-03
   7.6029258e-03
   5.8045595e-03
  -1.4945248e-03
   0.0000000e+00
  -3.2415576e-03
  -3.9527296e-03
  -2.7637319e-03
  -1.0078777e-02
  -1.5296306e-02
  -1.8711999e-02
  -4.1145523e-02
  -4.0948031e-02
  -3.6669200e-02
  -2.8674521e-02
  -1.9122900e-02
  -9.1851353e-03
  -2.0936556e-03
  -1.7789682e-03
  -2.6559955e-03
  -1.6951979e-02
  -0.0000000e+00
   0.0000000e+00
  -2.3815373e-02
  -2.6328156e-02
  -2.2808140e-02
  -1.0556488e-02
   4.2270069e-03
   0.0000000e+00
   0.0000000e+00
   0.0000000e+00
   0.0000000e+00
   0.0000000e+00
   0.0000000e+00
   2.3451850e-02
   5.0476796e-03
  -1.4410455e-04
   1.2778559e-02
   1.2144873e-02
  -5.0245761e-03
   4.8903460e-05
  -5.1750237e-03
  -5.6993206e-03
  -9.6458108e-03
  -1.8778524e-02
  -2.8478353e-02
  -3.6566639e-02
  -5.2208477e-02
  -5.7967421e-02
  -5.8569556e-02
  -5.3481939e-02
  -4.4532408e-02
  -3.3273820e-02
  -1.9343724e-02
  -1.0676166e-02
  -7.4680586e-03
  -9.6638992e-05
   0.0000000e+00
   0.0000000e+00
  -2.5118694e-02
  -3.6962774e-02
  -4.2161445e-02
  -3.4430622e-02
  -7.7284302e-03
   0.0000000e+00
   0.0000000e+00
   0.0000000e+00
   0.0000000e+00
   0.0000000e+00
   0.0000000e+00
   4.9447370e-02
   9.5287682e-03
  -4.5123755e-03
   3.0018555e-02
   1.8528594e-02
   4.6280251e-03
   1.3374742e-03
  -6.2610285e-03
  -7.6372788e-03
  -1.1152168e-02
  -1.9820583e-02
  -3.0887696e-02
  -4.2167373e-02
  -4.3870633e-02
  -5.2485390e-02
  -5.8098324e-02
  -5.8920313e-02
  -5.4217698e-02
  -4.3991264e-02
  -2.6437974e-02
  -8.4680029e-03
  -1.7340659e-02
  -0.0000000e+00
  -1.4789581e-02
  -6.2980867e-03
  -2.2280176e-02
  -3.5902614e-02
  -4.7869022e-02
  -5.5654017e-02
  -0.0000000e+00
   0.0000000e+00
   0.0000000e+00
   0.0000000e+00
   0.0000000e+00
   0.0000000e+00
   0.0000000e+00
   6.8098325e-02
   2.5141857e-02
   0.0000000e+00
   2.3083391e-02
   2.5344271e-02
   0.0000000e+00
   5.7170157e-03
  -5.9671768e-03
  -9.4243310e-03
  -1.0345547e-02
  -1.5632255e-02
  -2.4149692e-02
  -3.3534236e-02
  -3.1193466e-02
  -3.8602260e-02
  -4.5558569e-02
  -5.1838205e-02
  -5.3737347e-02
  -4.7645379e-02
  -3.0969310e-02
  -9.1089790e-03
  -0.0000000e+00
  -1.8777781e-02
  -1.0980665e-02
  -5.1637250e-03
  -1.7015425e-02
  -2.8602899e-02
  -4.5424136e-02
  -7.0672163e-02
  -0.0000000e+00
   0.0000000e+00
   0.0000000e+00
   0.0000000e+00
   0.0000000e+00
   0.0000000e+00
   0.0000000e+00
   7.5189589e-02
   3.7273009e-02
   0.0000000e+00
   1.2581825e-02
   2.3030612e-02
   0.0000000e+00
   7.8849055e-03
  -5.0204114e-03
  -1.0361214e-02
  -1.0180497e-02
  -1.1705060e-02
  -1.7290049e-02
  -2.3560351e-02
  -2.1790775e-02
  -2.7130642e-02
  -3.2649303e-02
  -4.0713557e-02
  -4.8616357e-02
  -4.8505337e-02
  -3.4782189e-02
  -0.0000000e+00
   0.0000000e+00
  -4.0930128e-04
  -5.5777340e-03
  -4.9077364e-03
  -1.1863309e-02
  -2.2244306e-02
  -3.9824442e-02
  -7.5500128e-02
  -0.0000000e+00
   0.0000000e+00
   0.0000000e+00
   0.0000000e+00
   0.0000000e+00
   0.0000000e+00
   0.0000000e+00
   0.0000000e+00
   0.0000000e+00
   0.0000000e+00
   0.0000000e+00
   0.0000000e+00
   0.0000000e+00
   3.5666907e-03
  -6.3516120e-03
  -9.0661118e-03
  -8.5564291e-03
  -7.6796379e-03
  -1.1242968e-02
  -1.6131028e-02
  -1.4973820e-02
  -2.0600165e-02
  -2.5387585e-02
  -3.2610811e-02
  -4.2966409e-02
  -4.7735409e-02
  -3.6340571e-02
  -0.0000000e+00
  -1.1755403e-03
  -4.6578078e-03
  -4.9367306e-04
  -2.3734009e-03
  -6.5533603e-03
  -1.5069184e-02
  -3.1422207e-02
  -6.7605315e-02
  -0.0000000e+00
   0.0000000e+00
   0.0000000e+00
   0.0000000e+00
   0.0000000e+00
   0.0000000e+00
   0.0000000e+00
   0.0000000e+00
   0.0000000e+00
   0.0000000e+00
   0.0000000e+00
   0.0000000e+00
   0.0000000e+00
  -0.0000000e+00
  -1.1089702e-02
  -6.3183416e-03
  -4.6276190e-03
  -2.1866776e-03
  -3.9361568e-03
  -8.7558030e-03
  -5.0817835e-03
  -1.1927197e-02
  -1.7560775e-02
  -2.4773815e-02
  -3.7978751e-02
  -4.7808098e-02
  -3.8944728e-02
  -0.0000000e+00
   3.5388442e-03
  -3.4913673e-03
   1.5768822e-03
   3.6484843e-03
  -2.7101918e-04
  -6.5456575e-03
  -2.0059047e-02
  -5.2197136e-02
  -7.6650574e-02
   0.0000000e+00
   0.0000000e+00
   0.0000000e+00
   0.0000000e+00
   0.0000000e+00
   0.0000000e+00
   0.0000000e+00
   0.0000000e+00
   0.0000000e+00
   0.0000000e+00
   0.0000000e+00
   0.0000000e+00
   0.0000000e+00
  -1.1858082e-02
  -6.9065748e-03
  -3.4857967e-05
   5.5518331e-03
   5.9519397e-03
   1.5972158e-03
   4.0398732e-03
  -3.2196275e-03
  -8.4534904e-03
  -1.5477983e-02
  -3.2045738e-02
  -4.6307247e-02
  -0.0000000e+00
   0.0000000e+00
   0.0000000e+00
   0.0000000e+00
   4.6318938e-03
   8.9576101e-03
   6.4853467e-03
   7.9091305e-04
  -1.0390173e-02
  -4.0062497e-02
  -7.9177537e-02
   0.0000000e+00
   0.0000000e+00
   0.0000000e+00
   0.0000000e+00
   0.0000000e+00
   0.0000000e+00
   0.0000000e+00
   0.0000000e+00
   0.0000000e+00
   0.0000000e+00
   0.0000000e+00
   0.0000000e+00
   0.0000000e+00
  -1.5360919e-02
  -1.5261056e-02
  -5.9743403e-03
   1.1292315e-02
   1.4880968e-02
   1.1329331e-02
   1.2286524e-02
   4.2588241e-03
  -2.9056940e-04
  -5.5248215e-03
  -2.4211480e-02
  -4.3844906e-02
   0.0000000e+00
   0.0000000e+00
   0.0000000e+00
   0.0000000e+00
   8.0168347e-03
   8.5773337e-03
   1.1622107e-02
   7.4768842e-03
  -9.1696533e-04
  -2.8805946e-02
  -7.2524995e-02
   0.0000000e+00
   0.0000000e+00
  -0.0000000e+00
  -0.0000000e+00
   0.0000000e+00
   0.0000000e+00
   0.0000000e+00
   0.0000000e+00
   0.0000000e+00
   0.0000000e+00
   0.0000000e+00
   0.0000000e+00
   0.0000000e+00
  -0.0000000e+00
  -0.0000000e+00
  -2.0840210e-02
   8.5778126e-03
   1.9139031e-02
   1.9105601e-02
   1.5557623e-02
   9.3173185e-03
   5.9416073e-03
   3.5525341e-03
  -1.4371675e-02
  -3.4643547e-02
   0.0000000e+00
   0.0000000e+00
   0.0000000e+00
   0.0000000e+00
   0.0000000e+00
  -1.8246739e-03
   8.0963317e-03
   8.2488517e-03
   5.9663984e-03
  -1.6568526e-02
  -5.8163695e-02
   0.0000000e+00
  -0.0000000e+00
  -0.0000000e+00
  -0.0000000e+00
   0.0000000e+00
   0.0000000e+00
   0.0000000e+00
   0.0000000e+00
   0.0000000e+00
   0.0000000e+00
   0.0000000e+00
   0.0000000e+00
   0.0000000e+00
   0.0000000e+00
  -4.8764284e-02
  -4.6562516e-02
  -8.2731051e-03
   1.0688163e-02
   1.8455313e-02
   1.5894185e-02
   1.0934563e-02
   9.6867726e-03
   1.1323539e-02
   1.5242990e-03
  -0.0000000e+00
   0.0000000e+00
   0.0000000e+00
   0.0000000e+00
   0.0000000e+00
  -0.0000000e+00
  -1.8165728e-02
  -5.9942988e-03
  -3.7401196e-04
   5.8294171e-03
  -1.7716465e-03
  -3.6584634e-02
   0.0000000e+00
  -0.0000000e+00
  -0.0000000e+00
   0.0000000e+00
  -0.0000000e+00
   0.0000000e+00
   0.0000000e+00
   0.0000000e+00
   0.0000000e+00
   0.0000000e+00
   0.0000000e+00
   0.0000000e+00
   0.0000000e+00
   0.0000000e+00
  -3.9039834e-02
  -4.2744360e-02
  -2.0139985e-02
   1.3842148e-03
   1.6064446e-02
   1.0720124e-02
   4.8152232e-03
   7.0070178e-03
   1.5470915e-02
   1.4422404e-02
   0.0000000e+00
   0.0000000e+00
   0.0000000e+00
   0.0000000e+00
   0.0000000e+00
   0.0000000e+00
   0.0000000e+00
  -1.4701219e-02
  -7.1012963e-03
   3.5471523e-03
   1.0267289e-02
  -3.6618663e-03
  -2.4691747e-03
   0.0000000e+00
   0.0000000e+00
   0.0000000e+00
  -0.0000000e+00
   0.0000000e+00
   0.0000000e+00
   0.0000000e+00
   0.0000000e+00
   0.0000000e+00
   0.0000000e+00
   0.0000000e+00
   0.0000000e+00
   0.0000000e+00
  -0.0000000e+00
  -4.0791409e-02
  -2.4623918e-02
  -6.0033904e-03
   1.2352609e-02
  -1.2358419e-02
  -1.5818219e-02
  -4.0516492e-03
   1.6024727e-02
   2.1230720e-02
   0.0000000e+00
   0.0000000e+00
   0.0000000e+00
   0.0000000e+00
   0.0000000e+00
   0.0000000e+00
   0.0000000e+00
  -3.2115809e-02
  -1.5927331e-02
   4.4784543e-03
   1.9722137e-02
   1.9072002e-02
  -0.0000000e+00
   0.0000000e+00
   0.0000000e+00
   0.0000000e+00
   0.0000000e+00
   0.0000000e+00
   0.0000000e+00
   0.0000000e+00
   0.0000000e+00
   0.0000000e+00
   0.0000000e+00
   0.0000000e+00
   0.0000000e+00
   0.0000000e+00
   0.0000000e+00
  -3.2185461e-02
  -1.6888029e-02
  -3.2365574e-02
  -7.4964729e-03
  -5.9742242e-02
  -5.4120924e-02
  -0.0000000e+00
   0.0000000e+00
   0.0000000e+00
   0.0000000e+00
   0.0000000e+00
   0.0000000e+00
   0.0000000e+00
  -0.0000000e+00
  -2.3134918e-02
   0.0000000e+00
  -5.4385989e-02
  -3.1535646e-02
  -6.7481050e-03
   1.9401851e-02
   2.7230824e-02
   3.4204175e-02
   4.7732046e-03
  -0.0000000e+00
  -0.0000000e+00
   0.0000000e+00
   0.0000000e+00
   0.0000000e+00
   0.0000000e+00
   0.0000000e+00
   0.0000000e+00
   0.0000000e+00
   0.0000000e+00
   0.0000000e+00
   0.0000000e+00
   0.0000000e+00
  -0.0000000e+00
   0.0000000e+00
  -4.2436157e-02
  -4.0658613e-02
  -7.7533298e-02
  -8.5552583e-02
   0.0000000e+00
   0.0000000e+00
   0.0000000e+00
   0.0000000e+00
   0.0000000e+00
   0.0000000e+00
   0.0000000e+00
  -0.0000000e+00
  -3.1510376e-02
  -5.8644339e-02
  -3.8538320e-02
  -0.0000000e+00
  -4.8601196e-02
   1.9720477e-03
   1.1585136e-02
   6.1629245e-03
   2.2839778e-02
  -0.0000000e+00
  -0.0000000e+00
   0.0000000e+00
   0.0000000e+00
   0.0000000e+00
   0.0000000e+00
   0.0000000e+00
   0.0000000e+00
   0.0000000e+00
   0.0000000e+00
   0.0000000e+00
   0.0000000e+00
   0.0000000e+00
   0.0000000e+00
   0.0000000e+00
  -0.0000000e+00
  -0.0000000e+00
  -2.0051656e-02
  -4.1785922e-02
  -2.3027379e-02
  -3.9727581e-03
  -4.2137682e-03
  -3.9694652e-03
  -1.0334585e-02
  -2.2990162e-02
  -2.3355733e-02
   0.0000000e+00
  -4.2127752e-02
  -4.8006080e-02
  -0.0000000e+00
   0.0000000e+00
   0.0000000e+00
  -0.0000000e+00
  -2.3971374e-02
   5.4508080e-03
   4.4727783e-03
   4.0665220e-03
   6.5289163e-03
  -3.1045228e-03
  -1.2001508e-02
  -1.3989625e-02
  -1.3115253e-02
  -1.0942240e-02
   4.1526727e-03
   0.0000000e+00
   0.0000000e+00
  -4.6855004e-03
   5.3475249e-03
   5.7462042e-03
   1.0704456e-02
   5.0675955e-03
  -7.4287721e-03
  -9.3001418e-03
