   2.8874071e-03
   3.7306184e-03
   4.0066811e-03
   3.6694921e-03
   3.2892193e-03
   2.9024237e-03
   0.0000000e+00
   0.0000000e+00
   8.1885685e-04
   8.4520436e-04
   9.9315444e-04
   1.2564974e-03
   0.0000000e+00
   0.0000000e+00
   0.0000000e+00
   0.0000000e+00
   0.0000000e+00
   0.0000000e+00
   0.0000000e+00
   0.0000000e+00
   0.0000000e+00
   0.0000000e+00
   0.0000000e+00
   0.0000000e+00
   0.0000000e+00
   0.0000000e+00
   0.0000000e+00
   0.0000000e+00
   0.0000000e+00
   0.0000000e+00
   0.0000000e+00
   0.0000000e+00
   0.0000000e+00
   0.0000000e+00
   0.0000000e+00
   0.0000000e+00
   9.1523658e-03
   9.1947624e-03
   9.7238896e-03
   1.0895637e-02
   1.0703037e-02
   6.8853414e-03
  -1.4033286e-03
  -1.1384659e-02
  -0.0000000e+00
   0.0000000e+00
   6.1007897e-03
   8.6533942e-03
   4.0172551e-03
   0.0000000e+00
   0.0000000e+00
   0.0000000e+00
   0.0000000e+00
   0.0000000e+00
   0.0000000e+00
   0.0000000e+00
   0.0000000e+00
   0.0000000e+00
   0.0000000e+00
   0.0000000e+00
   0.0000000e+00
   0.0000000e+00
   0.0000000e+00
   0.0000000e+00
   0.0000000e+00
   0.0000000e+00
   0.0000000e+00
   0.0000000e+00
   0.0000000e+00
   0.0000000e+00
   0.0000000e+00
   0.0000000e+00
   2.0183539e-02
   1.8447274e-02
   1.4263017e-02
   1.4755916e-02
   1.4132951e-02
   7.9711452e-03
  -7.0132934e-03
  -2.3856293e-02
  -2.1278750e-02
  -0.0000000e+00
   0.0000000e+00
   1.7110730e-02
  -3.5918737e-04
   0.0000000e+00
   0.0000000e+00
   0.0000000e+00
   0.0000000e+00
   0.0000000e+00
   0.0000000e+00
   0.0000000e+00
   0.0000000e+00
   0.0000000e+00
   0.0000000e+00
   0.0000000e+00
   0.0000000e+00
   0.0000000e+00
   0.0000000e+00
   0.0000000e+00
   0.0000000e+00
   0.0000000e+00
   0.0000000e+00
   0.0000000e+00
   0.0000000e+00
   0.0000000e+00
   0.0000000e+00
   2.3745704e-02
   2.7813051e-02
   2.6751177e-02
   1.6254816e-02
   1.2815692e-02
   3.5641803e-03
  -5.9406264e-03
  -8.1865722e-03
  -1.7392904e-02
  -1.2052249e-02
  -7.0960954e-03
   0.0000000e+00
   0.0000000e+00
  -2.3188788e-03
   0.0000000e+00
   0.0000000e+00
   0.0000000e+00
   0.0000000e+00
   0.0000000e+00
   0.0000000e+00
   0.0000000e+00
   0.0000000e+00
   0.0000000e+00
   0.0000000e+00
   0.0000000e+00
   0.0000000e+00
   0.0000000e+00
   0.0000000e+00
   0.0000000e+00
   0.0000000e+00
   0.0000000e+00
   0.0000000e+00
   0.0000000e+00
   0.0000000e+00
   0.0000000e+00
   0.0000000e+00
   3.6961261e-02
   1.4221813e-02
   1.4468820e-02
   1.0500033e-03
  -6.6987947e-03
  -1.7599670e-02
  -2.7323810e-02
  -2.0200476e-02
  -1.4988802e-02
  -1.2681433e-03
  -5.3401372e-04
  -2.9688685e-03
   8.5895231e-04
  -1.0831569e-02
   0.0000000e+00
   0.0000000e+00
   0.0000000e+00
   0.0000000e+00
   0.0000000e+00
   0.0000000e+00
   0.0000000e+00
   0.0000000e+00
   0.0000000e+00
   0.0000000e+00
   0.0000000e+00
   0.0000000e+00
   2.4887873e-02
   5.5606738e-03
  -1.2349256e-02
  -0.0000000e+00
  -0.0000000e+00
   0.0000000e+00
   0.0000000e+00
   0.0000000e+00
   0.0000000e+00
   2.9076149e-02
   2.2504432e-02
  -1.8465605e-02
  -1.8486472e-02
  -2.6607143e-02
  -3.1801376e-02
  -3.5813503e-02
  -3.9115917e-02
  -3.4003813e-02
  -2.5340868e-02
  -6.8299258e-03
  -2.2915208e-03
  -6.6836490e-03
  -1.6873255e-02
  -2.5441092e-02
   0.0000000e+00
  -0.0000000e+00
  -0.0000000e+00
   0.0000000e+00
   0.0000000e+00
   0.0000000e+00
   0.0000000e+00
   0.0000000e+00
   0.0000000e+00
   0.0000000e+00
   0.0000000e+00
   1.6773440e-02
   3.1649200e-03
  -1.9640805e-02
  -2.8952349e-02
  -2.7369775e-02
  -2.8360646e-02
   0.0000000e+00
   0.0000000e+00
  -0.0000000e+00
  -7.1794810e-03
  -1.2568267e-02
  -1.6239949e-02
  -3.8798850e-02
  -3.9463911e-02
  -4.1546598e-02
  -4.1793928e-02
  -4.1584313e-02
  -3.8547557e-02
  -3.5739016e-02
  -2.8706284e-02
  -1.5000872e-02
  -7.0431381e-03
  -8.0481851e-03
  -1.8653646e-02
  -1.9735701e-02
  -0.0000000e+00
  -0.0000000e+00
  -0.0000000e+00
   0.0000000e+00
   0.0000000e+00
   0.0000000e+00
   0.0000000e+00
   0.0000000e+00
   0.0000000e+00
   0.0000000e+00
   0.0000000e+00
  -1.3371587e-02
  -2.8365253e-02
  -3.7313610e-02
  -3.4948833e-02
  -3.0378800e-02
  -2.5036162e-02
  -0.0000000e+00
  -0.0000000e+00
  -0.0000000e+00
  -3.1263087e-02
  -4.2538147e-02
  -4.1568495e-02
  -3.7918285e-02
  -3.7404940e-02
  -3.5549145e-02
  -3.2340456e-02
  -3.1309195e-02
  -2.8045028e-02
  -2.5528865e-02
  -1.9401375e-02
  -1.1195427e-02
  -2.0909123e-03
   7.4720982e-04
  -1.3154955e-03
   2.7842564e-03
   4.9254643e-03
   3.1438005e-03
  -0.0000000e+00
   0.0000000e+00
   0.0000000e+00
   0.0000000e+00
   0.0000000e+00
   0.0000000e+00
   0.0000000e+00
  -0.0000000e+00
  -1.3361991e-02
  -3.0990813e-02
  -3.5304192e-02
  -3.3164542e-02
  -2.4020823e-02
  -1.8370185e-02
  -1.0195000e-02
  -1.5504541e-03
  -0.0000000e+00
  -1.5141582e-02
  -3.8357921e-02
  -4.4693593e-02
  -4.1981880e-02
  -2.3486089e-02
  -2.1148641e-02
  -1.7216453e-02
  -1.2690128e-02
  -1.1908257e-02
  -1.1892048e-02
  -1.0282821e-02
  -5.1928810e-03
   1.9528846e-03
   1.1436794e-02
   1.8221779e-02
   2.4273550e-02
   2.1348622e-02
   1.3771010e-02
   9.5062391e-03
   0.0000000e+00
   0.0000000e+00
   0.0000000e+00
   0.0000000e+00
  -0.0000000e+00
  -0.0000000e+00
  -0.0000000e+00
  -0.0000000e+00
  -3.0429678e-02
  -2.9019117e-02
  -2.1790590e-02
  -1.5436247e-02
  -7.7560777e-03
  -2.8734119e-03
   4.8369044e-03
   6.2845619e-03
   4.3921403e-04
  -1.2793044e-02
  -2.7272511e-02
  -2.9239442e-02
  -2.6646042e-02
  -4.9939076e-03
  -1.5993810e-03
   3.3329073e-03
   8.3841141e-03
   8.4579531e-03
   6.3366480e-03
   5.3567667e-03
   7.7310712e-03
   1.6908260e-02
   2.6844628e-02
   3.9417606e-02
   4.8527081e-02
   3.1229350e-02
   0.0000000e+00
   0.0000000e+00
   0.0000000e+00
   0.0000000e+00
   0.0000000e+00
  -0.0000000e+00
  -0.0000000e+00
  -1.5276860e-02
  -9.3100235e-03
  -2.4656700e-02
  -3.3597723e-02
  -1.5240078e-02
  -7.2918506e-04
   5.5587431e-03
   5.2274428e-03
   8.1583979e-03
   1.6195357e-02
   1.7325122e-02
   8.2509909e-03
  -1.9925162e-03
  -8.4917461e-03
  -9.3200374e-03
  -7.5431298e-03
   9.2075728e-03
   1.3772503e-02
   1.8835690e-02
   2.5193285e-02
   2.2872111e-02
   2.1802451e-02
   1.8413300e-02
   1.8259890e-02
   2.8029371e-02
   3.9219689e-02
   6.2304027e-02
   5.7230390e-02
   2.3899617e-02
   0.0000000e+00
   0.0000000e+00
   0.0000000e+00
   0.0000000e+00
   0.0000000e+00
  -0.0000000e+00
  -1.6348448e-02
  -7.0722131e-03
  -8.7136950e-04
  -1.5701083e-02
  -1.2051365e-02
   5.3903866e-03
   1.9317279e-02
   1.9259628e-02
   1.6294837e-02
   1.8643277e-02
   2.3114890e-02
   2.5462283e-02
   1.8612843e-02
   1.1703815e-02
   6.9212383e-03
   5.6801238e-03
   6.1276704e-03
   1.6881187e-02
   2.2304196e-02
   2.6429579e-02
   3.2273885e-02
   2.7300786e-02
   2.7105840e-02
   2.4636639e-02
   2.6195789e-02
   3.2856561e-02
   4.3529790e-02
   6.9184557e-02
   5.4797641e-02
   0.0000000e+00
   0.0000000e+00
   0.0000000e+00
   0.0000000e+00
   0.0000000e+00
   0.0000000e+00
  -0.0000000e+00
  -7.9530664e-03
   6.5326337e-03
   7.4375938e-03
   5.6026676e-03
   9.4513912e-03
   2.3942729e-02
   3.1842072e-02
   2.2487821e-02
   2.5859095e-02
   2.4929915e-02
   2.6532192e-02
   3.2197319e-02
   2.6172793e-02
   2.1885321e-02
   1.4922431e-02
   1.3302009e-02
   1.3075129e-02
   2.4217036e-02
   3.0039962e-02
   3.2742560e-02
   3.6649726e-02
   3.0257124e-02
   2.9514786e-02
   2.8599201e-02
   3.1209601e-02
   3.7374180e-02
   4.5007791e-02
   6.7266874e-02
   5.3401296e-02
   0.0000000e+00
   0.0000000e+00
   0.0000000e+00
   0.0000000e+00
   0.0000000e+00
   0.0000000e+00
  -0.0000000e+00
   0.0000000e+00
   1.8184239e-02
   1.6967066e-02
   2.0545846e-02
   2.3422686e-02
   3.7540358e-02
   4.1194558e-02
   2.8193156e-02
   2.9701332e-02
   0.0000000e+00
   3.2969881e-02
   3.9862756e-02
   3.3251788e-02
   3.1402752e-02
   2.2019360e-02
   2.0219522e-02
   2.0422561e-02
   3.2464404e-02
   3.8125698e-02
   3.9407745e-02
   4.0742099e-02
   3.3996247e-02
   3.2449160e-02
   3.3058181e-02
   3.6218550e-02
   4.3202788e-02
   4.6963040e-02
   6.2684461e-02
   4.8090507e-02
   1.0574740e-02
  -0.0000000e+00
  -0.0000000e+00
   0.0000000e+00
   0.0000000e+00
   0.0000000e+00
   0.0000000e+00
   0.0000000e+00
   2.8436635e-02
   2.7476683e-02
   3.2267340e-02
   3.5290793e-02
   4.7559172e-02
   4.8936419e-02
   4.0879053e-02
   3.0976304e-02
   0.0000000e+00
   4.1809194e-02
   4.6716612e-02
   3.9549485e-02
   3.9353792e-02
   2.9212333e-02
   2.7707079e-02
   2.8779861e-02
   4.3483399e-02
   4.7641642e-02
   4.8126750e-02
   4.6664480e-02
   4.1937981e-02
   4.0560752e-02
   4.1900244e-02
   4.4585098e-02
   5.3957615e-02
   5.3423706e-02
   5.8670256e-02
   4.4630952e-02
  -2.2392741e-03
  -1.7034135e-02
  -1.7459284e-03
  -1.2379575e-03
   0.0000000e+00
   0.0000000e+00
   0.0000000e+00
   0.0000000e+00
   3.3543505e-02
   3.8598448e-02
   3.7434608e-02
   4.7076993e-02
   4.9808718e-02
   5.3981222e-02
   5.1332716e-02
   2.7169185e-02
   0.0000000e+00
   5.4239597e-02
   4.8108742e-02
   4.2277221e-02
   4.1193031e-02
   3.6556125e-02
   3.6872376e-02
   3.9137471e-02
   4.6971913e-02
   5.0193064e-02
   5.2051332e-02
   5.0122231e-02
   5.0284237e-02
   5.0314635e-02
   5.4532725e-02
   5.6784466e-02
   6.4152300e-02
   6.2065028e-02
   5.6054927e-02
   4.0137108e-02
  -1.2817752e-03
  -1.5238419e-02
   4.3303190e-04
  -7.6800532e-04
   0.0000000e+00
   0.0000000e+00
   0.0000000e+00
   0.0000000e+00
   2.6086584e-02
   3.4774736e-02
   3.5026167e-02
   4.9850482e-02
   5.0415874e-02
   4.9555376e-02
   3.8417930e-02
   0.0000000e+00
   0.0000000e+00
   5.3214148e-02
   4.1632842e-02
   3.8477950e-02
   3.3530295e-02
   3.5397355e-02
   3.7481464e-02
   4.2111434e-02
   4.4018440e-02
   4.7479745e-02
   4.9854562e-02
   4.8699033e-02
   5.2193984e-02
   5.3607114e-02
   6.0897660e-02
   6.3347585e-02
   6.7590825e-02
   6.3549839e-02
   5.0241347e-02
   3.3518247e-02
  -1.1735424e-04
  -1.3455587e-02
   0.0000000e+00
   0.0000000e+00
   0.0000000e+00
   0.0000000e+00
   0.0000000e+00
   0.0000000e+00
   1.8031180e-02
   2.6279034e-02
   3.1997245e-02
   4.6415392e-02
   5.0708354e-02
   4.2698368e-02
   2.4138145e-02
   0.0000000e+00
   4.3419436e-02
   4.5849755e-02
   3.4776486e-02
   3.2186992e-02
   2.6492944e-02
   3.0220002e-02
   3.2896727e-02
   3.9504290e-02
   3.7332095e-02
   4.1647978e-02
   4.4074696e-02
   4.4393077e-02
   5.0690528e-02
   5.3501327e-02
   6.4202666e-02
   6.7018934e-02
   6.7533731e-02
   6.1116334e-02
   4.2020977e-02
   2.5342597e-02
   1.1155638e-03
  -7.6486261e-03
   0.0000000e+00
   0.0000000e+00
   0.0000000e+00
   0.0000000e+00
   0.0000000e+00
   0.0000000e+00
   8.8064943e-03
   1.4995249e-02
   2.8488906e-02
   3.9611202e-02
   5.0119158e-02
   3.3319697e-02
   5.6881215e-03
   2.1508045e-02
   4.6677094e-02
   3.4782421e-02
   2.7198814e-02
   2.4123957e-02
   1.9266486e-02
   2.2545034e-02
   2.5228180e-02
   3.3714402e-02
   1.4730527e-02
   1.8498423e-02
   1.9586559e-02
   2.1627223e-02
   2.5888124e-02
   3.0074282e-02
   3.7016135e-02
   3.9844468e-02
   3.8499866e-02
   3.0123318e-02
   1.3781939e-02
   3.1645473e-03
  -8.7965857e-03
  -1.1704162e-02
   0.0000000e+00
   0.0000000e+00
   0.0000000e+00
   0.0000000e+00
   0.0000000e+00
   0.0000000e+00
  -0.0000000e+00
   0.0000000e+00
   1.8660767e-02
   2.2320367e-02
   2.8094262e-02
   1.1859408e-02
  -1.3451103e-02
   4.6081250e-03
   1.9797074e-02
   8.4094740e-03
   6.2797698e-03
   1.9298589e-03
   9.9969970e-04
   1.8161696e-03
   4.6486193e-03
   1.1182301e-02
  -3.6360172e-04
   2.4481618e-03
   3.9233817e-03
   5.0877691e-03
   8.5494276e-03
   1.2085833e-02
   1.6856240e-02
   1.9038497e-02
   1.7545765e-02
   1.2074307e-02
  -3.2051681e-03
  -1.1505931e-02
  -2.1117505e-02
  -2.2779974e-02
  -0.0000000e+00
   0.0000000e+00
   0.0000000e+00
   0.0000000e+00
   0.0000000e+00
   0.0000000e+00
  -0.0000000e+00
  -0.0000000e+00
   1.2959141e-02
   1.4341516e-02
   1.7189344e-02
   0.0000000e+00
  -0.0000000e+00
  -7.1079372e-03
  -3.0569294e-03
  -7.1092211e-03
  -9.7423876e-03
  -1.3869490e-02
  -1.5719352e-02
  -1.3878483e-02
  -1.0936783e-02
  -5.3990656e-03
  -1.6577398e-02
  -1.4649252e-02
  -1.2362114e-02
  -1.2723596e-02
  -9.5828027e-03
  -7.0171547e-03
  -3.7937192e-03
  -1.8105879e-03
  -3.9970390e-03
  -6.0934951e-03
  -2.1490997e-02
  -2.7016714e-02
  -3.4044482e-02
  -3.5525922e-02
  -1.0062907e-02
   0.0000000e+00
   0.0000000e+00
   0.0000000e+00
   0.0000000e+00
   0.0000000e+00
  -0.0000000e+00
  -1.0173121e-02
   7.0749253e-03
   9.0154734e-03
   0.0000000e+00
   0.0000000e+00
  -0.0000000e+00
  -1.8471863e-02
  -2.3983473e-02
  -2.2610776e-02
  -2.6135169e-02
  -2.9248444e-02
  -3.2919519e-02
  -3.0319812e-02
  -2.7752725e-02
  -2.2977117e-02
  -3.5432015e-02
  -3.4161121e-02
  -3.0150088e-02
  -3.3262584e-02
  -2.9418085e-02
  -2.8275372e-02
  -2.5193639e-02
  -2.2394368e-02
  -2.6294729e-02
  -2.4401642e-02
  -4.2986788e-02
  -4.5265887e-02
  -4.9717352e-02
  -5.5117246e-02
  -2.0206811e-02
   0.0000000e+00
   0.0000000e+00
   0.0000000e+00
   0.0000000e+00
   0.0000000e+00
  -0.0000000e+00
  -1.5954465e-02
  -3.7481116e-04
   0.0000000e+00
   0.0000000e+00
  -0.0000000e+00
  -0.0000000e+00
  -3.0126800e-02
  -4.2194087e-02
  -3.8836394e-02
  -4.4328388e-02
  -4.4975679e-02
  -5.2267119e-02
  -4.9337406e-02
  -4.7984637e-02
  -4.3332703e-02
  -4.4862434e-02
  -4.4295292e-02
  -3.9334979e-02
  -4.3300807e-02
  -4.1947670e-02
  -4.0569980e-02
  -4.0717002e-02
  -3.4657892e-02
  -4.0133219e-02
  -3.4196693e-02
  -4.3162741e-02
  -4.6438076e-02
  -5.1765557e-02
  -6.6812009e-02
  -3.1803378e-02
   0.0000000e+00
   0.0000000e+00
   0.0000000e+00
   0.0000000e+00
   0.0000000e+00
  -0.0000000e+00
  -2.4345944e-02
  -5.1697960e-03
   0.0000000e+00
  -0.0000000e+00
  -1.3258198e-02
  -2.0039558e-02
  -3.2717593e-02
  -4.4385888e-02
  -4.1689165e-02
  -4.7245692e-02
  -4.5503348e-02
  -5.1011909e-02
  -5.3691402e-02
  -5.3946167e-02
  -5.2990153e-02
  -3.7954073e-02
  -3.7580956e-02
  -3.3834878e-02
  -3.6141023e-02
  -3.7532225e-02
  -3.4495182e-02
  -3.7143569e-02
  -2.9530181e-02
  -3.3067346e-02
  -2.7415242e-02
  -2.9903734e-02
  -3.8121585e-02
  -4.4746134e-02
  -6.4433083e-02
  -6.8188064e-02
   0.0000000e+00
   0.0000000e+00
   0.0000000e+00
   0.0000000e+00
  -0.0000000e+00
  -3.2552539e-02
  -3.0615262e-02
  -8.0084312e-03
  -0.0000000e+00
  -7.4582282e-03
  -9.3484027e-03
  -2.1659747e-02
  -2.7581681e-02
  -3.7712689e-02
  -3.3469867e-02
  -3.6599688e-02
  -3.5799772e-02
  -3.8664330e-02
  -4.3766644e-02
  -4.4167396e-02
  -4.6161387e-02
  -2.5791032e-02
  -2.4938434e-02
  -2.2901826e-02
  -2.3232952e-02
  -2.6498698e-02
  -2.2193393e-02
  -2.6039569e-02
  -1.8510224e-02
  -1.9131469e-02
  -1.5227892e-02
  -1.3819749e-02
  -2.6537690e-02
  -3.4677796e-02
  -5.6202818e-02
  -5.4368272e-02
   0.0000000e+00
   0.0000000e+00
   0.0000000e+00
  -0.0000000e+00
  -9.2906205e-03
  -2.8117713e-02
  -3.5764421e-02
  -0.0000000e+00
  -0.0000000e+00
  -4.4874214e-03
  -1.9844645e-03
  -1.6853577e-02
  -1.8687768e-02
  -2.7266527e-02
  -2.1932596e-02
  -2.1699665e-02
  -2.2899272e-02
  -2.3684854e-02
  -2.9414061e-02
  -2.9915635e-02
  -3.3527434e-02
  -9.2169056e-03
  -6.4858985e-03
  -5.9287008e-03
  -5.4521067e-03
  -7.8170262e-03
  -4.5477008e-03
  -6.1501879e-03
  -2.1742736e-03
   4.1068232e-04
   1.0523919e-03
   6.7825872e-04
  -1.1775947e-02
  -2.2238893e-02
  -4.3224555e-02
  -2.8701393e-02
   0.0000000e+00
  -0.0000000e+00
  -0.0000000e+00
  -0.0000000e+00
  -3.6288463e-03
  -1.9437885e-02
  -3.2391220e-02
   0.0000000e+00
   0.0000000e+00
   4.8804418e-03
   1.4111601e-02
   2.3621819e-03
  -3.9214892e-03
  -1.0673583e-02
  -7.5615081e-03
  -3.5666320e-03
  -6.8484605e-03
  -7.9456279e-03
  -1.1109545e-02
  -1.2799973e-02
  -1.4842534e-02
   6.4743781e-03
   1.0761286e-02
   1.1367252e-02
   9.3512610e-03
   7.6555661e-03
   7.5265337e-03
   9.4855987e-03
   9.7903796e-03
   1.2520505e-02
   1.2857885e-02
   1.1148544e-02
   6.3131317e-03
  -6.9242679e-03
  -2.4333807e-02
  -3.1824568e-02
  -1.6485579e-02
  -0.0000000e+00
  -0.0000000e+00
   0.0000000e+00
   1.1466051e-02
  -1.0746571e-02
  -1.9278105e-02
   0.0000000e+00
   0.0000000e+00
   2.4985205e-02
   3.2695342e-02
   2.1731099e-02
   1.3831425e-02
   1.2341417e-02
   1.0588721e-02
   1.3229623e-02
   1.0306279e-02
   7.4055307e-03
   5.0640842e-03
   1.6799071e-03
   2.8554993e-03
   1.7238103e-02
   2.0489000e-02
   2.2101317e-02
   1.8294819e-02
   1.4647266e-02
   1.3111128e-02
   1.4858873e-02
   1.5457472e-02
   1.5179476e-02
   1.6659888e-02
   1.7205803e-02
   1.6770381e-02
   7.1713859e-03
  -8.5471105e-03
  -2.0230914e-02
  -1.4269275e-02
  -5.6051276e-03
  -4.6247281e-03
   1.3115443e-02
   1.4823763e-02
  -9.7294029e-04
  -9.5435349e-03
   0.0000000e+00
   0.0000000e+00
   3.0913617e-02
   3.4545407e-02
   2.9646477e-02
   2.9497199e-02
   3.2425307e-02
   2.9138701e-02
   2.7049137e-02
   2.5054017e-02
   1.9680817e-02
   1.5345870e-02
   1.1241183e-02
   1.2725719e-02
   2.4306912e-02
   2.6203128e-02
   2.7940620e-02
   2.3562461e-02
   1.9133924e-02
   1.6885946e-02
   1.6539892e-02
   1.7098535e-02
   1.5476307e-02
   1.9891379e-02
   2.2051618e-02
   2.1212071e-02
   1.7337577e-02
   6.3559785e-03
  -1.2883891e-03
  -3.6150317e-03
   9.8212308e-04
   4.5210985e-03
   6.6852582e-03
   1.1434588e-02
   3.5615270e-03
  -0.0000000e+00
   0.0000000e+00
   0.0000000e+00
   1.9927099e-02
   2.3890035e-02
   2.5133193e-02
   3.2412753e-02
   3.8791254e-02
   3.9395098e-02
   4.0251661e-02
   3.7427641e-02
   2.8005730e-02
   2.1548070e-02
   1.6942462e-02
   1.8605782e-02
   2.7857302e-02
   3.0131470e-02
   3.0459499e-02
   2.6733167e-02
   2.2972047e-02
   1.9519955e-02
   1.7646346e-02
   1.7246000e-02
   1.9583922e-02
   2.4225088e-02
   2.5391819e-02
   2.3492735e-02
   2.2561250e-02
   2.0072313e-02
   1.6888926e-02
   1.1806195e-02
   9.1668125e-03
   1.1807053e-02
   8.8655436e-03
   7.0655366e-03
   0.0000000e+00
   0.0000000e+00
   0.0000000e+00
  -0.0000000e+00
  -1.1330344e-03
   9.5110000e-03
   1.5500766e-02
   1.7666436e-02
   2.5582699e-02
   3.4359626e-02
   4.7567979e-02
   4.4340283e-02
   3.0843526e-02
   2.1453619e-02
   1.7391909e-02
   2.1985885e-02
   2.5415123e-02
   3.0110432e-02
   2.8707756e-02
   2.6455952e-02
   2.3226509e-02
   1.8184092e-02
   1.7417742e-02
   1.7629042e-02
   2.4786863e-02
   2.2879751e-02
   2.3186546e-02
   2.5051353e-02
   2.2691952e-02
   2.4672512e-02
   1.7186198e-02
   1.7759481e-02
   1.4768280e-02
   1.4361723e-02
   1.7704233e-02
   0.0000000e+00
   0.0000000e+00
   0.0000000e+00
   0.0000000e+00
  -0.0000000e+00
  -1.4778953e-02
  -5.6690117e-03
   0.0000000e+00
  -0.0000000e+00
  -2.8099921e-03
   1.5599468e-02
   4.0280625e-02
   3.9738152e-02
   2.5251221e-02
   1.3249459e-02
   1.1279372e-02
   1.9532340e-02
   1.3300732e-02
   1.8999536e-02
   1.7858917e-02
   1.6152047e-02
   1.2341615e-02
   7.5594708e-03
   9.4097080e-03
   1.3513123e-02
   1.4432090e-02
   6.8574715e-03
   1.2597578e-02
   1.8861832e-02
   1.7077114e-02
   1.2353982e-02
  -1.5049183e-03
   7.9869237e-03
   1.2242298e-02
   1.4814098e-02
   2.3737693e-02
   0.0000000e+00
   0.0000000e+00
   0.0000000e+00
  -0.0000000e+00
  -0.0000000e+00
  -1.8993380e-02
  -1.3680954e-02
  -1.8484972e-02
  -3.6682837e-02
  -2.8483253e-02
  -2.3136663e-03
   2.1336410e-02
   2.2816662e-02
   8.3200606e-03
   6.9543603e-04
   1.8440327e-03
   6.2450129e-03
  -6.0689375e-03
  -2.1071355e-03
  -2.5610330e-03
  -5.5221119e-03
  -8.2181683e-03
  -1.0186561e-02
  -6.8971454e-03
  -2.6137321e-03
  -1.1558053e-02
  -1.1280356e-02
  -3.8228632e-04
   6.9852313e-04
   2.1054051e-03
  -4.0195477e-03
  -7.3866080e-03
   2.1885657e-03
   1.8560977e-03
   4.9713636e-03
   1.2596335e-02
   0.0000000e+00
   0.0000000e+00
  -0.0000000e+00
  -0.0000000e+00
  -5.3554648e-03
  -2.4647640e-02
  -3.0806664e-02
  -3.5892013e-02
  -5.2238856e-02
  -4.3110833e-02
  -1.5714988e-02
   6.2904893e-03
   1.7340311e-03
  -1.9961959e-02
  -1.2694013e-02
  -6.5082218e-03
  -1.1092802e-02
  -1.9087279e-02
  -1.7622467e-02
  -1.7977510e-02
  -2.0690972e-02
  -2.0521866e-02
  -1.9833183e-02
  -1.8716095e-02
  -2.0498514e-02
  -2.5352307e-02
  -1.2051437e-02
  -2.9874945e-03
  -1.1279958e-02
  -1.3904317e-02
  -8.8105211e-03
   7.2075729e-03
   1.0633121e-02
  -6.0121869e-03
  -1.6485929e-02
  -1.0058874e-02
  -2.4705267e-03
  -0.0000000e+00
  -0.0000000e+00
  -5.2092215e-03
  -1.6460033e-02
  -3.5395585e-02
  -4.0095489e-02
  -3.8480494e-02
  -4.3105710e-02
  -3.9346371e-02
  -2.2677971e-02
  -4.3669716e-03
  -1.7224092e-02
  -4.3882128e-02
  -2.5808554e-02
  -1.1157520e-02
  -1.7043496e-02
  -8.2821688e-03
  -8.0030933e-03
  -8.3763832e-03
  -1.0246580e-02
  -1.0894812e-02
  -1.3209907e-02
  -1.6945295e-02
  -1.9253222e-02
  -1.2825522e-02
   3.9121681e-03
   1.2087255e-02
   3.3396930e-03
  -8.1367502e-03
  -5.1857736e-03
   1.0386717e-02
   1.7935514e-02
   7.1726954e-03
  -6.8085780e-03
  -7.6443888e-03
  -1.8396734e-03
  -1.1302463e-03
  -4.2896308e-03
  -1.0684890e-02
  -2.0152628e-02
  -2.3627132e-02
  -1.9467985e-02
  -1.4326858e-02
  -1.2222268e-02
  -1.3305185e-02
  -1.3228064e-02
  -1.2062531e-02
  -2.3720844e-02
  -3.7566248e-02
  -2.6258811e-02
  -1.1105056e-02
  -7.4553224e-03
  -1.0118861e-02
  -8.6931866e-03
  -8.3670346e-03
  -9.1839014e-03
  -1.0611542e-02
  -1.2593269e-02
  -1.3127053e-02
  -1.0982596e-02
  -5.0236606e-03
   3.1718079e-03
   8.1244791e-03
   6.7976434e-03
   1.4766416e-03
  -1.3724109e-03
   1.4123608e-03
   7.0600412e-03
   9.3848752e-03
   7.8952368e-03
   4.8122704e-03
   2.0195791e-03
  -2.9528936e-04
  -2.4143138e-03
  -4.0575229e-03
  -4.2924704e-03
  -2.7733913e-03
  -1.1203759e-03
   1.7215968e-04
   9.2981121e-04
   4.3741384e-04
  -2.0977168e-03
  -6.5677902e-03
  -1.1852918e-02
  -1.6653126e-02
  -1.7465537e-02
  -1.5262508e-02
  -1.2403709e-02
