   4234.52   4234.52   4234.52   4234.52   4234.52   4234.52   4234.52   4234.52   4234.52   4234.52   4234.52   4234.52   4234.52   4234.52   4234.52   4234.52   4234.52   4234.52   4234.52   4234.52   4234.52   4234.52   4234.52   4234.52   4234.52   4234.52   4234.52   4234.52   4234.52   4234.52   4234.52   4234.52   4234.52   4234.52   4234.52   4234.52
   4234.52   4234.52   4234.52   4234.52   4234.52   4234.52   4234.52   4234.52   4234.52   4234.52   4234.52   4234.52   4234.52   4234.52   4234.52   4234.52   4234.52   4234.52   4234.52   4234.52   4234.52   4234.52   4234.52   4234.52   4234.52   4234.52   4234.52   4234.52   4234.52   4234.52   4234.52   4234.52   4234.52   4234.52   4234.52   4234.52
   4234.52   4234.52   4234.52   4234.52   4234.52   4234.52   4234.52   4234.52   4234.52   4234.52   4234.52   4234.52   4234.52   4234.52   4234.52   4234.52   4234.52   4234.52   4234.52   4234.52   4234.52   4234.52   4234.52   4234.52   4234.52   4234.52   4234.52   4234.52   4234.52   4234.52   4234.52   4234.52   4234.52   4234.52   4234.52   4234.52
   4234.52   4234.52   4234.52   4234.52   4234.52   4234.52   4234.52   4234.52   4234.52   4234.52   4234.52   4234.52   4234.52   4234.52   4234.52   4234.52   4234.52   4234.52   4234.52   4234.52   4234.52   4234.52   4234.52   4234.52   4234.52   4234.52   4234.52   4234.52   4234.52   4234.52   4234.52   4234.52   4234.52   4234.52   4234.52   4234.52
   4234.52   4234.52   4234.52   4234.52   4234.52   4234.52   4234.52   4234.52   4234.52   4234.52   4234.52   4234.52   4234.52   4234.52   4234.52   4234.52   4234.52   4234.52   4234.52   4234.52   4234.52   4234.52   4234.52   4234.52   4234.52   4234.52   4234.52   4234.52   4234.52   4234.52   4234.52   4234.52   4234.52   3575.57   3008.34   4234.52
   3575.57   4234.52   4234.52   4234.52   4234.52   4234.52   4234.52   4234.52   4234.52   4234.52   4234.52   4234.52   4234.52   4234.52   4234.52   4234.52   4234.52   4234.52   4234.52   4234.52   4234.52   4234.52   4234.52   4234.52   4234.52   4234.52   4234.52   4234.52   4234.52   4234.52   4234.52   4234.52   2520.05   2099.73   2099.73   2520.05
   3008.34   4234.52   4234.52   4234.52   4234.52   4234.52   4234.52   4234.52   4234.52   4234.52   4234.52   4234.52   4234.52   4234.52   4234.52   4234.52   4234.52   4234.52   4234.52   4234.52   4234.52   4234.52   4234.52   4234.52   4234.52   4234.52   4234.52   4234.52   4234.52   4234.52   4234.52   4234.52   3008.34   1426.43   1158.31   1426.43
   2099.73   2520.05   4234.52   4234.52   4234.52   4234.52   4234.52   4234.52   4234.52   4234.52   4234.52   4234.52   4234.52   4234.52   4234.52   4234.52   4234.52   4234.52   4234.52   4234.52   4234.52   4234.52   4234.52   4234.52   4234.52   4234.52   4234.52   4234.52   4234.52   4234.52   4234.52   4234.52   3008.34   2520.05    728.83    927.51
      0.00   2099.73   4234.52   4234.52   4234.52   4234.52   4234.52   4234.52   4234.52   4234.52   4234.52   4234.52   4234.52   4234.52   4234.52   4234.52   4234.52   4234.52   4234.52   4234.52   4234.52   4234.52   4234.52   4234.52   4234.52   4234.52   4234.52   4234.52   4234.52   4234.52   4234.52   4234.52      0.00   1737.90    728.83      0.00
      0.00   2099.73   3575.57   4234.52   4234.52   4234.52   4234.52   4234.52   4234.52   4234.52   4234.52   4234.52   4234.52   4234.52   4234.52   4234.52   4234.52   4234.52   4234.52   4234.52   4234.52   4234.52   4234.52   4234.52   4234.52   4234.52   4234.52   4234.52   4234.52   4234.52   4234.52   4234.52      0.00   1426.43    557.80      0.00
      0.00      0.00   3008.34   4234.52   4234.52   4234.52   4234.52   4234.52   4234.52   4234.52   4234.52   4234.52   4234.52   4234.52   4234.52   4234.52   4234.52   4234.52   4234.52   4234.52   4234.52   4234.52   4234.52   4234.52   4234.52   4234.52   4234.52   4234.52   4234.52   4234.52   4234.52   4234.52      0.00   1158.31    557.80      0.00
      0.00      0.00   2099.73   4234.52   4234.52   4234.52   4234.52   4234.52   4234.52   4234.52   4234.52   4234.52   4234.52   4234.52   4234.52   4234.52   4234.52   4234.52   4234.52   4234.52   4234.52   4234.52   4234.52   4234.52   4234.52   4234.52   4234.52   4234.52   4234.52   4234.52   4234.52   4234.52      0.00   1426.43    728.83      0.00
      0.00      0.00   2099.73   4234.52   4234.52   4234.52   4234.52   4234.52   4234.52   4234.52   4234.52   4234.52   4234.52   4234.52   4234.52   4234.52   4234.52   4234.52   4234.52   4234.52   4234.52   4234.52   4234.52   4234.52   4234.52   4234.52   4234.52   4234.52   4234.52   4234.52   4234.52   4234.52      0.00   1737.90    927.51      0.00
      0.00      0.00   2099.73   4234.52   4234.52   4234.52   4234.52   4234.52   4234.52   4234.52   4234.52   4234.52   4234.52   4234.52   4234.52   4234.52   4234.52   4234.52   4234.52   4234.52   4234.52   4234.52   4234.52   4234.52   4234.52   4234.52   4234.52   4234.52   4234.52   4234.52   4234.52   4234.52   3008.34   2099.73    728.83      0.00
      0.00      0.00   2099.73   4234.52   4234.52   4234.52   4234.52   4234.52   4234.52   4234.52   4234.52   4234.52   4234.52   4234.52   4234.52   4234.52   4234.52   4234.52   4234.52   4234.52   4234.52   4234.52   4234.52   4234.52   4234.52   4234.52   4234.52   4234.52   4234.52   4234.52   4234.52   4234.52   1737.90   1158.31    557.80      0.00
      0.00      0.00   2099.73   4234.52   4234.52   4234.52   4234.52   4234.52   4234.52   4234.52   4234.52   4234.52   4234.52   4234.52   4234.52   4234.52   4234.52   4234.52   4234.52   4234.52   4234.52   4234.52   4234.52   4234.52   4234.52   4234.52   4234.52   4234.52   4234.52   4234.52   4234.52   4234.52   1737.90   1158.31    728.83      0.00
      0.00      0.00   1737.90   4234.52   4234.52   4234.52   4234.52   4234.52   4234.52   4234.52   4234.52   4234.52   4234.52   4234.52   4234.52   4234.52   4234.52   4234.52   4234.52   4234.52   4234.52   4234.52   4234.52   4234.52   4234.52   4234.52   4234.52   4234.52   4234.52   4234.52   4234.52   4234.52   1426.43    927.51    557.80      0.00
      0.00      0.00   1158.31   4234.52   4234.52   4234.52   4234.52   3575.57   3008.34   2520.05   3008.34   2520.05   4234.52   4234.52   4234.52   4234.52   4234.52   4234.52   4234.52   4234.52   4234.52   4234.52   4234.52   4234.52   4234.52   4234.52   4234.52   4234.52   4234.52   4234.52   4234.52   4234.52   1737.90   1158.31    728.83      0.00
      0.00      0.00    728.83   4234.52   4234.52   4234.52   2099.73   1426.43   1737.90   1426.43   1737.90   1426.43   3008.34   4234.52   4234.52   4234.52   4234.52   4234.52   4234.52   4234.52   4234.52   4234.52   4234.52   4234.52   4234.52   4234.52   4234.52   4234.52   4234.52   4234.52   4234.52   4234.52   1426.43    927.51    557.80      0.00
      0.00      0.00    728.83   3575.57   4234.52   4234.52    927.51   1426.43   1158.31    927.51   1158.31    927.51   1426.43   4234.52   4234.52   4234.52    927.51   1158.31   1426.43   2099.73   4234.52   4234.52   4234.52   4234.52   4234.52   4234.52   4234.52   4234.52   4234.52   4234.52   4234.52   3575.57   1737.90   1158.31    728.83      0.00
      0.00      0.00      0.00   3008.34   4234.52   4234.52    927.51      0.00    728.83    557.80      0.00   1158.31   1737.90   3575.57   3575.57   3008.34    927.51    728.83      0.00   2099.73   4234.52   4234.52   4234.52   4234.52   4234.52   4234.52   4234.52   4234.52   4234.52   4234.52   4234.52   2520.05   1426.43    927.51    557.80      0.00
      0.00      0.00      0.00   2520.05   4234.52   4234.52    927.51      0.00      0.00      0.00      0.00    927.51   1426.43   3575.57   3575.57   2099.73    283.85      0.00      0.00      0.00   4234.52   4234.52   4234.52   4234.52   4234.52   4234.52   4234.52   4234.52   4234.52   4234.52   4234.52   3008.34   1737.90   1158.31    728.83      0.00
      0.00      0.00      0.00   2520.05   4234.52   4234.52   3008.34      0.00      0.00      0.00      0.00   1158.31   1737.90   3575.57   2520.05    927.51      0.00      0.00      0.00   4234.52   4234.52   4234.52   4234.52   4234.52   4234.52   4234.52   4234.52   4234.52   4234.52   4234.52   4234.52   1737.90   1426.43    927.51    557.80      0.00
      0.00      0.00      0.00   1737.90   4234.52   4234.52   4234.52      0.00      0.00      0.00      0.00    927.51   1737.90   3575.57   2520.05   1158.31    410.58    557.80   1158.31   4234.52   4234.52   4234.52   4234.52   4234.52   4234.52   4234.52   4234.52   4234.52   4234.52   4234.52   4234.52   2099.73   1737.90   1158.31      0.00      0.00
      0.00      0.00      0.00    927.51   4234.52   4234.52   4234.52   2099.73      0.00      0.00      0.00   1158.31   1426.43   3575.57   2520.05   1158.31    728.83    927.51   1426.43   4234.52   4234.52   4234.52   4234.52   4234.52   4234.52   4234.52   4234.52   4234.52   4234.52   4234.52   4234.52   1737.90   1426.43    728.83      0.00      0.00
      0.00      0.00      0.00    927.51   3575.57   3575.57   2520.05   1158.31    283.85      0.00      0.00      0.00    927.51   3575.57   3575.57   1158.31    927.51   1158.31   1737.90   4234.52   4234.52   4234.52   4234.52   4234.52   4234.52   4234.52   4234.52   4234.52   4234.52   4234.52   4234.52   2520.05   1158.31      0.00      0.00      0.00
      0.00      0.00      0.00      0.00   2099.73   3008.34   2520.05   1158.31    174.75      0.00      0.00      0.00      0.00   3575.57   3575.57   3008.34   1158.31   1426.43   3008.34   4234.52   4234.52   4234.52   4234.52   4234.52   4234.52   4234.52   4234.52   4234.52   4234.52   4234.52   4234.52   2099.73      0.00      0.00      0.00      0.00
      0.00      0.00      0.00      0.00   1737.90   3008.34   3008.34   1426.43    410.58      0.00      0.00      0.00   1737.90   3575.57   3575.57   3575.57   3008.34   1737.90   4234.52   4234.52   4234.52   4234.52   4234.52   4234.52   4234.52   4234.52   4234.52   4234.52   4234.52   4234.52   4234.52   2099.73      0.00      0.00      0.00      0.00
      0.00      0.00      0.00      0.00    927.51   2099.73   3008.34   1737.90   1158.31    728.83      0.00      0.00   1737.90   3575.57   3575.57   3575.57   3575.57   4234.52   4234.52   4234.52   4234.52   4234.52   4234.52   4234.52   4234.52   4234.52   4234.52   4234.52   3575.57   1737.90   1158.31    728.83      0.00      0.00      0.00      0.00
      0.00      0.00      0.00      0.00    728.83   1737.90   4234.52   4234.52   3008.34    927.51    557.80    557.80   3575.57   3575.57   2099.73   1426.43   3008.34   4234.52   4234.52   4234.52   4234.52   4234.52   4234.52   4234.52   4234.52   4234.52   4234.52   4234.52   3575.57   1158.31    927.51    557.80      0.00      0.00      0.00      0.00
      0.00      0.00      0.00      0.00    174.75   1737.90   4234.52   4234.52   4234.52   4234.52   3008.34   3575.57   3575.57   3575.57    927.51    927.51   1158.31   2520.05   4234.52   4234.52   4234.52   4234.52   4234.52   4234.52   4234.52   4234.52   4234.52   4234.52   3008.34    728.83    557.80      0.00      0.00      0.00      0.00      0.00
      0.00      0.00      0.00      0.00      0.00   1737.90   4234.52   4234.52   4234.52   4234.52   4234.52   4234.52   3575.57    728.83    283.85    410.58      0.00   2520.05   3008.34   4234.52   4234.52   4234.52   4234.52   4234.52   4234.52   4234.52   4234.52   4234.52   2520.05    728.83      0.00      0.00      0.00      0.00      0.00      0.00
      0.00      0.00      0.00      0.00      0.00   1737.90   2520.05   4234.52   4234.52   4234.52   4234.52   4234.52   3575.57      0.00      0.00      0.00      0.00      0.00   3575.57   4234.52   4234.52   4234.52   4234.52   4234.52   4234.52   4234.52   4234.52   4234.52   2099.73    557.80      0.00      0.00      0.00      0.00      0.00      0.00
      0.00      0.00      0.00      0.00      0.00      0.00      0.00   3575.57   3575.57   3575.57   4234.52   4234.52   3575.57   3575.57      0.00      0.00      0.00   4234.52   4234.52   4234.52   4234.52   4234.52   4234.52   4234.52   4234.52   4234.52   4234.52   4234.52   2520.05    728.83      0.00      0.00      0.00      0.00      0.00      0.00
      0.00      0.00      0.00      0.00      0.00      0.00      0.00      0.00      0.00      0.00   2099.73   3575.57   3575.57   3575.57   3575.57   3575.57   3575.57   4234.52   4234.52   4234.52   4234.52   4234.52   4234.52   4234.52   4234.52   4234.52   4234.52   4234.52   2099.73    557.80      0.00      0.00      0.00      0.00      0.00      0.00
      0.00      0.00      0.00      0.00      0.00      0.00      0.00      0.00      0.00      0.00    728.83    927.51   1426.43   2520.05   3575.57   3575.57   3575.57   4234.52   4234.52   4234.52   4234.52   4234.52   4234.52   4234.52   4234.52   4234.52   4234.52   4234.52   2099.73      0.00      0.00      0.00      0.00      0.00      0.00      0.00
