  5.376900e-01
  4.743998e-01
  4.317093e-01
  3.944009e-01
  3.579202e-01
  3.205306e-01
  2.852888e-01
  2.585685e-01
  2.447295e-01
  2.423611e-01
  2.434828e-01
  2.426872e-01
  2.391814e-01
  2.352766e-01
  2.319539e-01
  2.378596e-01
  2.374651e-01
  2.345066e-01
  2.286517e-01
  2.288625e-01
  2.283392e-01
  2.261130e-01
  2.336035e-01
  2.374448e-01
  2.395153e-01
  2.379343e-01
  2.382343e-01
  2.467642e-01
  2.672437e-01
  3.043129e-01
  3.542917e-01
  4.075401e-01
  4.589857e-01
  5.022590e-01
  5.390649e-01
  5.863305e-01
