 5000.00 5000.00 5000.00 5000.00 5000.00 5000.00 5000.00 5000.00 5000.00 5000.00 5000.00 5000.00 5000.00 5000.00 5000.00 5000.00 5000.00 5000.00 5000.00 5000.00 5000.00 5000.00 5000.00 5000.00 5000.00 5000.00 5000.00 5000.00 5000.00 5000.00 5000.00 5000.00 5000.00 5000.00 5000.00 5000.00
 5000.00 5000.00 5000.00 5000.00 5000.00 5000.00 5000.00 5000.00 5000.00 5000.00 5000.00 5000.00 5000.00 5000.00 5000.00 5000.00 5000.00 5000.00 5000.00 5000.00 5000.00 5000.00 5000.00 5000.00 5000.00 5000.00 5000.00 5000.00 5000.00 5000.00 5000.00 5000.00 5000.00 5000.00 5000.00 5000.00
 5000.00    0.00    0.00    0.00    0.00    0.00    0.00 5000.00 5000.00 5000.00 5000.00 5000.00 5000.00 5000.00 5000.00 5000.00 5000.00 5000.00 5000.00 5000.00 5000.00 5000.00 5000.00 5000.00 5000.00 5000.00 5000.00 5000.00 5000.00 5000.00 5000.00 5000.00 5000.00 5000.00 5000.00 5000.00
 5000.00    0.00    0.00    0.00    0.00    0.00    0.00 5000.00 5000.00 5000.00 5000.00 5000.00 5000.00 5000.00 5000.00 5000.00 5000.00 5000.00 5000.00 5000.00 5000.00 5000.00 5000.00 5000.00 5000.00 5000.00 5000.00 5000.00 5000.00 5000.00 5000.00 5000.00 5000.00 5000.00 5000.00 5000.00
 5000.00    0.00 5000.00 5000.00 5000.00 5000.00 5000.00 5000.00 5000.00 5000.00 5000.00 5000.00 5000.00 5000.00 5000.00 5000.00 5000.00 5000.00 5000.00 5000.00 5000.00 5000.00 5000.00 5000.00 5000.00 5000.00 5000.00 5000.00 5000.00 5000.00 5000.00 5000.00 5000.00 5000.00 5000.00 5000.00
 5000.00    0.00 5000.00 5000.00 5000.00 5000.00 5000.00 5000.00 5000.00    0.00    0.00    0.00    0.00    0.00    0.00 5000.00 5000.00 5000.00 5000.00 5000.00 5000.00 5000.00 5000.00 5000.00 5000.00 5000.00 5000.00 5000.00 5000.00 5000.00 5000.00 5000.00 5000.00 5000.00 5000.00 5000.00
 5000.00 5000.00    0.00    0.00    0.00    0.00 5000.00 5000.00 5000.00    0.00    0.00    0.00    0.00    0.00    0.00 5000.00 5000.00 5000.00 5000.00 5000.00 5000.00 5000.00 5000.00 5000.00 5000.00 5000.00 5000.00 5000.00 5000.00 5000.00 5000.00 5000.00 5000.00 5000.00 5000.00 5000.00
 5000.00 5000.00 5000.00 5000.00 5000.00 5000.00    0.00 5000.00 5000.00    0.00    0.00    0.00    0.00    0.00    0.00 5000.00 5000.00 5000.00 5000.00 5000.00 5000.00 5000.00 5000.00 5000.00 5000.00 5000.00 5000.00 5000.00 5000.00 5000.00 5000.00 5000.00 5000.00 5000.00 5000.00 5000.00
 5000.00 5000.00 5000.00 5000.00 5000.00 5000.00    0.00 5000.00 5000.00    0.00    0.00    0.00    0.00    0.00    0.00 5000.00 5000.00 5000.00 5000.00 5000.00 5000.00 5000.00 5000.00 5000.00 5000.00 5000.00 5000.00 5000.00 5000.00 5000.00 5000.00 5000.00 5000.00 5000.00 5000.00 5000.00
 5000.00    0.00    0.00    0.00    0.00    0.00    0.00 5000.00 5000.00    0.00    0.00    0.00    0.00    0.00    0.00 5000.00 5000.00 5000.00 5000.00 5000.00 5000.00 5000.00 5000.00 5000.00 5000.00 5000.00 5000.00 5000.00 5000.00 5000.00 5000.00 5000.00 5000.00 5000.00 5000.00 5000.00
 5000.00    0.00    0.00    0.00    0.00    0.00    0.00 5000.00 5000.00    0.00    0.00 5000.00 5000.00    0.00    0.00 5000.00    0.00    0.00 5000.00 5000.00 5000.00    0.00 5000.00 5000.00 5000.00 5000.00 5000.00 5000.00 5000.00 5000.00 5000.00 5000.00 5000.00 5000.00 5000.00 5000.00
 5000.00 5000.00 5000.00 5000.00 5000.00 5000.00 5000.00 5000.00 5000.00    0.00    0.00 5000.00 5000.00    0.00    0.00 5000.00    0.00    0.00 5000.00 5000.00 5000.00    0.00 5000.00 5000.00 5000.00 5000.00 5000.00 5000.00 5000.00 5000.00 5000.00 5000.00 5000.00 5000.00 5000.00 5000.00
 5000.00 5000.00 5000.00 5000.00 5000.00 5000.00 5000.00 5000.00 5000.00    0.00    0.00 5000.00 5000.00    0.00    0.00 5000.00    0.00    0.00    0.00 5000.00 5000.00    0.00 5000.00 5000.00 5000.00 5000.00 5000.00 5000.00 5000.00 5000.00 5000.00 5000.00 5000.00 5000.00 5000.00 5000.00
 5000.00 5000.00 5000.00 5000.00 5000.00 5000.00 5000.00 5000.00 5000.00    0.00    0.00 5000.00 5000.00    0.00    0.00 5000.00    0.00    0.00    0.00 5000.00 5000.00    0.00 5000.00 5000.00 5000.00 5000.00 5000.00 5000.00 5000.00 5000.00 5000.00 5000.00 5000.00 5000.00 5000.00 5000.00
 5000.00 5000.00 5000.00 5000.00 5000.00 5000.00 5000.00 5000.00 5000.00    0.00    0.00 5000.00 5000.00    0.00    0.00 5000.00    0.00 5000.00 5000.00    0.00    0.00    0.00 5000.00 5000.00 5000.00 5000.00 5000.00 5000.00 5000.00 5000.00 5000.00 5000.00 5000.00 5000.00 5000.00 5000.00
 5000.00 5000.00 5000.00 5000.00 5000.00 5000.00 5000.00 5000.00 5000.00 5000.00 5000.00 5000.00 5000.00 5000.00 5000.00 5000.00    0.00 5000.00 5000.00    0.00    0.00    0.00 5000.00 5000.00    0.00    0.00 5000.00 5000.00 5000.00 5000.00 5000.00 5000.00 5000.00 5000.00 5000.00 5000.00
 5000.00 5000.00 5000.00 5000.00 5000.00 5000.00 5000.00 5000.00 5000.00 5000.00 5000.00 5000.00 5000.00 5000.00 5000.00 5000.00    0.00 5000.00 5000.00 5000.00    0.00    0.00 5000.00 5000.00    0.00    0.00 5000.00 5000.00 5000.00 5000.00 5000.00 5000.00 5000.00 5000.00 5000.00 5000.00
 5000.00 5000.00 5000.00 5000.00 5000.00 5000.00 5000.00 5000.00 5000.00 5000.00 5000.00 5000.00 5000.00 5000.00 5000.00 5000.00    0.00 5000.00 5000.00 5000.00    0.00    0.00 5000.00 5000.00    0.00    0.00 5000.00 5000.00 5000.00 5000.00 5000.00 5000.00 5000.00 5000.00 5000.00 5000.00
 5000.00 5000.00 5000.00 5000.00 5000.00 5000.00 5000.00 5000.00 5000.00 5000.00 5000.00 5000.00 5000.00 5000.00 5000.00 5000.00 5000.00 5000.00 5000.00 5000.00 5000.00 5000.00 5000.00 5000.00    0.00    0.00 5000.00 5000.00 5000.00 5000.00 5000.00 5000.00 5000.00 5000.00 5000.00 5000.00
 5000.00 5000.00 5000.00 5000.00 5000.00 5000.00 5000.00 5000.00 5000.00 5000.00 5000.00 5000.00 5000.00 5000.00 5000.00 5000.00 5000.00 5000.00 5000.00 5000.00 5000.00 5000.00 5000.00 5000.00    0.00    0.00 5000.00 5000.00 5000.00 5000.00 5000.00 5000.00 5000.00 5000.00 5000.00 5000.00
 5000.00 5000.00 5000.00 5000.00 5000.00 5000.00 5000.00 5000.00 5000.00 5000.00 5000.00 5000.00 5000.00 5000.00 5000.00 5000.00 5000.00 5000.00 5000.00 5000.00    0.00    0.00    0.00    0.00    0.00    0.00 5000.00 5000.00 5000.00 5000.00 5000.00 5000.00 5000.00 5000.00 5000.00 5000.00
 5000.00 5000.00 5000.00 5000.00 5000.00 5000.00 5000.00 5000.00 5000.00 5000.00 5000.00 5000.00 5000.00 5000.00 5000.00 5000.00 5000.00 5000.00 5000.00 5000.00    0.00    0.00    0.00    0.00    0.00    0.00 5000.00 5000.00    0.00    0.00 5000.00 5000.00 5000.00 5000.00    0.00    0.00
 5000.00 5000.00 5000.00 5000.00 5000.00 5000.00 5000.00 5000.00 5000.00 5000.00 5000.00 5000.00 5000.00 5000.00 5000.00 5000.00 5000.00 5000.00 5000.00 5000.00    0.00    0.00    0.00    0.00    0.00    0.00 5000.00 5000.00    0.00    0.00 5000.00 5000.00 5000.00 5000.00    0.00    0.00
 5000.00 5000.00 5000.00 5000.00 5000.00 5000.00 5000.00 5000.00 5000.00 5000.00 5000.00 5000.00 5000.00 5000.00 5000.00 5000.00 5000.00 5000.00 5000.00 5000.00    0.00    0.00    0.00    0.00    0.00    0.00 5000.00 5000.00    0.00    0.00 5000.00 5000.00 5000.00 5000.00    0.00    0.00
 5000.00 5000.00 5000.00 5000.00 5000.00 5000.00 5000.00 5000.00 5000.00 5000.00 5000.00 5000.00 5000.00 5000.00 5000.00 5000.00 5000.00 5000.00 5000.00 5000.00    0.00    0.00    0.00    0.00    0.00    0.00 5000.00 5000.00    0.00    0.00 5000.00 5000.00 5000.00 5000.00    0.00    0.00
 5000.00 5000.00 5000.00 5000.00 5000.00 5000.00 5000.00 5000.00 5000.00 5000.00 5000.00 5000.00 5000.00 5000.00 5000.00 5000.00 5000.00 5000.00 5000.00 5000.00 5000.00 5000.00 5000.00 5000.00 5000.00 5000.00 5000.00 5000.00    0.00    0.00    0.00    0.00    0.00    0.00    0.00    0.00
 5000.00 5000.00 5000.00 5000.00 5000.00 5000.00 5000.00 5000.00 5000.00 5000.00 5000.00 5000.00 5000.00 5000.00 5000.00 5000.00 5000.00 5000.00 5000.00 5000.00 5000.00 5000.00 5000.00 5000.00 5000.00 5000.00 5000.00 5000.00 5000.00 5000.00 5000.00    0.00    0.00 5000.00 5000.00 5000.00
 5000.00 5000.00 5000.00 5000.00 5000.00 5000.00 5000.00 5000.00 5000.00 5000.00 5000.00 5000.00 5000.00 5000.00 5000.00 5000.00 5000.00 5000.00 5000.00 5000.00 5000.00 5000.00 5000.00 5000.00 5000.00 5000.00 5000.00 5000.00 5000.00 5000.00 5000.00    0.00    0.00 5000.00 5000.00 5000.00
 5000.00 5000.00 5000.00 5000.00 5000.00 5000.00 5000.00 5000.00 5000.00 5000.00 5000.00 5000.00 5000.00 5000.00 5000.00 5000.00 5000.00 5000.00 5000.00 5000.00 5000.00 5000.00 5000.00 5000.00 5000.00 5000.00 5000.00 5000.00 5000.00 5000.00 5000.00    0.00    0.00 5000.00 5000.00 5000.00
 5000.00 5000.00 5000.00 5000.00 5000.00 5000.00 5000.00 5000.00 5000.00 5000.00 5000.00 5000.00 5000.00 5000.00 5000.00 5000.00 5000.00 5000.00 5000.00 5000.00 5000.00 5000.00 5000.00 5000.00 5000.00 5000.00 5000.00 5000.00 5000.00 5000.00 5000.00    0.00    0.00 5000.00 5000.00 5000.00
 5000.00 5000.00 5000.00 5000.00 5000.00 5000.00 5000.00 5000.00 5000.00 5000.00 5000.00 5000.00 5000.00 5000.00 5000.00 5000.00 5000.00 5000.00 5000.00 5000.00 5000.00 5000.00 5000.00 5000.00 5000.00 5000.00 5000.00 5000.00 5000.00 5000.00 5000.00    0.00    0.00 5000.00 5000.00 5000.00
 5000.00 5000.00 5000.00 5000.00 5000.00 5000.00 5000.00 5000.00 5000.00 5000.00 5000.00 5000.00 5000.00 5000.00 5000.00 5000.00 5000.00 5000.00 5000.00 5000.00 5000.00 5000.00 5000.00 5000.00 5000.00 5000.00 5000.00 5000.00 5000.00 5000.00 5000.00    0.00    0.00 5000.00 5000.00 5000.00
 5000.00 5000.00 5000.00 5000.00 5000.00 5000.00 5000.00 5000.00 5000.00 5000.00 5000.00 5000.00 5000.00 5000.00 5000.00 5000.00 5000.00 5000.00 5000.00 5000.00 5000.00 5000.00 5000.00 5000.00 5000.00 5000.00 5000.00 5000.00 5000.00 5000.00 5000.00 5000.00 5000.00 5000.00 5000.00 5000.00
 5000.00 5000.00 5000.00 5000.00 5000.00 5000.00 5000.00 5000.00 5000.00 5000.00 5000.00 5000.00 5000.00 5000.00 5000.00 5000.00 5000.00 5000.00 5000.00 5000.00 5000.00 5000.00 5000.00 5000.00 5000.00 5000.00 5000.00 5000.00 5000.00 5000.00 5000.00 5000.00 5000.00 5000.00 5000.00 5000.00
 5000.00 5000.00 5000.00 5000.00 5000.00 5000.00 5000.00 5000.00 5000.00 5000.00 5000.00 5000.00 5000.00 5000.00 5000.00 5000.00 5000.00 5000.00 5000.00 5000.00 5000.00 5000.00 5000.00 5000.00 5000.00 5000.00 5000.00 5000.00 5000.00 5000.00 5000.00 5000.00 5000.00 5000.00 5000.00 5000.00
 5000.00 5000.00 5000.00 5000.00 5000.00 5000.00 5000.00 5000.00 5000.00 5000.00 5000.00 5000.00 5000.00 5000.00 5000.00 5000.00 5000.00 5000.00 5000.00 5000.00 5000.00 5000.00 5000.00 5000.00 5000.00 5000.00 5000.00 5000.00 5000.00 5000.00 5000.00 5000.00 5000.00 5000.00 5000.00 5000.00
