  -2.4905646e-02
  -3.4320835e-02
  -3.9642608e-02
  -0.0000000e+00
  -0.0000000e+00
  -0.0000000e+00
  -0.0000000e+00
  -0.0000000e+00
  -0.0000000e+00
  -0.0000000e+00
  -0.0000000e+00
  -0.0000000e+00
  -0.0000000e+00
  -0.0000000e+00
  -0.0000000e+00
  -0.0000000e+00
  -0.0000000e+00
  -0.0000000e+00
   0.0000000e+00
   0.0000000e+00
   0.0000000e+00
   0.0000000e+00
   0.0000000e+00
   0.0000000e+00
   0.0000000e+00
   0.0000000e+00
   0.0000000e+00
   0.0000000e+00
   0.0000000e+00
   0.0000000e+00
   0.0000000e+00
   0.0000000e+00
  -0.0000000e+00
  -0.0000000e+00
  -1.8923244e-02
  -2.2819865e-02
  -3.0541044e-02
  -3.3031717e-02
  -3.3169739e-02
  -3.0330086e-02
  -2.9774344e-02
  -2.8334627e-02
  -2.4701869e-02
  -2.2948647e-02
  -1.7697999e-02
  -9.0697762e-03
  -3.0307437e-03
  -0.0000000e+00
  -0.0000000e+00
   2.0845188e-03
   3.2700270e-03
  -1.1305025e-04
  -6.2706480e-03
  -1.1117183e-02
  -1.1654747e-02
  -1.2443267e-02
  -1.6480514e-02
  -1.5704159e-02
  -0.0000000e+00
  -0.0000000e+00
  -4.1592857e-02
  -4.0244819e-02
  -3.1033953e-02
  -0.0000000e+00
  -0.0000000e+00
  -0.0000000e+00
  -0.0000000e+00
  -8.7255480e-03
  -1.4839495e-02
  -2.6627135e-02
  -3.2330304e-02
  -3.1460043e-02
   1.6310979e-02
   1.7521497e-02
   2.0529889e-02
   2.4564674e-02
   2.4502508e-02
   2.1349110e-02
   2.1368166e-02
   2.0557748e-02
   1.7458655e-02
   2.8468568e-02
   3.2221224e-02
   2.3179923e-02
   0.0000000e+00
   2.5807576e-02
   2.9338270e-02
   2.9454399e-02
   2.6414426e-02
   2.0862434e-02
   2.1793559e-02
   2.5157832e-02
   1.7951893e-02
   1.5939068e-02
   1.3399621e-02
   8.4575303e-03
  -1.7534476e-06
  -7.7759624e-03
  -9.6328207e-05
  -3.1631651e-04
   8.0781345e-03
   1.7537547e-02
   1.3396803e-02
   1.1255752e-02
   0.0000000e+00
   5.2062329e-03
   6.8230452e-03
   1.1021822e-02
   0.0000000e+00
   7.1270354e-02
   7.8352146e-02
   7.8013673e-02
   8.3839588e-02
   7.6259285e-02
   6.2798761e-02
   7.2195239e-02
   5.8028206e-02
   6.3242994e-02
   7.5727120e-02
   5.3044350e-02
   4.9411045e-02
   5.1941190e-02
   5.5752505e-02
   6.5224342e-02
   6.8424240e-02
   7.2373271e-02
   7.5597249e-02
   7.5108476e-02
   6.8622813e-02
   6.3485824e-02
   6.0678128e-02
   6.8540812e-02
   6.8448998e-02
   5.0121766e-02
   4.9616069e-02
   4.8163609e-02
   0.0000000e+00
   0.0000000e+00
   0.0000000e+00
   0.0000000e+00
   0.0000000e+00
   4.8904859e-02
   6.1232232e-02
   6.3898206e-02
   1.1797238e-01
   1.1245020e-01
   1.1597934e-01
   1.0897383e-01
   1.1295476e-01
   1.0993672e-01
   8.6829863e-02
   1.0348669e-01
   8.9960657e-02
   7.8266978e-02
   9.3613245e-02
   6.5389135e-02
   0.0000000e+00
   7.4859194e-02
   7.8200802e-02
   9.3675643e-02
   9.8604426e-02
   1.0773401e-01
   1.1425109e-01
   1.0394341e-01
   1.0018815e-01
   9.6831873e-02
   9.6798057e-02
   1.0664622e-01
   1.1189189e-01
   1.0562053e-01
   8.9537330e-02
   7.3702977e-02
   0.0000000e+00
   0.0000000e+00
   0.0000000e+00
   0.0000000e+00
   0.0000000e+00
   8.8673465e-02
   1.0099465e-01
   1.0614343e-01
   1.3723737e-01
   1.3137560e-01
   1.2446594e-01
   1.1622385e-01
   1.0869562e-01
   1.1087617e-01
   9.3329288e-02
   9.7454295e-02
   9.5867448e-02
   7.5685561e-02
   7.9789065e-02
   8.1496790e-02
   0.0000000e+00
   7.5201809e-02
   8.4990449e-02
   9.7500764e-02
   1.0189626e-01
   1.0410184e-01
   1.0882492e-01
   9.8546490e-02
   9.7866207e-02
   1.0722901e-01
   1.1246119e-01
   1.0973180e-01
   1.1475077e-01
   1.2542573e-01
   1.0422906e-01
   7.4974738e-02
   0.0000000e+00
   0.0000000e+00
   0.0000000e+00
   0.0000000e+00
   0.0000000e+00
   1.1470149e-01
   1.1409555e-01
   1.2009288e-01
   1.0797975e-01
   1.0841534e-01
   9.8094448e-02
   9.1961987e-02
   8.0271922e-02
   8.1551768e-02
   7.5396538e-02
   6.6953555e-02
   7.2245426e-02
   5.7638753e-02
   4.8075810e-02
   3.9242228e-02
   0.0000000e+00
   5.0390054e-02
   6.7671448e-02
   7.6354064e-02
   7.4251078e-02
   6.6851027e-02
   7.0118078e-02
   6.7657870e-02
   6.8914890e-02
   8.9595944e-02
   9.5405057e-02
   8.5063688e-02
   8.7550983e-02
   9.5402859e-02
   8.4054209e-02
   6.3063532e-02
   5.2975249e-02
   0.0000000e+00
   0.0000000e+00
   0.0000000e+00
   1.0673766e-01
   1.1156358e-01
   1.0055006e-01
   9.7238407e-02
   5.1564943e-02
   5.5974148e-02
   4.9458452e-02
   4.5179926e-02
   3.8089857e-02
   3.7798118e-02
   4.0218912e-02
   3.2689333e-02
   3.6580395e-02
   3.0631008e-02
   1.8566325e-02
   1.4258912e-02
   0.0000000e+00
   0.0000000e+00
   3.4259945e-02
   4.3227967e-02
   3.4051746e-02
   2.3180757e-02
   2.5635858e-02
   0.0000000e+00
   3.2831355e-02
   5.3935461e-02
   5.7015348e-02
   4.5161463e-02
   4.3767668e-02
   4.7571246e-02
   4.6026137e-02
   4.0259834e-02
   2.9404758e-02
   0.0000000e+00
   0.0000000e+00
   0.0000000e+00
   6.9972754e-02
   6.9992177e-02
   6.0085595e-02
   5.2174777e-02
  -2.4115306e-03
   8.1980159e-04
  -6.5368862e-04
  -3.2677646e-03
  -3.9145527e-03
  -2.9299743e-03
   3.2800722e-03
   3.3426997e-03
   4.0806849e-03
   2.0954467e-03
  -2.3826067e-03
  -4.0753696e-03
   0.0000000e+00
  -0.0000000e+00
   3.5927055e-04
   8.4111802e-03
  -1.9498933e-03
  -7.9247858e-03
  -3.6188662e-03
   0.0000000e+00
   0.0000000e+00
   1.7719869e-02
   1.6327791e-02
   7.8937607e-03
   1.4819457e-03
   6.7128320e-03
   7.7692317e-03
   4.2721615e-03
  -9.5839484e-04
  -7.3605526e-03
   0.0000000e+00
   0.0000000e+00
   1.6706740e-02
   1.5204400e-02
   8.3004879e-03
   3.3899173e-03
  -3.9130650e-02
  -3.8917296e-02
  -3.8600873e-02
  -3.8791835e-02
  -3.5421111e-02
  -3.1535927e-02
  -2.6118007e-02
  -2.0597240e-02
  -2.0331742e-02
  -2.3280228e-02
  -1.6344763e-02
  -1.2407457e-02
   0.0000000e+00
  -0.0000000e+00
  -2.3387264e-02
  -2.2344204e-02
  -2.7685162e-02
  -2.2422612e-02
  -1.5063727e-02
   0.0000000e+00
  -0.0000000e+00
  -1.5473748e-02
  -1.3913033e-02
  -1.3741165e-02
  -2.6306681e-02
  -2.3292774e-02
  -2.4615593e-02
  -3.3409134e-02
  -3.3548072e-02
  -2.5791245e-02
  -0.0000000e+00
  -0.0000000e+00
  -3.0038811e-02
  -2.9933002e-02
  -3.4673672e-02
  -3.5056803e-02
  -5.5077095e-02
  -5.6572091e-02
  -5.8022618e-02
  -5.4620780e-02
  -4.9823407e-02
  -4.3511063e-02
  -4.3902565e-02
  -4.1185673e-02
  -4.0511578e-02
  -4.6005491e-02
  -2.6880801e-02
  -1.2380255e-02
   0.0000000e+00
  -0.0000000e+00
  -0.0000000e+00
  -4.6061583e-02
  -4.3184340e-02
  -2.0305092e-02
  -1.5815102e-02
   0.0000000e+00
  -0.0000000e+00
  -3.8682316e-02
  -3.3629663e-02
  -1.8666232e-02
  -3.1273127e-02
  -4.8064638e-02
  -5.2883245e-02
  -5.9780501e-02
  -5.8866613e-02
  -4.1251245e-02
  -3.9564027e-02
  -5.0810359e-02
  -5.3782754e-02
  -5.4211996e-02
  -5.6962527e-02
  -5.6586560e-02
  -5.2451812e-02
  -5.1280696e-02
  -5.2172046e-02
  -4.6486143e-02
  -4.4173319e-02
  -4.0212322e-02
  -4.7631700e-02
  -5.0466023e-02
  -5.1207498e-02
  -5.4819934e-02
  -3.1345833e-02
  -1.3272623e-02
   0.0000000e+00
   0.0000000e+00
  -0.0000000e+00
  -5.0076704e-02
  -4.3929540e-02
  -1.4835880e-02
  -1.2845894e-02
   0.0000000e+00
  -0.0000000e+00
  -4.9331690e-02
  -4.0938254e-02
  -2.1642593e-02
  -2.3704959e-02
  -5.7217084e-02
  -7.4282542e-02
  -5.7615004e-02
  -5.9054419e-02
  -4.6902645e-02
  -4.6836529e-02
  -5.2887637e-02
  -4.7790658e-02
  -5.0097566e-02
  -5.0577212e-02
  -5.4641072e-02
  -4.1780375e-02
  -4.0450219e-02
  -3.9261904e-02
  -3.4513563e-02
  -3.4814604e-02
  -3.5477653e-02
  -4.6042137e-02
  -5.1868148e-02
  -5.4787546e-02
  -5.3181164e-02
  -2.9929506e-02
  -0.0000000e+00
   0.0000000e+00
   0.0000000e+00
  -0.0000000e+00
  -4.5769330e-02
  -3.8613379e-02
  -1.2462213e-02
  -1.2084240e-02
   0.0000000e+00
  -0.0000000e+00
  -5.3426478e-02
  -4.1996188e-02
  -2.8782010e-02
  -2.3907561e-02
  -4.8445243e-02
  -6.9445282e-02
  -4.8059158e-02
  -4.9815360e-02
  -4.4998497e-02
  -4.1232273e-02
  -4.0749874e-02
  -3.2934569e-02
  -3.4539375e-02
  -3.5487972e-02
  -4.1580439e-02
  -2.8269976e-02
  -2.8085787e-02
  -2.4936186e-02
  -2.2453688e-02
  -2.5340792e-02
  -3.0911503e-02
  -4.2612225e-02
  -4.9316604e-02
  -5.2458476e-02
  -4.3818112e-02
  -2.7402497e-02
   0.0000000e+00
   0.0000000e+00
   0.0000000e+00
  -0.0000000e+00
  -3.8986914e-02
  -3.0382169e-02
  -1.0338413e-02
  -1.1465616e-02
   0.0000000e+00
  -0.0000000e+00
  -5.3495564e-02
  -4.0047761e-02
  -3.6658133e-02
  -2.7761014e-02
  -3.3554636e-02
  -5.1225498e-02
  -3.5431813e-02
  -3.6367163e-02
  -3.6696851e-02
  -2.8067779e-02
  -2.2404939e-02
  -1.5213261e-02
  -1.5810931e-02
  -1.8372864e-02
  -2.5368646e-02
  -1.4928664e-02
  -1.8368872e-02
  -1.6170818e-02
  -1.6999064e-02
  -2.1869855e-02
  -2.9527893e-02
  -3.8872968e-02
  -4.1053321e-02
  -3.8772922e-02
  -2.3087533e-02
  -1.2697413e-02
   0.0000000e+00
   0.0000000e+00
   0.0000000e+00
  -0.0000000e+00
  -3.1253178e-02
  -1.9040268e-02
  -5.6563495e-03
  -9.3559613e-03
   0.0000000e+00
  -0.0000000e+00
  -4.9487352e-02
  -3.4905758e-02
  -3.8518187e-02
  -3.8792004e-02
  -2.2690872e-02
  -1.8642457e-02
  -2.0768126e-02
  -2.0008568e-02
  -1.5163833e-02
  -5.7295617e-03
   5.4556504e-04
   9.9300349e-04
  -8.0054108e-04
  -5.3807371e-03
  -1.1880039e-02
  -1.7669367e-02
  -2.1298531e-02
  -2.2784675e-02
  -2.5228621e-02
  -3.0434122e-02
  -3.4486517e-02
  -3.9916061e-02
  -3.6747608e-02
  -2.2544133e-02
  -3.5205414e-03
   2.0767005e-03
   0.0000000e+00
   0.0000000e+00
   0.0000000e+00
  -0.0000000e+00
  -2.5813336e-02
  -1.1168635e-02
   3.2315887e-03
  -0.0000000e+00
   0.0000000e+00
  -0.0000000e+00
  -4.3616008e-02
  -3.1438749e-02
  -2.5258028e-02
  -3.5975253e-02
  -2.8305423e-02
  -1.1506543e-02
  -8.5268067e-03
  -1.0779323e-02
  -5.8786697e-03
   9.8425517e-05
   8.7961060e-04
  -4.5066490e-03
  -8.8571887e-03
  -1.2776886e-02
  -1.7583670e-02
  -2.1640947e-02
  -2.4660917e-02
  -2.7976340e-02
  -3.0854268e-02
  -3.5074618e-02
  -3.6201287e-02
  -3.8227409e-02
  -3.3073556e-02
  -1.4397346e-02
   6.6938046e-03
   1.2898295e-02
   0.0000000e+00
   0.0000000e+00
  -0.0000000e+00
  -0.0000000e+00
  -1.7772654e-02
  -3.8419834e-03
   1.0266855e-02
   0.0000000e+00
   0.0000000e+00
  -0.0000000e+00
  -3.7670354e-02
  -2.5766116e-02
  -1.3134168e-02
  -0.0000000e+00
  -3.4936052e-02
  -1.0424998e-02
  -2.3734891e-04
  -4.7190944e-03
  -3.8597966e-03
  -1.3758832e-03
  -3.3635125e-03
  -1.0700209e-02
  -1.5912985e-02
  -1.8747991e-02
  -2.2260856e-02
  -2.4426561e-02
  -2.6221657e-02
  -3.0100804e-02
  -3.2392684e-02
  -3.4516454e-02
  -3.2504354e-02
  -3.1070646e-02
  -2.6218612e-02
  -8.6211059e-03
   1.2856411e-02
   2.0483136e-02
   0.0000000e+00
   0.0000000e+00
  -0.0000000e+00
  -2.3080273e-02
  -7.2237053e-03
   4.0445356e-03
   1.5158564e-02
   0.0000000e+00
   0.0000000e+00
   0.0000000e+00
  -0.0000000e+00
  -1.8415464e-02
  -4.2452988e-04
  -0.0000000e+00
  -4.0021352e-02
  -1.1014255e-02
   5.4233471e-03
   5.4567690e-05
  -0.0000000e+00
  -5.4474957e-03
  -9.0175101e-03
  -1.6721295e-02
  -2.1626325e-02
  -2.2736544e-02
  -2.4899598e-02
  -2.7840229e-02
  -3.0128289e-02
  -3.0618105e-02
  -3.3234373e-02
  -3.2613143e-02
  -3.0416138e-02
  -2.8487191e-02
  -2.2323785e-02
  -1.6335957e-02
  -3.4315514e-04
   7.0324471e-03
   0.0000000e+00
   0.0000000e+00
  -0.0000000e+00
  -1.5142811e-02
   8.0572177e-03
   9.8182476e-03
   1.0581712e-02
   0.0000000e+00
   0.0000000e+00
   0.0000000e+00
  -0.0000000e+00
  -4.6170037e-03
   8.5675313e-03
  -0.0000000e+00
  -0.0000000e+00
  -1.3417091e-02
   2.6341836e-03
   0.0000000e+00
  -0.0000000e+00
  -1.2763598e-02
  -0.0000000e+00
  -2.4825068e-02
  -2.6915204e-02
  -2.6700806e-02
  -2.7208751e-02
  -3.0000998e-02
  -2.9920399e-02
  -3.0585675e-02
  -3.1384163e-02
  -3.2805301e-02
  -3.0586453e-02
  -2.8724959e-02
  -2.5245881e-02
  -2.6249386e-02
  -1.6849217e-02
  -1.8561231e-02
   0.0000000e+00
  -0.0000000e+00
  -3.7759934e-02
  -1.1075033e-02
   1.2152591e-02
   0.0000000e+00
   0.0000000e+00
   0.0000000e+00
   0.0000000e+00
   0.0000000e+00
   0.0000000e+00
   1.9324952e-03
   7.3423265e-03
   0.0000000e+00
  -0.0000000e+00
  -0.0000000e+00
  -0.0000000e+00
   0.0000000e+00
  -0.0000000e+00
  -1.5864315e-02
  -2.4322508e-02
  -3.0698933e-02
  -3.5285886e-02
  -3.0658858e-02
  -3.1326443e-02
  -2.9427916e-02
  -2.6455203e-02
  -2.6741741e-02
  -2.6006391e-02
  -2.9731506e-02
  -2.6733778e-02
  -2.4470186e-02
  -2.3920028e-02
  -3.2366201e-02
  -3.3259877e-02
  -3.6701255e-02
  -0.0000000e+00
  -0.0000000e+00
  -4.6555318e-02
  -8.1149358e-03
   1.5504321e-02
   0.0000000e+00
   0.0000000e+00
   0.0000000e+00
   0.0000000e+00
   0.0000000e+00
   0.0000000e+00
   0.0000000e+00
   0.0000000e+00
   0.0000000e+00
   0.0000000e+00
  -0.0000000e+00
   0.0000000e+00
   0.0000000e+00
  -0.0000000e+00
  -1.9382374e-02
  -3.0889966e-02
  -3.6594041e-02
  -4.3880112e-02
  -3.4919553e-02
  -3.5087481e-02
  -2.7588651e-02
  -2.1220220e-02
  -2.0483622e-02
  -1.9103317e-02
  -2.6501505e-02
  -2.1580035e-02
  -1.8647926e-02
  -2.0571055e-02
  -3.2853751e-02
  -5.1755440e-02
  -0.0000000e+00
  -5.5772881e-02
  -5.7279192e-02
  -5.6974202e-02
  -1.1504425e-02
   8.2630982e-03
   0.0000000e+00
   0.0000000e+00
   0.0000000e+00
   0.0000000e+00
   0.0000000e+00
   0.0000000e+00
   0.0000000e+00
   0.0000000e+00
   0.0000000e+00
   0.0000000e+00
   0.0000000e+00
   0.0000000e+00
  -0.0000000e+00
  -1.2026175e-02
  -2.5196159e-02
  -3.7563413e-02
  -4.5033086e-02
  -5.6035236e-02
  -4.3096859e-02
  -4.1773256e-02
  -3.4103911e-02
  -2.8788555e-02
  -2.3405952e-02
  -2.5761550e-02
  -3.1686507e-02
  -2.6009679e-02
  -2.0248348e-02
  -2.0058978e-02
  -3.0967644e-02
  -0.0000000e+00
  -5.6585379e-02
  -5.5818342e-02
  -6.4039871e-02
  -6.6008441e-02
  -3.1337284e-02
  -1.1318100e-02
   0.0000000e+00
   0.0000000e+00
   0.0000000e+00
   0.0000000e+00
   0.0000000e+00
   0.0000000e+00
   0.0000000e+00
   0.0000000e+00
   0.0000000e+00
   0.0000000e+00
   0.0000000e+00
   0.0000000e+00
  -0.0000000e+00
  -2.7614614e-02
  -4.4650860e-02
  -4.7634620e-02
  -6.2728524e-02
  -6.9374569e-02
  -6.0624015e-02
  -5.4529816e-02
  -4.2699687e-02
  -3.8017366e-02
  -3.0664418e-02
  -3.6064230e-02
  -3.8061175e-02
  -3.3084325e-02
  -2.3186307e-02
  -2.0921774e-02
  -2.7593284e-02
  -0.0000000e+00
  -4.0467923e-02
  -5.0733745e-02
  -6.0871851e-02
  -6.4619534e-02
  -5.0893012e-02
  -2.8866799e-02
   0.0000000e+00
   0.0000000e+00
   0.0000000e+00
   0.0000000e+00
   0.0000000e+00
  -0.0000000e+00
  -0.0000000e+00
   0.0000000e+00
   0.0000000e+00
   0.0000000e+00
   0.0000000e+00
   0.0000000e+00
  -0.0000000e+00
  -4.5163248e-02
  -6.0300279e-02
  -5.7668995e-02
  -7.1726382e-02
  -7.1124852e-02
  -6.7993045e-02
  -5.8974311e-02
  -4.9050979e-02
  -4.4121865e-02
  -3.7741687e-02
  -4.4985216e-02
  -4.3074239e-02
  -3.8523547e-02
  -2.5211439e-02
  -2.1847468e-02
  -0.0000000e+00
  -2.2180423e-02
  -2.7476670e-02
  -4.2773966e-02
  -5.2631110e-02
  -5.8212943e-02
  -6.4429656e-02
  -3.8902413e-02
   0.0000000e+00
   0.0000000e+00
   0.0000000e+00
   0.0000000e+00
   0.0000000e+00
  -0.0000000e+00
  -0.0000000e+00
  -0.0000000e+00
   0.0000000e+00
   0.0000000e+00
   0.0000000e+00
   0.0000000e+00
  -0.0000000e+00
  -5.8521177e-02
  -6.9640331e-02
  -6.2729582e-02
  -7.3163241e-02
  -6.6986293e-02
  -6.8614490e-02
  -5.8504242e-02
  -4.6956651e-02
  -4.0126465e-02
  -4.1446943e-02
  -4.7600176e-02
  -4.3904297e-02
  -3.7156068e-02
  -2.4474908e-02
  -2.3761420e-02
  -0.0000000e+00
  -1.5337383e-02
  -2.3000670e-02
  -3.0891579e-02
  -3.5663951e-02
  -4.2204753e-02
  -5.9139043e-02
  -3.4500057e-02
  -0.0000000e+00
   0.0000000e+00
  -0.0000000e+00
  -0.0000000e+00
  -0.0000000e+00
  -0.0000000e+00
  -0.0000000e+00
   0.0000000e+00
   0.0000000e+00
   0.0000000e+00
   0.0000000e+00
   0.0000000e+00
   0.0000000e+00
  -0.0000000e+00
  -6.3522287e-02
  -5.7990659e-02
  -5.7249144e-02
  -5.2111473e-02
  -5.4720327e-02
  -4.8661202e-02
  -1.1927928e-02
  -8.4395166e-03
  -1.8640183e-02
  -2.5061756e-02
  -2.4853827e-02
  -2.0727970e-02
  -1.7035820e-02
  -1.8254350e-02
  -0.0000000e+00
  -9.0226204e-03
  -1.4311881e-02
  -1.0038051e-02
  -1.0595181e-02
  -1.4207234e-02
  -2.4390401e-02
  -2.3092585e-02
  -1.7617449e-02
   0.0000000e+00
  -0.0000000e+00
  -0.0000000e+00
  -0.0000000e+00
  -0.0000000e+00
  -0.0000000e+00
   0.0000000e+00
   0.0000000e+00
   0.0000000e+00
   0.0000000e+00
   0.0000000e+00
   0.0000000e+00
  -0.0000000e+00
  -3.3233017e-02
  -3.0787664e-02
  -2.4897043e-02
  -2.2812787e-02
  -2.0869181e-02
  -1.6015166e-02
   4.6641733e-02
   4.3044873e-02
   2.7646899e-02
   1.4630276e-02
   8.0498373e-03
  -5.9624348e-04
  -4.1025798e-03
  -2.4118025e-03
   0.0000000e+00
   0.0000000e+00
   0.0000000e+00
   1.5508940e-02
   2.0103505e-02
   1.9568697e-02
   7.2772633e-03
  -7.9351012e-03
  -8.9205564e-03
  -0.0000000e+00
  -0.0000000e+00
  -0.0000000e+00
  -0.0000000e+00
  -0.0000000e+00
   0.0000000e+00
   0.0000000e+00
   0.0000000e+00
   0.0000000e+00
   0.0000000e+00
   0.0000000e+00
   0.0000000e+00
  -0.0000000e+00
   9.0444982e-03
   1.8695008e-02
   2.2571266e-02
   2.5172036e-02
   3.0439978e-02
   4.0355325e-02
   1.1600432e-01
   1.0385418e-01
   8.2567126e-02
   6.1700612e-02
   4.6473965e-02
   2.1002712e-02
   9.7731296e-03
   0.0000000e+00
   0.0000000e+00
   0.0000000e+00
   0.0000000e+00
   3.9158743e-02
   5.4571770e-02
   5.6698576e-02
   3.9322749e-02
   1.9312887e-02
   8.2532974e-03
   0.0000000e+00
   0.0000000e+00
  -0.0000000e+00
  -0.0000000e+00
  -0.0000000e+00
   0.0000000e+00
   0.0000000e+00
   0.0000000e+00
   0.0000000e+00
   0.0000000e+00
   0.0000000e+00
   0.0000000e+00
   0.0000000e+00
   0.0000000e+00
   8.3468765e-02
   8.9121014e-02
   9.8251626e-02
   1.0522999e-01
   1.1771532e-01
   1.7502566e-01
   1.5541083e-01
   1.2363862e-01
   9.8812789e-02
   7.3393509e-02
   3.8590718e-02
   2.8994964e-02
   0.0000000e+00
   0.0000000e+00
   0.0000000e+00
   0.0000000e+00
   0.0000000e+00
   7.8668520e-02
   8.3959668e-02
   7.1088508e-02
   6.0745031e-02
   5.2479430e-02
   0.0000000e+00
   0.0000000e+00
   0.0000000e+00
   0.0000000e+00
   0.0000000e+00
   0.0000000e+00
   0.0000000e+00
   0.0000000e+00
   0.0000000e+00
   0.0000000e+00
   0.0000000e+00
   0.0000000e+00
   0.0000000e+00
   0.0000000e+00
   1.4428474e-01
   1.6307189e-01
   1.8206258e-01
   1.9066471e-01
   1.9513427e-01
   1.8910782e-01
   1.6604307e-01
   1.2502031e-01
   1.0212909e-01
   6.9006585e-02
   4.3266218e-02
   4.9359579e-02
   0.0000000e+00
   0.0000000e+00
   0.0000000e+00
   0.0000000e+00
   0.0000000e+00
   0.0000000e+00
   8.9793682e-02
   9.5572039e-02
   9.7180180e-02
   6.7237591e-02
   0.0000000e+00
   0.0000000e+00
   0.0000000e+00
   0.0000000e+00
   0.0000000e+00
   0.0000000e+00
   0.0000000e+00
   0.0000000e+00
   0.0000000e+00
   0.0000000e+00
   0.0000000e+00
   0.0000000e+00
   0.0000000e+00
   0.0000000e+00
   1.6854185e-01
   2.0569074e-01
   2.2368503e-01
   2.3084034e-01
   2.2134213e-01
   1.4262246e-01
   1.2108499e-01
   8.6656652e-02
   6.7162596e-02
   3.7985329e-02
   3.1788688e-02
   4.6677579e-02
   0.0000000e+00
   0.0000000e+00
   0.0000000e+00
   0.0000000e+00
   0.0000000e+00
   0.0000000e+00
   0.0000000e+00
   8.8813953e-02
   8.6844839e-02
   7.9666528e-02
   0.0000000e+00
   0.0000000e+00
   0.0000000e+00
   0.0000000e+00
   0.0000000e+00
   0.0000000e+00
   0.0000000e+00
   0.0000000e+00
   0.0000000e+00
   0.0000000e+00
   0.0000000e+00
   0.0000000e+00
   0.0000000e+00
   0.0000000e+00
   1.3572832e-01
   1.6628638e-01
   1.7173608e-01
   1.7266548e-01
   1.6380683e-01
   6.1166909e-02
   4.9896274e-02
   3.4031030e-02
   2.0895036e-02
   9.6901497e-03
   1.6819668e-02
   0.0000000e+00
   0.0000000e+00
   0.0000000e+00
   0.0000000e+00
   0.0000000e+00
   0.0000000e+00
   0.0000000e+00
   3.3464469e-02
   3.3876916e-02
   2.6498444e-02
   8.8558354e-03
   0.0000000e+00
   0.0000000e+00
   0.0000000e+00
   0.0000000e+00
   0.0000000e+00
   0.0000000e+00
   0.0000000e+00
   0.0000000e+00
   0.0000000e+00
   0.0000000e+00
   0.0000000e+00
   0.0000000e+00
   0.0000000e+00
   0.0000000e+00
   0.0000000e+00
   6.5041147e-02
   7.4454367e-02
   6.6591300e-02
   6.6362940e-02
  -2.3972822e-02
  -1.5673401e-02
  -1.0003749e-02
  -1.2849929e-02
  -5.9048999e-03
  -0.0000000e+00
   0.0000000e+00
   0.0000000e+00
   0.0000000e+00
   0.0000000e+00
   0.0000000e+00
   0.0000000e+00
   0.0000000e+00
   2.7116124e-03
  -0.0000000e+00
  -2.3004258e-02
  -2.2641277e-02
  -1.5079218e-02
  -0.0000000e+00
   0.0000000e+00
   0.0000000e+00
   0.0000000e+00
   0.0000000e+00
   0.0000000e+00
   0.0000000e+00
   0.0000000e+00
   0.0000000e+00
   0.0000000e+00
   0.0000000e+00
   0.0000000e+00
   0.0000000e+00
   0.0000000e+00
  -1.6485384e-02
  -1.9739305e-02
  -2.0924762e-02
  -2.5312526e-02
  -0.0000000e+00
  -0.0000000e+00
   0.0000000e+00
   0.0000000e+00
   0.0000000e+00
   0.0000000e+00
   0.0000000e+00
   0.0000000e+00
   0.0000000e+00
   0.0000000e+00
   0.0000000e+00
   0.0000000e+00
  -0.0000000e+00
  -9.5617134e-03
  -0.0000000e+00
  -0.0000000e+00
  -0.0000000e+00
  -2.2476776e-02
  -1.9595025e-02
  -0.0000000e+00
  -0.0000000e+00
  -0.0000000e+00
   0.0000000e+00
   0.0000000e+00
   0.0000000e+00
   0.0000000e+00
   0.0000000e+00
   0.0000000e+00
   0.0000000e+00
   0.0000000e+00
   0.0000000e+00
   0.0000000e+00
   0.0000000e+00
   0.0000000e+00
  -0.0000000e+00
  -0.0000000e+00
  -0.0000000e+00
  -0.0000000e+00
  -0.0000000e+00
  -0.0000000e+00
  -0.0000000e+00
  -0.0000000e+00
  -0.0000000e+00
  -0.0000000e+00
  -0.0000000e+00
  -0.0000000e+00
  -0.0000000e+00
  -0.0000000e+00
  -0.0000000e+00
  -9.5710430e-03
  -0.0000000e+00
  -0.0000000e+00
  -0.0000000e+00
  -0.0000000e+00
  -1.1428076e-02
  -1.0879980e-02
  -8.7804035e-03
  -5.8528513e-03
  -2.1219733e-04
   0.0000000e+00
   0.0000000e+00
   0.0000000e+00
   0.0000000e+00
   0.0000000e+00
   0.0000000e+00
   0.0000000e+00
   0.0000000e+00
   0.0000000e+00
   0.0000000e+00
   0.0000000e+00
   0.0000000e+00
  -0.0000000e+00
