   6.5449314e-02
   4.5959358e-02
   2.4504740e-02
   7.1355395e-03
  -1.2152365e-02
  -7.9107203e-03
  -0.0000000e+00
   0.0000000e+00
   0.0000000e+00
  -0.0000000e+00
   0.0000000e+00
   0.0000000e+00
   2.8800383e-02
   1.4596074e-02
   1.2741887e-02
  -0.0000000e+00
   0.0000000e+00
   0.0000000e+00
   0.0000000e+00
   0.0000000e+00
   0.0000000e+00
   0.0000000e+00
   0.0000000e+00
   0.0000000e+00
   0.0000000e+00
   0.0000000e+00
   0.0000000e+00
   0.0000000e+00
   0.0000000e+00
   0.0000000e+00
   0.0000000e+00
   0.0000000e+00
   0.0000000e+00
   0.0000000e+00
   0.0000000e+00
   9.8010720e-02
   3.2395888e-02
   2.9047629e-02
   2.0135362e-02
   1.2371384e-02
  -4.6434063e-03
  -1.5497227e-02
  -2.0387987e-02
  -2.3085846e-02
  -2.5054441e-02
  -2.7286394e-02
  -3.1405555e-02
   2.1846335e-02
   1.1116021e-02
   1.6995493e-02
   2.3046412e-02
   2.1746760e-02
   1.3563069e-02
   5.4066346e-03
   2.8355743e-03
  -2.4202071e-03
  -7.1401864e-03
  -1.3858626e-02
  -1.0994177e-02
   2.4883881e-02
   4.7335398e-02
   2.3103233e-02
   1.7506128e-02
   2.1924028e-02
   2.1005060e-02
   2.8804909e-03
  -7.8358053e-03
  -4.1977674e-03
   8.0937373e-03
   4.9479402e-03
   1.9098567e-02
   3.4549069e-02
   6.7719431e-03
   1.2514387e-02
   9.7761191e-03
   2.6459689e-03
  -1.1497218e-02
  -2.5282901e-02
  -3.5917956e-02
  -4.1223038e-02
  -4.3962583e-02
  -4.9633209e-02
  -3.5572802e-02
   5.2405474e-04
   8.0512995e-03
   1.6156496e-02
   2.2694169e-02
   2.2063993e-02
   1.1824166e-02
  -4.2145229e-03
  -1.8718004e-02
  -3.0717671e-02
  -3.4660678e-02
  -3.0808330e-02
  -2.0861132e-02
  -4.2000413e-03
   9.6213259e-03
   1.7787648e-02
   2.1045806e-02
   9.6709244e-03
  -7.7922740e-03
  -2.5136400e-02
  -4.0460244e-02
  -4.6778992e-02
  -4.3919660e-02
  -3.4814090e-02
  -2.3030918e-02
  -8.4221093e-03
   1.7141182e-03
   7.8836456e-03
   4.6165069e-03
  -4.4957707e-03
  -1.8809127e-02
  -3.1987898e-02
  -4.2196497e-02
  -4.6967313e-02
  -4.8170619e-02
  -6.7243278e-02
  -7.8021343e-02
   4.0168704e-03
   4.8803268e-03
   1.1107906e-02
   1.3414495e-02
   8.4482078e-03
  -5.5839862e-03
  -2.3207661e-02
  -3.9644528e-02
  -5.0688908e-02
  -5.0502907e-02
  -4.3419722e-02
  -3.2851186e-02
  -1.8164886e-02
  -7.8347269e-03
   9.4156731e-03
   1.9488303e-02
  -2.7060653e-03
  -2.8793963e-02
  -4.7402773e-02
  -6.1781153e-02
  -6.3138962e-02
  -5.1844612e-02
  -4.0680524e-02
  -3.0650090e-02
  -1.4547893e-02
   2.9269697e-03
   3.9820280e-03
  -7.5225328e-04
  -8.6022187e-03
  -2.0877318e-02
  -3.2668352e-02
  -3.9584685e-02
  -4.0208165e-02
  -3.5582118e-02
  -4.2397734e-02
   0.0000000e+00
  -1.6712394e-02
  -5.1395791e-03
   3.4809797e-03
   2.1559699e-03
  -5.0216205e-03
  -1.8607140e-02
  -3.3154618e-02
  -4.5444924e-02
  -4.8130319e-02
  -4.2190738e-02
  -3.6818136e-02
  -2.8994512e-02
  -1.8262310e-02
  -7.8196600e-03
   1.9306481e-02
   1.8682450e-02
  -1.1241826e-02
  -3.4214664e-02
  -4.5852140e-02
  -5.5192098e-02
  -5.0005026e-02
  -3.5359187e-02
  -2.6823929e-02
  -2.3648717e-02
  -3.6233295e-03
  -5.9942919e-03
  -3.1062334e-03
  -4.2289724e-03
  -8.8638548e-03
  -1.8196532e-02
  -2.6182610e-02
  -2.9715503e-02
  -2.8661664e-02
  -1.9136481e-02
  -5.6288595e-03
   0.0000000e+00
  -0.0000000e+00
  -9.1670655e-03
  -8.4495375e-04
  -6.1754373e-03
  -1.3870158e-02
  -2.3666130e-02
  -3.1018570e-02
  -3.2557452e-02
  -2.5784906e-02
  -1.9248754e-02
  -1.7242077e-02
  -1.4170135e-02
  -8.8063936e-03
   1.9346628e-03
   2.1671621e-02
   9.6740567e-03
  -1.1928324e-02
  -2.0071409e-02
  -3.0517664e-02
  -3.6776776e-02
  -3.1499692e-02
  -9.6632518e-03
  -8.7071942e-03
  -1.3737522e-02
  -5.1464016e-03
  -1.0013280e-02
  -4.0266193e-03
  -2.4108356e-03
  -4.8399679e-03
  -1.0460602e-02
  -1.6074849e-02
  -1.9633818e-02
  -1.8181687e-02
  -4.6295878e-03
   2.3846162e-02
   0.0000000e+00
  -0.0000000e+00
  -1.0367665e-02
  -9.1801211e-03
  -1.4410111e-02
  -1.8056620e-02
  -1.9998867e-02
  -1.6715951e-02
  -6.9991034e-03
   2.8024265e-03
  -1.6951920e-03
  -3.7245690e-03
  -5.7687829e-03
  -5.7294061e-03
   1.7352080e-03
   8.5006477e-03
   4.3003010e-03
   1.4520591e-03
   5.4558520e-03
  -1.9014768e-02
  -1.6871920e-02
  -1.6941116e-02
   0.0000000e+00
   2.5346822e-03
  -6.1458563e-03
  -9.2864912e-03
  -4.8456639e-03
   1.8521902e-03
   3.9131520e-03
   3.6133705e-03
  -1.7383806e-03
  -8.3357049e-03
  -1.3772494e-02
  -1.0334572e-02
   7.0379238e-03
   4.5016922e-02
   0.0000000e+00
  -0.0000000e+00
  -1.3649324e-02
  -1.9350937e-02
  -1.9858175e-02
  -1.5094693e-02
  -7.9436032e-03
   3.8428302e-03
   2.9201478e-02
   1.4249148e-02
  -9.2219373e-04
  -2.5231019e-03
  -7.7206972e-03
  -1.0949743e-02
  -3.7135929e-03
   5.7865693e-03
   1.4445376e-02
   2.7849948e-02
   3.5602885e-02
  -1.6377984e-02
  -1.5020366e-03
   0.0000000e+00
   0.0000000e+00
   5.1716976e-03
  -4.8467466e-03
  -8.1240991e-03
   2.5212984e-03
   8.6440705e-03
   1.0009274e-02
   9.6783713e-03
   2.2714122e-03
  -6.1950213e-03
  -1.1339458e-02
  -5.3001787e-03
   1.4649394e-02
   5.2283339e-02
   0.0000000e+00
   0.0000000e+00
  -0.0000000e+00
  -2.4174403e-02
  -1.7560087e-02
  -7.4266368e-03
   2.7837628e-03
   2.1828510e-02
   5.6173082e-02
   0.0000000e+00
  -0.0000000e+00
  -1.2083257e-03
  -1.0768162e-02
  -9.6818097e-03
   2.2345241e-03
   1.5736815e-02
   2.9207561e-02
   4.9542006e-02
   5.5633623e-02
   0.0000000e+00
   0.0000000e+00
   0.0000000e+00
   0.0000000e+00
   7.4935518e-03
  -2.2124097e-05
  -2.1245715e-03
   1.0619400e-02
   1.5455589e-02
   1.5330935e-02
   1.2616022e-02
   1.6584091e-03
  -7.6824347e-03
  -9.4766086e-03
   7.3220523e-04
   2.1904774e-02
   5.0032437e-02
   2.7948727e-02
   0.0000000e+00
   0.0000000e+00
  -3.0512471e-02
  -1.4364287e-02
  -1.1237913e-04
   1.4095207e-02
   4.4276241e-02
   7.9869938e-02
   0.0000000e+00
   0.0000000e+00
   4.1523121e-03
  -1.2115723e-02
   6.3863926e-04
   1.4722863e-02
   2.8947191e-02
   4.3699309e-02
   6.5464586e-02
   7.0905844e-02
   0.0000000e+00
   0.0000000e+00
   0.0000000e+00
   0.0000000e+00
   1.3330862e-02
   7.4929153e-03
   6.0613393e-03
   1.5603378e-02
   1.8673602e-02
   1.6816232e-02
   1.0703566e-02
  -2.7830913e-03
  -9.7153261e-03
  -7.0075816e-03
   6.1798692e-03
   2.6507042e-02
   4.7083005e-02
   3.3973279e-02
   0.0000000e+00
   0.0000000e+00
  -3.5633743e-02
  -1.2907926e-02
   4.6854676e-03
   2.4890568e-02
   6.0751136e-02
   8.2696003e-02
   0.0000000e+00
   0.0000000e+00
   7.7138312e-03
  -4.3648608e-03
   8.9660296e-03
   2.2413652e-02
   3.7022684e-02
   5.1639296e-02
   6.7605995e-02
   4.7934044e-02
   0.0000000e+00
   0.0000000e+00
   0.0000000e+00
   0.0000000e+00
   1.8259395e-02
   1.2431846e-02
   1.1328978e-02
   1.7426126e-02
   1.7808367e-02
   1.3524944e-02
   4.1048974e-03
  -6.8450519e-03
  -7.6345010e-03
  -1.0654487e-04
   1.4680961e-02
   3.3247557e-02
   4.7805693e-02
   3.3057461e-02
   0.0000000e+00
   0.0000000e+00
  -0.0000000e+00
  -7.5831441e-03
   1.3618298e-02
   3.8246453e-02
   6.8541862e-02
   6.1187640e-02
   0.0000000e+00
   0.0000000e+00
  -1.4587285e-03
   5.3950917e-03
   1.6632276e-02
   3.0069094e-02
   4.5848068e-02
   5.8601685e-02
   6.2935375e-02
   3.0763282e-02
   6.3614852e-03
   0.0000000e+00
   0.0000000e+00
   0.0000000e+00
   1.9970283e-02
   1.5166237e-02
   1.4218459e-02
   1.2847748e-02
   1.0967041e-02
   5.6118234e-03
  -1.8778192e-03
  -5.8761467e-03
  -1.1220900e-03
   8.9613339e-03
   2.4386590e-02
   4.2615451e-02
   5.0939269e-02
   2.6136029e-02
   0.0000000e+00
   0.0000000e+00
  -0.0000000e+00
   3.6289725e-03
   2.5158403e-02
   4.8284683e-02
   6.4121068e-02
   5.6636713e-02
   0.0000000e+00
   0.0000000e+00
   0.0000000e+00
   2.0401981e-02
   2.4403686e-02
   3.7254475e-02
   5.2533198e-02
   6.1532453e-02
   5.6037568e-02
   2.5214469e-02
   2.3232386e-03
   0.0000000e+00
   0.0000000e+00
   2.6011978e-02
   1.8762562e-02
   1.3807109e-02
   1.1958714e-02
   2.6873390e-03
   5.3211226e-04
  -2.0858538e-03
  -4.0482427e-03
  -1.3596545e-03
   6.6829044e-03
   1.6954113e-02
   3.0022481e-02
   4.4897754e-02
   5.0735186e-02
   0.0000000e+00
   0.0000000e+00
   0.0000000e+00
  -0.0000000e+00
   1.5951282e-02
   3.4020718e-02
   4.9979310e-02
   5.0367773e-02
   2.1826527e-02
   0.0000000e+00
   0.0000000e+00
   0.0000000e+00
   3.0740276e-02
   3.1336021e-02
   4.1101430e-02
   5.2985936e-02
   5.6746408e-02
   4.4650175e-02
   1.8304644e-02
   3.2321803e-04
  -1.3511921e-03
   1.3494820e-02
   2.3343967e-02
   1.4786806e-02
   7.5329021e-03
   3.5697217e-03
  -1.1151097e-02
  -1.1417281e-02
  -9.8858317e-03
  -6.6577252e-03
   8.1891561e-04
   1.2123697e-02
   2.2976657e-02
   3.1406622e-02
   3.5917688e-02
   3.5813912e-02
   0.0000000e+00
   0.0000000e+00
   0.0000000e+00
   0.0000000e+00
   2.5528088e-02
   3.6340661e-02
   4.3186061e-02
   3.3722542e-02
   9.8641798e-03
   0.0000000e+00
   0.0000000e+00
   0.0000000e+00
   2.6942131e-02
   3.5235681e-02
   4.0867373e-02
   4.6839349e-02
   4.2553023e-02
   2.6663624e-02
   9.7612832e-03
   2.7119508e-03
   1.1619771e-02
   2.4796076e-02
   1.5886352e-02
   4.4011548e-03
  -5.1837806e-03
  -9.6946117e-03
  -2.4114605e-02
  -2.4508035e-02
  -2.3099907e-02
  -1.9558325e-02
  -1.1770166e-02
  -7.3829899e-04
   9.6620927e-03
   1.6102767e-02
   1.5744379e-02
   1.1894573e-02
   0.0000000e+00
   0.0000000e+00
   0.0000000e+00
   0.0000000e+00
   2.8251424e-02
   3.2595489e-02
   3.3925131e-02
   2.1640833e-02
   5.5384739e-03
   0.0000000e+00
   0.0000000e+00
   0.0000000e+00
   3.1529266e-02
   3.4510024e-02
   3.6652289e-02
   3.7367307e-02
   2.6769631e-02
   1.1515473e-02
   4.6047699e-03
   2.8872155e-03
   7.7289180e-03
   0.0000000e+00
   3.7821585e-03
  -1.1475286e-02
  -1.9632872e-02
  -2.2629816e-02
  -2.6777543e-02
  -2.8815342e-02
  -3.0127147e-02
  -3.0027676e-02
  -2.6930787e-02
  -2.2645233e-02
  -1.8603176e-02
  -1.6168809e-02
  -1.4055855e-02
  -1.4295575e-02
   0.0000000e+00
   0.0000000e+00
   0.0000000e+00
   0.0000000e+00
   2.4241628e-02
   2.5934603e-02
   2.6008239e-02
   1.4893089e-02
   6.6000782e-04
   0.0000000e+00
   0.0000000e+00
   0.0000000e+00
   2.4733121e-02
   2.8147176e-02
   2.8595366e-02
   2.7617641e-02
   1.6926618e-02
   6.5394718e-03
   3.1946743e-03
   1.7567180e-03
  -1.6082536e-03
  -5.6741208e-03
  -5.9556241e-03
  -1.9065829e-02
  -2.3327626e-02
  -2.5016801e-02
  -1.2459312e-02
  -1.3874019e-02
  -1.5660169e-02
  -1.7365763e-02
  -1.8756177e-02
  -2.0483182e-02
  -2.3363338e-02
  -2.9500364e-02
  -3.2820653e-02
  -3.1476788e-02
   0.0000000e+00
   0.0000000e+00
   0.0000000e+00
  -5.5018990e-03
   1.2106856e-02
   1.5293965e-02
   1.8203282e-02
   1.3168230e-02
   3.8241742e-04
   0.0000000e+00
   0.0000000e+00
   0.0000000e+00
   2.0070884e-02
   2.0190766e-02
   1.7872216e-02
   1.9087616e-02
   1.1930011e-02
   2.9599454e-03
  -5.2628656e-03
  -0.0000000e+00
  -2.3038846e-03
  -1.5171380e-03
  -4.4192573e-03
  -1.0658640e-02
  -1.1864377e-02
  -1.2039682e-02
   1.2816806e-03
   2.1309210e-03
   1.7474487e-03
   7.1083466e-04
  -9.1058471e-04
  -3.9441986e-03
  -9.5805701e-03
  -1.9921557e-02
  -3.2678898e-02
  -3.2865083e-02
   0.0000000e+00
   0.0000000e+00
  -0.0000000e+00
  -1.6620502e-02
  -3.5783942e-03
   4.7915120e-04
   7.7271960e-03
   1.6892090e-02
   4.0767274e-03
   0.0000000e+00
   0.0000000e+00
   0.0000000e+00
   2.2142033e-02
   1.2375689e-02
   4.3193059e-03
   1.3092078e-02
   1.3586378e-02
   0.0000000e+00
   1.3294832e-03
   0.0000000e+00
   1.5975502e-03
   4.1888151e-03
   2.3018212e-03
   1.1306352e-04
  -6.6313186e-04
  -1.2343218e-04
  -2.7222196e-03
   1.2431401e-03
   4.5664613e-03
   6.8956101e-03
   8.0076801e-03
   5.8984268e-03
  -7.2349934e-04
  -1.2044862e-02
  -3.6451161e-02
  -4.5952520e-02
   0.0000000e+00
   0.0000000e+00
  -0.0000000e+00
  -3.2063272e-02
  -2.1418247e-02
  -9.7392276e-03
  -1.6732051e-03
   0.0000000e+00
   0.0000000e+00
   0.0000000e+00
   0.0000000e+00
   0.0000000e+00
   0.0000000e+00
   9.1086784e-03
  -6.0943584e-03
   1.5962141e-02
   1.6642062e-02
   3.7831272e-03
  -4.3668657e-03
   1.3537102e-03
   4.4735038e-04
   7.8563055e-04
  -1.1732643e-03
  -3.2284507e-03
  -4.8838025e-03
  -4.9775662e-03
  -2.5586953e-02
  -2.3249375e-02
  -1.8011512e-02
  -1.1541855e-02
  -4.5601074e-03
   6.6132995e-04
   7.2354206e-04
  -4.1086311e-03
  -3.1814516e-02
  -7.1303153e-02
   0.0000000e+00
  -0.0000000e+00
  -4.8924392e-02
  -4.8737697e-02
  -4.0083326e-02
  -1.8746192e-02
   0.0000000e+00
   0.0000000e+00
   0.0000000e+00
   0.0000000e+00
   0.0000000e+00
   0.0000000e+00
   0.0000000e+00
   1.6807307e-02
  -1.3489285e-02
   2.7855354e-02
   2.8210500e-02
   3.7831272e-03
  -3.0611976e-03
  -1.0946996e-03
  -4.1921898e-03
  -5.9653777e-03
  -1.0252222e-02
  -1.5317101e-02
  -2.0588694e-02
  -2.4281342e-02
  -4.5829535e-02
  -4.9505766e-02
  -4.8785716e-02
  -4.3270867e-02
  -3.3443321e-02
  -2.0003323e-02
  -9.6261241e-03
  -1.1336701e-02
  -7.0646857e-03
  -6.9490825e-02
  -0.0000000e+00
  -3.1657078e-02
  -4.6779733e-02
  -5.4021325e-02
  -5.3831007e-02
  -4.0690228e-02
   0.0000000e+00
   0.0000000e+00
   0.0000000e+00
   0.0000000e+00
   0.0000000e+00
   0.0000000e+00
   0.0000000e+00
   3.5789583e-02
  -1.3629036e-02
   0.0000000e+00
   3.3637737e-02
   0.0000000e+00
   4.6658985e-03
  -1.2075964e-03
  -8.5616056e-03
  -9.6850740e-03
  -1.4875713e-02
  -2.2704700e-02
  -3.2008979e-02
  -3.9695106e-02
  -4.7263049e-02
  -5.3672567e-02
  -5.7036534e-02
  -5.6337554e-02
  -4.9386051e-02
  -3.3197433e-02
  -1.2084131e-02
  -1.2647974e-02
  -2.6815476e-02
  -0.0000000e+00
  -1.9603387e-02
  -2.1024525e-02
  -3.9801534e-02
  -5.4616503e-02
  -6.7981794e-02
  -6.7230457e-02
   0.0000000e+00
   0.0000000e+00
   0.0000000e+00
   0.0000000e+00
   0.0000000e+00
   0.0000000e+00
   0.0000000e+00
   4.9714721e-02
  -5.0330482e-03
   0.0000000e+00
   3.0015382e-02
   0.0000000e+00
   0.0000000e+00
  -6.4948532e-03
  -1.1630177e-02
  -9.5327618e-03
  -1.1935864e-02
  -1.9229790e-02
  -2.9898003e-02
  -3.9242346e-02
  -3.9599013e-02
  -4.6510957e-02
  -5.1143192e-02
  -5.3990588e-02
  -5.1363632e-02
  -3.8450167e-02
  -1.3270846e-02
  -5.4896568e-04
  -0.0000000e+00
  -2.3321414e-02
  -9.5260236e-03
  -1.3728258e-02
  -2.9162176e-02
  -4.8973162e-02
  -7.6618500e-02
  -9.3209267e-02
   0.0000000e+00
   0.0000000e+00
   0.0000000e+00
   0.0000000e+00
   0.0000000e+00
   0.0000000e+00
   0.0000000e+00
   5.6727025e-02
   1.2710077e-02
   0.0000000e+00
   0.0000000e+00
   0.0000000e+00
  -0.0000000e+00
  -2.0410813e-02
  -1.7394908e-02
  -1.1115006e-02
  -8.5661691e-03
  -1.2634256e-02
  -2.2219993e-02
  -3.1566471e-02
  -2.7192032e-02
  -3.3449505e-02
  -3.8028874e-02
  -4.2281128e-02
  -4.5423713e-02
  -4.1606266e-02
  -2.1397049e-02
   0.0000000e+00
   7.2226279e-04
  -9.2930887e-03
  -3.7086625e-03
  -6.3138735e-03
  -1.6411209e-02
  -3.4706157e-02
  -6.8165489e-02
  -1.0352107e-01
   0.0000000e+00
   0.0000000e+00
   0.0000000e+00
   0.0000000e+00
   0.0000000e+00
   0.0000000e+00
   0.0000000e+00
   0.0000000e+00
   0.0000000e+00
   0.0000000e+00
   0.0000000e+00
   0.0000000e+00
  -0.0000000e+00
  -4.0704350e-02
  -2.6635734e-02
  -1.6779317e-02
  -8.4651047e-03
  -6.3774334e-03
  -1.2512453e-02
  -2.0402264e-02
  -1.5028334e-02
  -2.0522796e-02
  -2.5346512e-02
  -3.1376250e-02
  -4.0585075e-02
  -4.5604423e-02
  -3.7329490e-02
   0.0000000e+00
   1.1897280e-02
  -3.5762971e-03
  -1.8605267e-03
  -3.9277901e-03
  -1.0032302e-02
  -2.4028262e-02
  -5.2248407e-02
  -9.2300925e-02
   0.0000000e+00
   0.0000000e+00
   0.0000000e+00
   0.0000000e+00
   0.0000000e+00
   0.0000000e+00
   0.0000000e+00
   0.0000000e+00
   0.0000000e+00
   0.0000000e+00
   0.0000000e+00
   0.0000000e+00
   0.0000000e+00
  -0.0000000e+00
  -3.5517704e-02
  -2.1682855e-02
  -1.0429585e-02
  -1.9994287e-03
  -3.0529534e-03
  -8.9371782e-03
  -6.2262123e-03
  -1.1902018e-02
  -1.6953196e-02
  -2.4627205e-02
  -3.9085872e-02
  -4.8045652e-02
   0.0000000e+00
   0.0000000e+00
   0.0000000e+00
  -3.1037722e-04
   1.2268136e-03
  -1.2153845e-03
  -6.2606214e-03
  -1.6904531e-02
  -3.9705254e-02
  -8.3149992e-02
   0.0000000e+00
   0.0000000e+00
   0.0000000e+00
   0.0000000e+00
   0.0000000e+00
   0.0000000e+00
   0.0000000e+00
   0.0000000e+00
   0.0000000e+00
   0.0000000e+00
   0.0000000e+00
   0.0000000e+00
   0.0000000e+00
  -0.0000000e+00
  -3.9389532e-02
  -2.4943799e-02
  -9.7809760e-03
   2.1913692e-03
   4.3914602e-03
   6.2862295e-05
   4.7049131e-03
  -2.1156759e-03
  -7.6784701e-03
  -1.6615827e-02
  -3.9405193e-02
  -4.7956471e-02
   0.0000000e+00
   0.0000000e+00
   0.0000000e+00
   0.0000000e+00
   7.2766314e-03
   4.6899654e-03
  -1.6437506e-04
  -8.2177585e-03
  -2.3885872e-02
  -6.1909176e-02
  -8.0662509e-02
   0.0000000e+00
   0.0000000e+00
  -0.0000000e+00
  -0.0000000e+00
   0.0000000e+00
   0.0000000e+00
   0.0000000e+00
   0.0000000e+00
   0.0000000e+00
   0.0000000e+00
   0.0000000e+00
   0.0000000e+00
   0.0000000e+00
  -2.7334280e-02
  -3.1530869e-02
  -9.3683116e-03
   1.0820802e-02
   1.5715569e-02
   1.1833638e-02
   1.4185650e-02
   7.5512161e-03
   1.5976613e-03
  -8.2949437e-03
  -3.9152741e-02
  -5.1994069e-02
   0.0000000e+00
   0.0000000e+00
   0.0000000e+00
   0.0000000e+00
   1.3413451e-02
   1.0445696e-02
   6.1150780e-03
  -1.9508305e-03
  -1.3769782e-02
  -4.5069449e-02
  -6.1869939e-02
  -0.0000000e+00
  -0.0000000e+00
  -0.0000000e+00
  -0.0000000e+00
   0.0000000e+00
   0.0000000e+00
   0.0000000e+00
   0.0000000e+00
   0.0000000e+00
   0.0000000e+00
   0.0000000e+00
   0.0000000e+00
   0.0000000e+00
  -0.0000000e+00
  -0.0000000e+00
  -1.5006540e-02
   1.6825799e-02
   2.4590001e-02
   2.1448917e-02
   2.2221729e-02
   1.7485937e-02
   1.4363703e-02
   4.9403463e-03
  -2.7545834e-02
  -4.7988364e-02
   0.0000000e+00
   0.0000000e+00
   0.0000000e+00
   0.0000000e+00
   0.0000000e+00
   1.4034243e-02
   1.4757738e-02
   6.6143721e-03
  -3.1479292e-03
  -2.5842460e-02
  -3.6638389e-02
  -0.0000000e+00
  -0.0000000e+00
  -0.0000000e+00
   0.0000000e+00
   0.0000000e+00
   0.0000000e+00
   0.0000000e+00
   0.0000000e+00
   0.0000000e+00
   0.0000000e+00
   0.0000000e+00
   0.0000000e+00
   0.0000000e+00
  -0.0000000e+00
  -4.2356661e-02
  -2.3502480e-02
   1.3243089e-02
   2.4860064e-02
   2.6567461e-02
   2.4758885e-02
   2.2424323e-02
   2.3411226e-02
   1.7564885e-02
  -3.5733062e-03
   0.0000000e+00
   0.0000000e+00
   0.0000000e+00
   0.0000000e+00
   0.0000000e+00
   0.0000000e+00
   0.0000000e+00
   1.3772660e-02
   1.5921557e-02
   1.2793805e-02
  -1.7264395e-03
   1.7200558e-05
  -1.2146698e-02
  -0.0000000e+00
   0.0000000e+00
   0.0000000e+00
   0.0000000e+00
   0.0000000e+00
   0.0000000e+00
   0.0000000e+00
   0.0000000e+00
   0.0000000e+00
   0.0000000e+00
   0.0000000e+00
   0.0000000e+00
  -0.0000000e+00
  -3.6175667e-02
  -2.0893442e-02
   6.3117985e-03
   1.9362416e-02
   2.5708194e-02
   1.9879385e-02
   1.9572878e-02
   2.7006792e-02
   2.7019037e-02
   1.3962972e-02
   0.0000000e+00
   0.0000000e+00
   0.0000000e+00
   0.0000000e+00
   0.0000000e+00
   0.0000000e+00
   0.0000000e+00
  -0.0000000e+00
   7.9610906e-03
   2.2183957e-02
   2.0805066e-02
   1.3752549e-02
   8.8966537e-03
   0.0000000e+00
   0.0000000e+00
   0.0000000e+00
   0.0000000e+00
   0.0000000e+00
   0.0000000e+00
   0.0000000e+00
   0.0000000e+00
   0.0000000e+00
   0.0000000e+00
   0.0000000e+00
   0.0000000e+00
   0.0000000e+00
  -0.0000000e+00
  -9.6864490e-03
  -7.4569287e-04
   1.2558553e-02
   2.0741718e-02
  -4.2473368e-04
   5.8361637e-03
   2.2873862e-02
   3.3282334e-02
   2.6247579e-02
   0.0000000e+00
   0.0000000e+00
   0.0000000e+00
   0.0000000e+00
   0.0000000e+00
   0.0000000e+00
  -0.0000000e+00
  -4.8156667e-02
  -1.7605258e-02
   1.2161917e-02
   2.7106836e-02
   3.8793671e-02
   0.0000000e+00
   0.0000000e+00
   0.0000000e+00
   0.0000000e+00
   0.0000000e+00
   0.0000000e+00
   0.0000000e+00
   0.0000000e+00
   0.0000000e+00
   0.0000000e+00
   0.0000000e+00
   0.0000000e+00
   0.0000000e+00
   0.0000000e+00
  -0.0000000e+00
   1.8007129e-03
  -5.2895228e-02
  -1.9736383e-02
  -4.5608220e-03
  -3.3096800e-02
  -5.9581199e-03
   0.0000000e+00
   0.0000000e+00
   0.0000000e+00
   0.0000000e+00
   0.0000000e+00
   0.0000000e+00
   0.0000000e+00
   0.0000000e+00
   0.0000000e+00
  -0.0000000e+00
  -4.6521744e-02
  -4.5841816e-02
  -1.8155503e-02
   9.9962848e-03
   1.1709534e-02
   1.9021345e-02
   1.4752969e-02
   0.0000000e+00
   0.0000000e+00
   0.0000000e+00
   0.0000000e+00
   0.0000000e+00
   0.0000000e+00
   0.0000000e+00
   0.0000000e+00
   0.0000000e+00
   0.0000000e+00
   0.0000000e+00
   0.0000000e+00
  -0.0000000e+00
   0.0000000e+00
   0.0000000e+00
  -6.8509409e-02
  -6.6986429e-02
  -1.0799487e-01
   0.0000000e+00
   0.0000000e+00
   0.0000000e+00
   0.0000000e+00
   0.0000000e+00
   0.0000000e+00
   0.0000000e+00
   0.0000000e+00
   0.0000000e+00
   0.0000000e+00
  -0.0000000e+00
  -0.0000000e+00
   0.0000000e+00
  -0.0000000e+00
  -5.5440971e-02
  -1.4844578e-02
  -1.6077639e-03
   1.7159848e-03
   0.0000000e+00
   0.0000000e+00
   0.0000000e+00
   0.0000000e+00
   0.0000000e+00
   0.0000000e+00
   0.0000000e+00
   0.0000000e+00
   0.0000000e+00
   0.0000000e+00
   0.0000000e+00
   0.0000000e+00
   0.0000000e+00
   0.0000000e+00
   0.0000000e+00
   0.0000000e+00
  -0.0000000e+00
  -1.9891502e-02
  -1.8719502e-02
  -1.1123995e-02
  -5.3961803e-03
  -6.7356514e-03
  -2.1157474e-02
  -0.0000000e+00
  -0.0000000e+00
  -0.0000000e+00
  -0.0000000e+00
  -0.0000000e+00
  -0.0000000e+00
  -0.0000000e+00
  -0.0000000e+00
  -0.0000000e+00
  -0.0000000e+00
  -2.7141932e-02
  -7.1772154e-03
  -3.4500259e-03
  -1.0112047e-02
  -0.0000000e+00
  -0.0000000e+00
   0.0000000e+00
   0.0000000e+00
   0.0000000e+00
   0.0000000e+00
   0.0000000e+00
   0.0000000e+00
   0.0000000e+00
   1.0192081e-02
   9.9108993e-03
   6.0877666e-03
   4.2893648e-03
   3.5864018e-03
  -2.2337844e-04
  -7.4961836e-03
