   2.2755428e-02
   2.0633343e-02
   1.8470051e-02
   1.6392390e-02
   1.3433663e-02
   1.0074439e-02
   6.8609211e-03
   3.8273550e-03
  -1.0391093e-03
  -7.4559438e-03
  -1.0750013e-02
  -1.0298159e-02
  -9.6824681e-03
  -9.1003439e-03
  -7.7076977e-03
  -5.8104664e-03
  -0.0000000e+00
  -0.0000000e+00
  -0.0000000e+00
  -0.0000000e+00
  -0.0000000e+00
   0.0000000e+00
   0.0000000e+00
   0.0000000e+00
   0.0000000e+00
   0.0000000e+00
   0.0000000e+00
   0.0000000e+00
   0.0000000e+00
   0.0000000e+00
   0.0000000e+00
   0.0000000e+00
   0.0000000e+00
   0.0000000e+00
   1.8591314e-02
   2.3641790e-02
   3.0404521e-02
   2.6641574e-02
   2.4737148e-02
   2.0700654e-02
   1.3413369e-02
   5.6094583e-03
   3.0114304e-03
   2.0225518e-03
  -2.8377667e-03
  -1.5476650e-02
  -2.2590502e-02
  -0.0000000e+00
  -0.0000000e+00
  -3.1306775e-04
  -4.0820857e-03
   0.0000000e+00
   0.0000000e+00
   0.0000000e+00
   0.0000000e+00
   0.0000000e+00
   0.0000000e+00
   0.0000000e+00
   0.0000000e+00
   0.0000000e+00
   0.0000000e+00
   0.0000000e+00
   0.0000000e+00
   0.0000000e+00
   0.0000000e+00
   0.0000000e+00
   0.0000000e+00
   0.0000000e+00
   0.0000000e+00
   0.0000000e+00
   0.0000000e+00
   3.6322184e-02
   2.3223614e-02
   1.7805234e-02
   9.8532811e-03
   7.9695962e-04
  -7.6367292e-03
  -1.6242379e-02
  -1.2694084e-02
  -1.1396316e-02
  -7.7626035e-03
  -2.2669099e-02
  -3.8042553e-02
  -3.6582589e-02
   0.0000000e+00
   0.0000000e+00
  -0.0000000e+00
   0.0000000e+00
   0.0000000e+00
   0.0000000e+00
   0.0000000e+00
   0.0000000e+00
   0.0000000e+00
   0.0000000e+00
   0.0000000e+00
   0.0000000e+00
   2.2391500e-02
   6.1816519e-03
  -0.0000000e+00
   0.0000000e+00
   0.0000000e+00
   0.0000000e+00
   0.0000000e+00
   0.0000000e+00
   0.0000000e+00
   0.0000000e+00
   2.9321785e-02
   2.9839339e-02
   7.6695490e-03
   6.6601485e-04
  -1.2804779e-02
  -2.3235310e-02
  -2.7354434e-02
  -3.3318236e-02
  -2.3616785e-02
  -2.4811285e-02
  -1.5350123e-02
  -2.3365788e-02
  -4.3862469e-02
  -2.2886131e-02
   0.0000000e+00
   0.0000000e+00
  -0.0000000e+00
   0.0000000e+00
   0.0000000e+00
   0.0000000e+00
   0.0000000e+00
   0.0000000e+00
   0.0000000e+00
   0.0000000e+00
   0.0000000e+00
   0.0000000e+00
   4.0000882e-03
  -6.2559252e-03
  -8.3881030e-03
  -2.7821595e-02
  -0.0000000e+00
   0.0000000e+00
   0.0000000e+00
   0.0000000e+00
   0.0000000e+00
   1.4025208e-02
   1.2691301e-02
   1.4707144e-02
  -7.0138294e-03
  -1.4448207e-02
  -2.8111255e-02
  -3.5177406e-02
  -3.5611264e-02
  -3.6762062e-02
  -2.6022736e-02
  -2.7075691e-02
  -1.8164352e-02
  -2.1099096e-02
  -3.3804525e-02
  -1.5408864e-02
   0.0000000e+00
  -0.0000000e+00
  -0.0000000e+00
   0.0000000e+00
   0.0000000e+00
   0.0000000e+00
   0.0000000e+00
   0.0000000e+00
   0.0000000e+00
   0.0000000e+00
   0.0000000e+00
   2.4188272e-02
  -4.4767139e-03
  -8.3226971e-03
  -1.5744325e-02
  -3.8691942e-02
  -2.8505676e-02
  -2.1962186e-02
  -0.0000000e+00
   0.0000000e+00
   7.4650548e-03
   4.0578633e-03
  -3.9106369e-04
  -2.7550024e-05
  -1.6533848e-02
  -2.3066130e-02
  -3.3665836e-02
  -3.6526904e-02
  -3.5253000e-02
  -3.1802416e-02
  -2.4787793e-02
  -2.3049012e-02
  -1.6497444e-02
  -1.8276086e-02
  -1.9155541e-02
  -9.8330524e-03
   0.0000000e+00
   0.0000000e+00
  -0.0000000e+00
   0.0000000e+00
   0.0000000e+00
   0.0000000e+00
   0.0000000e+00
   0.0000000e+00
   0.0000000e+00
   0.0000000e+00
   0.0000000e+00
   6.7162300e-03
  -6.6974969e-03
  -9.0686614e-03
  -2.7685422e-02
  -4.1745920e-02
  -2.8804332e-02
  -1.6782155e-02
  -7.0883531e-03
   0.0000000e+00
  -8.9700508e-04
  -6.2668170e-03
  -9.6061388e-03
  -1.0805672e-02
  -1.7058583e-02
  -2.1378843e-02
  -2.8149443e-02
  -2.8841326e-02
  -2.6208302e-02
  -2.2560721e-02
  -1.9538349e-02
  -1.7068207e-02
  -1.3746106e-02
  -1.4501715e-02
  -1.0678075e-02
  -3.4341051e-03
  -2.9514959e-04
   0.0000000e+00
  -0.0000000e+00
   0.0000000e+00
   0.0000000e+00
   0.0000000e+00
   0.0000000e+00
   0.0000000e+00
   0.0000000e+00
  -0.0000000e+00
  -0.0000000e+00
  -0.0000000e+00
  -7.8636725e-03
  -1.4022266e-02
  -2.9606691e-02
  -3.0652383e-02
  -2.1288775e-02
  -1.0331614e-02
   4.9779762e-04
  -7.4819291e-05
  -7.6525388e-03
  -1.3458556e-02
  -1.4566627e-02
  -1.4346593e-02
  -9.0212254e-03
  -1.1926985e-02
  -1.5121696e-02
  -1.5032580e-02
  -1.1936179e-02
  -1.1299470e-02
  -1.0669488e-02
  -9.3606636e-03
  -9.7032618e-03
  -9.2997383e-03
  -5.4554418e-03
   5.0908136e-03
   9.5213095e-03
   0.0000000e+00
   0.0000000e+00
   0.0000000e+00
   0.0000000e+00
   0.0000000e+00
   0.0000000e+00
   0.0000000e+00
   0.0000000e+00
   0.0000000e+00
  -5.6111432e-04
  -2.7275649e-03
  -5.8302698e-03
  -1.5097637e-02
  -1.7719672e-02
  -1.3245651e-02
  -7.3707915e-03
   2.2340755e-04
   6.0938606e-03
   2.8717006e-03
  -4.6313126e-03
  -9.2391055e-03
  -1.0523521e-02
  -8.8989083e-03
   2.0533192e-03
   5.0860457e-05
  -3.2318942e-04
  -3.3236769e-04
   1.5887527e-03
  -5.9550977e-04
  -1.2201590e-03
  -1.3154689e-03
  -4.1297674e-03
  -2.9708748e-03
   9.3560573e-04
   1.4086949e-02
   1.8703010e-02
   0.0000000e+00
   0.0000000e+00
   0.0000000e+00
   0.0000000e+00
   0.0000000e+00
   0.0000000e+00
   0.0000000e+00
   0.0000000e+00
   0.0000000e+00
   1.0327176e-02
   6.9514071e-03
  -8.1183919e-04
  -7.5633391e-03
  -3.5065250e-03
   3.4314184e-03
   9.8646308e-03
   1.3793370e-02
   1.3477635e-02
   1.0189781e-02
   5.2013467e-03
   1.6797304e-03
  -7.4005127e-04
   1.0248392e-03
   1.1999568e-02
   1.1260883e-02
   1.2243574e-02
   1.1282256e-02
   1.0949164e-02
   7.7440254e-03
   6.5110144e-03
   5.3659100e-03
   2.2912070e-03
   3.9331592e-03
   8.8622039e-03
   2.2243137e-02
   2.3722065e-02
   1.6835064e-02
   0.0000000e+00
   0.0000000e+00
   0.0000000e+00
   0.0000000e+00
   0.0000000e+00
   0.0000000e+00
   0.0000000e+00
   0.0000000e+00
   2.7386986e-02
   1.5504330e-02
   5.8251806e-03
   7.4775098e-03
   1.0679072e-02
   1.5778353e-02
   2.4158400e-02
   2.6102610e-02
   2.1236913e-02
   1.9187778e-02
   1.5812309e-02
   1.2651253e-02
   9.5726028e-03
   1.0657495e-02
   1.8625902e-02
   1.8721499e-02
   1.7928053e-02
   1.4977459e-02
   1.2787522e-02
   1.0148020e-02
   1.0442510e-02
   9.0877600e-03
   8.6175483e-03
   1.1084103e-02
   1.7099477e-02
   2.9057669e-02
   2.8712550e-02
   2.3254793e-02
   0.0000000e+00
   0.0000000e+00
   0.0000000e+00
   0.0000000e+00
   0.0000000e+00
   0.0000000e+00
   0.0000000e+00
   0.0000000e+00
   4.4152666e-02
   1.9809891e-02
   1.2250612e-02
   2.4534490e-02
   2.2272747e-02
   2.3509244e-02
   3.4951907e-02
   3.2424424e-02
   2.8427755e-02
   2.6769869e-02
   2.1536019e-02
   1.8789060e-02
   1.6282316e-02
   1.7053979e-02
   1.7145781e-02
   1.5912276e-02
   1.3114562e-02
   9.9360887e-03
   7.9036076e-03
   6.7108162e-03
   8.7073427e-03
   8.7402146e-03
   1.0107454e-02
   1.3949786e-02
   2.1252142e-02
   3.0732693e-02
   3.4167394e-02
   3.1415004e-02
   2.9273324e-02
   0.0000000e+00
   0.0000000e+00
   0.0000000e+00
   0.0000000e+00
   0.0000000e+00
   0.0000000e+00
   4.2023271e-02
   4.4080853e-02
   2.1641407e-02
   1.9004541e-02
   3.1891331e-02
   3.1551794e-02
   2.7465348e-02
   3.3874206e-02
   3.3391289e-02
   2.9725090e-02
   2.5393173e-02
   1.8925507e-02
   1.6558019e-02
   1.5425928e-02
   1.6693506e-02
   1.0333306e-02
   8.2719047e-03
   5.3785015e-03
   3.2780366e-03
   1.9593074e-03
   2.4001256e-03
   4.9614967e-03
   6.4671384e-03
   8.6686853e-03
   1.3206100e-02
   2.1554932e-02
   2.9645192e-02
   3.5960257e-02
   3.3047993e-02
   3.0294640e-02
   0.0000000e+00
   0.0000000e+00
   0.0000000e+00
   0.0000000e+00
  -0.0000000e+00
   1.0889758e-02
   4.1463759e-02
   3.5386018e-02
   1.9590294e-02
   1.9068040e-02
   2.5965299e-02
   3.0196846e-02
   2.4448417e-02
   2.5266260e-02
   2.8381381e-02
   2.3670672e-02
   1.7069314e-02
   1.1910810e-02
   9.9674426e-03
   9.8025491e-03
   1.0911248e-02
   1.4838737e-03
  -7.6672499e-04
  -2.7829066e-03
  -3.3491517e-03
  -3.6386270e-03
  -1.7243613e-03
   8.5607421e-04
   3.4582915e-03
   6.1810208e-03
   1.1118270e-02
   2.0068802e-02
   2.7001502e-02
   3.4488287e-02
   3.2474410e-02
   0.0000000e+00
   0.0000000e+00
   0.0000000e+00
   0.0000000e+00
   0.0000000e+00
  -0.0000000e+00
   1.3605247e-02
   3.6257803e-02
   2.2460861e-02
   1.4556647e-02
   1.4702107e-02
   1.5187242e-02
   2.2838937e-02
   1.8015738e-02
   1.5203580e-02
   1.9824184e-02
   1.4160777e-02
   6.4369678e-03
   3.3819694e-03
   2.1437209e-03
   2.4841016e-03
   3.0118644e-03
  -8.2819648e-03
  -8.8448925e-03
  -8.7534226e-03
  -7.8718523e-03
  -6.7248656e-03
  -4.0882435e-03
  -1.9222783e-03
   3.3305833e-04
   3.7263783e-03
   8.8274581e-03
   1.6823865e-02
   2.2687523e-02
   2.5626071e-02
   0.0000000e+00
   0.0000000e+00
   0.0000000e+00
   0.0000000e+00
   0.0000000e+00
   0.0000000e+00
  -0.0000000e+00
   1.9524217e-02
   2.1751195e-02
   4.8432518e-03
   2.3694204e-03
   1.2941830e-03
   1.5316644e-03
   3.1950697e-03
   2.1328248e-03
   6.1508916e-03
   5.1471507e-03
   8.0008782e-04
  -4.0389304e-03
  -5.0303587e-03
  -4.9709831e-03
  -5.5327439e-03
  -6.3124886e-03
  -6.9113104e-03
  -6.5620858e-03
  -6.1924835e-03
  -5.6566950e-03
  -4.5001265e-03
  -2.3978960e-03
   1.0938089e-05
   1.4842195e-03
   5.6934003e-03
   9.8820869e-03
   1.5316805e-02
   1.9932019e-02
   1.3191971e-02
   0.0000000e+00
   0.0000000e+00
   0.0000000e+00
   0.0000000e+00
   0.0000000e+00
   0.0000000e+00
   0.0000000e+00
   1.1667707e-02
   8.8497130e-03
  -4.3318011e-03
  -3.9063818e-03
  -4.2337719e-03
  -2.7860424e-03
  -3.4037023e-03
  -4.1730856e-03
   2.0938997e-03
  -1.4051613e-03
  -1.6725668e-03
  -3.0491592e-03
  -3.7143684e-03
  -3.2773097e-03
  -4.5955433e-03
  -5.5095637e-03
  -3.9164564e-03
  -3.2362605e-03
  -3.2488201e-03
  -2.8918290e-03
  -2.0300406e-03
  -7.2031538e-04
   1.8220863e-03
   2.3397696e-03
   6.7325127e-03
   9.0860194e-03
   1.2128248e-02
   1.4285241e-02
   1.0599571e-03
  -1.6755645e-02
   0.0000000e+00
   0.0000000e+00
   0.0000000e+00
   0.0000000e+00
   0.0000000e+00
   0.0000000e+00
   7.1627280e-04
  -2.0301049e-03
  -1.0292830e-02
  -7.2601330e-03
  -5.9506772e-03
  -5.8614248e-03
  -4.9908208e-03
  -4.5816393e-03
  -3.9434986e-03
  -5.9139468e-03
  -1.7916049e-03
  -1.9817979e-03
  -1.5255067e-03
  -1.0488040e-03
  -2.4243456e-03
  -2.8196089e-03
   1.0081195e-04
   7.5831468e-04
   9.0638772e-05
   3.0028340e-04
   7.0457027e-04
   1.1884604e-03
   3.6234572e-03
   3.5072532e-03
   7.4681174e-03
   7.9553416e-03
   9.2824511e-03
   9.1630956e-03
  -9.6338894e-03
  -1.5900208e-02
  -8.5827492e-03
   0.0000000e+00
   0.0000000e+00
   0.0000000e+00
   0.0000000e+00
   0.0000000e+00
  -1.2383010e-02
  -1.1545438e-02
  -1.3765600e-02
  -8.6269705e-03
  -4.9259099e-03
  -7.9136239e-03
  -3.0913174e-03
  -3.0985947e-05
  -9.3023900e-03
  -8.5467650e-03
  -2.7116144e-04
  -5.3126289e-04
   1.3133014e-03
   1.5521494e-03
   5.4074306e-04
   9.4041496e-04
   3.9922129e-03
   5.2655502e-03
   5.0974172e-03
   5.9757899e-03
   7.1344739e-03
   5.9745293e-03
   7.8077433e-03
   6.2641604e-03
   7.7720899e-03
   5.7797176e-03
   2.9042668e-03
  -1.3149015e-03
  -2.2812497e-02
  -2.1649009e-02
  -2.8563853e-03
   0.0000000e+00
   0.0000000e+00
   0.0000000e+00
   0.0000000e+00
   0.0000000e+00
  -1.2027852e-02
  -1.9035708e-02
  -1.9319780e-02
  -1.4049422e-02
  -4.8221257e-03
  -6.7999200e-03
  -4.3372801e-03
  -3.3717338e-04
  -1.2901439e-02
  -1.4550133e-02
  -3.7694171e-03
  -2.8592052e-03
   1.8837429e-03
   4.1053500e-03
   3.8485138e-03
   4.9603800e-03
   3.2633876e-03
   4.4626603e-03
   5.8523440e-03
   7.8475717e-03
   1.0202938e-02
   9.5828595e-03
   1.0809647e-02
   8.6869532e-03
   8.2487809e-03
   5.1575806e-03
  -1.7918812e-03
  -7.5182887e-03
  -2.3736753e-02
  -2.1948005e-02
  -1.2878108e-03
   0.0000000e+00
   0.0000000e+00
   0.0000000e+00
   0.0000000e+00
   0.0000000e+00
  -0.0000000e+00
  -1.2904976e-02
  -1.8027019e-02
  -2.2033762e-02
  -7.0132846e-03
  -1.4738723e-03
  -2.3786547e-03
  -1.6823538e-03
  -1.0756886e-02
  -1.6942335e-02
  -9.9733155e-03
  -7.0643574e-03
  -1.8506462e-04
   4.3076784e-03
   4.9361503e-03
   5.0663957e-03
   1.4138033e-03
   1.7995643e-03
   4.7421372e-03
   7.8481482e-03
   1.1359069e-02
   1.1905456e-02
   1.2239547e-02
   9.7197061e-03
   6.8796491e-03
   3.3881348e-03
  -5.6726183e-03
  -1.1527877e-02
  -2.3121770e-02
  -2.4002648e-02
   0.0000000e+00
   0.0000000e+00
   0.0000000e+00
   0.0000000e+00
   0.0000000e+00
   0.0000000e+00
  -0.0000000e+00
  -0.0000000e+00
  -1.5708609e-02
  -3.0971581e-02
  -1.1767404e-02
   1.7532358e-03
   6.5317878e-04
  -1.1297519e-03
  -8.6954216e-03
  -1.9199806e-02
  -1.7264681e-02
  -1.3022640e-02
  -4.4598351e-03
   2.0153918e-03
   4.2482871e-03
   3.6468846e-03
  -1.7083208e-03
  -3.3058836e-03
   1.0977245e-03
   5.6520435e-03
   1.0385661e-02
   1.3585079e-02
   1.3005419e-02
   1.0929446e-02
   5.4585664e-03
   1.9426766e-03
  -7.2520724e-03
  -1.2332639e-02
  -2.1128157e-02
  -2.6523742e-02
  -0.0000000e+00
   0.0000000e+00
   0.0000000e+00
   0.0000000e+00
   0.0000000e+00
   0.0000000e+00
   0.0000000e+00
  -0.0000000e+00
  -0.0000000e+00
  -4.1515142e-02
  -2.1328624e-02
   1.7704305e-03
   5.8020297e-03
   2.8852933e-03
  -0.0000000e+00
  -1.8761591e-02
  -2.7009206e-02
  -2.2233553e-02
  -1.2515378e-02
  -4.5081051e-03
   8.3979452e-04
   5.0977949e-05
  -8.3022323e-03
  -1.2956431e-02
  -9.1005126e-03
  -5.2913046e-03
   2.0945798e-05
   6.8709524e-03
   7.5711757e-03
   7.5596594e-03
   1.9610741e-03
  -1.0724353e-03
  -8.5001448e-03
  -1.2830133e-02
  -2.5931209e-02
  -4.2246766e-02
  -2.3168098e-02
   0.0000000e+00
   0.0000000e+00
   0.0000000e+00
   0.0000000e+00
   0.0000000e+00
   0.0000000e+00
   0.0000000e+00
  -0.0000000e+00
  -4.1678563e-02
  -3.9060552e-02
  -1.0560109e-02
   7.9452327e-03
   7.1984437e-03
  -0.0000000e+00
  -2.0343319e-02
  -3.7111428e-02
  -3.1668816e-02
  -2.7045352e-02
  -1.8241353e-02
  -9.2302728e-03
  -9.2125610e-03
  -1.1996537e-02
  -1.8109966e-02
  -1.5978506e-02
  -1.3695603e-02
  -9.6903117e-03
  -1.2794051e-03
   6.8551861e-05
   2.3714483e-03
  -1.0138999e-03
  -2.3602983e-03
  -8.3576487e-03
  -1.3460958e-02
  -2.9348105e-02
  -5.4018110e-02
  -2.4683914e-02
   0.0000000e+00
   0.0000000e+00
   0.0000000e+00
   0.0000000e+00
   0.0000000e+00
   0.0000000e+00
   0.0000000e+00
  -3.5403211e-03
  -3.3675913e-02
  -4.5774404e-02
  -2.1771012e-02
   4.1580635e-03
   0.0000000e+00
  -0.0000000e+00
  -1.8147204e-02
  -3.9693531e-02
  -3.4876894e-02
  -3.3854660e-02
  -2.5910091e-02
  -1.5066588e-02
  -1.4988966e-02
  -1.4056968e-02
  -2.0648925e-02
  -2.0552801e-02
  -1.9789696e-02
  -1.7749783e-02
  -8.7372828e-03
  -7.5057391e-03
  -2.9668414e-03
  -3.4196032e-03
  -2.9464976e-03
  -7.1375160e-03
  -1.3696092e-02
  -3.0066608e-02
  -6.0614120e-02
  -3.1275459e-02
   0.0000000e+00
   0.0000000e+00
   0.0000000e+00
   0.0000000e+00
   0.0000000e+00
   0.0000000e+00
  -0.0000000e+00
  -1.5491442e-03
  -0.0000000e+00
  -0.0000000e+00
  -3.0989621e-02
  -5.5210979e-03
  -0.0000000e+00
  -5.3109354e-03
  -1.4103522e-02
  -3.8011186e-02
  -3.5093948e-02
  -3.6102045e-02
  -2.9781580e-02
  -1.8235262e-02
  -1.8380318e-02
  -1.3109410e-02
  -1.8636806e-02
  -2.0965802e-02
  -2.1247938e-02
  -2.2022052e-02
  -1.3310483e-02
  -1.3833192e-02
  -7.2654830e-03
  -4.4815857e-03
  -2.9170057e-03
  -3.6579487e-03
  -1.2279592e-02
  -2.3153177e-02
  -5.4405801e-02
  -3.7266563e-02
   0.0000000e+00
   0.0000000e+00
   0.0000000e+00
   0.0000000e+00
   0.0000000e+00
   0.0000000e+00
  -0.0000000e+00
  -3.4358580e-03
   0.0000000e+00
  -0.0000000e+00
  -3.6825135e-02
  -1.9671550e-02
   0.0000000e+00
   1.4846575e-03
  -7.2149766e-03
  -2.9058514e-02
  -3.0953113e-02
  -3.0338753e-02
  -2.7273919e-02
  -1.6788209e-02
  -1.7225195e-02
  -6.8862070e-03
  -1.1737762e-02
  -1.5169101e-02
  -1.5931265e-02
  -1.7418992e-02
  -1.0501773e-02
  -1.1989977e-02
  -5.7966104e-03
  -2.0500936e-03
  -1.9827813e-03
   2.6934210e-03
  -4.5229029e-03
  -1.1266062e-02
  -3.6936910e-02
  -3.7376677e-02
   0.0000000e+00
   0.0000000e+00
   0.0000000e+00
   0.0000000e+00
   0.0000000e+00
  -0.0000000e+00
  -1.3123423e-02
  -3.4115036e-03
   0.0000000e+00
  -0.0000000e+00
  -2.9352836e-02
  -2.4937874e-02
   0.0000000e+00
   0.0000000e+00
   0.0000000e+00
  -0.0000000e+00
  -2.1160500e-02
  -1.9172207e-02
  -1.6576676e-02
  -9.4062816e-03
  -8.4416494e-03
   3.0536833e-03
  -1.5477854e-03
  -6.0934043e-03
  -6.6677229e-03
  -7.2435080e-03
  -2.6299648e-03
  -3.0102103e-03
   1.7405365e-04
   3.9902665e-03
   3.3171712e-03
   9.9636074e-03
   6.1225081e-03
  -2.6134499e-03
  -2.1280000e-02
  -2.7790558e-02
   0.0000000e+00
   0.0000000e+00
   0.0000000e+00
   0.0000000e+00
   0.0000000e+00
  -0.0000000e+00
  -8.6432600e-03
   0.0000000e+00
   0.0000000e+00
  -0.0000000e+00
  -1.7431715e-02
  -1.0023985e-02
   2.5237440e-03
   0.0000000e+00
   0.0000000e+00
  -0.0000000e+00
  -8.0561563e-03
  -6.1280690e-03
  -3.0455096e-03
   1.2306211e-03
   3.4608855e-03
   1.4562125e-02
   1.0280821e-02
   4.1758618e-03
   3.5131508e-03
   4.0530288e-03
   6.4534233e-03
   8.3083715e-03
   8.6009121e-03
   1.2350724e-02
   1.1094791e-02
   1.6459813e-02
   1.6197845e-02
   7.3517943e-03
  -1.2540778e-03
  -1.4142603e-02
   0.0000000e+00
   0.0000000e+00
   0.0000000e+00
  -0.0000000e+00
  -6.0276763e-03
  -8.4422263e-04
  -1.4262445e-03
   0.0000000e+00
   0.0000000e+00
   0.0000000e+00
   1.2362895e-02
   8.6384742e-03
   8.6060332e-03
   1.8785115e-02
   8.4161335e-03
   4.2190920e-03
   3.5298225e-03
   9.1931298e-03
   1.4368854e-02
   1.6167639e-02
   1.8141009e-02
   2.7310375e-02
   2.2258176e-02
   1.4201690e-02
   1.2475682e-02
   1.3466263e-02
   1.3959158e-02
   1.8032748e-02
   1.6950164e-02
   2.0669201e-02
   1.8674655e-02
   2.0987103e-02
   2.3174085e-02
   1.6777233e-02
   1.3616973e-02
   2.8329210e-03
   2.8801753e-03
   0.0000000e+00
   0.0000000e+00
   0.0000000e+00
   2.4386565e-03
   1.0684614e-02
   7.3999675e-03
   0.0000000e+00
   0.0000000e+00
   0.0000000e+00
   0.0000000e+00
   2.3063808e-02
   1.7833905e-02
   2.4807204e-02
   1.6384473e-02
   1.2324078e-02
   1.0490960e-02
   2.1101143e-02
   3.2549672e-02
   3.4464676e-02
   3.5458673e-02
   3.9120197e-02
   3.1395286e-02
   2.1495450e-02
   1.7072560e-02
   1.7705064e-02
   1.6727867e-02
   2.1861441e-02
   2.0516776e-02
   2.3959298e-02
   2.2421181e-02
   2.1001451e-02
   2.5977716e-02
   2.5915323e-02
   2.6939485e-02
   1.8372433e-02
   1.6278629e-02
   1.3958491e-02
   0.0000000e+00
   0.0000000e+00
   1.5832327e-02
   2.1834614e-02
   1.4615248e-02
   0.0000000e+00
   0.0000000e+00
   0.0000000e+00
  -0.0000000e+00
   1.9771645e-02
   2.2754833e-02
   3.2208215e-02
   2.2012707e-02
   2.0326685e-02
   1.7061021e-02
   2.4475809e-02
   4.2399585e-02
   4.8470940e-02
   5.0230041e-02
   4.3690205e-02
   3.4256376e-02
   2.3039877e-02
   1.4870408e-02
   1.5058890e-02
   1.2707285e-02
   1.7707780e-02
   1.5209208e-02
   1.8670104e-02
   2.0954557e-02
   1.2732882e-02
   2.4156723e-02
   3.4433331e-02
   3.3036511e-02
   2.8965397e-02
   2.9899502e-02
   2.2595573e-02
   1.0791658e-02
   1.6697208e-02
   2.4958857e-02
   0.0000000e+00
   2.3568138e-02
   0.0000000e+00
   0.0000000e+00
   0.0000000e+00
  -0.0000000e+00
  -3.7063146e-03
   1.1251517e-02
   2.8098539e-02
   1.8459599e-02
   2.0692747e-02
   2.5085017e-02
   2.2052066e-02
   3.6220763e-02
   4.5896113e-02
   5.1165327e-02
   3.6110163e-02
   2.9717516e-02
   1.8367996e-02
   8.1110355e-03
   6.6973125e-03
   2.6334489e-03
   5.6990748e-03
   2.6031565e-03
   7.6040821e-03
   1.3290564e-02
  -2.5663830e-03
   1.5518744e-02
   3.5054896e-02
   2.8077401e-02
   3.0417040e-02
   3.2657620e-02
   3.0312892e-02
   1.4982452e-02
   1.4899581e-02
   2.4664213e-02
   2.2416889e-02
   2.7298591e-02
   0.0000000e+00
   0.0000000e+00
   0.0000000e+00
  -0.0000000e+00
  -2.7158026e-02
  -1.0684576e-02
   4.8097940e-03
   3.8390218e-03
   8.0769332e-03
   1.8465882e-02
   1.7721478e-02
   2.4250062e-02
   3.1638291e-02
   3.7474230e-02
   2.1346198e-02
   1.7612498e-02
   8.6321374e-03
   9.2474234e-05
  -3.4709191e-03
  -7.6152314e-03
  -7.9535805e-03
  -9.0767611e-03
  -3.9702752e-03
  -1.9647330e-03
  -1.5746653e-02
   4.5903696e-04
   2.0852204e-02
   1.7832955e-02
   2.2807958e-02
   2.2737890e-02
   1.9452738e-02
   1.1655672e-02
   1.0919315e-02
   1.5697656e-02
   1.2572579e-02
   0.0000000e+00
   0.0000000e+00
  -0.0000000e+00
  -0.0000000e+00
  -4.2219045e-02
  -3.5092745e-02
  -2.5916792e-02
  -2.0429527e-02
  -1.3350898e-02
  -1.1653712e-02
  -7.1801823e-03
   5.1695234e-03
   1.7829010e-02
   2.2713410e-02
   2.2951420e-02
   1.4314483e-02
   7.2186277e-03
  -1.2552091e-04
  -5.7279295e-03
  -9.0740463e-03
  -1.1883128e-02
  -1.4133955e-02
  -1.5423989e-02
  -1.4614053e-02
  -1.6643504e-02
  -2.0930532e-02
  -1.2316481e-02
   2.2538500e-03
   1.0239415e-02
   1.6177811e-02
   1.1960648e-02
   3.1851775e-03
  -1.5909525e-03
   6.9457974e-04
   4.4343914e-03
   9.2412997e-03
   1.9630206e-02
   1.3854901e-02
  -5.8646802e-03
  -2.9007886e-02
  -3.6103435e-02
  -3.3281066e-02
  -2.9527428e-02
  -2.8706323e-02
  -2.5127770e-02
  -2.5759742e-02
  -2.4652077e-02
  -7.8772288e-03
   1.3921276e-02
   2.3358135e-02
   2.1204978e-02
   1.3166125e-02
   8.7083587e-03
   3.3785182e-03
  -1.0740750e-03
  -4.3375520e-03
  -7.4417135e-03
  -1.0106406e-02
  -1.2122975e-02
  -1.3400009e-02
  -1.3742287e-02
  -1.2670144e-02
  -8.4788930e-03
  -1.9453974e-03
   3.8371123e-03
   7.6637222e-03
   6.7388183e-03
   2.7914483e-03
  -8.7694637e-04
  -2.0717385e-03
  -9.3975937e-04
   2.1260739e-03
   4.8269653e-03
   3.3609113e-03
  -3.6390058e-03
  -1.2821745e-02
  -1.9313181e-02
  -2.2745132e-02
  -2.3749599e-02
  -2.3790631e-02
  -2.2950703e-02
  -2.0728264e-02
  -1.6164009e-02
  -6.7594368e-03
   4.6405094e-03
   1.2285575e-02
   1.5092301e-02
