  5.368280e-01
  4.703081e-01
  4.268139e-01
  3.914365e-01
  3.541502e-01
  3.141422e-01
  2.819526e-01
  2.677624e-01
  2.640422e-01
  2.606600e-01
  2.553106e-01
  2.510512e-01
  2.529619e-01
  2.564081e-01
  2.596451e-01
  2.526290e-01
  2.449437e-01
  2.363606e-01
  2.383305e-01
  2.459550e-01
  2.509525e-01
  2.516458e-01
  2.525697e-01
  2.524466e-01
  2.537630e-01
  2.600364e-01
  2.588201e-01
  2.629370e-01
  2.757768e-01
  3.011372e-01
  3.404743e-01
  3.906354e-01
  4.448192e-01
  4.992668e-01
  5.461773e-01
  5.816239e-01
