   5.9888656e-02
   3.0243493e-02
   0.0000000e+00
   0.0000000e+00
   0.0000000e+00
   0.0000000e+00
   0.0000000e+00
   0.0000000e+00
   0.0000000e+00
   0.0000000e+00
   0.0000000e+00
   0.0000000e+00
   0.0000000e+00
   4.4298714e-03
  -4.7225075e-03
   0.0000000e+00
   0.0000000e+00
   0.0000000e+00
   0.0000000e+00
   0.0000000e+00
   0.0000000e+00
   0.0000000e+00
   0.0000000e+00
   0.0000000e+00
   0.0000000e+00
   0.0000000e+00
   0.0000000e+00
   0.0000000e+00
   0.0000000e+00
   0.0000000e+00
   0.0000000e+00
   0.0000000e+00
   0.0000000e+00
   0.0000000e+00
   0.0000000e+00
   8.4090665e-02
   4.3654852e-02
   2.2048838e-02
   7.7993121e-03
  -2.3619311e-03
  -6.7951145e-03
  -9.5651683e-03
  -1.1738092e-02
  -1.0796148e-02
  -8.0712769e-03
   6.1172961e-05
  -1.4696545e-02
   0.0000000e+00
   4.1933944e-02
   2.3261270e-02
   2.0159893e-02
   1.0846190e-02
   1.2460519e-02
   1.2343237e-02
   1.5554017e-02
   2.4361867e-02
   2.3006156e-02
   2.3171877e-03
  -1.9289261e-02
   0.0000000e+00
   8.0494573e-02
   2.3595475e-02
   0.0000000e+00
   0.0000000e+00
   0.0000000e+00
   0.0000000e+00
   0.0000000e+00
   0.0000000e+00
   5.6034132e-02
   3.2983427e-02
   6.7179086e-02
   7.5463383e-02
   5.2671330e-03
   7.4364366e-03
   3.5271500e-03
  -8.9339609e-04
  -3.0490135e-03
  -7.2529041e-03
  -1.0612022e-02
  -1.3012430e-02
  -1.1153488e-02
  -8.5692927e-03
  -7.6429536e-03
  -2.0962221e-03
   9.1446461e-03
   1.5608234e-02
   1.9699145e-02
   2.2031367e-02
   2.0311700e-02
   1.3754281e-02
   8.8988822e-03
   7.2277482e-03
   1.5441953e-03
  -3.7513715e-03
  -7.6602683e-03
   7.3216374e-03
   3.2524594e-02
   2.3021261e-02
   2.1152995e-02
   1.9942762e-02
   1.4912783e-02
   5.7214254e-03
  -6.8830431e-03
  -9.3820147e-03
  -3.2494168e-03
  -5.4150536e-03
  -6.2305781e-04
   1.1976424e-03
  -5.6772050e-03
   4.2732153e-03
   5.1301229e-03
   2.0248289e-03
  -9.6304371e-04
  -7.5611519e-03
  -1.6056556e-02
  -2.1450271e-02
  -2.2513770e-02
  -2.2100411e-02
  -2.0776243e-02
  -3.9710665e-03
   2.0647172e-03
   4.7576934e-03
   8.8974759e-03
   1.0313125e-02
   5.2176717e-03
  -2.4839109e-03
  -9.3783168e-03
  -1.8196994e-02
  -2.5095940e-02
  -2.5109347e-02
  -1.9013768e-02
  -1.0412753e-02
  -2.3802677e-03
   4.2481562e-03
   1.1866137e-02
   7.6816976e-03
  -7.1425089e-03
  -2.5045909e-02
  -3.9111804e-02
  -4.5943676e-02
  -4.8644304e-02
  -4.0260695e-02
  -3.0192217e-02
  -2.0168813e-02
   2.6907085e-03
   8.4338123e-03
   6.7646252e-03
   1.0008535e-03
  -5.7683033e-03
  -1.6526431e-02
  -2.7392495e-02
  -3.1114114e-02
  -3.1048117e-02
  -3.2966990e-02
  -0.0000000e+00
   1.0377603e-04
  -7.8307651e-03
  -6.7903195e-03
  -3.2385606e-03
  -4.9737468e-03
  -1.1303957e-02
  -1.8492745e-02
  -2.7331496e-02
  -3.6383070e-02
  -4.0660966e-02
  -3.6174141e-02
  -2.9159496e-02
  -1.9314729e-02
  -1.0018378e-02
   1.1288550e-03
   1.1172101e-02
  -1.0257578e-03
  -2.1215515e-02
  -4.2513248e-02
  -5.5108257e-02
  -6.0381658e-02
  -5.5640891e-02
  -4.2276893e-02
  -3.2939129e-02
  -1.2265210e-02
   1.0449852e-02
   9.0679944e-03
   4.9849971e-03
  -2.0579512e-03
  -1.2196247e-02
  -2.3626435e-02
  -3.0635562e-02
  -3.1842381e-02
  -2.9906931e-02
  -2.7058393e-02
  -2.1987741e-02
  -0.0000000e+00
  -1.3854735e-02
  -1.1160357e-02
  -1.0837911e-02
  -1.5464310e-02
  -2.1148206e-02
  -2.7195314e-02
  -3.5450339e-02
  -4.0621850e-02
  -3.3225752e-02
  -2.1745761e-02
  -1.9054010e-02
  -1.2580307e-02
  -3.2459491e-03
   1.2204964e-02
   1.2014354e-02
  -1.1858978e-02
  -3.4334197e-02
  -5.0372364e-02
  -5.6575765e-02
  -5.4968622e-02
  -4.3793730e-02
  -2.4619716e-02
  -2.5991483e-02
   5.1784542e-03
   7.1687275e-03
   2.1978782e-03
   2.4189314e-04
  -4.9259551e-03
  -1.4250718e-02
  -2.2357285e-02
  -2.5637724e-02
  -2.5680661e-02
  -2.4049813e-02
  -1.6245034e-02
  -1.4410427e-02
  -0.0000000e+00
  -1.3473862e-02
  -1.2311216e-02
  -1.5069195e-02
  -1.9234175e-02
  -2.2832226e-02
  -2.7015379e-02
  -3.0574959e-02
  -2.4285020e-02
  -5.5874819e-03
   1.0180959e-03
  -5.0355159e-03
  -2.8471628e-03
   4.9018357e-03
   1.1349987e-02
  -1.7437162e-03
  -2.3067603e-02
  -3.6378685e-02
  -3.8335245e-02
  -3.7818499e-02
  -2.9590203e-02
  -2.4649167e-02
  -6.4625521e-03
  -1.0177421e-03
   5.0456653e-03
  -2.4279277e-03
  -6.8272819e-03
  -4.2039850e-03
  -5.3766672e-03
  -1.0809965e-02
  -1.4745034e-02
  -1.6900344e-02
  -1.8386406e-02
  -1.7157366e-02
  -2.6936415e-03
   7.7668163e-03
   0.0000000e+00
  -1.1976800e-02
  -1.1733410e-02
  -1.6086187e-02
  -1.8504238e-02
  -1.9022932e-02
  -1.8862104e-02
  -1.3226192e-02
   2.2275732e-03
   5.1807542e-03
  -6.9045927e-07
  -8.6670247e-03
  -9.2220977e-03
  -5.7217195e-03
  -5.3633003e-03
  -1.2604786e-02
  -1.7696004e-02
  -1.4234558e-02
  -6.5497407e-03
  -8.7199043e-03
  -2.4734873e-03
   0.0000000e+00
   6.2252025e-03
   5.1026469e-03
   1.9597536e-04
  -3.8247181e-03
  -6.1615352e-03
  -1.6919803e-03
  -4.1321741e-04
  -2.1708920e-03
  -4.7242711e-03
  -9.3793869e-03
  -1.3471851e-02
  -1.0722299e-02
   1.1292546e-02
   2.9731333e-02
   0.0000000e+00
  -0.0000000e+00
  -1.4784050e-02
  -1.9608248e-02
  -1.6401941e-02
  -1.2375826e-02
  -7.3592262e-03
   8.7891407e-03
   2.8819887e-02
   0.0000000e+00
   1.2116385e-03
  -2.9271296e-03
  -1.1097911e-02
  -7.9838326e-03
  -3.6834520e-03
  -1.4662734e-03
   3.3154567e-03
   1.9080598e-02
   0.0000000e+00
   0.0000000e+00
   0.0000000e+00
   0.0000000e+00
   7.2154365e-03
   5.8260527e-03
   3.2665103e-03
  -9.1143860e-04
   7.5515662e-04
   5.8299871e-03
   8.9412453e-03
   8.8918069e-03
   5.0564138e-03
  -4.0065502e-03
  -9.5856991e-03
  -3.6278539e-03
   2.4410633e-02
   4.8480552e-02
   0.0000000e+00
   0.0000000e+00
  -1.8987170e-02
  -2.5839597e-02
  -1.2923999e-02
  -4.7956891e-03
   5.3499709e-03
   3.3562180e-02
   6.0529955e-02
   0.0000000e+00
   3.2908477e-03
   1.3026756e-03
  -1.0166157e-02
   3.6108133e-04
   8.2720621e-03
   1.4941786e-02
   2.5490902e-02
   4.9251951e-02
   0.0000000e+00
   0.0000000e+00
   0.0000000e+00
   0.0000000e+00
   7.7195086e-03
   8.2339030e-03
   6.1178864e-03
   7.0155021e-03
   9.8928071e-03
   1.4986481e-02
   1.8692292e-02
   1.7783014e-02
   1.0216130e-02
  -3.0447389e-03
  -7.0938110e-03
   3.8941223e-03
   3.3287272e-02
   3.9063218e-02
   0.0000000e+00
   0.0000000e+00
  -2.8910548e-02
  -3.2438911e-02
  -9.3192477e-03
   1.6854832e-03
   1.7372457e-02
   5.6690507e-02
   0.0000000e+00
   0.0000000e+00
   1.0666448e-02
   7.5328104e-04
  -6.5606805e-03
   9.5281042e-03
   1.8231481e-02
   2.6723672e-02
   4.1437108e-02
   6.7773386e-02
   0.0000000e+00
   0.0000000e+00
   0.0000000e+00
   0.0000000e+00
   1.4069793e-02
   1.4622531e-02
   1.0790314e-02
   1.4699072e-02
   1.7545126e-02
   2.2957588e-02
   2.5266139e-02
   2.0746354e-02
   7.4424627e-03
  -5.8678826e-03
  -3.3411102e-03
   1.2504400e-02
   3.8822118e-02
   3.6939825e-02
   0.0000000e+00
   0.0000000e+00
  -0.0000000e+00
  -3.3401795e-02
  -5.2335756e-03
   9.2040747e-03
   3.1756539e-02
   7.5852320e-02
   0.0000000e+00
   0.0000000e+00
   0.0000000e+00
  -6.2141870e-04
   1.0706269e-04
   1.5867881e-02
   2.5998639e-02
   3.7354488e-02
   5.5680759e-02
   7.7650271e-02
   7.4662067e-02
   0.0000000e+00
   0.0000000e+00
   0.0000000e+00
   2.4065977e-02
   2.1505367e-02
   1.6661149e-02
   1.8488619e-02
   2.1569865e-02
   2.6078813e-02
   2.4868840e-02
   1.5133833e-02
  -5.4367783e-04
  -6.7967484e-03
   2.9907702e-03
   2.1312069e-02
   4.4960499e-02
   3.5971892e-02
   0.0000000e+00
   0.0000000e+00
   0.0000000e+00
  -2.2892614e-02
   2.1436056e-03
   1.9688599e-02
   4.4966318e-02
   7.6263480e-02
   0.0000000e+00
   0.0000000e+00
   0.0000000e+00
  -0.0000000e+00
   8.5844295e-03
   2.2847353e-02
   3.5437733e-02
   5.0225727e-02
   6.8237051e-02
   7.8022845e-02
   5.2298675e-02
   0.0000000e+00
   0.0000000e+00
   0.0000000e+00
   3.2790187e-02
   2.4965843e-02
   1.9739393e-02
   1.6307699e-02
   1.9125469e-02
   2.0610526e-02
   1.4487897e-02
   2.2983823e-03
  -7.0753368e-03
  -1.7792574e-03
   1.3230537e-02
   3.2681607e-02
   5.5051070e-02
   0.0000000e+00
   0.0000000e+00
   0.0000000e+00
   0.0000000e+00
  -7.3212671e-03
   1.5736736e-02
   3.3461623e-02
   5.3211328e-02
   5.9440468e-02
   0.0000000e+00
   0.0000000e+00
   0.0000000e+00
  -3.6152806e-03
   2.4965368e-02
   3.3581089e-02
   4.7314160e-02
   6.3341543e-02
   7.2778352e-02
   6.3679695e-02
   2.3922381e-02
  -1.0436662e-02
   0.0000000e+00
   3.7380680e-02
   3.4351230e-02
   2.4097621e-02
   1.7245749e-02
   6.5086558e-03
   8.8864723e-03
   8.0179591e-03
   9.1418374e-04
  -6.6142185e-03
  -5.8647040e-03
   6.4148265e-03
   2.3076668e-02
   4.1463934e-02
   5.1452260e-02
   0.0000000e+00
   0.0000000e+00
   0.0000000e+00
   0.0000000e+00
   7.2481483e-03
   2.7826738e-02
   4.1298203e-02
   5.1813610e-02
   4.5082465e-02
   0.0000000e+00
   0.0000000e+00
   0.0000000e+00
   9.8845922e-03
   3.7148742e-02
   4.1470300e-02
   5.2834202e-02
   6.3939378e-02
   6.0122516e-02
   3.8367033e-02
   6.9108391e-03
  -9.7175602e-03
   1.8551006e-02
   2.9249419e-02
   2.5315296e-02
   1.4552004e-02
   6.6504148e-03
  -6.1262543e-03
  -4.7979709e-03
  -5.6982790e-03
  -8.6969296e-03
  -8.1985267e-03
  -2.4735829e-04
   1.4270379e-02
   2.9082686e-02
   4.0831234e-02
   4.3811636e-02
   0.0000000e+00
   0.0000000e+00
   0.0000000e+00
   0.0000000e+00
   2.5726957e-02
   3.5126373e-02
   4.3375570e-02
   4.6542332e-02
   3.5030227e-02
   0.0000000e+00
   0.0000000e+00
   0.0000000e+00
   2.7697452e-02
   4.3287046e-02
   4.3700092e-02
   5.0398275e-02
   5.3925898e-02
   3.7733156e-02
   1.8302961e-02
  -3.0729226e-04
  -2.8523004e-03
   1.6440412e-02
   0.0000000e+00
   1.1434876e-02
  -9.9571982e-05
  -6.3631078e-03
  -1.9456612e-02
  -1.9000083e-02
  -1.8488673e-02
  -1.5718414e-02
  -8.4284879e-03
   2.9943460e-03
   1.6451761e-02
   2.6717287e-02
   3.1067031e-02
   3.0153054e-02
   0.0000000e+00
   0.0000000e+00
   0.0000000e+00
   0.0000000e+00
   4.7019591e-02
   3.6916561e-02
   4.1360002e-02
   4.0105246e-02
   2.6175434e-02
   0.0000000e+00
   0.0000000e+00
   0.0000000e+00
   4.1498653e-02
   4.1411862e-02
   3.8687184e-02
   3.9878082e-02
   3.6714304e-02
   1.4991797e-02
   9.9933944e-03
  -3.7109223e-03
   2.8408425e-03
   1.5272083e-02
   5.6150587e-03
  -1.4690578e-03
  -1.4229747e-02
  -1.8795980e-02
  -2.5381375e-02
  -2.5661034e-02
  -2.3688195e-02
  -1.7326705e-02
  -7.4221547e-03
   3.6821584e-03
   1.3797839e-02
   1.9296316e-02
   1.8789683e-02
   1.1827005e-02
   0.0000000e+00
   0.0000000e+00
   0.0000000e+00
   1.0397197e-02
   3.9279377e-02
   3.0157590e-02
   3.3935880e-02
   3.2033648e-02
   1.9602223e-02
   0.0000000e+00
   0.0000000e+00
   0.0000000e+00
   4.3678446e-02
   2.9913316e-02
   2.7737733e-02
   2.6172222e-02
   2.1129541e-02
   3.4639947e-03
   0.0000000e+00
   0.0000000e+00
   7.4594691e-04
   2.5448943e-03
   4.7820401e-03
  -9.5793055e-03
  -1.9748659e-02
  -2.3541216e-02
  -1.7992787e-02
  -1.8674182e-02
  -1.7062187e-02
  -1.1401177e-02
  -2.5060812e-03
   7.4494015e-03
   1.5912428e-02
   1.8372022e-02
   1.1760000e-02
   1.4430517e-03
   0.0000000e+00
   0.0000000e+00
   0.0000000e+00
  -7.8159431e-03
   2.1576267e-02
   2.5002643e-02
   2.9217215e-02
   2.7648244e-02
   1.5239321e-02
   0.0000000e+00
   0.0000000e+00
   0.0000000e+00
   3.4984410e-02
   2.4496641e-02
   2.1639757e-02
   1.6845748e-02
   1.2806816e-02
   1.9543525e-03
  -1.5702522e-03
   0.0000000e+00
  -3.0471843e-03
  -3.5436836e-03
   2.3303977e-03
  -8.5542835e-03
  -1.3015068e-02
  -1.5913896e-02
  -1.9885434e-02
  -1.8874680e-02
  -1.5827684e-02
  -9.5373608e-03
  -2.1721005e-04
   1.0280710e-02
   1.7470068e-02
   1.5090883e-02
   4.1106590e-03
  -7.7645015e-03
  -0.0000000e+00
   0.0000000e+00
   0.0000000e+00
  -1.3137632e-02
   5.6084131e-03
   1.4212975e-02
   1.9452125e-02
   2.4380588e-02
   1.8149983e-02
   0.0000000e+00
   0.0000000e+00
   0.0000000e+00
   0.0000000e+00
   2.2605062e-02
   1.3395993e-02
   6.5781017e-03
   7.6029263e-03
   5.8045597e-03
  -1.4945248e-03
   0.0000000e+00
  -3.2415580e-03
  -3.9527298e-03
  -2.7637322e-03
  -1.0078778e-02
  -1.5296306e-02
  -1.8712001e-02
  -4.1145522e-02
  -4.0948037e-02
  -3.6669202e-02
  -2.8674522e-02
  -1.9122899e-02
  -9.1851354e-03
  -2.0936560e-03
  -1.7789684e-03
  -2.6559958e-03
  -1.6951980e-02
  -0.0000000e+00
   0.0000000e+00
  -2.3815373e-02
  -2.6328156e-02
  -2.2808144e-02
  -1.0556489e-02
   4.2270060e-03
   0.0000000e+00
   0.0000000e+00
   0.0000000e+00
   0.0000000e+00
   0.0000000e+00
   0.0000000e+00
   2.3451850e-02
   5.0476794e-03
  -1.4410468e-04
   1.2778560e-02
   1.2144875e-02
  -5.0245776e-03
   4.8903365e-05
  -5.1750237e-03
  -5.6993207e-03
  -9.6458113e-03
  -1.8778525e-02
  -2.8478354e-02
  -3.6566641e-02
  -5.2208476e-02
  -5.7967421e-02
  -5.8569551e-02
  -5.3481936e-02
  -4.4532407e-02
  -3.3273820e-02
  -1.9343724e-02
  -1.0676166e-02
  -7.4680578e-03
  -9.6638998e-05
   0.0000000e+00
   0.0000000e+00
  -2.5118695e-02
  -3.6962774e-02
  -4.2161442e-02
  -3.4430619e-02
  -7.7284292e-03
   0.0000000e+00
   0.0000000e+00
   0.0000000e+00
   0.0000000e+00
   0.0000000e+00
   0.0000000e+00
   4.9447368e-02
   9.5287673e-03
  -4.5123752e-03
   3.0018553e-02
   1.8528594e-02
   4.6280252e-03
   1.3374736e-03
  -6.2610289e-03
  -7.6372786e-03
  -1.1152168e-02
  -1.9820584e-02
  -3.0887695e-02
  -4.2167373e-02
  -4.3870635e-02
  -5.2485399e-02
  -5.8098327e-02
  -5.8920316e-02
  -5.4217700e-02
  -4.3991271e-02
  -2.6437975e-02
  -8.4680039e-03
  -1.7340659e-02
  -4.2122320e-02
  -1.4789582e-02
  -6.2980870e-03
  -2.2280177e-02
  -3.5902616e-02
  -4.7869027e-02
  -5.5654019e-02
  -0.0000000e+00
   0.0000000e+00
   0.0000000e+00
   0.0000000e+00
   0.0000000e+00
   0.0000000e+00
   0.0000000e+00
   6.8098331e-02
   2.5141858e-02
   0.0000000e+00
   2.3083394e-02
   2.5344271e-02
   0.0000000e+00
   5.7170161e-03
  -5.9671775e-03
  -9.4243307e-03
  -1.0345548e-02
  -1.5632257e-02
  -2.4149694e-02
  -3.3534240e-02
  -3.1193465e-02
  -3.8602251e-02
  -4.5558568e-02
  -5.1838204e-02
  -5.3737340e-02
  -4.7645375e-02
  -3.0969311e-02
  -9.1089800e-03
  -0.0000000e+00
  -1.8777773e-02
  -1.0980663e-02
  -5.1637241e-03
  -1.7015425e-02
  -2.8602895e-02
  -4.5424134e-02
  -7.0672162e-02
  -0.0000000e+00
   0.0000000e+00
   0.0000000e+00
   0.0000000e+00
   0.0000000e+00
   0.0000000e+00
   0.0000000e+00
   7.5189588e-02
   3.7273008e-02
   0.0000000e+00
   1.2581821e-02
   2.3030607e-02
   0.0000000e+00
   7.8849046e-03
  -5.0204117e-03
  -1.0361214e-02
  -1.0180498e-02
  -1.1705060e-02
  -1.7290046e-02
  -2.3560351e-02
  -2.1790775e-02
  -2.7130641e-02
  -3.2649301e-02
  -4.0713556e-02
  -4.8616357e-02
  -4.8505336e-02
  -3.4782190e-02
  -0.0000000e+00
   0.0000000e+00
  -4.0930212e-04
  -5.5777328e-03
  -4.9077361e-03
  -1.1863306e-02
  -2.2244304e-02
  -3.9824445e-02
  -7.5500123e-02
  -0.0000000e+00
   0.0000000e+00
   0.0000000e+00
   0.0000000e+00
   0.0000000e+00
   0.0000000e+00
   0.0000000e+00
   0.0000000e+00
   0.0000000e+00
   0.0000000e+00
   0.0000000e+00
   0.0000000e+00
   0.0000000e+00
   3.5666887e-03
  -6.3516134e-03
  -9.0661114e-03
  -8.5564293e-03
  -7.6796371e-03
  -1.1242966e-02
  -1.6131027e-02
  -1.4973821e-02
  -2.0600168e-02
  -2.5387583e-02
  -3.2610811e-02
  -4.2966407e-02
  -4.7735408e-02
  -3.6340572e-02
  -0.0000000e+00
  -1.1755406e-03
  -4.6578082e-03
  -4.9367361e-04
  -2.3734015e-03
  -6.5533607e-03
  -1.5069187e-02
  -3.1422209e-02
  -6.7605317e-02
  -0.0000000e+00
   0.0000000e+00
   0.0000000e+00
   0.0000000e+00
   0.0000000e+00
   0.0000000e+00
   0.0000000e+00
   0.0000000e+00
   0.0000000e+00
   0.0000000e+00
   0.0000000e+00
   0.0000000e+00
   0.0000000e+00
  -0.0000000e+00
  -1.1089702e-02
  -6.3183424e-03
  -4.6276199e-03
  -2.1866788e-03
  -3.9361580e-03
  -8.7558040e-03
  -5.0817834e-03
  -1.1927197e-02
  -1.7560774e-02
  -2.4773815e-02
  -3.7978745e-02
  -4.7808098e-02
  -3.8944728e-02
  -0.0000000e+00
   3.5388434e-03
  -3.4913680e-03
   1.5768822e-03
   3.6484842e-03
  -2.7101906e-04
  -6.5456574e-03
  -2.0059047e-02
  -5.2197137e-02
  -7.6650580e-02
   0.0000000e+00
   0.0000000e+00
   0.0000000e+00
   0.0000000e+00
   0.0000000e+00
   0.0000000e+00
   0.0000000e+00
   0.0000000e+00
   0.0000000e+00
   0.0000000e+00
   0.0000000e+00
   0.0000000e+00
   0.0000000e+00
  -1.1858083e-02
  -6.9065747e-03
  -3.4858730e-05
   5.5518330e-03
   5.9519398e-03
   1.5972159e-03
   4.0398743e-03
  -3.2196264e-03
  -8.4534902e-03
  -1.5477982e-02
  -3.2045741e-02
  -4.6307251e-02
  -0.0000000e+00
   0.0000000e+00
   0.0000000e+00
   0.0000000e+00
   4.6318945e-03
   8.9576114e-03
   6.4853481e-03
   7.9091382e-04
  -1.0390174e-02
  -4.0062498e-02
  -7.9177542e-02
   0.0000000e+00
   0.0000000e+00
   0.0000000e+00
   0.0000000e+00
   0.0000000e+00
   0.0000000e+00
   0.0000000e+00
   0.0000000e+00
   0.0000000e+00
   0.0000000e+00
   0.0000000e+00
   0.0000000e+00
   0.0000000e+00
  -1.5360919e-02
  -1.5261059e-02
  -5.9743421e-03
   1.1292316e-02
   1.4880971e-02
   1.1329334e-02
   1.2286521e-02
   4.2588213e-03
  -2.9057247e-04
  -5.5248262e-03
  -2.4211485e-02
  -4.3844912e-02
   0.0000000e+00
   0.0000000e+00
   0.0000000e+00
   0.0000000e+00
   8.0168340e-03
   8.5773347e-03
   1.1622106e-02
   7.4768825e-03
  -9.1696926e-04
  -2.8805953e-02
  -7.2525007e-02
   0.0000000e+00
   0.0000000e+00
  -0.0000000e+00
  -0.0000000e+00
   0.0000000e+00
   0.0000000e+00
   0.0000000e+00
   0.0000000e+00
   0.0000000e+00
   0.0000000e+00
   0.0000000e+00
   0.0000000e+00
   0.0000000e+00
  -0.0000000e+00
  -0.0000000e+00
  -2.0840203e-02
   8.5778171e-03
   1.9139031e-02
   1.9105600e-02
   1.5557623e-02
   9.3173187e-03
   5.9416071e-03
   3.5525335e-03
  -1.4371675e-02
  -3.4643548e-02
   0.0000000e+00
   0.0000000e+00
   0.0000000e+00
   0.0000000e+00
   0.0000000e+00
  -1.8246719e-03
   8.0963327e-03
   8.2488507e-03
   5.9663979e-03
  -1.6568527e-02
  -5.8163694e-02
   0.0000000e+00
  -0.0000000e+00
  -0.0000000e+00
  -0.0000000e+00
   0.0000000e+00
   0.0000000e+00
   0.0000000e+00
   0.0000000e+00
   0.0000000e+00
   0.0000000e+00
   0.0000000e+00
   0.0000000e+00
   0.0000000e+00
   0.0000000e+00
  -4.8764288e-02
  -4.6562508e-02
  -8.2731014e-03
   1.0688163e-02
   1.8455314e-02
   1.5894186e-02
   1.0934562e-02
   9.6867727e-03
   1.1323543e-02
   1.5243085e-03
  -0.0000000e+00
   0.0000000e+00
   0.0000000e+00
   0.0000000e+00
   0.0000000e+00
  -0.0000000e+00
  -1.8165734e-02
  -5.9943069e-03
  -3.7401740e-04
   5.8294153e-03
  -1.7716382e-03
  -3.6584624e-02
   0.0000000e+00
  -0.0000000e+00
  -0.0000000e+00
   0.0000000e+00
  -0.0000000e+00
   0.0000000e+00
   0.0000000e+00
   0.0000000e+00
   0.0000000e+00
   0.0000000e+00
   0.0000000e+00
   0.0000000e+00
   0.0000000e+00
   0.0000000e+00
  -3.9039830e-02
  -4.2744356e-02
  -2.0139983e-02
   1.3842135e-03
   1.6064446e-02
   1.0720122e-02
   4.8152189e-03
   7.0070163e-03
   1.5470917e-02
   1.4422407e-02
   0.0000000e+00
   0.0000000e+00
   0.0000000e+00
   0.0000000e+00
   0.0000000e+00
   0.0000000e+00
   0.0000000e+00
  -1.4701221e-02
  -7.1012984e-03
   3.5471525e-03
   1.0267293e-02
  -3.6618532e-03
  -2.4691744e-03
   0.0000000e+00
   0.0000000e+00
   0.0000000e+00
  -0.0000000e+00
   0.0000000e+00
   0.0000000e+00
   0.0000000e+00
   0.0000000e+00
   0.0000000e+00
   0.0000000e+00
   0.0000000e+00
   0.0000000e+00
   0.0000000e+00
  -0.0000000e+00
  -4.0791410e-02
  -2.4623923e-02
  -6.0033968e-03
   1.2352606e-02
  -1.2358427e-02
  -1.5818227e-02
  -4.0516532e-03
   1.6024727e-02
   2.1230724e-02
   0.0000000e+00
   0.0000000e+00
   0.0000000e+00
   0.0000000e+00
   0.0000000e+00
   0.0000000e+00
   0.0000000e+00
  -3.2115813e-02
  -1.5927333e-02
   4.4784531e-03
   1.9722137e-02
   1.9072007e-02
  -0.0000000e+00
   0.0000000e+00
   0.0000000e+00
   0.0000000e+00
   0.0000000e+00
   0.0000000e+00
   0.0000000e+00
   0.0000000e+00
   0.0000000e+00
   0.0000000e+00
   0.0000000e+00
   0.0000000e+00
   0.0000000e+00
   0.0000000e+00
   0.0000000e+00
  -3.2185452e-02
  -1.6888018e-02
  -3.2365578e-02
  -7.4964799e-03
  -5.9742227e-02
  -5.4120909e-02
  -0.0000000e+00
   0.0000000e+00
   0.0000000e+00
   0.0000000e+00
   0.0000000e+00
   0.0000000e+00
   0.0000000e+00
  -0.0000000e+00
  -2.3134918e-02
   0.0000000e+00
  -5.4385983e-02
  -3.1535637e-02
  -6.7480970e-03
   1.9401852e-02
   2.7230820e-02
   3.4204182e-02
   4.7732040e-03
  -0.0000000e+00
  -0.0000000e+00
   0.0000000e+00
   0.0000000e+00
   0.0000000e+00
   0.0000000e+00
   0.0000000e+00
   0.0000000e+00
   0.0000000e+00
   0.0000000e+00
   0.0000000e+00
   0.0000000e+00
   0.0000000e+00
  -0.0000000e+00
   0.0000000e+00
  -4.2436160e-02
  -4.0658608e-02
  -7.7533301e-02
  -8.5552573e-02
   0.0000000e+00
   0.0000000e+00
   0.0000000e+00
   0.0000000e+00
   0.0000000e+00
   0.0000000e+00
   0.0000000e+00
  -0.0000000e+00
  -3.1510377e-02
  -5.8644337e-02
  -3.8538330e-02
  -0.0000000e+00
  -4.8601164e-02
   1.9720681e-03
   1.1585150e-02
   6.1629313e-03
   2.2839776e-02
  -0.0000000e+00
  -0.0000000e+00
   0.0000000e+00
   0.0000000e+00
   0.0000000e+00
   0.0000000e+00
   0.0000000e+00
   0.0000000e+00
   0.0000000e+00
   0.0000000e+00
   0.0000000e+00
   0.0000000e+00
   0.0000000e+00
   0.0000000e+00
   0.0000000e+00
  -0.0000000e+00
  -0.0000000e+00
  -2.0051653e-02
  -4.1785917e-02
  -2.3027374e-02
  -3.9727590e-03
  -4.2137681e-03
  -3.9694649e-03
  -1.0334585e-02
  -2.2990160e-02
  -2.3355734e-02
   0.0000000e+00
  -4.2127769e-02
  -4.8006069e-02
  -0.0000000e+00
   0.0000000e+00
   0.0000000e+00
  -0.0000000e+00
  -2.3971379e-02
   5.4508080e-03
   4.4727733e-03
   4.0665217e-03
   6.5289164e-03
  -3.1045196e-03
  -1.2001507e-02
  -1.3989623e-02
  -1.3115252e-02
  -1.0942240e-02
   4.1526699e-03
   0.0000000e+00
   0.0000000e+00
  -4.6855000e-03
   5.3475256e-03
   5.7462069e-03
   1.0704457e-02
   5.0675968e-03
  -7.4287681e-03
  -9.3001385e-03
