   0.0000000e+00
   0.0000000e+00
   0.0000000e+00
   0.0000000e+00
   0.0000000e+00
   0.0000000e+00
   0.0000000e+00
   7.5636899e-02
   3.2727629e-02
   1.9664604e-02
   4.8112045e-03
  -3.1654789e-03
   0.0000000e+00
   0.0000000e+00
   0.0000000e+00
  -0.0000000e+00
   0.0000000e+00
  -0.0000000e+00
   0.0000000e+00
   0.0000000e+00
   2.7359651e-02
   1.7819653e-03
  -5.1766984e-03
  -0.0000000e+00
   0.0000000e+00
   0.0000000e+00
   0.0000000e+00
   0.0000000e+00
   0.0000000e+00
   0.0000000e+00
   0.0000000e+00
   0.0000000e+00
   0.0000000e+00
   0.0000000e+00
   0.0000000e+00
   0.0000000e+00
   5.4863291e-02
   3.5441171e-02
   2.4533202e-02
   3.6614648e-02
   3.0133681e-02
   1.7380287e-02
   2.4540661e-02
   1.3114483e-02
   2.8431569e-03
   3.2580444e-03
   4.8632561e-03
   7.1355077e-03
   6.5910071e-03
   1.7395217e-03
  -4.0379739e-03
  -1.1714324e-02
  -1.5735416e-02
  -2.8772824e-02
  -3.2178747e-02
   9.2097754e-03
   2.4892930e-03
   8.9336326e-03
   1.6103284e-02
   1.7302388e-02
   1.9723784e-02
   2.4067457e-02
   2.9847970e-02
   2.9550626e-02
   8.0825807e-03
  -1.7211623e-02
   4.3448894e-03
   6.3769930e-02
   4.8702993e-02
   1.3851974e-02
   3.1749065e-02
   4.9786976e-02
   7.1651465e-03
  -7.9830931e-03
  -2.2246035e-02
  -2.9465003e-02
  -3.5830639e-02
  -3.7550487e-02
  -3.2215036e-02
  -2.4058552e-02
  -1.2771767e-02
  -3.6159211e-03
   3.4274154e-03
   7.9221372e-03
   6.6511687e-03
   9.8594814e-04
  -6.3766185e-03
  -1.4216387e-02
  -2.0561146e-02
  -2.4779497e-02
  -2.4748552e-02
  -1.7094078e-02
  -7.2944746e-03
   5.0438810e-03
   1.7153708e-02
   2.2159914e-02
   2.1195956e-02
   1.4439445e-02
   7.3872521e-03
  -2.9005292e-03
  -1.1520524e-02
  -1.6589014e-02
  -1.0036530e-02
   5.5615525e-03
   1.3866534e-02
   1.4233075e-02
   1.8469447e-02
   1.6256372e-02
  -1.8662224e-02
  -3.5343565e-02
  -4.9919050e-02
  -5.6411274e-02
  -5.1728755e-02
  -4.2446185e-02
  -2.9281504e-02
  -1.7633883e-02
  -4.3288460e-03
   4.7913380e-03
   9.7459201e-03
   8.8509386e-03
   3.8706209e-03
  -4.8008850e-03
  -1.1999177e-02
  -1.9235361e-02
  -2.6056372e-02
  -3.5461269e-02
  -2.1111283e-02
  -1.0902246e-02
  -9.8053254e-03
  -2.3840242e-03
   7.5981636e-03
   1.0067226e-02
   6.1660926e-03
  -6.3128391e-04
  -1.0651570e-02
  -2.4429956e-02
  -3.2840423e-02
  -3.4017865e-02
  -2.8238213e-02
  -1.6101234e-02
   3.5679055e-04
   4.9384944e-03
   8.6004240e-03
  -8.7947201e-04
  -3.3014521e-02
  -4.9234446e-02
  -5.9210788e-02
  -5.6607105e-02
  -4.4739075e-02
  -3.5369325e-02
  -2.3456816e-02
  -2.7740051e-03
   4.9358439e-03
   9.8435385e-03
   8.5267182e-03
   1.8758897e-03
  -7.3648649e-03
  -1.5474994e-02
  -2.0816823e-02
  -2.4902893e-02
  -2.9389933e-02
  -4.0673107e-02
  -6.7686333e-03
  -1.4108587e-02
  -1.4817175e-02
  -8.3856937e-03
  -3.5043983e-03
  -1.6646595e-03
  -3.6133870e-03
  -1.0919786e-02
  -2.3549816e-02
  -3.4907311e-02
  -3.8488261e-02
  -3.8090412e-02
  -3.4590319e-02
  -2.4457352e-02
  -1.0928836e-02
   1.8260682e-03
  -2.0297474e-04
  -1.4111551e-02
  -3.5105596e-02
  -4.3427633e-02
  -4.5147522e-02
  -3.5895093e-02
  -2.4018607e-02
  -1.5830635e-02
   1.1324601e-03
   0.0000000e+00
   3.7304119e-03
   4.1911772e-03
   5.1680860e-04
  -6.3892989e-03
  -1.4272290e-02
  -1.9415992e-02
  -2.2133471e-02
  -2.3178095e-02
  -2.3880363e-02
  -2.6747856e-02
   0.0000000e+00
  -1.0806480e-02
  -5.8267437e-03
  -6.1341132e-03
  -4.4240095e-03
  -2.3578388e-03
  -7.0084384e-03
  -1.5283680e-02
  -2.0711537e-02
  -2.1351301e-02
  -2.0479980e-02
  -2.2947611e-02
  -2.4196952e-02
  -2.0158504e-02
  -8.8553350e-03
  -3.2625883e-03
  -1.1008257e-02
  -2.1718159e-02
  -1.7824374e-02
  -1.8482726e-02
  -1.9068323e-02
  -1.3952572e-02
  -3.2387946e-03
   1.9567360e-03
   3.2949604e-03
  -9.5863864e-03
  -9.1665573e-03
  -4.2556347e-03
  -3.7037777e-03
  -7.1264822e-03
  -1.2034722e-02
  -1.5732598e-02
  -1.7034629e-02
  -1.5793243e-02
  -1.2629459e-02
  -4.6633380e-03
   0.0000000e+00
  -0.0000000e+00
  -4.3645413e-03
  -6.1149457e-03
  -7.7203135e-03
  -1.0119600e-02
  -1.3751063e-02
  -9.7894575e-03
   8.3123572e-04
   9.8999711e-03
   7.8073307e-03
  -6.7287530e-03
  -1.4160174e-02
  -1.2613665e-02
  -5.6190966e-03
  -7.2687860e-03
  -1.0810608e-02
  -1.5529092e-02
   1.4721575e-02
   3.3063058e-03
   1.9862233e-03
  -3.6310792e-03
   0.0000000e+00
   6.3137794e-03
   6.1348901e-03
  -2.8290453e-03
  -3.8151313e-03
   1.1864960e-03
   1.3204583e-03
  -1.8014936e-03
  -6.0465396e-03
  -9.6691724e-03
  -1.0592923e-02
  -7.8155492e-03
   1.3405930e-04
   2.1512264e-02
   0.0000000e+00
  -0.0000000e+00
  -8.8508791e-03
  -1.4659249e-02
  -1.6294585e-02
  -1.3872918e-02
  -7.6771816e-03
   3.7116045e-03
   1.8165048e-02
   9.9044059e-03
   3.8973749e-03
  -1.4675428e-02
  -1.7602986e-02
  -1.6081167e-02
  -1.0454721e-02
  -4.0565100e-03
   6.1632668e-04
   4.4652941e-03
   4.4788827e-02
   0.0000000e+00
   0.0000000e+00
   0.0000000e+00
  -0.0000000e+00
   1.1719727e-03
   4.8160506e-03
   2.6278575e-03
   4.3527754e-03
   6.9362596e-03
   6.1715669e-03
   2.8192648e-03
  -1.6014797e-03
  -6.0453010e-03
  -7.2601126e-03
  -2.9432289e-03
   9.6984822e-03
   4.1420411e-02
   0.0000000e+00
   0.0000000e+00
  -0.0000000e+00
  -1.6634226e-02
  -1.5316707e-02
  -7.7623278e-03
   2.3301791e-03
   1.6396707e-02
   4.0749259e-02
   0.0000000e+00
  -0.0000000e+00
  -5.4757614e-03
  -9.2517436e-03
  -8.5537564e-03
  -2.3461457e-03
   5.9310235e-03
   1.2800383e-02
   2.2408582e-02
   6.9291209e-02
   0.0000000e+00
   0.0000000e+00
   0.0000000e+00
   0.0000000e+00
   7.4643139e-03
   1.2814616e-02
   1.3604225e-02
   1.3696799e-02
   1.3521295e-02
   1.1263181e-02
   7.0797121e-03
   6.8710523e-04
  -4.7629657e-03
  -4.9335780e-03
   3.1206415e-03
   2.1416061e-02
   5.5451535e-02
   1.7051468e-02
   0.0000000e+00
   0.0000000e+00
  -2.2396740e-02
  -1.3413172e-02
  -7.9085657e-05
   1.3209272e-02
   3.5187267e-02
   6.4659335e-02
   0.0000000e+00
  -0.0000000e+00
   6.8741916e-03
  -7.0909492e-03
  -2.5132461e-03
   6.2502036e-03
   1.5805876e-02
   2.5958572e-02
   4.4023495e-02
   7.3101093e-02
   0.0000000e+00
   0.0000000e+00
   0.0000000e+00
   0.0000000e+00
   1.8787790e-02
   2.1706747e-02
   2.1261917e-02
   1.9731972e-02
   1.7247338e-02
   1.3680273e-02
   7.6073655e-03
  -6.2334223e-04
  -5.1271785e-03
  -2.1919021e-03
   9.8295528e-03
   3.1035608e-02
   5.4893430e-02
   2.1350270e-02
   0.0000000e+00
   0.0000000e+00
  -2.7029775e-02
  -1.0817208e-02
   5.5935262e-03
   2.1644346e-02
   5.2831568e-02
   9.3018746e-02
   0.0000000e+00
   0.0000000e+00
   8.2608325e-03
  -1.0537928e-02
   1.6704192e-03
   1.3488245e-02
   2.5731746e-02
   3.8682386e-02
   5.8072627e-02
   6.3511227e-02
   2.0332092e-02
   0.0000000e+00
   0.0000000e+00
   0.0000000e+00
   2.8917840e-02
   2.8575625e-02
   2.7381934e-02
   2.4179071e-02
   1.9410266e-02
   1.2690879e-02
   3.6165512e-03
  -4.6216371e-03
  -5.1575401e-03
   2.5413218e-03
   1.8247478e-02
   4.0411584e-02
   5.3670600e-02
   2.2547525e-02
   0.0000000e+00
   0.0000000e+00
  -0.0000000e+00
  -5.0028344e-03
   1.3357769e-02
   3.3151910e-02
   6.8357758e-02
   9.1414735e-02
   0.0000000e+00
   0.0000000e+00
   0.0000000e+00
  -3.0036608e-03
   9.4362926e-03
   2.3113662e-02
   3.8322315e-02
   5.2749608e-02
   6.7096472e-02
   4.7342226e-02
   1.9798089e-02
   0.0000000e+00
   0.0000000e+00
   3.4960893e-02
   3.3827629e-02
   3.1261116e-02
   2.7452786e-02
   2.2059139e-02
   1.4922841e-02
   5.7650371e-03
  -2.7624283e-03
  -5.6422427e-03
  -2.7216770e-04
   1.1092242e-02
   2.8022520e-02
   5.0671317e-02
   5.7934576e-02
   0.0000000e+00
   0.0000000e+00
   0.0000000e+00
  -0.0000000e+00
   5.0607021e-03
   2.4165878e-02
   4.5311093e-02
   7.1408428e-02
   6.9430161e-02
   0.0000000e+00
   0.0000000e+00
   0.0000000e+00
   1.1193122e-02
   1.8896280e-02
   3.3202548e-02
   5.1318150e-02
   6.4656734e-02
   6.8112910e-02
   3.8327064e-02
   1.1906296e-02
   0.0000000e+00
   0.0000000e+00
   3.7276434e-02
   3.0486265e-02
   2.2952547e-02
   1.6335633e-02
   1.1056884e-02
   4.7377339e-03
  -1.0635351e-03
  -2.8782021e-03
   1.8742068e-03
   1.1692094e-02
   2.4691444e-02
   4.0806293e-02
   6.0291126e-02
   6.5188897e-02
   0.0000000e+00
   0.0000000e+00
   0.0000000e+00
   0.0000000e+00
   1.6304879e-02
   3.4483843e-02
   5.2572586e-02
   6.5584667e-02
   5.1166779e-02
   0.0000000e+00
   0.0000000e+00
  -0.0000000e+00
   2.5001204e-02
   2.6976390e-02
   4.1277826e-02
   6.0680151e-02
   7.0864879e-02
   6.3176610e-02
   2.6052793e-02
   9.2479830e-03
   8.1493516e-03
   2.2920784e-02
   2.3906891e-02
   1.4871811e-02
   5.0121862e-03
   8.8007146e-05
  -2.2484465e-03
  -4.2321752e-03
  -3.7050522e-03
   2.0306513e-03
   1.3401348e-02
   2.6055800e-02
   3.8497631e-02
   5.0903894e-02
   6.1025247e-02
   4.3774110e-02
   0.0000000e+00
   0.0000000e+00
   0.0000000e+00
   0.0000000e+00
   2.9637856e-02
   4.2863175e-02
   5.3187139e-02
   5.3458542e-02
   3.4112492e-02
   0.0000000e+00
   0.0000000e+00
   0.0000000e+00
   2.1859191e-02
   3.1481393e-02
   4.2293895e-02
   5.6966484e-02
   6.0734585e-02
   4.6023939e-02
   1.4194391e-02
   8.8194665e-03
   1.2845080e-02
   1.9679215e-02
   0.0000000e+00
  -3.2048910e-03
  -9.8832902e-03
  -1.2630661e-02
  -1.2835552e-02
  -1.0043046e-02
  -3.1559118e-03
   8.6206105e-03
   2.4227422e-02
   3.8053315e-02
   4.8204888e-02
   5.3813100e-02
   5.1932689e-02
   4.0634565e-02
   0.0000000e+00
   0.0000000e+00
   0.0000000e+00
   0.0000000e+00
   4.0122667e-02
   4.6719257e-02
   4.9836703e-02
   4.1682959e-02
   2.0148131e-02
   0.0000000e+00
   0.0000000e+00
   0.0000000e+00
   2.7147423e-02
   3.1886760e-02
   3.7546650e-02
   4.2074651e-02
   3.4869805e-02
   2.0800799e-02
   6.7244910e-03
   5.3337775e-03
   6.6613071e-03
   0.0000000e+00
  -5.1901353e-03
  -1.3415679e-02
  -1.8878171e-02
  -2.1675706e-02
  -2.1878405e-02
  -1.7503187e-02
  -7.9123173e-03
   5.4915342e-03
   2.0508178e-02
   3.3084650e-02
   4.1718945e-02
   4.3770015e-02
   3.3677258e-02
   1.9124454e-02
   0.0000000e+00
   0.0000000e+00
   0.0000000e+00
   0.0000000e+00
   3.8962764e-02
   4.0288873e-02
   4.1671790e-02
   2.9263215e-02
   1.2237414e-02
   0.0000000e+00
   0.0000000e+00
   0.0000000e+00
   2.0144554e-02
   2.4612173e-02
   2.7377121e-02
   2.7902333e-02
   1.7665651e-02
   7.9328586e-03
   0.0000000e+00
  -0.0000000e+00
  -2.2674768e-03
   2.7504869e-03
  -2.0919194e-04
  -7.1886509e-03
  -1.0522316e-02
  -1.2875720e-02
  -1.3586478e-02
  -1.1157652e-02
  -5.0778634e-03
   3.2984217e-03
   1.2178610e-02
   1.9540950e-02
   2.5905407e-02
   2.8166652e-02
   1.8783597e-02
   1.1118116e-02
   0.0000000e+00
   0.0000000e+00
   0.0000000e+00
   1.2565744e-02
   2.7740508e-02
   2.8489888e-02
   2.9118322e-02
   1.7286284e-02
   4.4492832e-03
   0.0000000e+00
   0.0000000e+00
   0.0000000e+00
   1.0752417e-02
   1.3462882e-02
   1.5977604e-02
   1.7070601e-02
   9.5681108e-03
   4.1886845e-04
  -3.5298120e-04
  -0.0000000e+00
  -5.8420359e-03
   1.4160937e-03
   3.8071894e-03
   3.1272146e-03
   2.6552274e-03
   2.0640625e-03
   2.5716859e-03
   5.5088608e-03
   1.1203275e-02
   1.8837463e-02
   2.6927610e-02
   3.3471025e-02
   3.5655576e-02
   2.6740749e-02
   1.0755591e-02
   3.6965269e-03
   0.0000000e+00
   0.0000000e+00
  -0.0000000e+00
   4.8303095e-03
   1.7403634e-02
   2.0081104e-02
   1.8545424e-02
   1.1453971e-02
   3.1429509e-03
   0.0000000e+00
   0.0000000e+00
   0.0000000e+00
   3.0751110e-03
   4.6392529e-03
   5.1673170e-03
   7.0361570e-03
   5.8542870e-03
   7.2922706e-04
  -4.9262996e-03
  -3.7508111e-03
  -7.5730672e-03
  -6.1094947e-03
  -1.0694817e-02
  -1.4506062e-02
  -1.6522819e-02
  -1.6258799e-02
  -1.3528554e-02
  -7.4002994e-03
   1.2976044e-03
   1.1320112e-02
   2.0812754e-02
   2.6027214e-02
   2.2934802e-02
   1.1661023e-02
   1.1634046e-03
  -8.4472018e-04
   0.0000000e+00
   0.0000000e+00
  -0.0000000e+00
  -1.4233874e-02
  -6.3688285e-03
   4.5555215e-03
   1.1767709e-02
   0.0000000e+00
   0.0000000e+00
   0.0000000e+00
   0.0000000e+00
   0.0000000e+00
   0.0000000e+00
  -3.1488598e-03
  -3.8412586e-03
   4.2357147e-03
   7.6718554e-03
   3.7091216e-03
  -5.1597390e-03
   2.2052032e-03
  -8.6685605e-03
  -1.3833161e-02
  -2.2566959e-02
  -3.2548066e-02
  -4.2609304e-02
  -4.9188510e-02
  -5.1115267e-02
  -4.7711533e-02
  -3.9970666e-02
  -2.8697221e-02
  -1.4096661e-02
  -1.3955623e-03
   3.6018267e-03
  -9.5103169e-04
  -4.4571356e-03
  -5.0529195e-03
   0.0000000e+00
  -0.0000000e+00
  -2.6740090e-02
  -3.1101206e-02
  -2.7224271e-02
  -9.2070261e-03
   0.0000000e+00
   0.0000000e+00
   0.0000000e+00
   0.0000000e+00
   0.0000000e+00
   0.0000000e+00
   0.0000000e+00
  -2.1107264e-03
  -1.1259539e-02
   8.9410235e-03
   1.3076574e-02
   6.4631333e-03
  -0.0000000e+00
   5.1976756e-03
  -4.5714040e-03
  -1.0420365e-02
  -1.6297612e-02
  -2.4584159e-02
  -3.5124194e-02
  -4.5062970e-02
  -5.3102572e-02
  -5.8037780e-02
  -5.8495536e-02
  -5.4032668e-02
  -4.3197248e-02
  -2.6966508e-02
  -8.2526440e-03
  -6.9269491e-03
  -6.8799798e-03
  -1.3123585e-02
  -0.0000000e+00
  -1.3998143e-02
  -2.6545079e-02
  -3.6314014e-02
  -4.1688010e-02
  -3.2908864e-02
   0.0000000e+00
   0.0000000e+00
   0.0000000e+00
   0.0000000e+00
   0.0000000e+00
   0.0000000e+00
   0.0000000e+00
   1.2515345e-02
  -1.5625479e-02
   1.7171687e-02
   1.6542980e-02
   7.9990551e-03
  -0.0000000e+00
  -1.0768678e-03
  -3.3818297e-03
  -7.2655878e-03
  -7.2849649e-03
  -9.6816737e-03
  -1.5742317e-02
  -2.3812473e-02
  -3.2259054e-02
  -4.0232863e-02
  -4.6820417e-02
  -5.1919892e-02
  -5.2407380e-02
  -4.2183686e-02
  -1.5552105e-02
  -6.7839764e-03
  -1.5617296e-02
  -0.0000000e+00
  -6.0468605e-03
  -8.8279452e-03
  -2.1993721e-02
  -3.4456328e-02
  -4.9655188e-02
  -5.7731056e-02
   0.0000000e+00
   0.0000000e+00
   0.0000000e+00
   0.0000000e+00
   0.0000000e+00
   0.0000000e+00
   0.0000000e+00
   2.0769531e-02
  -1.5298072e-02
   0.0000000e+00
   1.7991631e-02
   9.7446115e-03
  -0.0000000e+00
  -4.7951167e-03
  -5.4319780e-03
  -9.0207774e-03
  -7.2958460e-03
  -7.3795607e-03
  -1.0475651e-02
  -1.5713589e-02
  -2.1694014e-02
  -2.7941786e-02
  -3.4976847e-02
  -4.3241978e-02
  -4.9151827e-02
  -4.5119558e-02
  -2.4956217e-02
   0.0000000e+00
   0.0000000e+00
  -3.4567399e-03
  -3.9007839e-03
  -6.9574919e-03
  -1.6976722e-02
  -3.1036384e-02
  -5.2002400e-02
  -7.1397412e-02
   0.0000000e+00
   0.0000000e+00
   0.0000000e+00
   0.0000000e+00
   0.0000000e+00
   0.0000000e+00
   0.0000000e+00
   2.5153363e-02
  -7.8410722e-03
   0.0000000e+00
   1.9280642e-02
   0.0000000e+00
  -0.0000000e+00
  -1.4589305e-02
  -7.5037903e-03
  -8.2314592e-03
  -4.9667903e-03
  -4.3699536e-03
  -6.7715063e-03
  -1.1152100e-02
  -1.6178418e-02
  -2.0861821e-02
  -2.6915357e-02
  -3.6062144e-02
  -4.5307215e-02
  -4.4241782e-02
  -3.2555517e-02
   0.0000000e+00
  -2.0630010e-03
  -3.1090789e-03
   1.1062481e-03
  -2.8260895e-03
  -1.0122773e-02
  -2.3817902e-02
  -4.7609158e-02
  -7.5208055e-02
   0.0000000e+00
   0.0000000e+00
   0.0000000e+00
   0.0000000e+00
   0.0000000e+00
   0.0000000e+00
   0.0000000e+00
   0.0000000e+00
   0.0000000e+00
   0.0000000e+00
   0.0000000e+00
   0.0000000e+00
   0.0000000e+00
  -0.0000000e+00
  -1.2382360e-02
  -4.5736963e-03
   7.4024021e-04
   2.6159717e-03
   3.3233478e-04
  -3.6282989e-03
  -8.1213396e-03
  -1.2593477e-02
  -1.9386522e-02
  -3.1378310e-02
  -4.6052180e-02
  -4.3854542e-02
  -3.0568790e-02
   0.0000000e+00
  -1.5688903e-03
  -6.9138630e-03
   3.4634979e-03
   1.8950143e-03
  -2.4317510e-03
  -1.2597204e-02
  -3.4534570e-02
  -6.5643124e-02
   0.0000000e+00
   0.0000000e+00
   0.0000000e+00
   0.0000000e+00
   0.0000000e+00
   0.0000000e+00
   0.0000000e+00
   0.0000000e+00
   0.0000000e+00
   0.0000000e+00
   0.0000000e+00
   0.0000000e+00
   0.0000000e+00
  -0.0000000e+00
  -2.7822919e-02
  -2.3920701e-03
   7.8208838e-03
   1.1721132e-02
   8.8752508e-03
   3.6749630e-03
  -1.3658721e-03
  -5.5748103e-03
  -1.1949329e-02
  -2.5780454e-02
  -4.8868906e-02
  -4.4146928e-02
  -3.4303505e-02
   0.0000000e+00
  -0.0000000e+00
  -3.5835480e-03
   7.5236065e-03
   7.8034396e-03
   3.3891150e-03
  -4.4749430e-03
  -2.2153014e-02
  -5.4925457e-02
   0.0000000e+00
   0.0000000e+00
   0.0000000e+00
   0.0000000e+00
   0.0000000e+00
   0.0000000e+00
   0.0000000e+00
   0.0000000e+00
   0.0000000e+00
   0.0000000e+00
   0.0000000e+00
   0.0000000e+00
   0.0000000e+00
  -0.0000000e+00
  -3.9990906e-02
  -1.0341755e-02
   5.1868754e-03
   1.8915568e-02
   2.0600595e-02
   1.4744050e-02
   8.8259885e-03
   3.7726925e-03
  -2.1252132e-03
  -1.6947983e-02
  -5.2090380e-02
  -5.1221884e-02
   0.0000000e+00
   0.0000000e+00
   0.0000000e+00
  -0.0000000e+00
   5.9347455e-03
   1.5391150e-02
   1.3031039e-02
   5.9072920e-03
  -8.6444290e-03
  -3.8221467e-02
  -5.5220013e-02
   0.0000000e+00
   0.0000000e+00
  -0.0000000e+00
  -0.0000000e+00
   0.0000000e+00
   0.0000000e+00
   0.0000000e+00
   0.0000000e+00
   0.0000000e+00
   0.0000000e+00
   0.0000000e+00
   0.0000000e+00
  -0.0000000e+00
  -0.0000000e+00
  -0.0000000e+00
  -1.0277832e-02
   1.4195949e-02
   2.2836585e-02
   1.9791955e-02
   1.5328204e-02
   1.1670873e-02
   6.5249621e-03
  -7.8146644e-03
  -4.8175558e-02
  -5.6165578e-02
   0.0000000e+00
   0.0000000e+00
   0.0000000e+00
   0.0000000e+00
  -9.0373324e-03
   1.3484430e-02
   1.8288117e-02
   1.4160356e-02
   1.4379242e-03
  -2.6109099e-02
  -4.4040378e-02
  -0.0000000e+00
  -0.0000000e+00
  -0.0000000e+00
  -0.0000000e+00
   0.0000000e+00
   0.0000000e+00
   0.0000000e+00
   0.0000000e+00
   0.0000000e+00
   0.0000000e+00
   0.0000000e+00
   0.0000000e+00
   0.0000000e+00
  -0.0000000e+00
  -2.8904563e-02
  -2.0949904e-02
   2.5968910e-03
   1.5749170e-02
   1.8407889e-02
   1.6935710e-02
   1.6373979e-02
   1.4571557e-02
   4.2119361e-03
  -2.9896694e-02
   0.0000000e+00
   0.0000000e+00
   0.0000000e+00
   0.0000000e+00
   0.0000000e+00
  -0.0000000e+00
  -4.7887340e-03
   1.0058317e-02
   1.5697086e-02
   9.6186753e-03
  -1.3245637e-02
  -3.1701302e-02
  -0.0000000e+00
  -0.0000000e+00
  -0.0000000e+00
   0.0000000e+00
   0.0000000e+00
   0.0000000e+00
   0.0000000e+00
   0.0000000e+00
   0.0000000e+00
   0.0000000e+00
   0.0000000e+00
   0.0000000e+00
   0.0000000e+00
   0.0000000e+00
  -2.8904564e-02
  -1.6751235e-02
   2.6171939e-03
   1.2663620e-02
   1.5133371e-02
   1.3895541e-02
   1.4413217e-02
   1.6420636e-02
   1.3392767e-02
  -5.0136991e-03
   0.0000000e+00
   0.0000000e+00
   0.0000000e+00
   0.0000000e+00
   0.0000000e+00
  -0.0000000e+00
  -1.3514415e-02
  -5.3480036e-04
   8.8505922e-03
   1.1365888e-02
  -3.6100182e-03
  -1.0979577e-02
  -9.7890323e-03
  -0.0000000e+00
   0.0000000e+00
  -0.0000000e+00
  -0.0000000e+00
   0.0000000e+00
   0.0000000e+00
   0.0000000e+00
   0.0000000e+00
   0.0000000e+00
   0.0000000e+00
   0.0000000e+00
   0.0000000e+00
   0.0000000e+00
  -0.0000000e+00
  -2.2210590e-02
  -7.4516280e-03
  -5.1667500e-04
   3.3095754e-03
   2.9285102e-03
   5.6777576e-03
   1.2819832e-02
   1.8861897e-02
   1.3185272e-02
   0.0000000e+00
   0.0000000e+00
   0.0000000e+00
   0.0000000e+00
   0.0000000e+00
   0.0000000e+00
  -0.0000000e+00
  -6.4160210e-03
   4.3258704e-03
   1.0514983e-02
   4.0734503e-03
  -2.0833775e-03
  -3.6310039e-03
   0.0000000e+00
   0.0000000e+00
   0.0000000e+00
   0.0000000e+00
   0.0000000e+00
   0.0000000e+00
   0.0000000e+00
   0.0000000e+00
   0.0000000e+00
   0.0000000e+00
   0.0000000e+00
   0.0000000e+00
   0.0000000e+00
  -0.0000000e+00
  -2.7312036e-02
  -2.0317259e-02
  -2.4394933e-02
  -2.2776357e-02
  -2.2834729e-02
  -1.3384273e-02
   3.5799183e-03
   1.9606866e-02
   2.2947633e-02
   0.0000000e+00
   0.0000000e+00
   0.0000000e+00
   0.0000000e+00
  -0.0000000e+00
   0.0000000e+00
  -0.0000000e+00
  -2.0780212e-02
   1.4147116e-03
   9.9367468e-03
   8.2844831e-03
   8.6449453e-03
   0.0000000e+00
   0.0000000e+00
   0.0000000e+00
   0.0000000e+00
   0.0000000e+00
   0.0000000e+00
   0.0000000e+00
   0.0000000e+00
   0.0000000e+00
   0.0000000e+00
   0.0000000e+00
   0.0000000e+00
   0.0000000e+00
   0.0000000e+00
  -0.0000000e+00
  -0.0000000e+00
   0.0000000e+00
  -4.1816385e-02
  -5.6045882e-02
  -5.5414833e-02
  -2.4232532e-02
  -0.0000000e+00
   0.0000000e+00
   0.0000000e+00
   0.0000000e+00
   0.0000000e+00
   0.0000000e+00
  -0.0000000e+00
  -0.0000000e+00
   0.0000000e+00
  -4.8269185e-02
  -2.9493426e-02
  -1.6194508e-02
  -9.3297125e-04
   8.1051320e-03
   1.1255944e-02
   2.1547009e-02
   1.0507805e-02
   0.0000000e+00
   0.0000000e+00
   0.0000000e+00
   0.0000000e+00
   0.0000000e+00
   0.0000000e+00
   0.0000000e+00
   0.0000000e+00
   0.0000000e+00
   0.0000000e+00
   0.0000000e+00
   0.0000000e+00
   0.0000000e+00
   0.0000000e+00
  -0.0000000e+00
  -0.0000000e+00
  -0.0000000e+00
  -6.4310923e-02
  -4.3021098e-02
  -0.0000000e+00
  -0.0000000e+00
  -0.0000000e+00
   0.0000000e+00
   0.0000000e+00
  -0.0000000e+00
   0.0000000e+00
  -0.0000000e+00
  -2.2705235e-02
  -3.8484896e-02
   2.1146009e-03
  -0.0000000e+00
  -5.3351619e-02
  -7.9900155e-02
  -2.0048011e-02
  -1.3180404e-03
   1.0571292e-02
   1.2560961e-02
   0.0000000e+00
  -0.0000000e+00
  -0.0000000e+00
  -0.0000000e+00
   0.0000000e+00
   0.0000000e+00
   0.0000000e+00
   0.0000000e+00
   1.4447269e-02
   1.4975273e-02
   1.3522305e-02
   1.0844879e-02
   1.0752840e-02
   6.5912480e-03
   2.1884567e-03
  -1.8067099e-03
  -7.5592110e-03
  -6.1567864e-03
  -4.0403204e-03
  -7.5482237e-03
  -7.0356140e-03
  -1.2394404e-02
  -1.1899058e-02
  -6.3519181e-03
  -2.6881146e-03
  -6.4027965e-03
  -1.6596397e-02
  -2.8559371e-03
  -0.0000000e+00
  -0.0000000e+00
  -0.0000000e+00
  -0.0000000e+00
  -5.4491367e-02
  -3.0367957e-02
  -1.1568396e-02
  -5.2865442e-04
   3.8653999e-03
   1.7218086e-03
  -1.9534058e-03
  -5.5363681e-03
  -6.7022356e-03
  -1.7087180e-03
   4.5437376e-03
   9.5533661e-03
