   0.0000000e+00
   0.0000000e+00
   0.0000000e+00
   0.0000000e+00
   0.0000000e+00
   0.0000000e+00
   0.0000000e+00
   0.0000000e+00
   0.0000000e+00
   0.0000000e+00
   0.0000000e+00
   0.0000000e+00
   0.0000000e+00
   0.0000000e+00
   0.0000000e+00
   0.0000000e+00
   0.0000000e+00
   0.0000000e+00
   0.0000000e+00
   0.0000000e+00
   2.9873035e-02
   8.8920917e-03
  -1.8735755e-02
   0.0000000e+00
   0.0000000e+00
   0.0000000e+00
   0.0000000e+00
   0.0000000e+00
   0.0000000e+00
   0.0000000e+00
   0.0000000e+00
   0.0000000e+00
   0.0000000e+00
   0.0000000e+00
   0.0000000e+00
   0.0000000e+00
   0.0000000e+00
   0.0000000e+00
   0.0000000e+00
   0.0000000e+00
   6.2455573e-02
   3.3406159e-02
   5.9138030e-02
   7.0634678e-02
   3.2347702e-02
   1.6483561e-02
   9.3883344e-03
   3.0660915e-03
   5.2209580e-03
   4.9139564e-03
   8.5771735e-04
  -4.8440693e-03
  -1.2207001e-02
  -1.4322884e-02
  -4.3298926e-02
   0.0000000e+00
   2.9534074e-02
   9.7489338e-03
   7.3686804e-03
   5.9026285e-03
   8.0513059e-03
   1.8910241e-02
   3.1646386e-02
   4.5158516e-02
   3.3771359e-02
  -2.2750827e-03
  -3.2712379e-02
   0.0000000e+00
   8.4691247e-02
   2.6781839e-02
  -5.4102945e-03
   0.0000000e+00
   3.4390260e-02
   2.5024951e-02
   6.2269199e-03
   1.7018618e-03
   4.7046612e-03
  -1.1919233e-02
  -1.7344711e-02
  -1.8286122e-02
  -1.3797609e-02
  -6.6788049e-03
  -4.9298105e-04
   5.6269690e-03
   7.5825760e-03
   4.8125414e-03
  -2.0014001e-03
  -9.4044952e-03
  -1.5827283e-02
  -2.1382704e-02
  -2.6325314e-02
  -2.5979351e-02
  -1.1767672e-02
  -8.2055976e-04
   1.2763750e-02
   2.1254977e-02
   2.4144434e-02
   2.2482170e-02
   1.8794861e-02
   1.5145117e-02
   5.3239004e-03
  -7.2976267e-03
  -1.3616423e-02
   1.4086580e-02
   4.0419336e-02
   2.2235067e-02
   1.9821743e-02
   3.0539368e-02
  -9.2151389e-04
  -1.6206482e-02
  -3.2283712e-02
  -4.3810754e-02
  -4.8037138e-02
  -4.4780582e-02
  -3.5177473e-02
  -2.6568638e-02
  -1.4350884e-02
  -3.4033291e-03
   3.3273043e-03
   9.2833890e-03
   7.7043697e-03
   3.6036300e-03
  -4.5564692e-03
  -1.2197995e-02
  -1.9701419e-02
  -2.6708929e-02
  -2.9263502e-02
  -1.6914436e-02
  -7.8066308e-03
  -1.5806130e-03
   7.7716326e-03
   1.6733874e-02
   1.6851358e-02
   1.0304829e-02
   2.5836909e-03
  -8.0394558e-03
  -1.8947417e-02
  -2.5229882e-02
  -2.3451219e-02
  -1.4748190e-02
   3.4375014e-04
   7.5454344e-03
   1.1571965e-02
   1.0024521e-02
  -1.6744072e-02
  -3.5113320e-02
  -5.1942810e-02
  -6.0072526e-02
  -5.6328330e-02
  -4.5829758e-02
  -3.5408862e-02
  -2.1247841e-02
  -5.2220924e-03
   4.0800837e-03
   9.2984755e-03
   9.0392055e-03
   2.7706216e-03
  -5.8757667e-03
  -1.3707943e-02
  -1.9729750e-02
  -2.4957087e-02
  -3.3033837e-02
  -4.6571065e-02
  -8.8354015e-03
  -1.5383875e-02
  -1.0907262e-02
  -2.2329665e-03
   2.5161393e-03
   2.0387354e-03
  -2.7050227e-03
  -1.1671324e-02
  -2.5588160e-02
  -3.6267672e-02
  -3.9548751e-02
  -3.6707789e-02
  -2.9812414e-02
  -1.1981308e-02
  -8.8805507e-04
   5.8913860e-03
   3.6660902e-04
  -2.8006772e-02
  -4.3265863e-02
  -5.3531447e-02
  -5.2989309e-02
  -4.1224814e-02
  -2.9432038e-02
  -2.6494045e-02
   0.0000000e+00
   8.8289658e-03
   8.9025729e-03
   7.8353742e-03
   1.4629083e-03
  -7.4895313e-03
  -1.5787031e-02
  -2.0772181e-02
  -2.4004768e-02
  -2.5768279e-02
  -3.0135924e-02
  -4.0563206e-02
  -1.2953187e-02
  -1.3325052e-02
  -9.5695432e-03
  -6.5190952e-03
  -3.7961654e-03
  -3.1972689e-03
  -8.8638196e-03
  -1.9783852e-02
  -2.9010797e-02
  -3.1901888e-02
  -3.2551952e-02
  -3.1531300e-02
  -2.8881906e-02
  -1.8491029e-02
  -3.7904657e-03
  -3.1187482e-03
  -1.2880951e-02
  -2.5256481e-02
  -3.1072620e-02
  -3.3581812e-02
  -2.8585497e-02
  -1.9713328e-02
  -9.1630034e-03
  -2.7510718e-03
   9.4071775e-03
  -2.7563758e-03
  -3.3775670e-03
  -2.1841757e-03
  -5.3299419e-03
  -1.0998910e-02
  -1.6382495e-02
  -1.9578062e-02
  -2.0136623e-02
  -1.9372286e-02
  -1.6805982e-02
  -1.6969617e-02
  -0.0000000e+00
  -4.3177427e-03
  -4.0796781e-03
  -3.7038263e-03
  -3.5064959e-03
  -6.9150031e-03
  -1.3045768e-02
  -1.3268211e-02
  -9.0581449e-03
  -4.2547756e-03
  -9.8477406e-03
  -1.5415068e-02
  -1.7596772e-02
  -1.0421509e-02
  -2.4339121e-03
  -8.6302785e-03
  -1.6069043e-02
  -4.6297227e-03
  -2.5399157e-04
  -7.2108638e-03
  -3.9796570e-03
   0.0000000e+00
   7.2688594e-03
   6.3722070e-03
   2.9419832e-03
  -9.7821234e-03
  -4.3122391e-03
  -1.2845752e-03
  -2.6329246e-03
  -6.9420986e-03
  -1.0850751e-02
  -1.3533965e-02
  -1.2773910e-02
  -9.6556414e-03
   1.4172085e-03
   1.1386839e-02
   0.0000000e+00
  -3.8625696e-03
  -9.8618863e-03
  -1.2964039e-02
  -1.4410621e-02
  -1.4469540e-02
  -9.5184613e-03
   4.7350237e-03
   1.3722388e-02
   1.4732897e-02
  -1.7853760e-03
  -1.4619584e-02
  -1.6938036e-02
  -1.2222592e-02
  -8.7171540e-03
  -6.6244071e-03
  -6.3276417e-03
   2.2108287e-02
   0.0000000e+00
   0.0000000e+00
   0.0000000e+00
   0.0000000e+00
   3.1545941e-03
   4.4509731e-03
   3.4016331e-03
  -1.7374083e-03
   2.7513234e-03
   4.3699569e-03
   2.5035581e-03
  -1.5946125e-03
  -5.6460216e-03
  -8.6979736e-03
  -7.4927001e-03
  -1.7197321e-03
   1.7987970e-02
   3.8331639e-02
   0.0000000e+00
  -0.0000000e+00
  -1.2612924e-02
  -1.6834825e-02
  -1.3674980e-02
  -7.1426895e-03
   2.4629836e-03
   1.9126100e-02
   2.9626673e-02
   0.0000000e+00
  -8.3606564e-03
  -1.1761566e-02
  -1.4160597e-02
  -9.5486790e-03
  -2.8453155e-03
   4.2693205e-03
   9.9476175e-03
   4.7857057e-02
   0.0000000e+00
   0.0000000e+00
   0.0000000e+00
   0.0000000e+00
   5.2378234e-04
   5.6366557e-03
   7.8936880e-03
   8.3338553e-03
   1.0094523e-02
   9.9570863e-03
   7.2992919e-03
   2.7934629e-03
  -2.6488255e-03
  -6.3234679e-03
  -4.0093302e-03
   5.4471348e-03
   3.2751225e-02
   5.7839490e-02
   0.0000000e+00
   0.0000000e+00
  -1.5265645e-02
  -1.9138027e-02
  -8.8641616e-03
   1.9356348e-03
   1.4671437e-02
   4.0922545e-02
   5.7094220e-02
   0.0000000e+00
  -6.5576304e-04
  -1.5938206e-04
  -7.5988127e-03
  -1.5286118e-03
   6.6379369e-03
   1.4669112e-02
   2.4905771e-02
   6.5054677e-02
   0.0000000e+00
   0.0000000e+00
   0.0000000e+00
   0.0000000e+00
   1.0189752e-02
   1.5931787e-02
   1.7756948e-02
   1.7029442e-02
   1.6334513e-02
   1.4200696e-02
   1.0432520e-02
   4.1108425e-03
  -2.7690658e-03
  -5.3212219e-03
   1.1883320e-04
   1.3817736e-02
   4.3264594e-02
   4.2754048e-02
   0.0000000e+00
   0.0000000e+00
  -2.1960567e-02
  -2.2028662e-02
  -3.8859071e-03
   9.4687434e-03
   2.6320728e-02
   6.7182764e-02
   0.0000000e+00
   0.0000000e+00
   6.8176736e-03
   2.0578160e-04
  -6.5326160e-03
   4.5272564e-03
   1.4870422e-02
   2.5414420e-02
   4.0103514e-02
   7.0558146e-02
   6.5275073e-02
   0.0000000e+00
   0.0000000e+00
   0.0000000e+00
   2.3847386e-02
   2.5535906e-02
   2.5600705e-02
   2.3825774e-02
   2.0828579e-02
   1.6746853e-02
   1.0159108e-02
   1.4609357e-03
  -4.9540680e-03
  -3.6413833e-03
   6.2860781e-03
   2.3541823e-02
   4.9963869e-02
   4.0184958e-02
   0.0000000e+00
   0.0000000e+00
  -0.0000000e+00
  -2.0344029e-02
   2.0846096e-03
   1.7679494e-02
   4.0232558e-02
   8.7020837e-02
   0.0000000e+00
   0.0000000e+00
   0.0000000e+00
  -1.7484312e-03
  -2.8543778e-03
   1.2456672e-02
   2.5387892e-02
   3.8922399e-02
   5.4960702e-02
   6.6746630e-02
   3.3348119e-02
   0.0000000e+00
   0.0000000e+00
   0.0000000e+00
   3.2282189e-02
   3.1146754e-02
   3.0199256e-02
   2.6836146e-02
   2.1932920e-02
   1.4958742e-02
   5.1361867e-03
  -3.7088275e-03
  -6.2228674e-03
   2.6830821e-05
   1.3067927e-02
   3.1810082e-02
   5.6245551e-02
   3.9473154e-02
   0.0000000e+00
   0.0000000e+00
   0.0000000e+00
  -1.1372771e-02
   9.6750241e-03
   2.7373353e-02
   5.2347887e-02
   8.3031952e-02
   0.0000000e+00
   0.0000000e+00
   0.0000000e+00
   4.5770774e-04
   7.4785085e-03
   2.0554889e-02
   3.5700608e-02
   5.1202387e-02
   6.4507976e-02
   5.7530787e-02
   2.6476160e-02
   3.0206239e-03
   0.0000000e+00
   3.6513645e-02
   3.5855532e-02
   3.1034686e-02
   2.6042117e-02
   1.9820411e-02
   1.3787565e-02
   5.7777055e-03
  -1.8820422e-03
  -4.2661722e-03
   3.6046054e-04
   1.1311379e-02
   2.5598938e-02
   4.3632209e-02
   6.7244589e-02
   0.0000000e+00
   0.0000000e+00
   0.0000000e+00
   0.0000000e+00
   2.2200982e-03
   2.1448689e-02
   3.9473537e-02
   6.0114622e-02
   6.7221433e-02
   0.0000000e+00
   0.0000000e+00
   0.0000000e+00
  -7.5694158e-04
   2.0343624e-02
   2.9922830e-02
   4.7678765e-02
   6.4373828e-02
   6.9390662e-02
   4.4740878e-02
   1.9679779e-02
   5.0460332e-03
   1.5044398e-02
   3.0444462e-02
   2.7517132e-02
   1.8208651e-02
   1.0163540e-02
   5.1228390e-03
   1.4520630e-03
  -2.3326629e-03
  -2.5446315e-03
   3.1641382e-03
   1.3316541e-02
   2.6346285e-02
   3.9795775e-02
   5.4571424e-02
   6.0567606e-02
   0.0000000e+00
   0.0000000e+00
   0.0000000e+00
   0.0000000e+00
   1.4524433e-02
   3.2364983e-02
   4.6853367e-02
   5.8481865e-02
   5.0975382e-02
   0.0000000e+00
   0.0000000e+00
   0.0000000e+00
   3.1394125e-03
   2.8157553e-02
   3.5404295e-02
   5.1951718e-02
   6.6631027e-02
   6.3825667e-02
   2.6357166e-02
   1.4178465e-02
   9.5539391e-03
   1.6822954e-02
   0.0000000e+00
   1.0879184e-02
   1.6587449e-03
  -4.2252056e-03
  -6.4968588e-03
  -6.9305338e-03
  -5.5302270e-03
   7.0758763e-04
   1.2106118e-02
   2.5705116e-02
   3.8777065e-02
   4.8726607e-02
   5.7001974e-02
   5.2926202e-02
   0.0000000e+00
   0.0000000e+00
   0.0000000e+00
   0.0000000e+00
   3.2045742e-02
   4.0431816e-02
   4.9391560e-02
   5.2315105e-02
   3.6645476e-02
   0.0000000e+00
   0.0000000e+00
   0.0000000e+00
   1.4861335e-02
   3.0887252e-02
   3.6039114e-02
   4.6201538e-02
   5.2226648e-02
   4.1233148e-02
   1.3577040e-02
   6.6507951e-03
   7.9958322e-03
   1.3350177e-02
  -3.4559872e-03
  -5.2521899e-03
  -1.2787977e-02
  -1.7018609e-02
  -1.8387591e-02
  -1.6308004e-02
  -9.9085392e-03
   2.1696698e-03
   1.7170308e-02
   3.2398831e-02
   4.5001693e-02
   5.1164150e-02
   5.0331015e-02
   3.5976616e-02
   0.0000000e+00
   0.0000000e+00
   0.0000000e+00
   0.0000000e+00
   4.3033893e-02
   4.2923290e-02
   4.7456697e-02
   4.4653073e-02
   2.3235491e-02
   0.0000000e+00
   0.0000000e+00
   0.0000000e+00
   2.0690156e-02
   2.8438747e-02
   3.1908307e-02
   3.5257153e-02
   3.2638676e-02
   1.6756918e-02
   0.0000000e+00
   0.0000000e+00
   1.1879232e-03
   1.8126287e-03
  -4.2525191e-04
  -8.2890196e-03
  -1.4814748e-02
  -1.8390756e-02
  -2.0335486e-02
  -1.9137095e-02
  -1.3498457e-02
  -2.9829014e-03
   8.6892122e-03
   1.9434940e-02
   2.8765822e-02
   3.3812536e-02
   3.0865084e-02
   1.6536906e-02
   0.0000000e+00
   0.0000000e+00
   0.0000000e+00
   5.7980313e-03
   3.0531999e-02
   3.0723730e-02
   3.4692539e-02
   3.0983521e-02
   1.2546872e-02
   0.0000000e+00
   0.0000000e+00
   0.0000000e+00
   1.8739976e-02
   1.5386748e-02
   1.9272506e-02
   2.1160162e-02
   1.8316325e-02
   5.7111555e-03
   5.3431110e-06
   0.0000000e+00
  -4.7399264e-03
  -3.2155200e-03
   4.9094356e-03
   1.2525434e-03
  -6.0510857e-04
  -2.5101160e-03
  -3.8537332e-03
  -3.1273388e-03
   3.3875048e-04
   6.9586281e-03
   1.4520576e-02
   2.1740783e-02
   2.8195389e-02
   3.0227229e-02
   2.1958865e-02
   9.9145646e-03
   0.0000000e+00
   0.0000000e+00
   0.0000000e+00
  -5.6371149e-03
   2.0069871e-02
   2.3033330e-02
   2.4775716e-02
   2.0038635e-02
   6.7672742e-03
   0.0000000e+00
   0.0000000e+00
   0.0000000e+00
   9.8090269e-03
   6.6271122e-03
   9.8568173e-03
   1.1222189e-02
   1.0924003e-02
   2.6740907e-03
  -1.1868715e-03
   0.0000000e+00
  -5.7443732e-03
  -3.7369404e-03
  -3.9825908e-04
  -2.2888857e-03
  -2.2006248e-03
  -1.3943230e-03
   1.7788076e-04
   3.3715386e-03
   9.1600056e-03
   1.7867094e-02
   2.6253296e-02
   3.2875229e-02
   3.4900543e-02
   2.7893614e-02
   1.3369295e-02
   2.5293014e-03
  -0.0000000e+00
   0.0000000e+00
   0.0000000e+00
  -1.1321878e-02
   4.8196438e-03
   1.0933050e-02
   1.4641050e-02
   0.0000000e+00
   0.0000000e+00
   0.0000000e+00
   0.0000000e+00
   0.0000000e+00
   0.0000000e+00
   1.3757507e-03
   1.4632480e-03
   2.7763473e-03
   7.0699965e-03
   3.9095630e-03
  -7.3124695e-03
  -3.5006399e-03
  -8.5501378e-03
  -8.9292452e-03
  -1.4590965e-02
  -2.2759594e-02
  -2.9945655e-02
  -3.4803566e-02
  -3.5630312e-02
  -3.1905450e-02
  -2.4542844e-02
  -1.4042923e-02
  -2.5351329e-03
   8.0544893e-03
   1.2777206e-02
   7.8625176e-03
   4.5838646e-04
  -4.2023403e-03
  -0.0000000e+00
   0.0000000e+00
  -2.4694899e-02
  -2.5781515e-02
  -2.3268638e-02
  -1.1643167e-02
   1.5407730e-03
   0.0000000e+00
   0.0000000e+00
   0.0000000e+00
   0.0000000e+00
   0.0000000e+00
   0.0000000e+00
  -1.8532635e-03
  -8.2476940e-03
  -3.8162115e-03
   1.0660429e-02
   6.7991459e-03
  -0.0000000e+00
   8.5905064e-04
  -5.8203391e-03
  -9.5527023e-03
  -1.6971357e-02
  -2.6512722e-02
  -3.7508786e-02
  -4.8125625e-02
  -5.6328744e-02
  -5.9680011e-02
  -5.8386598e-02
  -5.1696543e-02
  -4.0207844e-02
  -2.4833549e-02
  -8.6699510e-03
  -2.8181581e-03
  -6.2051225e-03
  -6.0574294e-03
   0.0000000e+00
   0.0000000e+00
  -2.1825489e-02
  -3.2092962e-02
  -3.6631349e-02
  -3.0638475e-02
  -8.3751402e-03
   0.0000000e+00
   0.0000000e+00
   0.0000000e+00
   0.0000000e+00
   0.0000000e+00
   0.0000000e+00
   2.0663075e-02
  -1.0905353e-02
  -1.3229680e-02
   1.8771847e-02
   1.0715210e-02
   0.0000000e+00
   2.6135338e-03
  -1.3091054e-03
  -5.9005762e-03
  -9.1884155e-03
  -1.3303633e-02
  -2.0410268e-02
  -2.9444829e-02
  -3.9316535e-02
  -4.7207642e-02
  -5.2725401e-02
  -5.5147946e-02
  -5.2980967e-02
  -4.4317871e-02
  -2.3821903e-02
  -4.6337284e-03
  -1.0319364e-02
  -0.0000000e+00
  -1.0416493e-02
  -5.1006420e-03
  -1.8021075e-02
  -3.0437732e-02
  -4.0911920e-02
  -4.7834329e-02
  -0.0000000e+00
   0.0000000e+00
   0.0000000e+00
   0.0000000e+00
   0.0000000e+00
   0.0000000e+00
   0.0000000e+00
   3.2380342e-02
  -6.6555543e-03
  -0.0000000e+00
   1.8224005e-02
   1.2873009e-02
  -0.0000000e+00
  -7.8061649e-03
  -9.7071077e-04
  -7.5740055e-03
  -7.7819792e-03
  -7.0698857e-03
  -9.5902102e-03
  -1.4947903e-02
  -2.2437384e-02
  -2.9633954e-02
  -3.6951676e-02
  -4.4859003e-02
  -5.0964737e-02
  -4.9997900e-02
  -3.4132443e-02
  -8.0476854e-03
  -0.0000000e+00
  -7.7018491e-03
  -4.3869269e-03
  -5.6482385e-03
  -1.3979956e-02
  -2.5819973e-02
  -4.0759847e-02
  -6.1312042e-02
  -0.0000000e+00
   0.0000000e+00
   0.0000000e+00
   0.0000000e+00
   0.0000000e+00
   0.0000000e+00
   0.0000000e+00
   3.9003581e-02
   8.1401120e-04
  -0.0000000e+00
   1.9610838e-02
   1.7610891e-02
  -0.0000000e+00
  -1.7881766e-02
  -4.6078414e-03
  -9.0266978e-03
  -7.8876019e-03
  -6.0758539e-03
  -7.4365726e-03
  -1.0925798e-02
  -1.6198425e-02
  -2.1067446e-02
  -2.6289422e-02
  -3.4032103e-02
  -4.3097053e-02
  -4.6776250e-02
  -3.8330059e-02
  -0.0000000e+00
   0.0000000e+00
  -1.5437440e-03
  -3.9278789e-03
  -2.5204960e-03
  -8.7429984e-03
  -1.9907339e-02
  -3.6974799e-02
  -6.6942416e-02
  -0.0000000e+00
   0.0000000e+00
   0.0000000e+00
   0.0000000e+00
   0.0000000e+00
   0.0000000e+00
   0.0000000e+00
   0.0000000e+00
   0.0000000e+00
  -0.0000000e+00
   0.0000000e+00
   0.0000000e+00
   0.0000000e+00
  -0.0000000e+00
  -1.2999572e-02
  -7.8468481e-03
  -5.0021592e-03
  -1.4704767e-03
  -2.4033494e-03
  -5.4639983e-03
  -1.0303682e-02
  -1.4843556e-02
  -1.9812789e-02
  -2.8529815e-02
  -4.0326815e-02
  -4.6301894e-02
  -3.7204519e-02
  -0.0000000e+00
  -3.4905121e-04
  -3.9926412e-03
   9.0196413e-04
   1.7481617e-03
  -3.1632688e-03
  -1.1408977e-02
  -2.7836088e-02
  -6.1020292e-02
  -7.8064218e-02
   0.0000000e+00
   0.0000000e+00
   0.0000000e+00
   0.0000000e+00
   0.0000000e+00
   0.0000000e+00
   0.0000000e+00
   0.0000000e+00
   0.0000000e+00
   0.0000000e+00
   0.0000000e+00
   0.0000000e+00
   0.0000000e+00
  -2.6731258e-02
  -8.8461646e-03
   8.6108515e-04
   6.6843099e-03
   6.1686656e-03
   2.4816004e-03
  -2.4613905e-03
  -6.6052667e-03
  -1.1290060e-02
  -2.1208064e-02
  -3.8322835e-02
  -4.9806961e-02
  -3.7101078e-02
  -0.0000000e+00
   0.0000000e+00
  -7.6201914e-03
   1.1476204e-03
   5.9665234e-03
   2.7876698e-03
  -2.9713238e-03
  -1.5474524e-02
  -4.4593020e-02
  -6.7656874e-02
   0.0000000e+00
   0.0000000e+00
   0.0000000e+00
   0.0000000e+00
   0.0000000e+00
   0.0000000e+00
   0.0000000e+00
   0.0000000e+00
   0.0000000e+00
   0.0000000e+00
   0.0000000e+00
   0.0000000e+00
   0.0000000e+00
  -4.2254716e-02
  -2.0330124e-02
   1.7989922e-03
   1.4338173e-02
   1.6928248e-02
   1.2425997e-02
   6.0160062e-03
   1.1306116e-03
  -3.4221141e-03
  -1.3085209e-02
  -3.5584558e-02
  -5.4213841e-02
  -0.0000000e+00
   0.0000000e+00
   0.0000000e+00
   0.0000000e+00
   3.3043349e-03
   1.2346669e-02
   1.0708568e-02
   4.7477344e-03
  -5.2464870e-03
  -2.9589327e-02
  -5.6190111e-02
   0.0000000e+00
   0.0000000e+00
   0.0000000e+00
   0.0000000e+00
   0.0000000e+00
   0.0000000e+00
   0.0000000e+00
   0.0000000e+00
   0.0000000e+00
   0.0000000e+00
   0.0000000e+00
   0.0000000e+00
   0.0000000e+00
  -0.0000000e+00
  -0.0000000e+00
  -1.0861419e-02
   9.5911808e-03
   2.1912208e-02
   2.1083605e-02
   1.4964880e-02
   1.0239672e-02
   5.5387607e-03
  -3.5369315e-03
  -3.0458868e-02
  -5.8816047e-02
   0.0000000e+00
   0.0000000e+00
   0.0000000e+00
   0.0000000e+00
  -7.7958532e-03
   8.8332063e-03
   1.7228838e-02
   1.3650519e-02
   5.1740776e-03
  -1.6163642e-02
  -4.5059643e-02
   0.0000000e+00
   0.0000000e+00
  -0.0000000e+00
  -0.0000000e+00
  -0.0000000e+00
   0.0000000e+00
   0.0000000e+00
   0.0000000e+00
   0.0000000e+00
   0.0000000e+00
   0.0000000e+00
   0.0000000e+00
   0.0000000e+00
  -0.0000000e+00
  -4.3217922e-02
  -2.6170562e-02
  -4.7751460e-03
   1.4998037e-02
   2.0201456e-02
   1.7904380e-02
   1.5797719e-02
   1.3544571e-02
   6.2184436e-03
  -2.0971866e-02
  -5.1868521e-02
   0.0000000e+00
   0.0000000e+00
   0.0000000e+00
   0.0000000e+00
  -0.0000000e+00
  -7.2005880e-03
   1.4498310e-02
   1.7423726e-02
   1.3439766e-02
  -4.6761842e-03
  -3.2633517e-02
   0.0000000e+00
  -0.0000000e+00
  -0.0000000e+00
  -0.0000000e+00
   0.0000000e+00
   0.0000000e+00
   0.0000000e+00
   0.0000000e+00
   0.0000000e+00
   0.0000000e+00
   0.0000000e+00
   0.0000000e+00
   0.0000000e+00
   0.0000000e+00
  -3.0425036e-02
  -2.5815065e-02
  -6.1249211e-03
   1.0521934e-02
   1.7126828e-02
   1.6846921e-02
   1.5916105e-02
   1.6462918e-02
   1.4190928e-02
  -3.6858013e-03
  -0.0000000e+00
   0.0000000e+00
   0.0000000e+00
   0.0000000e+00
   0.0000000e+00
  -0.0000000e+00
  -2.0146558e-02
  -1.5097841e-03
   7.0534688e-03
   1.3924521e-02
   3.5649575e-03
  -1.8441954e-02
   0.0000000e+00
  -0.0000000e+00
  -0.0000000e+00
   0.0000000e+00
  -0.0000000e+00
   0.0000000e+00
   0.0000000e+00
   0.0000000e+00
   0.0000000e+00
   0.0000000e+00
   0.0000000e+00
   0.0000000e+00
   0.0000000e+00
   0.0000000e+00
   0.0000000e+00
  -3.0054862e-02
  -7.9579046e-03
   3.1555936e-03
   1.0093739e-02
   1.0202966e-02
   9.9045948e-03
   1.2834552e-02
   1.7123509e-02
   1.1062814e-02
   0.0000000e+00
   0.0000000e+00
   0.0000000e+00
   0.0000000e+00
   0.0000000e+00
   0.0000000e+00
  -0.0000000e+00
  -4.9445742e-03
   6.4425512e-04
   1.0600897e-02
   7.3563014e-03
  -4.5725029e-03
  -3.7903886e-03
   0.0000000e+00
   0.0000000e+00
   0.0000000e+00
  -0.0000000e+00
   0.0000000e+00
   0.0000000e+00
   0.0000000e+00
   0.0000000e+00
   0.0000000e+00
   0.0000000e+00
   0.0000000e+00
   0.0000000e+00
   0.0000000e+00
   0.0000000e+00
  -4.0790091e-02
  -1.1571255e-02
  -1.4688644e-02
  -8.4538031e-03
  -7.3704050e-03
  -5.6587970e-03
   2.3692040e-03
   1.5722886e-02
   2.0557228e-02
   0.0000000e+00
   0.0000000e+00
   0.0000000e+00
   0.0000000e+00
   0.0000000e+00
   0.0000000e+00
   0.0000000e+00
  -1.6840463e-02
  -5.0161141e-03
   7.8989379e-03
   9.3691962e-03
   3.8638779e-03
  -0.0000000e+00
   0.0000000e+00
   0.0000000e+00
   0.0000000e+00
   0.0000000e+00
   0.0000000e+00
   0.0000000e+00
   0.0000000e+00
   0.0000000e+00
   0.0000000e+00
   0.0000000e+00
   0.0000000e+00
   0.0000000e+00
   0.0000000e+00
   0.0000000e+00
  -0.0000000e+00
  -2.1725379e-02
  -3.6804141e-02
  -3.7584879e-02
  -4.2871293e-02
  -3.2583619e-02
  -0.0000000e+00
   0.0000000e+00
   0.0000000e+00
   0.0000000e+00
   0.0000000e+00
   0.0000000e+00
   0.0000000e+00
  -0.0000000e+00
  -2.5227526e-02
   0.0000000e+00
  -4.2386816e-02
  -1.4876870e-02
   4.1599376e-03
   9.8058954e-03
   9.2881869e-03
   1.6011940e-02
   1.3126416e-02
   0.0000000e+00
   0.0000000e+00
   0.0000000e+00
   0.0000000e+00
   0.0000000e+00
   0.0000000e+00
   0.0000000e+00
   0.0000000e+00
   0.0000000e+00
   0.0000000e+00
   0.0000000e+00
   0.0000000e+00
   0.0000000e+00
   0.0000000e+00
   0.0000000e+00
  -0.0000000e+00
  -0.0000000e+00
  -6.8781079e-02
  -6.1636555e-02
   0.0000000e+00
   0.0000000e+00
   0.0000000e+00
   0.0000000e+00
   0.0000000e+00
   0.0000000e+00
   0.0000000e+00
  -0.0000000e+00
  -2.3609649e-02
  -5.6015517e-02
  -3.2069626e-02
  -0.0000000e+00
  -3.0516419e-02
  -2.0153542e-02
   7.0590012e-03
   7.8567596e-03
   2.0299494e-02
   1.5513899e-02
   0.0000000e+00
   0.0000000e+00
   0.0000000e+00
   0.0000000e+00
   0.0000000e+00
   0.0000000e+00
   0.0000000e+00
   0.0000000e+00
   0.0000000e+00
   1.1935404e-02
   1.4607355e-02
   9.4230347e-03
   8.1872020e-03
   4.4522789e-03
  -3.5050945e-03
  -5.5701269e-03
  -1.7699701e-02
  -3.2966335e-02
  -1.0701432e-02
  -1.2045867e-02
  -9.8565016e-03
  -6.2930683e-03
  -1.8297646e-02
  -1.8319450e-02
  -1.1562268e-02
   0.0000000e+00
  -2.0414150e-02
  -1.8708471e-02
  -0.0000000e+00
   0.0000000e+00
   0.0000000e+00
  -0.0000000e+00
  -7.5031860e-02
  -2.9530572e-02
  -7.0063728e-03
   1.8300126e-03
   7.5804873e-03
   7.4938385e-03
  -3.9237599e-03
  -8.5653624e-03
  -1.2142989e-02
  -7.5210670e-03
   2.4861143e-03
   0.0000000e+00
