   8.8869467e-03
   9.2951749e-03
   9.2061999e-03
   7.4025213e-03
   7.6062128e-03
   9.4888494e-03
   1.1772153e-02
   9.1825906e-03
   0.0000000e+00
   0.0000000e+00
   0.0000000e+00
   0.0000000e+00
   0.0000000e+00
   0.0000000e+00
   0.0000000e+00
   0.0000000e+00
  -0.0000000e+00
  -0.0000000e+00
  -0.0000000e+00
  -0.0000000e+00
  -0.0000000e+00
   0.0000000e+00
   0.0000000e+00
   0.0000000e+00
   0.0000000e+00
   0.0000000e+00
   0.0000000e+00
   0.0000000e+00
   0.0000000e+00
   0.0000000e+00
   0.0000000e+00
   0.0000000e+00
   0.0000000e+00
   0.0000000e+00
   0.0000000e+00
   8.8794922e-03
   1.1902476e-02
   1.2438279e-02
   9.9891303e-03
   4.8919404e-03
   5.2605933e-03
   1.0506469e-02
   1.4819294e-02
   1.0266026e-02
   4.9555426e-03
   4.5597870e-03
   0.0000000e+00
   3.9032856e-03
   7.8517459e-03
   1.1084671e-02
   1.5225329e-02
   1.3715346e-02
   2.6436991e-03
  -8.4470073e-03
  -9.6193580e-03
  -5.0663305e-03
   1.1164756e-03
   7.7010711e-03
   1.0472736e-02
   1.5113820e-02
   1.8524710e-02
   1.3885460e-02
   5.9745036e-03
   5.6612285e-03
   1.2504857e-02
   1.5534746e-02
   1.2459504e-02
   1.0097886e-02
   1.0718174e-02
   2.0543539e-02
   2.0244039e-02
   1.3902001e-02
   2.0044206e-02
   2.3631901e-02
   1.9410178e-02
   1.0603593e-02
   8.3340770e-03
   1.1626456e-02
   1.9396249e-02
   1.1318845e-02
   1.4632874e-03
   2.0513101e-03
  -1.4492879e-03
   0.0000000e+00
   1.3741190e-02
   1.0426668e-02
   1.8544598e-02
   2.4504308e-02
   1.0081335e-02
  -2.6076578e-03
  -1.2974771e-03
  -9.9392119e-04
   6.0521937e-03
   1.8563921e-02
   1.7865112e-02
   1.8038532e-02
   1.9458679e-02
   1.2704508e-02
   3.9172187e-03
   2.1521138e-03
   0.0000000e+00
   0.0000000e+00
   0.0000000e+00
   0.0000000e+00
   0.0000000e+00
   0.0000000e+00
   3.1315658e-02
   1.9409679e-02
  -1.1376530e-03
   3.3914584e-03
   4.4963039e-03
   4.8247958e-03
   2.3646106e-03
   1.0781904e-03
   8.7150736e-03
   9.5578254e-04
  -9.7453520e-03
  -1.3708424e-02
  -1.5686331e-02
   1.1841470e-03
   0.0000000e+00
   1.3276557e-03
   1.0558031e-02
   1.6603265e-02
   1.3756601e-03
  -9.1737276e-03
   8.3262142e-04
   3.3938717e-03
   1.0556616e-02
   2.2859542e-02
   1.4515720e-02
   8.8938996e-03
   5.5572385e-03
  -4.1281036e-03
  -6.8797302e-03
  -6.4571179e-03
   0.0000000e+00
   0.0000000e+00
   0.0000000e+00
   0.0000000e+00
   0.0000000e+00
   0.0000000e+00
   1.2289238e-02
   3.5664574e-03
  -1.9820493e-02
  -1.8697308e-02
  -1.7812282e-02
  -9.7464239e-03
  -9.8255742e-03
  -1.5641188e-02
  -1.0556453e-02
  -1.5290341e-02
  -2.0929966e-02
  -2.5181916e-02
  -2.8358059e-02
  -1.0883639e-02
  -5.6621156e-03
   3.5363297e-05
   7.6986603e-03
   2.9774518e-03
  -2.1348083e-02
  -3.7669133e-02
  -1.3138667e-02
   6.4395359e-03
   1.2520259e-02
   1.5755950e-02
   3.3814323e-03
  -4.1987226e-03
  -1.1552677e-02
  -2.1901427e-02
  -1.7390009e-02
  -1.9730471e-02
  -0.0000000e+00
   0.0000000e+00
   0.0000000e+00
   0.0000000e+00
  -0.0000000e+00
  -3.5505763e-03
  -1.6136067e-02
  -1.9244211e-02
  -3.1209325e-02
  -2.8204145e-02
  -2.4491679e-02
  -1.8973550e-02
  -1.7325344e-02
  -2.5835175e-02
  -2.3944361e-02
  -2.7466558e-02
  -2.9575689e-02
  -2.6625287e-02
  -3.3450354e-02
  -2.6831855e-02
  -0.0000000e+00
   2.1114948e-03
   4.0897070e-03
  -1.2871563e-02
  -4.0610414e-02
  -5.6669027e-02
  -2.1960417e-02
   8.8190059e-03
   6.4283516e-03
   2.0632073e-03
  -9.2245173e-03
  -2.1207098e-02
  -3.2406084e-02
  -3.2755315e-02
  -2.3888726e-02
  -3.0201657e-02
  -3.0691181e-02
   0.0000000e+00
   0.0000000e+00
   0.0000000e+00
  -0.0000000e+00
  -2.1568734e-02
  -3.2517094e-02
  -3.1197729e-02
  -2.8066723e-02
  -2.4053784e-02
  -1.9752940e-02
  -1.7347416e-02
  -1.6078582e-02
  -2.4123132e-02
  -2.4249392e-02
  -2.9352853e-02
  -3.0171543e-02
  -2.4440287e-02
  -3.0036831e-02
  -1.9023390e-02
   0.0000000e+00
  -1.1393758e-03
  -5.2556191e-03
  -2.8747682e-02
  -4.6257615e-02
  -4.8211374e-02
  -3.5554981e-02
   0.0000000e+00
  -2.8400009e-03
  -9.9405246e-03
  -2.1198977e-02
  -3.8223267e-02
  -4.6118565e-02
  -3.7034024e-02
  -2.8347513e-02
  -2.9941680e-02
  -2.0336384e-02
  -0.0000000e+00
  -0.0000000e+00
  -0.0000000e+00
  -1.6076761e-02
  -2.7484601e-02
  -3.3020180e-02
  -2.9580357e-02
  -2.1120789e-02
  -1.7963747e-02
  -1.4909235e-02
  -1.1820624e-02
  -1.0769782e-02
  -1.6822631e-02
  -1.7809991e-02
  -2.3855990e-02
  -2.2053411e-02
  -1.6881421e-02
  -1.7813433e-02
  -3.7240487e-03
   0.0000000e+00
  -0.0000000e+00
  -1.3308910e-02
  -3.5177257e-02
  -3.8328968e-02
  -2.9706376e-02
   0.0000000e+00
   0.0000000e+00
  -7.7274277e-03
  -1.6022415e-02
  -2.7548091e-02
  -4.0143926e-02
  -4.3685313e-02
  -3.4952190e-02
  -2.8664425e-02
  -2.5241164e-02
  -1.4760688e-02
  -1.3528233e-02
  -1.2624430e-02
  -0.0000000e+00
  -1.8995771e-02
  -2.5457025e-02
  -2.5870522e-02
  -2.2438953e-02
  -1.4746268e-02
  -1.3640790e-02
  -1.1246484e-02
  -6.6921138e-03
  -5.4157758e-03
  -8.9707570e-03
  -1.1272590e-02
  -1.6490612e-02
  -1.0981590e-02
  -2.5309483e-03
   6.5016269e-05
   3.5783158e-03
   0.0000000e+00
  -0.0000000e+00
  -1.5628824e-02
  -2.8715581e-02
  -2.0796059e-02
  -8.6663800e-03
   0.0000000e+00
   0.0000000e+00
  -0.0000000e+00
  -1.5469268e-02
  -2.1637574e-02
  -2.5406763e-02
  -2.9740123e-02
  -2.7350686e-02
  -2.2907518e-02
  -1.7132387e-02
  -8.1701353e-03
  -5.2149291e-03
  -4.2744870e-03
  -0.0000000e+00
  -1.7601566e-02
  -1.8826649e-02
  -1.6474862e-02
  -1.4463092e-02
  -6.6574491e-03
  -8.3398782e-03
  -5.0515425e-03
  -7.7261415e-04
   2.7465273e-04
  -7.5140817e-04
  -5.3894371e-03
  -8.7754112e-03
  -8.7435043e-04
   1.5452644e-02
   1.8668946e-02
   6.1257913e-03
   0.0000000e+00
  -0.0000000e+00
  -0.0000000e+00
  -1.2371697e-02
   1.8283981e-03
   7.5328231e-03
   0.0000000e+00
   0.0000000e+00
  -0.0000000e+00
  -5.8180291e-03
  -1.7776869e-03
  -3.0242205e-03
  -1.1831705e-02
  -1.5278811e-02
  -1.1321966e-02
  -4.3744096e-03
   3.3308093e-03
   7.2331084e-03
   3.7475157e-03
  -3.2316223e-03
  -9.9223172e-03
  -7.8907441e-03
  -5.0909934e-03
  -5.1551936e-03
   7.7410229e-03
   3.0661782e-03
   8.0484450e-03
   1.0754994e-02
   1.0761051e-02
   1.0177856e-02
   3.0789166e-03
   3.6373544e-03
   9.9543231e-03
   3.1342044e-02
   3.1592757e-02
   7.0099282e-03
   0.0000000e+00
   0.0000000e+00
  -0.0000000e+00
   7.8478912e-03
   2.2214113e-02
   2.0683732e-02
   0.0000000e+00
   0.0000000e+00
  -0.0000000e+00
   9.7355051e-03
   2.3399131e-02
   1.4335353e-02
   4.9485769e-03
  -4.2723483e-04
   5.5307513e-03
   1.4767291e-02
   1.8818963e-02
   2.0348439e-02
   1.3139497e-02
   8.9723496e-03
   5.9753503e-03
   8.5288258e-03
   1.1161243e-02
   9.5338905e-03
   2.2149807e-02
   1.8369852e-02
   2.5986489e-02
   2.6209077e-02
   2.7697826e-02
   2.2881322e-02
   1.5492487e-02
   2.0038938e-02
   2.1632977e-02
   4.1330520e-02
   3.4100708e-02
   6.3232348e-03
   0.0000000e+00
   0.0000000e+00
   0.0000000e+00
   1.9439723e-02
   3.2980431e-02
   2.7336842e-02
   0.0000000e+00
   0.0000000e+00
   0.0000000e+00
   2.7213136e-02
   3.4110375e-02
   2.5484694e-02
   0.0000000e+00
   8.7092267e-03
   2.2448711e-02
   3.0382713e-02
   2.9928906e-02
   3.1556312e-02
   2.3926169e-02
   2.1581735e-02
   2.0563500e-02
   2.5032492e-02
   2.6552351e-02
   2.4392247e-02
   3.0093595e-02
   2.9209817e-02
   3.8339730e-02
   3.7135009e-02
   4.0490709e-02
   3.2199454e-02
   2.7644863e-02
   3.3281483e-02
   3.2545254e-02
   4.9872730e-02
   3.2146495e-02
   6.7555922e-03
   0.0000000e+00
   0.0000000e+00
   0.0000000e+00
   2.6609370e-02
   4.0669892e-02
   2.8152230e-02
   0.0000000e+00
   0.0000000e+00
   0.0000000e+00
   3.7636455e-02
   3.5746846e-02
   2.9544553e-02
   0.0000000e+00
   0.0000000e+00
   3.5356287e-02
   3.9395891e-02
   3.6501136e-02
   3.8279619e-02
   3.0694596e-02
   2.8780783e-02
   2.8450459e-02
   3.4189872e-02
   3.4007587e-02
   3.2186367e-02
   3.2901730e-02
   3.5345826e-02
   4.4504005e-02
   4.2964175e-02
   4.7159784e-02
   3.7234832e-02
   3.7010334e-02
   4.1466419e-02
   4.1519415e-02
   5.5695288e-02
   2.7024915e-02
   1.2685578e-02
   0.0000000e+00
   0.0000000e+00
   0.0000000e+00
   0.0000000e+00
   4.5398172e-02
   2.8996873e-02
   0.0000000e+00
   0.0000000e+00
   0.0000000e+00
   4.2272508e-02
   3.3134282e-02
   2.4821576e-02
   0.0000000e+00
   0.0000000e+00
   4.3854903e-02
   4.4146102e-02
   4.0150136e-02
   4.1022051e-02
   3.3728492e-02
   3.1593323e-02
   3.1660665e-02
   3.7434511e-02
   3.5587780e-02
   3.4442645e-02
   2.3271158e-02
   2.7588055e-02
   3.2437969e-02
   3.3566058e-02
   3.4101788e-02
   2.9105084e-02
   3.4613658e-02
   3.3458058e-02
   4.3417506e-02
   5.2465264e-02
   1.8471212e-02
   0.0000000e+00
   0.0000000e+00
   0.0000000e+00
   0.0000000e+00
   0.0000000e+00
   4.2473439e-02
   2.0167253e-02
   0.0000000e+00
   0.0000000e+00
   0.0000000e+00
   3.3059496e-02
   2.6166812e-02
   1.9893443e-02
   0.0000000e+00
   0.0000000e+00
   3.9461698e-02
   4.1108869e-02
   3.7290953e-02
   3.2987710e-02
   2.6362067e-02
   2.3230812e-02
   2.4114143e-02
   2.6189951e-02
   2.4048734e-02
   2.3575818e-02
   6.1064991e-03
   9.6373968e-03
   1.1371174e-02
   1.2009260e-02
   1.0847403e-02
   9.2577850e-03
   1.6184697e-02
   1.6204102e-02
   2.7484616e-02
   3.0370180e-02
   8.8081546e-03
   0.0000000e+00
   0.0000000e+00
   0.0000000e+00
   0.0000000e+00
   0.0000000e+00
   3.1653859e-02
   1.2812288e-02
   0.0000000e+00
   0.0000000e+00
   0.0000000e+00
   0.0000000e+00
   1.7683780e-02
   1.3431098e-02
   0.0000000e+00
   0.0000000e+00
   2.8198013e-02
   2.8973430e-02
   2.4724383e-02
   1.6541054e-02
   1.0007934e-02
   6.9909859e-03
   7.2316490e-03
   7.3871845e-03
   5.1866388e-03
   5.2503152e-03
  -1.0171158e-02
  -7.2343531e-03
  -6.6102669e-03
  -8.0895480e-03
  -9.7698001e-03
  -9.9697970e-03
  -1.7804683e-03
   2.5928474e-03
   1.1251505e-02
   1.0238738e-02
  -1.0188418e-03
   0.0000000e+00
   0.0000000e+00
   0.0000000e+00
  -0.0000000e+00
   2.0049844e-02
   2.2732586e-02
   8.6850319e-03
   0.0000000e+00
   0.0000000e+00
   0.0000000e+00
   0.0000000e+00
   8.5723940e-03
   4.4417465e-03
   0.0000000e+00
   0.0000000e+00
   2.0346923e-02
   1.8149236e-02
   1.3477040e-02
   1.6650073e-03
  -6.8699699e-03
  -8.8395895e-03
  -1.0732849e-02
  -1.1089798e-02
  -1.3474008e-02
  -1.2684042e-02
  -2.6074991e-02
  -2.3667078e-02
  -2.3143530e-02
  -2.7527990e-02
  -2.9065279e-02
  -2.8962525e-02
  -1.9726697e-02
  -9.5109046e-03
  -5.7583223e-03
  -9.5186969e-03
  -9.7708622e-03
  -0.0000000e+00
   0.0000000e+00
  -0.0000000e+00
  -0.0000000e+00
   1.0758062e-02
   1.4284013e-02
   5.4614128e-03
   0.0000000e+00
   0.0000000e+00
   0.0000000e+00
   0.0000000e+00
  -1.1571833e-03
  -7.6636620e-03
  -2.0838501e-03
   1.0672149e-02
   1.3668192e-02
   7.1692937e-03
   2.9198316e-03
  -0.0000000e+00
  -2.4090989e-02
  -2.4506409e-02
  -2.9264705e-02
  -2.9361013e-02
  -3.2014437e-02
  -3.0426163e-02
  -4.7917847e-02
  -4.5206234e-02
  -4.5460474e-02
  -5.1307652e-02
  -5.5288531e-02
  -5.4809533e-02
  -4.3804727e-02
  -2.8819939e-02
  -2.9009193e-02
  -4.0532444e-02
  -2.5430851e-02
  -1.6879549e-02
   0.0000000e+00
  -0.0000000e+00
  -2.5962099e-02
  -2.5544620e-03
   0.0000000e+00
   0.0000000e+00
   0.0000000e+00
   0.0000000e+00
   0.0000000e+00
   0.0000000e+00
  -1.6159365e-02
  -2.1127362e-02
  -7.4817091e-03
   8.1265857e-03
   7.4363413e-03
  -9.7721374e-04
  -0.0000000e+00
  -2.9128462e-02
  -4.9602825e-02
  -4.7064859e-02
  -5.3355034e-02
  -5.4988205e-02
  -5.5759855e-02
  -5.3917270e-02
  -5.2385621e-02
  -4.9205050e-02
  -4.8106674e-02
  -5.0597407e-02
  -5.6668498e-02
  -5.6883775e-02
  -5.0409336e-02
  -3.5575747e-02
  -2.9782157e-02
  -4.5433152e-02
  -3.7435193e-02
  -2.6619261e-02
  -0.0000000e+00
  -3.4212746e-02
  -3.6857784e-02
  -1.3642628e-02
   0.0000000e+00
   0.0000000e+00
   0.0000000e+00
   0.0000000e+00
   0.0000000e+00
   0.0000000e+00
  -0.0000000e+00
  -2.6216457e-02
  -1.5202287e-02
   5.4689283e-03
   9.0505521e-03
  -0.0000000e+00
  -0.0000000e+00
  -2.9851803e-02
  -5.1972058e-02
  -5.0360993e-02
  -5.4469775e-02
  -5.8641866e-02
  -5.8539230e-02
  -5.8577877e-02
  -5.4574516e-02
  -5.0780557e-02
  -4.7351200e-02
  -4.7308028e-02
  -5.4463930e-02
  -5.6659020e-02
  -5.6739762e-02
  -4.0026963e-02
  -2.7344406e-02
  -4.6614673e-02
  -4.8603378e-02
  -3.4580122e-02
  -0.0000000e+00
  -4.5774683e-02
  -4.7069699e-02
  -2.1037445e-02
   0.0000000e+00
   0.0000000e+00
   0.0000000e+00
   0.0000000e+00
   0.0000000e+00
   0.0000000e+00
  -0.0000000e+00
  -2.8705984e-02
  -2.1666398e-02
  -3.7238120e-04
   0.0000000e+00
  -0.0000000e+00
  -0.0000000e+00
  -0.0000000e+00
  -5.0686929e-02
  -5.0033472e-02
  -5.2831385e-02
  -5.8857609e-02
  -5.8910523e-02
  -6.0980059e-02
  -5.3247817e-02
  -4.8438303e-02
  -4.0447332e-02
  -3.9193831e-02
  -4.5603540e-02
  -5.2771453e-02
  -6.4173207e-02
  -4.1030210e-02
  -1.8760778e-02
  -4.1554579e-02
  -5.9608877e-02
  -4.7093231e-02
  -4.3732651e-02
  -5.7230972e-02
  -5.7897717e-02
  -3.0018638e-02
   0.0000000e+00
   0.0000000e+00
   0.0000000e+00
   0.0000000e+00
   0.0000000e+00
  -0.0000000e+00
  -2.9760625e-02
  -2.7236089e-02
  -2.8467392e-02
  -0.0000000e+00
   0.0000000e+00
  -0.0000000e+00
  -0.0000000e+00
  -2.6642909e-02
  -4.2852782e-02
  -4.2928152e-02
  -4.6211556e-02
  -5.2857127e-02
  -5.5352338e-02
  -5.9967864e-02
  -4.8293311e-02
  -4.2840134e-02
  -3.2834254e-02
  -3.0460889e-02
  -3.5399996e-02
  -4.5161001e-02
  -6.3781768e-02
  -4.1224711e-02
  -1.1115215e-02
  -2.9771965e-02
  -4.7754232e-02
  -4.1037004e-02
  -3.6606200e-02
  -5.0419759e-02
  -6.6721909e-02
  -4.5858373e-02
   0.0000000e+00
   0.0000000e+00
   0.0000000e+00
   0.0000000e+00
   0.0000000e+00
  -0.0000000e+00
  -3.8922489e-02
  -2.6631966e-02
  -0.0000000e+00
  -0.0000000e+00
   0.0000000e+00
   0.0000000e+00
  -0.0000000e+00
  -2.3342462e-02
  -3.1521123e-02
  -3.1644251e-02
  -3.6174495e-02
  -4.2324126e-02
  -4.7063604e-02
  -5.3260922e-02
  -4.2864036e-02
  -3.8285982e-02
  -2.9193833e-02
  -2.4306104e-02
  -2.9767860e-02
  -3.6656763e-02
  -5.5968359e-02
  -4.2290762e-02
  -1.0543754e-02
  -1.9838876e-02
  -2.8588295e-02
  -2.4705024e-02
  -2.3132488e-02
  -3.6445502e-02
  -6.4405739e-02
  -5.2912140e-02
   0.0000000e+00
   0.0000000e+00
   0.0000000e+00
  -0.0000000e+00
  -0.0000000e+00
  -0.0000000e+00
  -3.6579955e-02
  -2.8189508e-02
  -2.4119546e-02
  -0.0000000e+00
   0.0000000e+00
   0.0000000e+00
  -0.0000000e+00
  -1.6964293e-02
  -2.2324335e-02
  -2.3930272e-02
  -2.7174750e-02
  -3.4575768e-02
  -3.8867671e-02
  -4.6182930e-02
  -3.6810499e-02
  -3.3694014e-02
  -2.6271755e-02
  -1.8800031e-02
  -2.4759106e-02
  -2.7957240e-02
  -4.6082821e-02
  -4.2920299e-02
  -1.4204997e-02
  -0.0000000e+00
  -0.0000000e+00
  -7.2595030e-03
  -9.2690112e-03
  -2.0816702e-02
  -5.5154633e-02
  -4.7816510e-02
  -3.1011749e-02
   0.0000000e+00
  -0.0000000e+00
  -0.0000000e+00
  -0.0000000e+00
  -0.0000000e+00
  -2.9993204e-02
  -2.8920474e-02
  -2.5430363e-02
   0.0000000e+00
   0.0000000e+00
   0.0000000e+00
  -0.0000000e+00
  -8.5868314e-03
  -1.2903388e-02
  -1.6811579e-02
  -1.8304970e-02
  -2.7177451e-02
  -3.0528793e-02
  -3.8511686e-02
  -2.8638538e-02
  -2.7649431e-02
  -2.1726919e-02
  -1.2437219e-02
  -1.7264584e-02
  -1.8751524e-02
  -3.5073161e-02
  -4.1452318e-02
  -2.0711666e-02
  -0.0000000e+00
   8.3111372e-03
   6.0191071e-03
   9.1494760e-04
  -5.5828709e-03
  -3.2733113e-02
  -4.4878107e-02
  -3.6012360e-02
   0.0000000e+00
  -0.0000000e+00
  -2.3817629e-02
  -2.1011632e-02
  -6.9721023e-03
  -1.8596164e-02
  -3.3167999e-02
   0.0000000e+00
   0.0000000e+00
   0.0000000e+00
   0.0000000e+00
   0.0000000e+00
   0.0000000e+00
   2.2831265e-04
  -7.8850640e-03
  -8.4913550e-03
  -1.8068602e-02
  -2.1068361e-02
  -2.8605159e-02
  -1.3306306e-02
  -1.1802890e-02
  -6.4573009e-03
   1.0536198e-03
  -7.3616655e-04
  -7.7792434e-03
  -2.2479033e-02
  -2.7865376e-02
  -1.8165259e-02
   0.0000000e+00
   1.7744174e-02
   2.1216512e-02
   1.5657809e-02
   1.0633822e-02
  -7.4304384e-03
  -2.2310445e-02
  -2.3009834e-02
  -1.9527280e-02
  -1.6026273e-02
  -8.9540099e-03
  -3.3478034e-03
   1.0801638e-06
  -3.2693231e-03
  -1.6784886e-02
   0.0000000e+00
   0.0000000e+00
   0.0000000e+00
   0.0000000e+00
   0.0000000e+00
   0.0000000e+00
   2.4951480e-02
   1.3823994e-02
   8.2483320e-03
  -5.6655647e-04
  -6.8923435e-03
  -1.2582740e-02
   6.4931270e-03
   1.0198463e-02
   1.5501651e-02
   1.9288315e-02
   1.7722230e-02
   5.8788764e-03
  -6.0296440e-03
  -1.0730337e-02
  -9.8776221e-03
   0.0000000e+00
   1.9688375e-02
   2.8701552e-02
   3.1570230e-02
   2.8746258e-02
   1.4276512e-02
   1.5792325e-03
  -4.9965158e-03
  -0.0000000e+00
  -0.0000000e+00
  -0.0000000e+00
   1.6526723e-02
   1.6288457e-02
   1.7482568e-02
   3.3416817e-03
  -0.0000000e+00
   0.0000000e+00
   0.0000000e+00
   0.0000000e+00
   0.0000000e+00
   0.0000000e+00
   4.5109902e-02
   3.9033923e-02
   2.8652510e-02
   2.0584354e-02
   1.1718261e-02
   6.6629290e-03
   2.5612341e-02
   3.0881852e-02
   3.7081681e-02
   3.5757732e-02
   3.2661479e-02
   1.9183652e-02
   1.0476357e-02
   4.6786313e-03
  -0.0000000e+00
   0.0000000e+00
   0.0000000e+00
   0.0000000e+00
   3.7134778e-02
   4.0524889e-02
   3.3000723e-02
   2.5311371e-02
   1.9923923e-02
   0.0000000e+00
   0.0000000e+00
   0.0000000e+00
   2.5670715e-02
   2.6912026e-02
   0.0000000e+00
   0.0000000e+00
  -0.0000000e+00
   0.0000000e+00
   0.0000000e+00
   0.0000000e+00
   0.0000000e+00
   0.0000000e+00
   4.3558642e-02
   5.2555185e-02
   4.4022609e-02
   3.7241820e-02
   2.7697761e-02
   2.3641104e-02
   3.4512017e-02
   4.0745549e-02
   4.8010942e-02
   4.3318152e-02
   3.9121173e-02
   2.5548685e-02
   2.0795070e-02
   1.8207764e-02
   0.0000000e+00
   0.0000000e+00
   0.0000000e+00
   0.0000000e+00
   0.0000000e+00
   3.6420215e-02
   3.9509386e-02
   3.8393643e-02
   3.3206150e-02
   2.8593940e-02
   0.0000000e+00
   0.0000000e+00
   0.0000000e+00
   0.0000000e+00
   0.0000000e+00
   0.0000000e+00
   0.0000000e+00
   0.0000000e+00
   0.0000000e+00
   0.0000000e+00
   0.0000000e+00
   0.0000000e+00
   1.8284122e-02
   4.1459899e-02
   4.3008540e-02
   3.8754735e-02
   3.1385515e-02
   2.9659471e-02
   2.5253594e-02
   3.3525538e-02
   4.0585589e-02
   3.8471442e-02
   3.4083970e-02
   2.0545470e-02
   2.2063222e-02
   2.7923882e-02
   0.0000000e+00
   0.0000000e+00
   0.0000000e+00
   0.0000000e+00
   0.0000000e+00
   0.0000000e+00
   0.0000000e+00
   3.1153532e-02
   3.4479129e-02
   3.3318136e-02
   0.0000000e+00
   0.0000000e+00
   0.0000000e+00
   0.0000000e+00
   0.0000000e+00
   0.0000000e+00
   0.0000000e+00
   0.0000000e+00
   0.0000000e+00
   0.0000000e+00
   0.0000000e+00
  -0.0000000e+00
  -0.0000000e+00
   5.5788094e-03
   1.8970737e-02
   1.8395582e-02
   1.6162861e-02
   1.8558059e-02
   6.0581309e-03
   1.8030329e-02
   2.4610534e-02
   2.8503548e-02
   2.3096085e-02
   1.3107460e-02
   2.0999776e-02
   2.5557399e-02
   0.0000000e+00
   0.0000000e+00
   0.0000000e+00
   0.0000000e+00
   0.0000000e+00
   0.0000000e+00
  -0.0000000e+00
   1.4746075e-02
   2.4990854e-02
   2.7168653e-02
   1.9041207e-02
   0.0000000e+00
   0.0000000e+00
   0.0000000e+00
   0.0000000e+00
   0.0000000e+00
   0.0000000e+00
   0.0000000e+00
   0.0000000e+00
   0.0000000e+00
   0.0000000e+00
   0.0000000e+00
  -0.0000000e+00
  -2.0568866e-02
  -9.0631861e-03
  -7.7318838e-03
  -6.0273227e-03
  -1.0485851e-03
  -9.6987775e-03
   4.0546963e-03
   1.2811838e-02
   1.7506612e-02
   1.3689280e-02
   1.2507657e-02
   2.1852764e-02
   2.1592054e-02
   0.0000000e+00
   0.0000000e+00
   0.0000000e+00
   0.0000000e+00
   0.0000000e+00
  -0.0000000e+00
  -0.0000000e+00
   1.3009527e-02
   1.9669933e-02
   1.4790376e-02
   1.4426870e-02
   0.0000000e+00
   0.0000000e+00
   0.0000000e+00
   0.0000000e+00
   0.0000000e+00
   0.0000000e+00
   0.0000000e+00
   0.0000000e+00
   0.0000000e+00
   0.0000000e+00
   0.0000000e+00
  -0.0000000e+00
  -2.7662512e-02
  -2.2141812e-02
  -1.8911805e-02
  -1.7166406e-02
  -1.5426948e-02
  -1.6562432e-02
  -7.8819310e-03
  -2.4019458e-04
   1.5572384e-03
   2.6751992e-03
   9.0790000e-03
   1.7721035e-02
   0.0000000e+00
   0.0000000e+00
   0.0000000e+00
   0.0000000e+00
   0.0000000e+00
   0.0000000e+00
  -0.0000000e+00
  -0.0000000e+00
   0.0000000e+00
   0.0000000e+00
   3.8385116e-03
   6.1306022e-04
   0.0000000e+00
  -0.0000000e+00
  -0.0000000e+00
   0.0000000e+00
   0.0000000e+00
   0.0000000e+00
   0.0000000e+00
   0.0000000e+00
   0.0000000e+00
   0.0000000e+00
   0.0000000e+00
  -0.0000000e+00
  -2.1073546e-02
  -2.2133382e-02
  -2.1937026e-02
  -2.1054646e-02
  -2.0053793e-02
  -1.3300850e-02
  -1.0902449e-02
  -9.3625877e-03
  -9.7186422e-03
  -7.2545644e-03
   9.5473863e-04
   0.0000000e+00
   0.0000000e+00
   0.0000000e+00
   0.0000000e+00
   0.0000000e+00
   0.0000000e+00
   0.0000000e+00
   0.0000000e+00
  -0.0000000e+00
   0.0000000e+00
   0.0000000e+00
   0.0000000e+00
  -9.6069661e-04
  -1.5975047e-03
  -2.4047518e-03
  -2.4162207e-03
  -1.6744484e-03
  -0.0000000e+00
   0.0000000e+00
   0.0000000e+00
   0.0000000e+00
   0.0000000e+00
   0.0000000e+00
   0.0000000e+00
  -0.0000000e+00
  -0.0000000e+00
  -0.0000000e+00
  -0.0000000e+00
  -1.4150430e-02
  -1.4363827e-02
  -5.0130514e-03
  -0.0000000e+00
  -0.0000000e+00
  -0.0000000e+00
  -0.0000000e+00
  -0.0000000e+00
  -0.0000000e+00
  -0.0000000e+00
  -0.0000000e+00
  -0.0000000e+00
  -0.0000000e+00
  -0.0000000e+00
  -0.0000000e+00
  -0.0000000e+00
  -0.0000000e+00
  -0.0000000e+00
   0.0000000e+00
   0.0000000e+00
   4.4530979e-04
   1.4208778e-04
  -8.9923022e-05
  -2.4663581e-04
  -2.8737180e-04
  -5.5964629e-04
  -1.2935676e-04
  -2.8231410e-04
  -3.1257083e-04
  -2.0758779e-04
  -2.8096540e-04
  -5.7642429e-04
  -1.0387690e-03
  -0.0000000e+00
  -0.0000000e+00
  -0.0000000e+00
  -0.0000000e+00
  -0.0000000e+00
