  -1.4129080e+00
  -8.5637130e-01
   8.5384452e-01
   1.0569203e+00
   7.1158466e-01
   4.2738995e-01
  -2.7981114e-01
  -5.7654791e-01
  -2.3094532e-01
  -2.8788021e-01
  -2.1065125e-01
  -1.0891825e+00
  -2.2051382e+00
  -2.1376545e+00
  -2.2190135e+00
  -1.9329791e+00
  -1.7192613e+00
  -2.4561319e+00
   3.5814450e+00
   3.8753030e+00
   4.3523050e+00
   4.7548642e+00
   4.8695679e+00
   4.9287554e+00
   4.9966760e+00
   5.0096297e+00
   4.8402968e+00
   4.2050447e+00
   4.2513871e+00
   4.6282035e+00
   4.5138435e+00
   4.6231575e+00
   4.8501731e+00
   4.6416860e+00
   4.3465533e+00
   3.7990093e+00
   8.0846672e+00
   6.9985757e+00
   5.6692501e+00
   3.8452742e+00
   4.0837460e+00
   4.8222236e+00
   5.5118899e+00
   6.0789375e+00
   6.0722758e+00
   4.2086086e+00
   4.5777926e+00
   6.0276357e+00
   7.0583520e+00
   7.4459119e+00
   7.1518491e+00
   7.1793332e+00
   8.3497581e+00
   8.5140272e+00
   5.1486953e+00
   3.2931558e+00
   1.6886673e+00
   1.8363384e+00
   2.0293860e+00
   2.2099054e+00
   2.7336325e+00
   3.4716201e+00
   3.7043896e+00
   1.7290523e+00
   1.4638285e+00
   3.3470635e+00
   5.1073240e+00
   4.6718287e+00
   2.9208925e+00
   3.1029063e+00
   4.7531084e+00
   6.0360479e+00
  -4.8429599e-01
  -6.4285445e-01
  -6.1333191e-01
  -1.2082701e+00
  -1.4213521e+00
  -1.1219311e+00
  -5.1528031e-01
  -1.2662858e-01
  -4.1204888e-01
   5.3414706e-02
  -1.1979194e+00
  -4.0923920e-01
   1.2802720e-01
  -6.2239224e-01
  -4.7707999e-01
  -1.8838633e+00
  -9.8807794e-01
  -4.3115556e-01
  -3.1223633e+00
  -2.6063080e+00
  -2.7358756e+00
  -4.6103473e+00
  -4.3055973e+00
  -3.3427925e+00
  -2.7166498e+00
  -3.6281538e+00
  -4.1644011e+00
  -6.7298383e-01
  -1.3744067e+00
  -3.6544993e+00
  -4.6516280e+00
  -2.5386815e+00
  -1.4986316e+00
  -3.2345200e+00
  -5.5109673e+00
  -5.7108517e+00
  -3.5936763e+00
  -1.9313025e+00
  -4.5974483e+00
  -4.5621433e+00
  -3.9572914e+00
  -4.1470528e+00
  -5.3022642e+00
  -6.4243398e+00
  -5.5368900e+00
  -3.4971991e-01
  -1.3466302e+00
  -5.8188863e+00
  -6.0879884e+00
  -1.5365814e+00
  -1.4244624e+00
  -3.3077743e+00
  -6.8976970e+00
  -6.8006659e+00
  -2.4963400e+00
  -2.9168777e+00
  -2.7175459e+00
  -2.1691427e+00
  -3.1143169e+00
  -5.4098933e+00
  -7.0695534e+00
  -6.7748184e+00
  -4.2431221e+00
  -2.9970875e-01
  -1.5625682e+00
  -5.5066350e+00
  -4.5120339e+00
  -9.1941781e-02
  -1.0830215e+00
  -3.9528883e+00
  -4.7841206e+00
  -3.9556482e+00
  -2.9265005e-02
  -9.0474617e-01
  -3.1004997e+00
  -4.8965931e+00
  -5.7959089e+00
  -6.3392016e+00
  -6.1278334e+00
  -4.9244576e+00
  -1.5809507e+00
  -3.0097562e-01
  -2.0478952e+00
  -3.9766398e+00
  -1.4707241e+00
   1.2606245e+00
  -7.5526908e-01
  -2.2459259e+00
  -7.0750654e-01
   1.0672873e+00
   4.4061777e-01
  -2.7360101e+00
  -4.4428601e+00
  -5.4799590e+00
  -5.8452582e+00
  -5.5140632e+00
  -4.0968719e+00
  -1.7434014e+00
   4.5442418e-01
  -4.3320373e-01
  -3.9433215e+00
  -1.4867287e+00
   2.0888937e+00
   1.7101769e+00
  -2.8326523e-01
  -1.1241107e+00
   1.5169096e+00
   2.9773523e+00
   5.9821829e-02
  -3.2249551e+00
  -6.4766056e+00
  -7.9458752e+00
  -7.9981918e+00
  -6.8028814e+00
  -3.7309818e+00
  -1.1141235e+00
  -1.3199247e+00
  -2.6775892e+00
  -6.0383954e+00
  -2.4070441e+00
   1.2851181e+00
   2.8958511e-01
  -8.9678448e-02
  -4.6252990e-01
   1.8562053e+00
   1.9537197e+00
  -8.2881397e-01
  -3.3874106e+00
  -5.2328854e+00
  -6.8680940e+00
  -7.6260543e+00
  -7.3122940e+00
  -5.1704822e+00
  -1.2253447e+00
  -2.3837726e+00
  -6.6143308e+00
  -6.4118633e+00
  -4.7057457e+00
  -8.4866369e-01
  -8.8445449e-01
  -1.3085502e+00
  -4.8681278e-02
   2.0255048e+00
   1.1294361e+00
  -9.4762135e-01
  -2.4353764e+00
  -2.5568419e+00
  -4.1592846e+00
  -5.1879058e+00
  -5.4926400e+00
  -3.6552563e+00
   2.9462483e-03
  -3.0071363e+00
  -3.1959193e+00
  -4.1156230e+00
  -4.5789909e+00
  -1.8749628e+00
  -1.4490647e+00
  -9.7337508e-01
   5.7739340e-02
   2.3551042e+00
   4.1901350e-01
  -6.3279277e-01
  -7.0106941e-01
   5.0926137e-01
  -2.0472081e-01
  -9.5144480e-01
  -1.4980351e+00
  -8.0709077e-02
   8.5628062e-01
  -6.8867433e-01
   4.9819759e-01
  -2.9118893e-01
  -1.6171027e+00
  -7.1686345e-01
  -6.1277533e-01
   8.0126923e-01
   7.1898866e-01
   6.4659268e-01
   1.4920888e+00
   1.9989181e-01
   3.8484748e-01
   1.0379310e+00
   1.8971917e+00
   2.5592868e+00
   2.6141512e+00
   1.8850373e+00
   8.7249024e-01
   1.3004377e-02
   1.7319734e+00
   2.3126902e+00
   1.5763385e+00
   6.8756423e-01
   8.6692245e-01
   6.4968824e-01
  -3.3335551e-01
   1.5251714e-01
   6.5591460e-01
   1.1602683e+00
   6.1167091e-01
   6.4350807e-01
   1.4117885e+00
   2.7976730e+00
   3.5096933e+00
   1.8121326e+00
   6.9678903e-01
   4.8927487e-02
   8.6979705e-01
   1.7687038e+00
   2.3888609e+00
   1.4237934e+00
   1.7919955e-01
  -3.2223782e-01
  -7.9544669e-01
  -1.7251311e-01
   7.2687037e-01
   7.7181771e-01
   2.7925956e-01
  -6.8822017e-01
  -1.1722429e+00
  -3.5526763e-01
   1.6210139e-01
  -9.3867529e-02
   5.6243003e-02
   3.6609907e-01
   6.7731003e-01
   5.3641349e-01
   1.0233465e+00
   8.7972106e-01
  -1.0085189e-01
  -1.8367052e-02
   3.7470113e-01
   8.6300077e-01
   9.0869753e-01
  -2.0382626e-01
  -4.0946341e-01
  -2.0397218e-01
  -4.7347257e-01
  -8.8147902e-01
  -7.6803851e-01
  -3.7175229e-01
  -4.6547685e-02
   1.4933811e-01
   5.4169655e-02
  -1.0762519e+00
   1.2907549e+00
  -2.7346152e-01
  -4.8022127e-01
  -3.9097604e-01
  -1.8665628e-01
  -1.4224982e-01
  -4.0411657e-01
