   3.4798093e+00
   3.6535738e+00
   3.8399613e+00
   2.4443609e+00
   1.4406557e+00
   4.1081959e-01
   1.7526380e-01
   3.5029598e-01
   7.4438137e-01
   2.0425219e-01
   6.4190148e-01
  -7.3052496e-02
  -3.5917513e-02
   8.5229524e-01
   1.6181434e+00
   2.0005074e+00
   1.9116068e+00
   1.3955139e+00
  -4.7489348e-01
  -1.9045724e+00
  -2.2207063e+00
  -1.6682696e+00
  -7.6265049e-01
  -4.2483659e-02
   1.0166915e-02
  -5.4957908e-01
  -1.2357930e+00
  -1.5411309e+00
  -5.8930379e-01
   4.0263923e-01
   5.2662092e-01
  -1.8310224e-01
  -1.1561569e+00
  -1.0323045e+00
   4.7372695e-02
   3.3158485e-01
  -1.9075288e+00
  -2.7841849e+00
  -2.0909246e+00
  -1.1250695e+00
  -3.4106858e-02
  -6.6162948e-02
  -6.5535533e-01
  -1.1663888e+00
  -1.4345042e+00
  -1.6765758e+00
  -9.7056752e-01
  -3.6380438e-01
  -3.9790580e-01
  -1.2659178e+00
  -1.7705187e+00
  -1.6478673e+00
  -7.2493178e-01
  -6.7281091e-01
  -1.4436799e-01
  -5.2076995e-01
  -2.4776486e-01
   1.2606493e-01
  -4.0233086e-01
  -1.2435793e-01
  -4.8972398e-01
  -7.8481099e-01
  -1.4570917e-01
   1.5717668e-01
  -6.2334023e-01
  -7.1955019e-01
  -5.4587137e-01
   6.1558680e-01
  -3.0258723e-02
  -1.0249331e+00
  -5.6332087e-01
  -3.9806664e-01
   2.8088102e+00
   6.8921429e-01
   1.3811424e-01
   5.9004706e-01
   6.8660498e-01
   5.6915349e-01
  -1.3112202e-01
  -5.0675595e-01
   1.6575415e+00
   1.3366936e+00
  -5.8424246e-01
  -1.2759156e+00
   6.3553816e-01
   3.3080535e+00
  -4.4539991e-01
  -7.4440187e-01
  -7.7468529e-02
   1.4978480e+00
   3.9023283e+00
   9.9981791e-01
   9.1820836e-01
   1.9037580e+00
   1.5708731e+00
   7.2264689e-01
  -5.3141016e-01
  -9.1068402e-02
   3.1243453e+00
   1.4363936e+00
  -4.9685019e-01
  -1.0480121e+00
   2.4267843e+00
   4.2958236e+00
  -1.1566719e-01
  -3.1082091e-01
   1.2174739e+00
   3.4198263e+00
   3.5708566e+00
   3.4041905e-01
   2.0513072e+00
   2.0388734e+00
   9.5157146e-01
  -2.1930912e-01
  -3.7897483e-01
   1.5103241e+00
   4.5042615e+00
   8.8548815e-01
  -4.5018098e-01
   8.1199330e-01
   4.0175591e+00
   3.4030704e+00
  -6.6618532e-02
   5.9716439e-01
   2.7641168e+00
   4.5774612e+00
   1.7744471e+00
   9.7397590e-01
   9.5250834e-01
  -5.8227044e-01
  -1.1420350e+00
  -5.3547406e-01
   1.5393884e+00
   3.6292942e+00
   4.7650737e+00
   1.6228764e-01
   1.0208710e-01
   2.8390094e+00
   4.6706409e+00
   2.2010074e+00
   1.3313436e-01
   1.8755997e+00
   3.3353722e+00
   3.6561373e+00
   2.9859987e-01
   5.1527586e-02
  -5.9640961e-01
  -1.8612782e+00
  -2.0487494e+00
  -8.1377324e-01
   1.5244727e+00
   3.4519732e+00
   3.0166413e+00
  -1.0290056e-01
  -7.4550062e-01
   2.8684479e+00
   3.9870341e+00
   8.7687021e-01
   4.2060856e-01
   1.6478188e+00
   2.2285407e+00
   1.4544099e+00
  -5.4033667e-02
  -4.5415851e-01
  -8.4578452e-02
  -3.7204927e-01
  -1.8774375e-01
   9.9229634e-01
   2.8952317e+00
   3.5257492e+00
   9.7647774e-01
  -5.2377260e-01
  -1.4625847e+00
   6.6186545e-01
   1.8306688e+00
   6.5029639e-01
   4.7923962e-01
   9.4669992e-01
   4.1220747e-02
   4.4598607e-01
   1.2799890e-01
  -1.7868592e-01
  -1.4508097e+00
  -2.8382227e+00
  -3.6686168e+00
  -3.6068104e+00
  -2.3080456e+00
  -4.5137626e-01
  -8.7414123e-01
  -1.3824942e+00
  -2.2074490e+00
  -3.1625367e+00
   1.9060147e-01
   2.4988641e-01
   1.7349453e-02
   7.7821642e-01
  -1.1978408e+00
   6.2116091e-01
   1.2136157e-02
   4.1513401e-01
  -2.0846270e-01
  -8.7273055e-01
  -1.9288944e+00
  -3.0722361e+00
  -4.1782575e+00
  -1.9743133e+00
  -4.6148324e-01
  -2.9268491e-01
  -1.6739331e+00
  -4.3892231e+00
  -1.5959049e+00
  -5.3803283e-01
  -1.3512440e+00
   1.0843272e+00
  -1.0339112e+00
   7.9021806e-01
  -2.7070349e-01
  -7.2637498e-02
   2.8726572e-01
   1.1447226e-01
  -7.0196837e-01
  -1.8259258e+00
  -3.8882825e+00
  -2.0409534e+00
   2.4791543e-01
   2.2889490e-01
  -4.7524074e-01
  -3.5049596e+00
  -2.9443166e+00
  -7.8837615e-01
  -2.0195105e+00
  -6.5873939e-01
   1.1810590e-01
   3.0803812e-01
  -9.6729867e-02
  -1.3609344e+00
   6.2739724e-01
   1.1804667e+00
   4.3837133e-01
  -6.9368386e-01
  -3.6757667e+00
  -3.0340770e-01
   5.6400830e-01
   9.2469007e-01
   7.5113446e-01
  -1.5226096e+00
  -2.4899287e+00
  -5.8839011e-01
  -1.3380054e+00
  -9.0168852e-01
  -7.0274681e-01
   1.3157461e+00
  -6.0248681e-02
  -1.0833377e+00
  -3.9500827e-01
   9.8432821e-01
   1.0108376e+00
   4.3778497e-01
  -1.9587367e+00
   3.3742099e-01
   2.1266088e-01
  -2.9929137e-01
   1.0356601e+00
   4.1941307e-02
  -1.4864221e+00
  -7.5896683e-01
  -5.3414088e-01
  -3.3610614e-01
  -2.1944556e-01
  -3.6402148e-01
  -4.4025034e-01
  -4.6397120e-01
  -5.7255684e-01
   1.9395871e-01
   6.1607736e-01
   9.3873106e-01
   2.6537201e-01
   2.5264522e-01
  -4.2600151e-01
  -5.7981515e-01
   1.7771189e-01
   5.1832101e-01
  -2.9840732e-01
  -2.1431468e-01
  -4.4032611e-01
  -1.6061869e-01
  -3.4390149e-01
  -3.4035102e-01
   1.0994701e-03
  -5.3690475e-01
  -1.1967926e+00
  -1.3398853e+00
  -1.2931777e+00
   2.9334239e-02
   7.5838461e-01
   2.1279699e-01
  -7.9261902e-01
  -6.9309870e-01
  -1.1176314e+00
   1.7411475e-01
   5.9869890e-01
   3.9517940e-01
   6.8294332e-02
   7.8038020e-02
   2.0188097e-01
   7.3308393e-01
   3.7198952e-01
   5.0078964e-01
   2.1573199e-01
  -1.9948846e-01
  -1.2132121e+00
  -3.3015406e-01
  -2.0000555e-01
  -3.7563393e-01
  -8.0565727e-01
  -8.3253598e-01
   1.1459554e+00
  -1.9685723e+00
  -1.4112262e+00
   8.9007821e-03
   2.7018236e-02
  -2.7672228e-01
  -4.0571135e-01
   5.5247885e-01
