  4.515451e-01
  3.902753e-01
  3.763158e-01
  3.691819e-01
  3.566645e-01
  3.344621e-01
  3.190216e-01
  3.057011e-01
  2.889824e-01
  2.810738e-01
  2.725345e-01
  2.591538e-01
  2.505317e-01
  2.430842e-01
  2.414523e-01
  2.378253e-01
  2.271009e-01
  2.181496e-01
  2.168482e-01
  2.311381e-01
  2.476156e-01
  2.451479e-01
  2.436696e-01
  2.424793e-01
  2.393301e-01
  2.383308e-01
  2.422738e-01
  2.510440e-01
  2.674062e-01
  2.909521e-01
  3.282142e-01
  3.727630e-01
  4.091992e-01
  4.396574e-01
  4.647894e-01
  6.015713e-01
