   4.1648998e+00
   2.4177561e+00
   1.2368633e+00
   1.3504127e-01
  -6.5949500e-01
   7.3130387e-01
   1.5884868e+00
   1.1266356e+00
   1.6697732e+00
   1.6674936e+00
   7.7205247e-01
   1.5393668e+00
   2.4996488e+00
   2.1690450e+00
   1.3325046e+00
   4.4956303e-01
   4.4710621e-02
   1.6634734e-02
   2.2199014e-01
   5.0162959e-01
   1.8671504e+00
   2.5425096e+00
   2.0378768e+00
   4.8427019e+00
   6.5096698e+00
   2.8941610e+00
  -1.3369732e+00
   1.3375964e+00
   2.1237612e+00
   2.0770893e+00
   2.1656775e+00
   2.6532717e+00
   3.8871360e+00
   4.7516556e+00
   4.7132182e+00
   5.0238042e+00
   1.2236980e+00
   9.2060274e-01
   6.4614224e-01
   5.0993878e-01
   2.3849419e-01
   3.7667114e-02
  -3.5374731e-01
  -3.4612778e-01
  -5.7074708e-01
  -9.5434695e-01
  -1.7473265e+00
   2.4148580e-01
   7.4338245e-01
   8.8305914e-01
   1.4374927e+00
   1.4896649e+00
   1.1888918e+00
   9.2755479e-01
   1.2864602e+00
   1.4283146e+00
   1.3094444e+00
   9.3129092e-01
   1.1036565e+00
   3.3549538e+00
   5.8626237e+00
   2.3315911e+00
   2.7020123e+00
   4.6398344e+00
   5.2723870e+00
   4.0368271e+00
   2.6899602e+00
   3.5455706e+00
   3.7402701e+00
   1.8832613e+00
   1.1843767e+00
   1.2801696e+00
  -4.4234711e-01
  -1.4783522e-01
  -9.9536315e-02
  -4.1654855e-02
  -1.1161546e-01
  -3.7377691e-01
  -7.5468606e-01
  -1.0971919e+00
  -1.4398940e+00
  -1.7925326e+00
  -2.0521646e+00
  -1.0125867e+00
   1.0076122e-01
   5.9631985e-01
   1.2107761e+00
   1.3793900e+00
   1.1557100e+00
   5.6113315e-01
  -1.6360641e-01
  -7.8228509e-01
  -1.2482060e+00
  -1.4380838e+00
  -1.2257646e+00
  -5.4516268e-01
   3.1626335e-01
   6.7468244e-01
   9.8532552e-01
   6.4066994e-01
  -1.9746499e-02
  -8.9387947e-01
  -1.8131564e+00
  -2.1874251e+00
  -2.1974530e+00
  -1.9623318e+00
  -1.4449512e+00
  -9.6564114e-01
  -6.0606807e-01
  -3.2091275e-01
  -2.9358056e-01
  -2.6498729e-01
  -3.6915082e-01
  -6.5681148e-01
  -1.0936376e+00
  -1.4714442e+00
  -1.6993408e+00
  -1.9854546e+00
  -4.0852342e+00
  -5.3311902e-01
   4.4284426e-02
   3.3810410e-01
   8.4684020e-01
   7.7598083e-01
   2.9754874e-01
  -4.3860090e-01
  -1.1954045e+00
  -1.8944222e+00
  -2.2657218e+00
  -2.1703129e+00
  -1.8122796e+00
  -1.2366247e+00
  -7.3655105e-01
  -3.6045510e-01
   4.4795856e-01
  -9.4908848e-04
  -1.1043528e+00
  -2.1116538e+00
  -2.8165097e+00
  -3.0772476e+00
  -2.7866471e+00
  -2.0889831e+00
  -1.5169071e+00
  -1.0909265e+00
  -4.0891039e-01
  -2.9521024e-01
  -3.8843402e-01
  -3.5792300e-01
  -4.3639851e-01
  -7.5581121e-01
  -1.1592885e+00
  -1.4385970e+00
  -1.4728967e+00
  -1.3580739e+00
  -3.4241683e+00
  -3.4815779e-01
  -8.5854614e-01
  -1.1024089e-01
   3.3969280e-01
   1.6336258e-01
  -3.9585918e-01
  -1.1143185e+00
  -1.8626814e+00
  -2.3554628e+00
  -2.4103053e+00
  -2.1771605e+00
  -1.8466545e+00
  -1.2881582e+00
  -8.9411235e-01
  -3.1697550e-01
   3.9751765e-01
  -5.2331746e-01
  -1.5550644e+00
  -2.2889419e+00
  -2.7105806e+00
  -2.6706257e+00
  -2.2253883e+00
  -1.3226683e+00
  -1.1487837e+00
  -8.2816261e-01
  -4.3637776e-01
  -4.9686879e-01
  -4.6415457e-01
  -3.2250311e-01
  -3.4421105e-01
  -5.9198747e-01
  -9.1995215e-01
  -1.2046827e+00
  -1.1233102e+00
  -3.3824103e-01
  -8.8838612e-01
  -5.7018140e-01
  -1.5559870e+00
  -4.0116467e-01
  -2.8683415e-02
  -2.3263802e-01
  -7.7465186e-01
  -1.3949464e+00
  -1.8178087e+00
  -1.7835027e+00
  -1.6197483e+00
  -1.3961655e+00
  -1.1373841e+00
  -7.7075504e-01
  -4.5556673e-01
   1.3348219e-01
   1.6575764e-01
  -7.7821897e-01
  -1.3052574e+00
  -1.5408455e+00
  -1.9017129e+00
  -1.7081160e+00
  -1.2741050e+00
  -4.6018791e-01
  -4.1308280e-01
  -5.3380260e-01
  -5.8515805e-01
  -6.3474554e-01
  -3.7035301e-01
  -1.4265490e-01
  -1.1753397e-01
  -3.2296434e-01
  -7.1054322e-01
  -1.0161961e+00
  -8.1188059e-01
   6.9604725e-01
   8.5890532e-01
  -5.7621974e-01
  -1.5457282e+00
  -4.8686391e-01
  -3.8923758e-01
  -5.6648016e-01
  -9.8610187e-01
  -1.2463746e+00
  -8.9697409e-01
  -2.6383966e-01
  -4.3115559e-01
  -4.0862837e-01
  -4.1197252e-01
  -3.9027405e-01
  -2.2621486e-01
   8.9718336e-03
  -1.9709997e-01
  -3.6959788e-01
  -1.0914406e-01
  -2.4654089e-01
  -8.9597011e-01
  -5.4533482e-01
  -4.0422434e-01
   2.1502903e-01
   4.2972587e-02
  -2.3516546e-01
  -4.3103397e-01
  -3.7132104e-01
  -1.2799123e-02
   2.1940269e-01
   1.8267836e-01
  -8.9372940e-02
  -6.0109597e-01
  -9.1511072e-01
  -4.4444263e-01
   1.5962293e+00
   2.1467008e+00
  -6.5053988e-01
  -7.3678207e-01
  -1.0652016e+00
  -1.1855142e+00
  -1.0343801e+00
  -8.9467735e-01
  -4.9094686e-01
   9.8809534e-01
   2.0390677e+00
   3.5450771e-01
  -4.5022932e-01
  -5.8487128e-01
  -7.9147577e-01
  -6.5366036e-01
  -3.0029234e-01
   1.5242369e-01
   8.5678214e-01
   1.9761822e+00
   7.1598697e-01
   2.7161321e-01
   4.6332089e-01
   1.8283045e-01
   3.5644671e-01
   8.9089562e-02
  -6.3635163e-02
  -7.2570890e-02
   7.2540894e-02
   4.0021381e-01
   5.4698324e-01
   3.6317894e-01
  -5.5288915e-02
  -6.4562869e-01
  -8.8178355e-01
  -9.4696052e-02
   2.2230384e+00
   3.2029746e+00
  -3.2381558e-01
  -2.5018668e-01
  -1.4031239e+00
  -1.7667184e+00
  -1.1653243e+00
  -5.0424302e-01
   4.6089411e-01
   2.9071772e+00
   2.8352537e+00
  -1.7925735e-01
  -7.2979039e-01
  -7.8726506e-01
  -1.1674293e+00
  -6.6520935e-01
   1.2006573e-01
   1.0142376e+00
   2.2226388e+00
   3.6409135e+00
   1.1360303e+00
   3.2172048e-01
   8.3726656e-01
   3.3518976e-01
   3.1350771e-01
   2.4808659e-01
   1.8645926e-01
   5.2555180e-01
   6.2566233e-01
   8.4652311e-01
   7.8393453e-01
   3.7265176e-01
  -2.0811285e-01
  -8.1051284e-01
  -7.6130933e-01
   4.0112880e-01
   2.8065677e+00
   4.1459351e+00
  -3.3752069e-01
  -1.1263636e-01
  -1.1990411e+00
  -2.5516362e+00
  -9.4776952e-01
   1.9162367e-01
   1.8153971e+00
   5.1013994e+00
   2.1934843e+00
  -4.5185938e-01
  -6.6066879e-01
  -6.6237396e-01
  -1.0664887e+00
   1.1843991e-01
   1.1263359e+00
   2.1883426e+00
   3.5892365e+00
   4.6808987e+00
   1.2333755e+00
   5.3259033e-01
   8.0768740e-01
   1.3103895e-01
   6.2861145e-01
   8.3208084e-01
   6.8365502e-01
   9.7639728e-01
   1.0246886e+00
   1.1542556e+00
   8.5342962e-01
   2.3907207e-01
  -5.0624084e-01
  -9.8794401e-01
  -5.1340830e-01
   9.1792655e-01
   3.2351890e+00
   4.3176937e+00
  -3.9967331e-01
  -5.4750395e-01
  -7.6429164e-01
  -2.8593485e+00
  -6.0123968e-01
   8.6285526e-01
   2.9536860e+00
   6.1202688e+00
   1.3974698e+00
  -1.7470720e-01
  -7.8222007e-02
  -3.3198613e-01
  -3.7832287e-01
   8.1815052e-01
   1.7669469e+00
   2.8127723e+00
   4.1832042e+00
   4.8472857e+00
   1.6524570e+00
   3.4162441e-01
   5.5705667e-01
   5.3509377e-02
   1.1822807e+00
   1.3976389e+00
   1.1424135e+00
   1.3793653e+00
   1.3748220e+00
   1.3125815e+00
   6.9107324e-01
  -1.0464530e-01
  -8.1300318e-01
  -7.8103262e-01
   1.8592784e-01
   1.7165129e+00
   3.7364681e+00
   4.2071915e+00
  -4.5253110e-01
  -8.2194531e-01
  -8.1016290e-01
  -2.2825403e+00
   2.6018932e-02
   1.8280628e+00
   4.0488954e+00
   5.8574605e+00
   7.9917723e-01
   2.6279685e-01
   1.0429376e-01
  -2.7262175e-01
   5.5501902e-01
   1.4027953e+00
   2.3096023e+00
   3.3515754e+00
   4.4752445e+00
   4.5632000e+00
   1.6799688e+00
   1.5255217e-01
  -4.0100042e-02
   5.7355547e-01
   1.9945683e+00
   1.8792945e+00
   1.5576353e+00
   1.4679413e+00
   1.3566332e+00
   1.0256578e+00
   2.8825608e-01
  -3.6347488e-01
  -6.3282788e-01
  -2.8638154e-02
   1.1305250e+00
   2.6268404e+00
   4.4005895e+00
   3.5700696e+00
  -7.3145235e-01
  -9.5653361e-01
  -5.8975089e-01
  -8.9245921e-01
   1.0099865e+00
   2.8269970e+00
   4.7220321e+00
   5.0013323e+00
   6.0257107e-01
   8.9390911e-03
   7.1770392e-02
   2.2476940e-01
   1.4282727e+00
   1.9514720e+00
   2.8377888e+00
   3.7787936e+00
   4.4705429e+00
   4.0385313e+00
   2.1113045e+00
   3.2797611e-01
   2.8317901e-01
   9.8102963e-01
   2.3211761e+00
   2.0815096e+00
   1.7139626e+00
   1.0205810e+00
   7.3137361e-01
   2.6436833e-01
  -1.9413447e-01
  -3.7122285e-01
  -9.0958074e-02
   7.6745933e-01
   1.8326378e+00
   3.1945558e+00
   4.8915076e+00
   1.8284796e+00
  -6.1642325e-01
  -7.8055620e-01
  -1.9318615e-01
   5.8723336e-01
   2.0940454e+00
   3.6297567e+00
   4.9451151e+00
   4.0610237e+00
   3.0299860e-01
  -5.5423424e-02
   7.1234502e-02
   8.4461081e-01
   2.0545459e+00
   2.4680927e+00
   3.2738211e+00
   4.0046396e+00
   4.2665477e+00
   3.5346839e+00
   2.1228013e+00
   1.4019436e-01
   5.8024806e-01
   1.3693542e+00
   2.4279799e+00
   1.9957314e+00
   1.4348950e+00
  -4.0375865e-01
  -8.3265376e-01
  -1.0930065e+00
  -9.9277157e-01
  -5.5617672e-01
   3.2909936e-01
   1.4844389e+00
   2.4690490e+00
   3.4277296e+00
   4.4381800e+00
   7.3490268e-01
  -3.4563136e-01
  -3.7990612e-01
   1.3610487e-01
   1.6505686e+00
   3.1270700e+00
   4.1776586e+00
   4.7581744e+00
   3.0061424e+00
   4.5104235e-01
  -8.0227904e-02
   1.9766290e-01
   2.1810515e+00
   2.6554039e+00
   2.9123101e+00
   3.5369136e+00
   3.9863982e+00
   3.8042896e+00
   2.8764293e+00
   1.8974173e+00
   8.4937733e-01
   1.1982787e+00
   6.0399485e-01
   2.6315978e+00
   1.1494952e+00
   2.1548522e-01
  -2.3408546e+00
  -2.6984944e+00
  -2.8070493e+00
  -2.5907099e+00
  -1.9803089e+00
  -8.7696373e-01
   4.9506482e-01
   1.5518165e+00
   2.3119979e+00
   2.2570963e+00
   1.1685104e-01
  -6.2557143e-01
  -7.3267186e-01
  -2.6289091e-02
   2.2757206e+00
   3.6921797e+00
   4.3387904e+00
   4.3484540e+00
   2.2682939e+00
   2.9692200e-01
  -1.3770460e-01
   6.2814575e-01
   2.5978415e+00
   2.8526983e+00
   3.0898166e+00
   3.5171182e+00
   3.6935437e+00
   3.0461996e+00
   2.0913708e+00
   1.6672525e+00
   1.2646041e+00
   4.2246628e-01
   1.1944824e+00
   1.5046427e+00
  -6.6756523e-01
  -1.7269498e+00
  -2.9334407e+00
  -3.1927543e+00
  -3.3891904e+00
  -3.4794054e+00
  -3.3375390e+00
  -2.9183447e+00
  -2.2796018e+00
  -1.8320220e+00
  -1.5284526e+00
  -9.5852494e-01
  -2.0056441e-01
  -1.1500442e+00
  -2.7170649e+00
  -1.1798267e+00
   2.0622616e+00
   3.5250750e+00
   4.0234833e+00
   3.8554242e+00
   1.5140717e+00
   2.1134822e-01
  -1.4768046e-01
   1.0539204e+00
   2.4592087e+00
   2.5206618e+00
   2.8623383e+00
   3.2130175e+00
   3.2250700e+00
   2.2487504e+00
   1.6250787e+00
   1.3581861e+00
   7.2203124e-01
   8.9714289e-02
   1.6207474e+00
  -1.2854993e-01
  -1.8896425e+00
  -2.5360572e+00
  -1.3660693e+00
  -1.5213154e+00
  -1.7032122e+00
  -1.9267112e+00
  -2.1441514e+00
  -2.3334045e+00
  -2.5800843e+00
  -3.1056760e+00
  -3.9881051e+00
  -3.5307024e+00
  -5.9565376e-01
  -1.6806101e+00
  -4.5565519e+00
  -2.4225544e+00
   1.4785346e+00
   2.7000836e+00
   3.3407582e+00
   3.2459756e+00
   1.0742531e+00
   1.4687706e-01
   5.6349673e-02
   1.3772180e+00
   2.2394714e+00
   1.9341868e+00
   2.3374941e+00
   2.6812400e+00
   2.6007206e+00
   1.6426399e+00
   1.0906378e+00
   9.2758335e-01
   4.5883304e-01
   4.6844125e-01
   1.3076980e+00
  -4.5274762e-01
  -1.0811986e+00
  -1.2158876e+00
   4.7569937e-01
   4.5990152e-01
   3.7792636e-01
   2.2670740e-01
   4.4314476e-02
  -1.6284269e-01
  -5.6298291e-01
  -1.3453668e+00
  -2.8414606e+00
  -3.8564830e+00
  -1.4073268e+00
  -4.1913438e+00
  -4.5588168e+00
  -2.7554506e+00
   1.5219076e-03
   7.5541934e-01
   1.5156018e+00
   2.5473389e+00
   1.1361329e+00
   1.9107959e-01
   2.2858095e-01
   1.5311596e+00
   1.6402003e+00
   1.4805309e+00
   1.3825196e+00
   1.7785677e+00
   1.9012507e+00
   8.7589891e-01
   1.4837320e-01
  -5.4858454e-02
   2.8879350e-01
   5.1305032e-01
   8.2504203e-01
   3.0368435e-01
   3.8664834e-01
   4.4278497e-01
   2.6565289e-01
   4.2446673e-01
   5.6789929e-01
   6.9505519e-01
   7.9063940e-01
   8.1396943e-01
   5.2687448e-01
  -2.4944642e-01
  -1.7238705e+00
  -4.9088516e+00
  -1.9098579e+00
  -5.1773982e+00
  -4.6274433e+00
  -3.4349413e+00
  -2.2303646e+00
  -1.5253657e+00
   2.3562810e-01
   1.9518868e+00
   1.4192497e+00
   7.8961022e-02
   1.5774916e-01
   7.0354074e-01
   2.2724838e+00
   1.4119937e+00
   1.1277042e-01
   1.2425071e+00
   1.7440927e+00
   3.3784008e-01
  -6.5530682e-01
  -3.7251320e-01
   1.4880067e-01
   3.2400331e-01
   3.2935393e-01
   7.5825743e-02
   1.4309600e-01
   1.6714787e-01
  -1.3061773e+00
  -1.3280792e+00
  -1.2242559e+00
  -9.9453586e-01
  -6.5141129e-01
  -1.9525877e-01
   2.4895777e-01
   2.2479512e-01
  -3.6698923e-01
  -4.8696203e+00
  -3.2022703e+00
  -2.7573647e+00
  -3.9310508e+00
  -4.3798518e+00
  -4.3280544e+00
  -3.4042587e+00
   1.1942565e-02
   9.1414815e-01
   7.0593619e-01
   1.3413286e-01
   1.5808033e-02
   1.4558294e-01
   1.4003034e+00
   2.4333773e+00
  -8.9674407e-01
   6.9401371e-01
   2.2712429e+00
   5.8588874e-01
  -2.0986912e-01
  -2.4488533e-01
  -3.8543373e-01
  -1.6508703e-01
  -2.1012983e-01
  -5.4140091e-01
  -8.1557930e-01
  -1.1267158e+00
  -2.3615575e+00
  -2.6939306e+00
  -2.8676193e+00
  -2.8830588e+00
  -2.7659709e+00
  -2.3593366e+00
  -1.4672195e+00
  -8.1830001e-01
  -4.7422633e-01
  -4.1677070e+00
  -4.2468224e+00
  -1.4515693e+00
  -3.0826991e+00
  -4.1420593e+00
  -4.7523460e+00
  -4.6588879e+00
  -9.5545346e-01
   2.2448424e-01
   5.8812952e-01
   2.8195430e-02
  -5.1135397e-01
  -6.4970851e-03
   1.0692366e+00
   2.5918210e+00
  -1.1094913e+00
  -2.6792154e-01
   2.8756216e+00
   6.8267375e-01
   2.1098572e-01
   2.7710897e-01
  -8.3406407e-01
  -7.9761422e-01
  -5.9146726e-01
  -8.6275709e-01
  -1.3024752e+00
  -1.8782809e+00
  -2.2949979e+00
  -2.7272637e+00
  -3.0294774e+00
  -3.1872971e+00
  -3.3525379e+00
  -3.3018515e+00
  -2.4847579e+00
  -9.4493985e-01
  -2.0965540e+00
  -2.6999013e+00
  -2.6300597e+00
  -5.1381195e-01
  -2.3807216e+00
  -3.5410268e+00
  -4.7717471e+00
  -5.7616339e+00
  -2.9552827e+00
  -5.0473273e-01
   2.1721944e-01
  -1.5204924e-01
  -9.9622554e-01
  -8.7902689e-01
   1.0017514e+00
   3.5154281e+00
  -1.8971100e-01
  -3.6722851e-01
   2.1995411e+00
   1.0395130e+00
   5.6807458e-01
   1.8134591e-01
  -6.9779533e-01
  -1.1599362e+00
  -8.1201470e-01
  -8.2205278e-01
  -1.1499398e+00
  -1.7334166e+00
  -1.9125637e+00
  -2.3197246e+00
  -2.6359239e+00
  -2.8715310e+00
  -3.2177010e+00
  -3.5220990e+00
  -3.0799167e+00
  -6.3914490e-01
  -1.3619643e+00
  -5.7145202e-01
  -1.0920926e+00
  -4.2960808e-01
  -1.6346614e+00
  -2.8919272e+00
  -4.4890599e+00
  -6.4893446e+00
  -4.5049748e+00
  -1.4084216e+00
  -1.6227797e-01
  -5.2864814e-01
  -1.9247916e+00
  -2.0641441e+00
  -2.3445444e-01
   2.4413948e+00
   1.3128165e+00
  -4.1099447e-01
   1.5176708e+00
   1.0107281e+00
   9.9345499e-01
  -4.5441818e-01
  -1.2708364e+00
  -1.4133902e+00
  -9.5169401e-01
  -7.7547640e-01
  -8.9770913e-01
  -1.3737813e+00
  -1.3905606e+00
  -1.7532536e+00
  -2.0561259e+00
  -2.3422763e+00
  -2.7811694e+00
  -3.4540389e+00
  -3.7137921e+00
  -1.7033933e-01
   9.9391609e-01
   1.9780047e-01
  -1.9135594e-01
  -7.6597154e-02
  -9.1335976e-01
  -2.0253494e+00
  -3.6544623e+00
  -6.2325115e+00
  -5.5511441e+00
  -2.3087928e+00
  -6.7472041e-01
  -1.1346321e+00
  -2.7056067e+00
  -3.7667809e+00
  -1.4649163e+00
  -5.3460151e-01
   2.6715603e+00
   7.9829410e-02
   5.7359016e-01
   7.8242975e-01
   1.0477779e+00
  -8.8912559e-01
  -2.1308653e+00
  -1.6400393e+00
  -1.0445017e+00
  -8.0413520e-01
  -6.3267279e-01
  -9.1767532e-01
  -7.2280157e-01
  -1.0596511e+00
  -1.3436674e+00
  -1.6725194e+00
  -2.3217621e+00
  -3.4309323e+00
  -3.7845054e+00
   1.9520313e-01
   2.1904659e+00
   5.3873080e-01
   2.7937666e-01
   2.9520926e-01
  -4.6739540e-01
  -1.3960394e+00
  -2.8249924e+00
  -5.3328953e+00
  -5.7631226e+00
  -1.9952531e+00
  -1.3267103e+00
  -1.4004613e+00
  -2.5644040e+00
  -3.4556668e+00
  -2.3344913e+00
  -4.7707167e-01
   2.2884951e+00
   8.4968245e-01
   5.1368016e-01
   1.2726450e+00
   1.4442673e+00
  -1.6595381e-01
  -2.3925242e+00
  -1.8223283e+00
  -1.1166570e+00
  -7.1394241e-01
  -3.5990563e-01
  -3.8301879e-01
  -4.2675979e-02
  -3.3278331e-01
  -6.2858927e-01
  -1.0565380e+00
  -2.0071611e+00
  -3.4956994e+00
  -3.2472229e+00
   4.6981350e-01
   2.0501111e+00
   7.8683549e-01
   6.8785912e-01
   6.9743705e-01
  -6.5437809e-02
  -8.7022549e-01
  -2.1184282e+00
  -4.4607000e+00
  -5.7067666e+00
  -9.4634306e-01
  -1.7937059e+00
  -1.2966896e+00
  -2.7287381e+00
  -2.4387431e+00
  -2.9148202e+00
   4.1252446e-01
   1.9274266e+00
   8.2659972e-01
   3.1400762e+00
   3.5534565e+00
   6.1212111e-01
   3.2979405e-01
  -1.3681201e+00
  -1.8203123e+00
  -1.0093087e+00
  -4.5583290e-01
   1.9224655e-02
   1.5357402e-01
   6.6731489e-01
   3.8731688e-01
   1.4638330e-01
  -3.4515113e-01
  -1.6361910e+00
  -3.5387349e+00
  -1.3811486e+00
   1.0730267e+00
   1.6181219e+00
   7.3086774e-01
   1.2264606e+00
   1.1142279e+00
   4.5101452e-01
  -1.3820562e-01
  -1.0661811e+00
  -3.1448860e+00
  -5.1853933e+00
  -8.2279956e-01
  -1.5036751e+00
  -1.7350173e+00
  -2.2452333e+00
  -9.8282969e-01
  -1.5905961e+00
  -2.6062316e-01
  -5.7211173e-01
   4.6911716e-01
   1.0967923e+00
   7.9156733e-01
   2.0212786e-01
   1.0245901e-01
  -3.6505291e-01
  -1.5305227e+00
  -1.2300123e+00
  -2.9724842e-01
   4.9731675e-01
   7.7766490e-01
   1.0221272e+00
   8.5998251e-01
   7.3487842e-01
   2.8505817e-01
  -1.2013749e+00
  -3.0889747e+00
  -2.4128936e-02
   9.6773047e-01
   1.6998868e+00
   7.8505445e-01
   1.1258039e+00
   1.3943354e+00
   8.1259680e-01
   3.8665710e-01
  -3.0523583e-01
  -2.0436492e+00
  -4.1123986e+00
  -7.2136325e-01
  -8.3567560e-01
  -1.6839341e+00
  -7.4505335e-01
  -2.3515662e-02
  -1.7829510e-01
  -1.2121011e+00
  -9.7428405e-01
   1.7311835e-01
  -2.5798464e-01
  -8.5159409e-01
   5.0938558e-01
   2.0025542e-01
   4.3649245e-02
  -5.1171666e-01
  -1.6352496e+00
  -5.3244174e-01
   4.2059437e-01
   9.4426221e-01
   1.3423860e+00
   1.4163285e+00
   1.4064053e+00
   1.1031085e+00
  -4.4087142e-01
  -1.9980938e+00
   5.1895070e-01
   6.9598907e-01
   1.2482469e+00
   7.7463686e-01
   3.7327906e-01
   1.0909052e+00
   1.0804218e+00
   9.4322067e-01
   5.3795773e-01
  -7.4828929e-01
  -2.6186035e+00
  -6.2151444e-01
  -1.4714133e+00
  -4.0650731e-01
  -4.3511879e-01
  -2.9543361e-01
   7.3225439e-02
  -1.5450797e+00
  -1.3597748e+00
  -9.9081171e-01
  -8.2943213e-01
   1.0157138e+00
   1.6797614e-01
   3.8861701e-01
   6.4585492e-02
  -9.2721081e-01
  -1.6495303e+00
  -9.4891125e-01
   1.0661250e-01
   9.1857225e-01
   1.5550777e+00
   1.7656429e+00
   1.8954847e+00
   1.7290897e+00
   3.6575629e-01
  -5.8019555e-01
   5.5838335e-01
   2.5389305e-01
   2.4283083e-01
   2.1840166e-01
   2.1335472e-01
   1.2212300e-01
   8.5444826e-01
   1.2553642e+00
   1.2650602e+00
   4.9135062e-01
  -7.4874821e-01
  -2.9377952e-01
  -1.1888914e+00
  -2.1527329e-01
  -9.6726291e-02
  -1.0290232e+00
  -7.8367749e-02
  -1.4992504e+00
  -1.2536767e+00
  -2.0568230e-02
  -8.9014423e-01
   4.1971959e-02
   3.7274806e-01
   2.8152081e-01
   8.0970988e-02
  -9.3816721e-01
  -7.9547852e-01
  -2.5360963e-01
   3.7182449e-01
   1.0963309e+00
   1.2001216e+00
   1.6243441e+00
   2.0725830e+00
   2.1571848e+00
   1.0119348e+00
   2.8416079e-01
   8.2767685e-01
   7.3860958e-02
  -1.9914786e-01
  -2.2669807e-01
  -1.1522503e-01
  -2.5962808e-02
   8.7151614e-02
   5.2240831e-01
   1.2146176e+00
   1.2125616e+00
   4.9932495e-01
   2.0333534e-01
   4.5315171e-03
   9.5102914e-02
   7.2871531e-03
  -1.0589312e+00
  -2.2103794e-01
  -7.5315192e-01
  -7.5035307e-01
   2.6056042e-01
   4.0735601e-01
   5.2904588e-01
   1.2941702e-01
  -4.0905787e-02
  -3.0539342e-01
  -5.5716348e-01
  -8.7252821e-01
  -3.9247568e-01
  -3.4917912e-01
   5.2166140e-01
   3.9745219e-02
   8.1425356e-01
   1.4732333e+00
   2.1699743e+00
   1.2903086e+00
   7.0234030e-01
   5.3986824e-01
  -6.9401060e-02
  -2.8023696e-01
  -4.1131526e-01
  -3.2808097e-01
  -1.4664477e-01
  -5.4270756e-01
  -7.3313366e-01
   4.2615616e-01
   1.1688604e+00
   1.2336242e+00
   8.6478907e-01
   2.5193319e-01
   3.5080591e-02
  -1.7716962e-01
  -3.0637264e-01
  -7.3277403e-02
  -1.1629743e-01
  -3.3770978e-01
   1.8955488e-01
   6.8594831e-01
   5.4902256e-01
  -1.6898244e-02
  -1.1461915e-01
  -7.8279001e-01
  -9.7821301e-01
  -8.9615971e-01
  -4.1854128e-01
  -2.1662060e+00
  -1.0189416e+00
  -1.8083127e+00
  -4.4737376e-02
  -6.6867524e-01
   3.9611772e-01
   7.5753111e-01
   5.0889134e-01
  -1.6621192e-01
  -2.2774014e-01
  -4.8677459e-01
  -6.2378883e-01
  -3.8599685e-01
  -3.4596258e-01
  -1.0444109e+00
  -1.3316541e+00
  -1.1825969e+00
   4.5778251e-01
   5.5687821e-01
   5.8913457e-01
   4.4955468e-01
  -1.5850306e-01
  -3.1490885e-02
  -1.7334203e-01
  -2.3897997e-01
   6.2409699e-02
  -4.6799648e-01
  -1.3292220e-01
   1.5870780e-02
  -2.0344250e-02
   2.4562575e-01
   1.7233011e-01
   7.4020652e-03
  -7.1416020e-01
  -1.6509130e+00
  -9.1964906e-01
  -2.5197804e+00
  -3.2728260e+00
  -3.1839199e+00
  -5.8844506e-01
   1.1006130e+00
   1.3806010e+00
   1.1089879e+00
   7.0943207e-02
  -1.2164311e-01
  -4.2153926e-01
  -7.0119804e-01
  -9.3723130e-01
  -4.4964642e-01
  -9.3292850e-01
  -9.2988908e-01
   3.8009061e-01
  -1.5003754e+00
  -1.4365019e+00
  -6.6571782e-01
  -4.6663776e-01
  -1.0373753e-01
   7.1711275e-01
  -7.1059637e-02
  -3.8511267e-01
  -4.1150046e-01
  -1.3033456e-01
  -6.6406703e-01
  -5.9800969e-01
   1.5881041e-01
  -1.6179606e-03
   6.9325662e-02
  -6.1909384e-01
  -3.3120409e-01
  -8.9186159e-02
   1.4309019e-01
   6.6458106e-02
  -3.6573608e-01
  -1.7856923e+00
  -1.0661156e+00
  -1.1738113e+00
  -9.3286669e-01
  -5.7753378e-01
  -5.4270589e-01
  -7.3610288e-01
  -8.9680189e-01
  -9.9277574e-01
  -7.3468399e-01
  -8.5399139e-01
  -1.1043519e+00
  -9.0870595e-01
  -1.8275300e-01
   3.4258863e-01
   8.0249220e-01
  -6.2254898e-02
  -8.0817509e-01
  -5.5026853e-01
  -3.1928712e-01
  -1.0738944e-01
  -1.7643413e-01
  -4.0057090e-01
  -4.1885916e-02
   3.8822137e-02
  -3.5302049e-01
  -2.4032341e-01
   2.6980417e-02
   2.2731084e-01
   2.5625783e-01
   3.5246983e-01
   3.7518835e-01
   1.5745209e-01
   1.0071738e-01
  -3.1966293e-01
  -5.8579648e-01
  -5.1529932e-01
