-START-OF-DATA-
   1.000 1.10751e-03
   6.000 1.10759e-03
  11.000 1.10768e-03
  16.000 1.10776e-03
  21.000 1.10784e-03
  26.000 1.10793e-03
  31.000 1.10801e-03
  36.000 1.10809e-03
  41.000 1.10818e-03
  46.000 1.10826e-03
  51.000 1.10834e-03
  56.000 1.10842e-03
  61.000 1.10851e-03
  66.000 1.10859e-03
  71.000 1.10867e-03
  76.000 1.10876e-03
  81.000 1.10884e-03
  86.000 1.10892e-03
  91.000 1.10901e-03
  96.000 1.10909e-03
 101.000 1.10917e-03
 106.000 1.10926e-03
 111.000 1.10934e-03
 116.000 1.10942e-03
 121.000 1.10951e-03
 126.000 1.10959e-03
 131.000 1.10967e-03
 136.000 1.10976e-03
 141.000 1.10984e-03
 146.000 1.10992e-03
 151.000 1.11001e-03
 156.000 1.11009e-03
 161.000 1.11017e-03
 166.000 1.11025e-03
 171.000 1.11034e-03
 176.000 1.11042e-03
 181.000 1.11050e-03
 186.000 1.11059e-03
 191.000 1.11067e-03
 196.000 1.11075e-03
 201.000 1.11084e-03
 206.000 1.11092e-03
 211.000 1.11100e-03
 216.000 1.11109e-03
 221.000 1.11117e-03
 226.000 1.11125e-03
 231.000 1.11134e-03
 236.000 1.11142e-03
 241.000 1.11150e-03
 246.000 1.11159e-03
 251.000 1.11167e-03
 256.000 1.11175e-03
 261.000 1.11184e-03
 266.000 1.11192e-03
 271.000 1.11200e-03
 276.000 1.11208e-03
 281.000 1.11217e-03
 286.000 1.11225e-03
 291.000 1.11233e-03
 296.000 1.11242e-03
 301.000 1.11250e-03
 306.000 1.11258e-03
 311.000 1.11267e-03
 316.000 1.11275e-03
 321.000 1.11283e-03
 326.000 1.11292e-03
 331.000 1.11300e-03
 336.000 1.11308e-03
 341.000 1.11317e-03
 346.000 1.11325e-03
 351.000 1.11333e-03
 356.000 1.11342e-03
 361.000 1.11350e-03
 366.000 1.11358e-03
 371.000 1.11366e-03
 376.000 1.11375e-03
 381.000 1.11383e-03
 386.000 1.11391e-03
 391.000 1.11400e-03
 396.000 1.11408e-03
 401.000 1.11416e-03
 406.000 1.11425e-03
 411.000 1.11433e-03
 416.000 1.11441e-03
 421.000 1.11450e-03
 426.000 1.11458e-03
 431.000 1.11466e-03
 436.000 1.11475e-03
 441.000 1.11483e-03
 446.000 1.11491e-03
 451.000 1.11500e-03
 456.000 1.11508e-03
 461.000 1.11516e-03
 466.000 1.11525e-03
 471.000 1.11533e-03
 476.000 1.11541e-03
 481.000 1.11549e-03
 486.000 1.11558e-03
 491.000 1.11566e-03
 496.000 1.11574e-03
 501.000 1.11583e-03
 506.000 1.11591e-03
 511.000 1.11599e-03
 516.000 1.11608e-03
 521.000 1.11616e-03
 526.000 1.11624e-03
 531.000 1.11633e-03
 536.000 1.11641e-03
 541.000 1.11649e-03
 546.000 1.11658e-03
 551.000 1.11666e-03
 556.000 1.11674e-03
 561.000 1.11683e-03
 566.000 1.11691e-03
 571.000 1.11699e-03
 576.000 1.11708e-03
 581.000 1.11716e-03
 586.000 1.11724e-03
 591.000 1.11732e-03
 596.000 1.11741e-03
 601.000 1.11749e-03
 606.000 1.11757e-03
 611.000 1.11766e-03
 616.000 1.11774e-03
 621.000 1.11782e-03
 626.000 1.11791e-03
 631.000 1.11799e-03
 636.000 1.11807e-03
 641.000 1.11816e-03
 646.000 1.11824e-03
 651.000 1.11832e-03
 656.000 1.11841e-03
 661.000 1.11849e-03
 666.000 1.11857e-03
 671.000 1.11866e-03
 676.000 1.11874e-03
 681.000 1.11882e-03
 686.000 1.11890e-03
 691.000 1.11899e-03
 696.000 1.11907e-03
 701.000 1.11915e-03
 706.000 1.11924e-03
 711.000 1.11932e-03
 716.000 1.11940e-03
 721.000 1.11949e-03
 726.000 1.11957e-03
 731.000 1.11965e-03
 736.000 1.11974e-03
 741.000 1.11982e-03
 746.000 1.11990e-03
 751.000 1.11999e-03
 756.000 1.12007e-03
 761.000 1.12015e-03
 766.000 1.12024e-03
 771.000 1.12032e-03
 776.000 1.12040e-03
 781.000 1.12049e-03
 786.000 1.12057e-03
 791.000 1.12065e-03
 796.000 1.12073e-03
 801.000 1.12082e-03
 806.000 1.12090e-03
 811.000 1.12098e-03
 816.000 1.12107e-03
 821.000 1.12115e-03
 826.000 1.12123e-03
 831.000 1.12132e-03
 836.000 1.12140e-03
 841.000 1.12148e-03
 846.000 1.12157e-03
 851.000 1.12165e-03
 856.000 1.12173e-03
 861.000 1.12182e-03
 866.000 1.12190e-03
 871.000 1.12198e-03
 876.000 1.12207e-03
 881.000 1.12215e-03
 886.000 1.12223e-03
 891.000 1.12231e-03
 896.000 1.12240e-03
 901.000 1.12248e-03
 906.000 1.12256e-03
 911.000 1.12265e-03
 916.000 1.12273e-03
 921.000 1.12281e-03
 926.000 1.12290e-03
 931.000 1.12298e-03
 936.000 1.12306e-03
 941.000 1.12315e-03
 946.000 1.12323e-03
 951.000 1.12331e-03
 956.000 1.12340e-03
 961.000 1.12348e-03
 966.000 1.12356e-03
 971.000 1.12365e-03
 976.000 1.12373e-03
 981.000 1.12381e-03
 986.000 1.12390e-03
 991.000 1.12398e-03
 996.000 1.12406e-03
1001.000 1.12414e-03
1006.000 1.12423e-03
1011.000 1.12431e-03
1016.000 1.12439e-03
1021.000 1.12448e-03
1026.000 1.12456e-03
1031.000 1.12464e-03
1036.000 1.12473e-03
1041.000 1.12481e-03
1046.000 1.12489e-03
1051.000 1.12498e-03
1056.000 1.12506e-03
1061.000 1.12514e-03
1066.000 1.12523e-03
1071.000 1.12531e-03
1076.000 1.12539e-03
1081.000 1.12548e-03
1086.000 1.12556e-03
1091.000 1.12564e-03
1096.000 1.12573e-03
1101.000 1.12581e-03
1106.000 1.12589e-03
1111.000 1.12597e-03
1116.000 1.12606e-03
1121.000 1.12614e-03
1126.000 1.12622e-03
1131.000 1.12631e-03
1136.000 1.12639e-03
1141.000 1.12647e-03
1146.000 1.12656e-03
1151.000 1.12664e-03
1156.000 1.12672e-03
1161.000 1.12681e-03
1166.000 1.12689e-03
1171.000 1.12697e-03
1176.000 1.12706e-03
1181.000 1.12714e-03
1186.000 1.12722e-03
1191.000 1.12731e-03
1196.000 1.12739e-03
1201.000 1.12747e-03
1206.000 1.12755e-03
1211.000 1.12764e-03
1216.000 1.12772e-03
1221.000 1.12780e-03
1226.000 1.12789e-03
1231.000 1.12797e-03
1236.000 1.12805e-03
1241.000 1.12814e-03
1246.000 1.12822e-03
1251.000 1.12830e-03
1256.000 1.12839e-03
1261.000 1.12847e-03
1266.000 1.12855e-03
1271.000 1.12864e-03
1276.000 1.12872e-03
1281.000 1.12880e-03
1286.000 1.12889e-03
1291.000 1.12897e-03
1296.000 1.12905e-03
1301.000 1.12914e-03
1306.000 1.12922e-03
1311.000 1.12930e-03
1316.000 1.12938e-03
1321.000 1.12947e-03
1326.000 1.12955e-03
1331.000 1.12963e-03
1336.000 1.12972e-03
1341.000 1.12980e-03
1346.000 1.12988e-03
1351.000 1.12997e-03
1356.000 1.13005e-03
1361.000 1.13013e-03
1366.000 1.13022e-03
1371.000 1.13030e-03
1376.000 1.13038e-03
1381.000 1.13047e-03
1386.000 1.13055e-03
1391.000 1.13063e-03
1396.000 1.13072e-03
1401.000 1.13080e-03
1406.000 1.13088e-03
1411.000 1.13097e-03
1416.000 1.13105e-03
1421.000 1.13113e-03
1426.000 1.13121e-03
1431.000 1.13130e-03
1436.000 1.13138e-03
1441.000 1.13146e-03
1446.000 1.13155e-03
1451.000 1.13163e-03
1456.000 1.13171e-03
1461.000 1.13180e-03
1466.000 1.13188e-03
1471.000 1.13196e-03
1476.000 1.13205e-03
1481.000 1.13213e-03
1486.000 1.13221e-03
1491.000 1.13230e-03
1496.000 1.13238e-03
1501.000 1.13246e-03
1506.000 1.13255e-03
1511.000 1.13263e-03
1516.000 1.13271e-03
1521.000 1.13279e-03
1526.000 1.13288e-03
1531.000 1.13296e-03
1536.000 1.13304e-03
1541.000 1.13313e-03
1546.000 1.13321e-03
1551.000 1.13329e-03
1556.000 1.13338e-03
1561.000 1.13346e-03
1566.000 1.13354e-03
1571.000 1.13363e-03
1576.000 1.13371e-03
1581.000 1.13379e-03
1586.000 1.13388e-03
1591.000 1.13396e-03
1596.000 1.13404e-03
1601.000 1.13413e-03
1606.000 1.13421e-03
1611.000 1.13429e-03
1616.000 1.13438e-03
1621.000 1.13446e-03
1626.000 1.13454e-03
1631.000 1.13462e-03
1636.000 1.13471e-03
1641.000 1.13479e-03
1646.000 1.13487e-03
1651.000 1.13496e-03
1656.000 1.13504e-03
1661.000 1.13512e-03
1666.000 1.13521e-03
1671.000 1.13529e-03
1676.000 1.13537e-03
1681.000 1.13546e-03
1686.000 1.13554e-03
1691.000 1.13562e-03
1696.000 1.13571e-03
1701.000 1.13579e-03
1706.000 1.13587e-03
1711.000 1.13596e-03
1716.000 1.13604e-03
1721.000 1.13612e-03
1726.000 1.13621e-03
1731.000 1.13629e-03
1736.000 1.13637e-03
1741.000 1.13645e-03
1746.000 1.13654e-03
1751.000 1.13662e-03
1756.000 1.13670e-03
1761.000 1.13679e-03
1766.000 1.13687e-03
1771.000 1.13695e-03
1776.000 1.13704e-03
1781.000 1.13712e-03
1786.000 1.13720e-03
1791.000 1.13729e-03
1796.000 1.13737e-03
1801.000 1.13745e-03
1806.000 1.13754e-03
1811.000 1.13762e-03
1816.000 1.13770e-03
1821.000 1.13779e-03
1826.000 1.13787e-03
1831.000 1.13795e-03
1836.000 1.13803e-03
1841.000 1.13812e-03
1846.000 1.13820e-03
1851.000 1.13828e-03
1856.000 1.13837e-03
1861.000 1.13845e-03
1866.000 1.13853e-03
1871.000 1.13862e-03
1876.000 1.13870e-03
1881.000 1.13878e-03
1886.000 1.13887e-03
1891.000 1.13895e-03
1896.000 1.13903e-03
1901.000 1.13912e-03
1906.000 1.13920e-03
1911.000 1.13928e-03
1916.000 1.13937e-03
1921.000 1.13945e-03
1926.000 1.13953e-03
1931.000 1.13962e-03
1936.000 1.13970e-03
1941.000 1.13978e-03
1946.000 1.13986e-03
1951.000 1.13995e-03
1956.000 1.14003e-03
1961.000 1.14011e-03
1966.000 1.14020e-03
1971.000 1.14028e-03
1976.000 1.14036e-03
1981.000 1.14045e-03
1986.000 1.14053e-03
1991.000 1.14061e-03
1996.000 1.14070e-03
2001.000 1.14078e-03
2006.000 1.14086e-03
2011.000 1.14095e-03
2016.000 1.14103e-03
2021.000 1.14111e-03
2026.000 1.14120e-03
2031.000 1.14128e-03
2036.000 1.14136e-03
2041.000 1.14145e-03
2046.000 1.14153e-03
2051.000 1.14161e-03
2056.000 1.14169e-03
2061.000 1.14178e-03
2066.000 1.14186e-03
2071.000 1.14194e-03
2076.000 1.14203e-03
2081.000 1.14211e-03
2086.000 1.14219e-03
2091.000 1.14228e-03
2096.000 1.14236e-03
2101.000 1.14244e-03
2106.000 1.14253e-03
2111.000 1.14261e-03
2116.000 1.14269e-03
2121.000 1.14278e-03
2126.000 1.14286e-03
2131.000 1.14294e-03
2136.000 1.14303e-03
2141.000 1.14311e-03
2146.000 1.14319e-03
2151.000 1.14327e-03
2156.000 1.14336e-03
2161.000 1.14344e-03
2166.000 1.14352e-03
2171.000 1.14361e-03
2176.000 1.14369e-03
2181.000 1.14377e-03
2186.000 1.14386e-03
2191.000 1.14394e-03
2196.000 1.14402e-03
2201.000 1.14411e-03
2206.000 1.14419e-03
2211.000 1.14427e-03
2216.000 1.14436e-03
2221.000 1.14444e-03
2226.000 1.14452e-03
2231.000 1.14461e-03
2236.000 1.14469e-03
2241.000 1.14477e-03
2246.000 1.14486e-03
2251.000 1.14494e-03
2256.000 1.14502e-03
2261.000 1.14510e-03
2266.000 1.14519e-03
2271.000 1.14527e-03
2276.000 1.14535e-03
2281.000 1.14544e-03
2286.000 1.14552e-03
2291.000 1.14560e-03
2296.000 1.14569e-03
2301.000 1.14577e-03
2306.000 1.14585e-03
2311.000 1.14594e-03
2316.000 1.14602e-03
2321.000 1.14610e-03
2326.000 1.14619e-03
2331.000 1.14627e-03
2336.000 1.14635e-03
2341.000 1.14644e-03
2346.000 1.14652e-03
2351.000 1.14660e-03
2356.000 1.14669e-03
2361.000 1.14677e-03
2366.000 1.14685e-03
2371.000 1.14693e-03
2376.000 1.14702e-03
2381.000 1.14710e-03
2386.000 1.14718e-03
2391.000 1.14727e-03
2396.000 1.14735e-03
2401.000 1.14743e-03
2406.000 1.14752e-03
2411.000 1.14760e-03
2416.000 1.14768e-03
2421.000 1.14777e-03
2426.000 1.14785e-03
2431.000 1.14793e-03
2436.000 1.14802e-03
2441.000 1.14810e-03
2446.000 1.14818e-03
2451.000 1.14827e-03
2456.000 1.14835e-03
2461.000 1.14843e-03
2466.000 1.14851e-03
2471.000 1.14860e-03
2476.000 1.14868e-03
2481.000 1.14876e-03
2486.000 1.14885e-03
2491.000 1.14893e-03
2496.000 1.14901e-03
2501.000 1.14910e-03
2506.000 1.14918e-03
2511.000 1.14926e-03
2516.000 1.14935e-03
2521.000 1.14943e-03
2526.000 1.14951e-03
2531.000 1.14960e-03
2536.000 1.14968e-03
2541.000 1.14976e-03
2546.000 1.14985e-03
2551.000 1.14993e-03
2556.000 1.15001e-03
2561.000 1.15010e-03
2566.000 1.15018e-03
2571.000 1.15026e-03
2576.000 1.15034e-03
2581.000 1.15043e-03
2586.000 1.15051e-03
2591.000 1.15059e-03
2596.000 1.15068e-03
2601.000 1.15076e-03
2606.000 1.15084e-03
2611.000 1.15093e-03
2616.000 1.15101e-03
2621.000 1.15109e-03
2626.000 1.15118e-03
2631.000 1.15126e-03
2636.000 1.15134e-03
2641.000 1.15143e-03
2646.000 1.15151e-03
2651.000 1.15159e-03
2656.000 1.15168e-03
2661.000 1.15176e-03
2666.000 1.15184e-03
2671.000 1.15192e-03
2676.000 1.15201e-03
2681.000 1.15209e-03
2686.000 1.15217e-03
2691.000 1.15226e-03
2696.000 1.15234e-03
2701.000 1.15242e-03
2706.000 1.15251e-03
2711.000 1.15259e-03
2716.000 1.15267e-03
2721.000 1.15276e-03
2726.000 1.15284e-03
2731.000 1.15292e-03
2736.000 1.15301e-03
2741.000 1.15309e-03
2746.000 1.15317e-03
2751.000 1.15326e-03
2756.000 1.15334e-03
2761.000 1.15342e-03
2766.000 1.15351e-03
2771.000 1.15359e-03
2776.000 1.15367e-03
2781.000 1.15375e-03
2786.000 1.15384e-03
2791.000 1.15392e-03
2796.000 1.15400e-03
2801.000 1.15409e-03
2806.000 1.15417e-03
2811.000 1.15425e-03
2816.000 1.15434e-03
2821.000 1.15442e-03
2826.000 1.15450e-03
2831.000 1.15459e-03
2836.000 1.15467e-03
2841.000 1.15475e-03
2846.000 1.15484e-03
2851.000 1.15492e-03
2856.000 1.15500e-03
2861.000 1.15509e-03
2866.000 1.15517e-03
2871.000 1.15525e-03
2876.000 1.15534e-03
2881.000 1.15542e-03
2886.000 1.15550e-03
2891.000 1.15558e-03
2896.000 1.15567e-03
2901.000 1.15575e-03
2906.000 1.15583e-03
2911.000 1.15592e-03
2916.000 1.15600e-03
2921.000 1.15608e-03
2926.000 1.15617e-03
2931.000 1.15625e-03
2936.000 1.15633e-03
2941.000 1.15642e-03
2946.000 1.15650e-03
2951.000 1.15658e-03
2956.000 1.15667e-03
2961.000 1.15675e-03
2966.000 1.15683e-03
2971.000 1.15692e-03
2976.000 1.15700e-03
2981.000 1.15708e-03
2986.000 1.15716e-03
2991.000 1.15725e-03
2996.000 1.15733e-03
3001.000 1.15741e-03
3006.000 1.15750e-03
3011.000 1.15758e-03
3016.000 1.15766e-03
3021.000 1.15775e-03
3026.000 1.15783e-03
3031.000 1.15791e-03
3036.000 1.15800e-03
3041.000 1.15808e-03
3046.000 1.15816e-03
3051.000 1.15825e-03
3056.000 1.15833e-03
3061.000 1.15841e-03
3066.000 1.15850e-03
3071.000 1.15858e-03
3076.000 1.15866e-03
3081.000 1.15875e-03
3086.000 1.15883e-03
3091.000 1.15891e-03
3096.000 1.15899e-03
3101.000 1.15908e-03
3106.000 1.15916e-03
3111.000 1.15924e-03
3116.000 1.15933e-03
3121.000 1.15941e-03
3126.000 1.15949e-03
3131.000 1.15958e-03
3136.000 1.15966e-03
3141.000 1.15974e-03
3146.000 1.15983e-03
3151.000 1.15991e-03
3156.000 1.15999e-03
3161.000 1.16008e-03
3166.000 1.16016e-03
3171.000 1.16024e-03
3176.000 1.16033e-03
3181.000 1.16041e-03
3186.000 1.16049e-03
3191.000 1.16058e-03
3196.000 1.16066e-03
3201.000 1.16074e-03
3206.000 1.16082e-03
3211.000 1.16091e-03
3216.000 1.16099e-03
3221.000 1.16107e-03
3226.000 1.16116e-03
3231.000 1.16124e-03
3236.000 1.16132e-03
3241.000 1.16141e-03
3246.000 1.16149e-03
3251.000 1.16157e-03
3256.000 1.16166e-03
3261.000 1.16174e-03
3266.000 1.16182e-03
3271.000 1.16191e-03
3276.000 1.16199e-03
3281.000 1.16207e-03
3286.000 1.16216e-03
3291.000 1.16224e-03
3296.000 1.16232e-03
3301.000 1.16240e-03
3306.000 1.16249e-03
3311.000 1.16257e-03
3316.000 1.16265e-03
3321.000 1.16274e-03
3326.000 1.16282e-03
3331.000 1.16290e-03
3336.000 1.16299e-03
3341.000 1.16307e-03
3346.000 1.16315e-03
3351.000 1.16324e-03
3356.000 1.16332e-03
3361.000 1.16340e-03
3366.000 1.16349e-03
3371.000 1.16357e-03
3376.000 1.16365e-03
3381.000 1.16374e-03
3386.000 1.16382e-03
3391.000 1.16390e-03
3396.000 1.16399e-03
3401.000 1.16407e-03
3406.000 1.16415e-03
3411.000 1.16423e-03
3416.000 1.16432e-03
3421.000 1.16440e-03
3426.000 1.16448e-03
3431.000 1.16457e-03
3436.000 1.16465e-03
3441.000 1.16473e-03
3446.000 1.16482e-03
3451.000 1.16490e-03
3456.000 1.16498e-03
3461.000 1.16507e-03
3466.000 1.16515e-03
3471.000 1.16523e-03
3476.000 1.16532e-03
3481.000 1.16540e-03
3486.000 1.16548e-03
3491.000 1.16557e-03
3496.000 1.16565e-03
3501.000 1.16573e-03
3506.000 1.16582e-03
3511.000 1.16590e-03
3516.000 1.16598e-03
3521.000 1.16606e-03
3526.000 1.16615e-03
3531.000 1.16623e-03
3536.000 1.16631e-03
3541.000 1.16640e-03
3546.000 1.16648e-03
3551.000 1.16656e-03
3556.000 1.16665e-03
3561.000 1.16673e-03
3566.000 1.16681e-03
3571.000 1.16690e-03
3576.000 1.16698e-03
3581.000 1.16706e-03
3586.000 1.16715e-03
3591.000 1.16723e-03
3596.000 1.16731e-03
3601.000 1.16740e-03
3606.000 1.16748e-03
3611.000 1.16756e-03
3616.000 1.16764e-03
3621.000 1.16773e-03
3626.000 1.16781e-03
3631.000 1.16789e-03
3636.000 1.16798e-03
3641.000 1.16806e-03
3646.000 1.16814e-03
3651.000 1.16823e-03
3656.000 1.16831e-03
3661.000 1.16839e-03
3666.000 1.16848e-03
3671.000 1.16856e-03
3676.000 1.16864e-03
3681.000 1.16873e-03
3686.000 1.16881e-03
3691.000 1.16889e-03
3696.000 1.16898e-03
3701.000 1.16906e-03
3706.000 1.16914e-03
3711.000 1.16923e-03
3716.000 1.16931e-03
3721.000 1.16939e-03
3726.000 1.16947e-03
3731.000 1.16956e-03
3736.000 1.16964e-03
3741.000 1.16972e-03
3746.000 1.16981e-03
3751.000 1.16989e-03
3756.000 1.16997e-03
3761.000 1.17006e-03
3766.000 1.17014e-03
3771.000 1.17022e-03
3776.000 1.17031e-03
3781.000 1.17039e-03
3786.000 1.17047e-03
3791.000 1.17056e-03
3796.000 1.17064e-03
3801.000 1.17072e-03
3806.000 1.17081e-03
3811.000 1.17089e-03
3816.000 1.17097e-03
3821.000 1.17106e-03
3826.000 1.17114e-03
3831.000 1.17122e-03
3836.000 1.17130e-03
3841.000 1.17139e-03
3846.000 1.17147e-03
3851.000 1.17155e-03
3856.000 1.17164e-03
3861.000 1.17172e-03
3866.000 1.17180e-03
3871.000 1.17189e-03
3876.000 1.17197e-03
3881.000 1.17205e-03
3886.000 1.17214e-03
3891.000 1.17222e-03
3896.000 1.17230e-03
3901.000 1.17239e-03
3906.000 1.17247e-03
3911.000 1.17255e-03
3916.000 1.17264e-03
3921.000 1.17272e-03
3926.000 1.17280e-03
3931.000 1.17288e-03
3936.000 1.17297e-03
3941.000 1.17305e-03
3946.000 1.17313e-03
3951.000 1.17322e-03
3956.000 1.17330e-03
3961.000 1.17338e-03
3966.000 1.17347e-03
3971.000 1.17355e-03
3976.000 1.17363e-03
3981.000 1.17372e-03
3986.000 1.17380e-03
3991.000 1.17388e-03
3996.000 1.17397e-03
4001.000 1.17405e-03
4006.000 1.17413e-03
4011.000 1.17422e-03
4016.000 1.17430e-03
4021.000 1.17438e-03
4026.000 1.17447e-03
4031.000 1.17455e-03
4036.000 1.17463e-03
4041.000 1.17471e-03
4046.000 1.17480e-03
4051.000 1.17488e-03
4056.000 1.17496e-03
4061.000 1.17505e-03
4066.000 1.17513e-03
4071.000 1.17521e-03
4076.000 1.17530e-03
4081.000 1.17538e-03
4086.000 1.17546e-03
4091.000 1.17555e-03
4096.000 1.17563e-03
4101.000 1.17571e-03
4106.000 1.17580e-03
4111.000 1.17588e-03
4116.000 1.17596e-03
4121.000 1.17605e-03
4126.000 1.17613e-03
4131.000 1.17621e-03
4136.000 1.17629e-03
4141.000 1.17638e-03
4146.000 1.17646e-03
4151.000 1.17654e-03
4156.000 1.17663e-03
4161.000 1.17671e-03
4166.000 1.17679e-03
4171.000 1.17688e-03
4176.000 1.17696e-03
4181.000 1.17704e-03
4186.000 1.17713e-03
4191.000 1.17721e-03
4196.000 1.17729e-03
4201.000 1.17738e-03
4206.000 1.17746e-03
4211.000 1.17754e-03
4216.000 1.17763e-03
4221.000 1.17771e-03
4226.000 1.17779e-03
4231.000 1.17788e-03
4236.000 1.17796e-03
4241.000 1.17804e-03
4246.000 1.17812e-03
4251.000 1.17821e-03
4256.000 1.17829e-03
4261.000 1.17837e-03
4266.000 1.17846e-03
4271.000 1.17854e-03
4276.000 1.17862e-03
4281.000 1.17871e-03
4286.000 1.17879e-03
4291.000 1.17887e-03
4296.000 1.17896e-03
4301.000 1.17904e-03
4306.000 1.17912e-03
4311.000 1.17921e-03
4316.000 1.17929e-03
4321.000 1.17937e-03
4326.000 1.17946e-03
4331.000 1.17954e-03
4336.000 1.17962e-03
4341.000 1.17971e-03
4346.000 1.17979e-03
4351.000 1.17987e-03
4356.000 1.17995e-03
4361.000 1.18004e-03
4366.000 1.18012e-03
4371.000 1.18020e-03
4376.000 1.18029e-03
4381.000 1.18037e-03
4386.000 1.18045e-03
4391.000 1.18054e-03
4396.000 1.18062e-03
4401.000 1.18070e-03
4406.000 1.18079e-03
4411.000 1.18087e-03
4416.000 1.18095e-03
4421.000 1.18104e-03
4426.000 1.18112e-03
4431.000 1.18120e-03
4436.000 1.18129e-03
4441.000 1.18137e-03
4446.000 1.18145e-03
4451.000 1.18153e-03
4456.000 1.18162e-03
4461.000 1.18170e-03
4466.000 1.18178e-03
4471.000 1.18187e-03
4476.000 1.18195e-03
4481.000 1.18203e-03
4486.000 1.18212e-03
4491.000 1.18220e-03
4496.000 1.18228e-03
4501.000 1.18237e-03
4506.000 1.18245e-03
4511.000 1.18253e-03
4516.000 1.18262e-03
4521.000 1.18270e-03
4526.000 1.18278e-03
4531.000 1.18287e-03
4536.000 1.18295e-03
4541.000 1.18303e-03
4546.000 1.18312e-03
4551.000 1.18320e-03
4556.000 1.18328e-03
4561.000 1.18336e-03
4566.000 1.18345e-03
4571.000 1.18353e-03
4576.000 1.18361e-03
4581.000 1.18370e-03
4586.000 1.18378e-03
4591.000 1.18386e-03
4596.000 1.18395e-03
4601.000 1.18403e-03
4606.000 1.18411e-03
4611.000 1.18420e-03
4616.000 1.18428e-03
4621.000 1.18436e-03
4626.000 1.18445e-03
4631.000 1.18453e-03
4636.000 1.18461e-03
4641.000 1.18470e-03
4646.000 1.18478e-03
4651.000 1.18486e-03
4656.000 1.18495e-03
4661.000 1.18503e-03
4666.000 1.18511e-03
4671.000 1.18519e-03
4676.000 1.18528e-03
4681.000 1.18536e-03
4686.000 1.18544e-03
4691.000 1.18553e-03
4696.000 1.18561e-03
4701.000 1.18569e-03
4706.000 1.18578e-03
4711.000 1.18586e-03
4716.000 1.18594e-03
4721.000 1.18603e-03
4726.000 1.18611e-03
4731.000 1.18619e-03
4736.000 1.18628e-03
4741.000 1.18636e-03
4746.000 1.18644e-03
4751.000 1.18653e-03
4756.000 1.18661e-03
4761.000 1.18669e-03
4766.000 1.18677e-03
4771.000 1.18686e-03
4776.000 1.18694e-03
4781.000 1.18702e-03
4786.000 1.18711e-03
4791.000 1.18719e-03
4796.000 1.18727e-03
4801.000 1.18736e-03
4806.000 1.18744e-03
4811.000 1.18752e-03
4816.000 1.18761e-03
4821.000 1.18769e-03
4826.000 1.18777e-03
4831.000 1.18786e-03
4836.000 1.18794e-03
4841.000 1.18802e-03
4846.000 1.18811e-03
4851.000 1.18819e-03
4856.000 1.18827e-03
4861.000 1.18836e-03
4866.000 1.18844e-03
4871.000 1.18852e-03
4876.000 1.18860e-03
4881.000 1.18869e-03
4886.000 1.18877e-03
4891.000 1.18885e-03
4896.000 1.18894e-03
4901.000 1.18902e-03
4906.000 1.18910e-03
4911.000 1.18919e-03
4916.000 1.18927e-03
4921.000 1.18935e-03
4926.000 1.18944e-03
4931.000 1.18952e-03
4936.000 1.18960e-03
4941.000 1.18969e-03
4946.000 1.18977e-03
4951.000 1.18985e-03
4956.000 1.18994e-03
4961.000 1.19002e-03
4966.000 1.19010e-03
4971.000 1.19019e-03
4976.000 1.19027e-03
4981.000 1.19035e-03
4986.000 1.19043e-03
4991.000 1.19052e-03
4996.000 1.19060e-03
5001.000 1.19068e-03
-END-OF-DATA-
force pCO2 follows the value above (in ppm)
