   1.5915977e-02
   1.0653052e-02
   6.7928368e-03
   3.7051186e-03
   1.0199839e-03
  -9.7840338e-04
  -2.2809358e-03
  -3.3180087e-03
  -4.1357214e-03
  -4.7186500e-03
  -5.4681231e-03
  -6.1834506e-03
  -6.7174920e-03
  -7.0619173e-03
  -7.1849362e-03
  -6.6878057e-03
  -5.4166061e-03
  -3.1829996e-03
   9.6922947e-06
   4.4992971e-03
   1.0313662e-02
   1.6816947e-02
   2.4149794e-02
   3.2065507e-02
   3.8599684e-02
   4.4051524e-02
   4.8952468e-02
   5.2931429e-02
   5.3677738e-02
   5.0390315e-02
   4.8082119e-02
   4.9472289e-02
   4.5674351e-02
   3.8351433e-02
   3.0734755e-02
   2.3022849e-02
   1.4315755e-02
   8.6811204e-03
   6.3279816e-03
   5.0871158e-03
   5.0908984e-03
   6.6325241e-03
   9.5201237e-03
   1.3290971e-02
   1.7223708e-02
   2.1501444e-02
   2.4260176e-02
   2.7355973e-02
   2.8314859e-02
   2.8546035e-02
   2.7225014e-02
   2.5243351e-02
   2.4104087e-02
   2.2713019e-02
   2.3306366e-02
   2.4249272e-02
   2.7084138e-02
   3.1052435e-02
   3.6731433e-02
   4.3269563e-02
   4.8262209e-02
   4.9447396e-02
   0.0000000e+00
   0.0000000e+00
   0.0000000e+00
   0.0000000e+00
   0.0000000e+00
   0.0000000e+00
   0.0000000e+00
   0.0000000e+00
   0.0000000e+00
   2.3046183e-02
   1.9692451e-02
   1.7169273e-02
   1.8876394e-02
   2.3487457e-02
   2.9274594e-02
   3.5845373e-02
   4.3069071e-02
   5.0530005e-02
   5.8307942e-02
   6.5126650e-02
   7.1113259e-02
   7.6006383e-02
   7.8731975e-02
   7.9565004e-02
   7.7855259e-02
   7.4230848e-02
   7.0146903e-02
   6.4721286e-02
   5.9814658e-02
   5.5611841e-02
   4.9825791e-02
   4.4057237e-02
   4.0425599e-02
   4.0800889e-02
   4.5715727e-02
   0.0000000e+00
   0.0000000e+00
   0.0000000e+00
   0.0000000e+00
   0.0000000e+00
   0.0000000e+00
   0.0000000e+00
   0.0000000e+00
   0.0000000e+00
   0.0000000e+00
   0.0000000e+00
   3.3569082e-02
   3.6156539e-02
   4.3115072e-02
   5.0674600e-02
   5.7953157e-02
   6.6106081e-02
   7.3910160e-02
   8.1417546e-02
   8.8161275e-02
   9.3749184e-02
   9.8810159e-02
   1.0293922e-01
   1.0612714e-01
   1.0805086e-01
   1.0771323e-01
   1.0559091e-01
   1.0152332e-01
   9.6177101e-02
   8.8515375e-02
   7.8477882e-02
   6.5513074e-02
   5.0300220e-02
   3.4704742e-02
   1.5657396e-02
   1.7488354e-02
   0.0000000e+00
   0.0000000e+00
   0.0000000e+00
   0.0000000e+00
   0.0000000e+00
   0.0000000e+00
   0.0000000e+00
   0.0000000e+00
   0.0000000e+00
   0.0000000e+00
   0.0000000e+00
   5.1470510e-02
   5.7164691e-02
   5.9078261e-02
   7.0735030e-02
   7.9029657e-02
   8.5556947e-02
   9.0490527e-02
   9.3158886e-02
   9.6169099e-02
   9.9470712e-02
   1.0302170e-01
   1.0584994e-01
   1.0816884e-01
   1.1029890e-01
   1.1142656e-01
   1.1067537e-01
   1.0762040e-01
   1.0246627e-01
   9.5467634e-02
   8.4842607e-02
   6.9352873e-02
   4.8149865e-02
   2.7262268e-02
   0.0000000e+00
   0.0000000e+00
   0.0000000e+00
   0.0000000e+00
   0.0000000e+00
   0.0000000e+00
   0.0000000e+00
   0.0000000e+00
   0.0000000e+00
   0.0000000e+00
   0.0000000e+00
   0.0000000e+00
   0.0000000e+00
   0.0000000e+00
   8.6292897e-02
   7.7999895e-02
   8.3619823e-02
   9.0873737e-02
   9.2756767e-02
   9.2333350e-02
   8.9758080e-02
   8.8353467e-02
   8.7725919e-02
   8.7668133e-02
   8.8026453e-02
   8.9117293e-02
   9.0542403e-02
   9.1428403e-02
   9.0869945e-02
   8.9169432e-02
   8.6056788e-02
   8.1445714e-02
   7.3431781e-02
   6.0223945e-02
   4.1623386e-02
   2.1489783e-02
   0.0000000e+00
   0.0000000e+00
   0.0000000e+00
   0.0000000e+00
   0.0000000e+00
   0.0000000e+00
   0.0000000e+00
   0.0000000e+00
   0.0000000e+00
   0.0000000e+00
   0.0000000e+00
   0.0000000e+00
   0.0000000e+00
   8.8465693e-02
   1.0038699e-01
   1.0036246e-01
   9.4739601e-02
   9.1386855e-02
   8.6336039e-02
   7.9551131e-02
   7.2242022e-02
   6.6304900e-02
   6.1965443e-02
   5.9048388e-02
   5.7196058e-02
   5.6995075e-02
   5.7277970e-02
   5.7871059e-02
   5.8026314e-02
   5.7987377e-02
   5.7362556e-02
   5.5302661e-02
   5.0140604e-02
   4.0733315e-02
   2.9172519e-02
   2.1854263e-02
   0.0000000e+00
   0.0000000e+00
   0.0000000e+00
   0.0000000e+00
   0.0000000e+00
   0.0000000e+00
   0.0000000e+00
   0.0000000e+00
   0.0000000e+00
   0.0000000e+00
   0.0000000e+00
   0.0000000e+00
   0.0000000e+00
   5.0793956e-02
   6.9699958e-02
   7.3940881e-02
   6.8807385e-02
   6.2032245e-02
   5.4334894e-02
   4.5806179e-02
   3.7023265e-02
   2.9103000e-02
   2.3625049e-02
   1.9771867e-02
   1.7472273e-02
   1.7164025e-02
   1.8215518e-02
   1.9855384e-02
   2.1329542e-02
   2.2546884e-02
   2.3526607e-02
   2.2732294e-02
   1.9777946e-02
   1.3241025e-02
   7.6049567e-03
   1.0484075e-02
   0.0000000e+00
   0.0000000e+00
   0.0000000e+00
   0.0000000e+00
   0.0000000e+00
   0.0000000e+00
   0.0000000e+00
   0.0000000e+00
   0.0000000e+00
   0.0000000e+00
   0.0000000e+00
   0.0000000e+00
   2.8265863e-02
   1.0326318e-02
   1.6565923e-02
   1.8657723e-02
   1.6427105e-02
   1.2822902e-02
   8.3716977e-03
   3.2998198e-03
  -2.3341130e-03
  -8.0793072e-03
  -1.2093313e-02
  -1.4048837e-02
  -1.4313918e-02
  -1.3195101e-02
  -1.0974242e-02
  -8.5595800e-03
  -6.4543528e-03
  -5.2511706e-03
  -5.1751030e-03
  -6.1399140e-03
  -8.5924566e-03
  -1.3305653e-02
  -1.5810005e-02
  -2.9574265e-04
   0.0000000e+00
   0.0000000e+00
   0.0000000e+00
   0.0000000e+00
   0.0000000e+00
   0.0000000e+00
   0.0000000e+00
   0.0000000e+00
   0.0000000e+00
   0.0000000e+00
  -2.3768964e-02
  -8.2117603e-03
   3.2384295e-03
  -3.2892615e-02
  -3.2821100e-02
  -3.2422010e-02
  -3.2598656e-02
  -3.2885570e-02
  -3.3714704e-02
  -3.4581572e-02
  -3.6085803e-02
  -3.8546991e-02
  -3.9865375e-02
  -3.9312474e-02
  -3.7258361e-02
  -3.4703020e-02
  -3.1849623e-02
  -2.9429842e-02
  -2.8111903e-02
  -2.8103627e-02
  -2.9709490e-02
  -3.1667862e-02
  -3.4228671e-02
  -3.7415329e-02
  -3.7866529e-02
  -0.0000000e+00
   0.0000000e+00
   0.0000000e+00
   0.0000000e+00
   0.0000000e+00
   0.0000000e+00
   0.0000000e+00
   0.0000000e+00
   0.0000000e+00
   0.0000000e+00
  -3.5696920e-02
  -3.7808836e-02
  -3.3852227e-02
  -3.2939799e-02
  -6.2329713e-02
  -6.3341193e-02
  -6.3748308e-02
  -6.3562162e-02
  -6.2297650e-02
  -6.0296569e-02
  -5.8114749e-02
  -5.6632195e-02
  -5.6076117e-02
  -5.5062325e-02
  -5.2663341e-02
  -4.9405713e-02
  -4.6566678e-02
  -4.4172168e-02
  -4.3042321e-02
  -4.3413876e-02
  -4.5267168e-02
  -4.8395291e-02
  -5.1392251e-02
  -5.3978164e-02
  -5.5407044e-02
  -4.5684220e-02
  -0.0000000e+00
   0.0000000e+00
   0.0000000e+00
   0.0000000e+00
   0.0000000e+00
   0.0000000e+00
   0.0000000e+00
   0.0000000e+00
  -0.0000000e+00
  -3.1958357e-02
  -4.2843386e-02
  -5.0721423e-02
  -5.6705065e-02
  -5.9886836e-02
  -7.5225905e-02
  -7.6707840e-02
  -7.8075469e-02
  -7.8588344e-02
  -7.6954544e-02
  -7.3404640e-02
  -6.9478504e-02
  -6.6091411e-02
  -6.3227043e-02
  -6.0757477e-02
  -5.7973180e-02
  -5.5221427e-02
  -5.3325657e-02
  -5.2675221e-02
  -5.3645220e-02
  -5.5979788e-02
  -5.9463747e-02
  -6.3279405e-02
  -6.6293433e-02
  -6.8417959e-02
  -6.7174576e-02
  -4.0825624e-02
  -0.0000000e+00
   0.0000000e+00
   0.0000000e+00
   0.0000000e+00
   0.0000000e+00
   0.0000000e+00
   0.0000000e+00
   0.0000000e+00
  -3.7294347e-02
  -3.9745659e-02
  -4.8318032e-02
  -5.7308424e-02
  -6.6936284e-02
  -7.3123895e-02
  -7.2462946e-02
  -7.4359164e-02
  -7.6728694e-02
  -7.8472726e-02
  -7.7846229e-02
  -7.4875735e-02
  -7.1245067e-02
  -6.8103425e-02
  -6.5408207e-02
  -6.3351065e-02
  -6.1353900e-02
  -5.9764870e-02
  -5.9474781e-02
  -6.0786478e-02
  -6.3638389e-02
  -6.7215085e-02
  -7.0627645e-02
  -7.3224559e-02
  -7.4654467e-02
  -7.4787155e-02
  -6.8061076e-02
  -4.1336585e-02
  -0.0000000e+00
   0.0000000e+00
   0.0000000e+00
   0.0000000e+00
   0.0000000e+00
   0.0000000e+00
   0.0000000e+00
   0.0000000e+00
  -3.4137100e-02
  -3.7854802e-02
  -4.5907047e-02
  -5.5123378e-02
  -6.4539231e-02
  -7.0410222e-02
  -5.7436094e-02
  -6.0349841e-02
  -6.3614413e-02
  -6.6745400e-02
  -6.8668865e-02
  -6.8989962e-02
  -6.9117576e-02
  -6.9872916e-02
  -7.1247622e-02
  -7.2563238e-02
  -7.3302463e-02
  -7.3989719e-02
  -7.5402170e-02
  -7.7637076e-02
  -7.9965472e-02
  -8.1583604e-02
  -8.1959620e-02
  -8.1077904e-02
  -7.8843482e-02
  -7.3348649e-02
  -6.1178058e-02
  -4.3187243e-02
   0.0000000e+00
   0.0000000e+00
   0.0000000e+00
   0.0000000e+00
   0.0000000e+00
   0.0000000e+00
   0.0000000e+00
   0.0000000e+00
  -3.2845758e-02
  -3.3760399e-02
  -3.9911732e-02
  -4.4568826e-02
  -4.9165517e-02
  -5.3759500e-02
  -3.7894387e-02
  -4.2199664e-02
  -4.5935765e-02
  -4.9927711e-02
  -5.4670412e-02
  -5.9486926e-02
  -6.4784847e-02
  -7.0935510e-02
  -7.7634960e-02
  -8.3596103e-02
  -8.8533826e-02
  -9.2569210e-02
  -9.5441215e-02
  -9.7032890e-02
  -9.6496679e-02
  -9.4140589e-02
  -8.9774981e-02
  -8.3141088e-02
  -7.4462868e-02
  -6.1574683e-02
  -4.0700778e-02
  -1.6631278e-02
   0.0000000e+00
   0.0000000e+00
   0.0000000e+00
   0.0000000e+00
   0.0000000e+00
   0.0000000e+00
   0.0000000e+00
   0.0000000e+00
  -2.8438287e-02
  -2.9253572e-02
  -2.9885434e-02
  -2.7991006e-02
  -2.8039753e-02
  -3.2250509e-02
  -2.1609798e-02
  -2.7326617e-02
  -3.1121265e-02
  -3.5418358e-02
  -4.1464277e-02
  -4.8705477e-02
  -5.6500196e-02
  -6.4883731e-02
  -7.3854573e-02
  -8.2209475e-02
  -8.9881353e-02
  -9.7041331e-02
  -1.0225081e-01
  -1.0458238e-01
  -1.0259740e-01
  -9.7180717e-02
  -8.8533916e-02
  -7.6380968e-02
  -6.2108193e-02
  -4.4138756e-02
  -1.8583219e-02
  -0.0000000e+00
   0.0000000e+00
   0.0000000e+00
   0.0000000e+00
   0.0000000e+00
   0.0000000e+00
   0.0000000e+00
   0.0000000e+00
   0.0000000e+00
  -2.3005674e-02
  -2.2696575e-02
  -1.7582972e-02
  -1.1816181e-02
  -1.0057984e-02
  -1.4334426e-02
  -1.1142248e-02
  -1.9251367e-02
  -2.3970354e-02
  -2.8143970e-02
  -3.4715720e-02
  -4.2924944e-02
  -5.0814006e-02
  -5.8331214e-02
  -6.6194169e-02
  -7.3669918e-02
  -8.0662534e-02
  -8.7088563e-02
  -9.1029152e-02
  -9.1907457e-02
  -8.8580124e-02
  -8.2029283e-02
  -7.2399378e-02
  -5.9175242e-02
  -4.4113766e-02
  -2.5245100e-02
   2.9000995e-03
   0.0000000e+00
   0.0000000e+00
   0.0000000e+00
   0.0000000e+00
   0.0000000e+00
   0.0000000e+00
   0.0000000e+00
   0.0000000e+00
   0.0000000e+00
  -2.1719101e-02
  -1.6029481e-02
  -7.1164598e-03
   1.7510282e-04
   2.3991871e-03
  -2.0297340e-03
  -5.7191307e-03
  -1.7106991e-02
  -2.5672577e-02
  -3.1038571e-02
  -3.9532132e-02
  -5.0828721e-02
  -6.0684044e-02
  -6.8698578e-02
  -7.5596035e-02
  -8.0597279e-02
  -8.3582319e-02
  -8.4097520e-02
  -8.1309167e-02
  -7.5626835e-02
  -6.6948719e-02
  -5.7423133e-02
  -4.7105283e-02
  -3.5301089e-02
  -2.2854590e-02
  -7.0844362e-03
   1.6251071e-02
   0.0000000e+00
   0.0000000e+00
   0.0000000e+00
   0.0000000e+00
   0.0000000e+00
   0.0000000e+00
   0.0000000e+00
   0.0000000e+00
   0.0000000e+00
  -2.0700020e-02
  -1.1850857e-02
  -1.2378157e-03
   6.6499262e-03
   9.4906585e-03
   5.2628051e-03
  -5.3227437e-04
  -1.4378887e-02
  -2.6908427e-02
  -3.4497492e-02
  -4.3756425e-02
  -5.7808205e-02
  -6.9018982e-02
  -7.7215977e-02
  -8.3283275e-02
  -8.6398244e-02
  -8.6467870e-02
  -8.3196014e-02
  -7.6864459e-02
  -6.8169303e-02
  -5.7135262e-02
  -4.6329677e-02
  -3.5553385e-02
  -2.3215888e-02
  -9.5090913e-03
   6.8505351e-03
   2.5074836e-02
   0.0000000e+00
   0.0000000e+00
   0.0000000e+00
   0.0000000e+00
   0.0000000e+00
   0.0000000e+00
   0.0000000e+00
   0.0000000e+00
   0.0000000e+00
  -1.9110475e-02
  -9.2076240e-03
   2.5328286e-03
   1.1531211e-02
   1.5407527e-02
   1.1800436e-02
   8.9788638e-03
  -5.6300529e-03
  -0.0000000e+00
  -3.4847538e-02
  -4.0584472e-02
  -5.4111208e-02
  -6.4556774e-02
  -7.1544380e-02
  -7.6184118e-02
  -7.8003143e-02
  -7.7404248e-02
  -7.4779572e-02
  -6.9997717e-02
  -6.3355811e-02
  -5.4258573e-02
  -4.4279690e-02
  -3.2731321e-02
  -1.7862438e-02
  -8.1113323e-04
   1.6335359e-02
   2.6910695e-02
   0.0000000e+00
   0.0000000e+00
   0.0000000e+00
   0.0000000e+00
   0.0000000e+00
   0.0000000e+00
   0.0000000e+00
   0.0000000e+00
  -3.6874896e-02
  -2.0385161e-02
  -8.0273571e-03
   5.3475673e-03
   1.6024538e-02
   2.1171135e-02
   1.9532441e-02
   2.3194520e-02
   0.0000000e+00
   0.0000000e+00
  -0.0000000e+00
  -3.3589717e-02
  -4.1240804e-02
  -4.8397250e-02
  -5.2829210e-02
  -5.5559266e-02
  -5.6747194e-02
  -5.6958221e-02
  -5.7125811e-02
  -5.6825567e-02
  -5.5814411e-02
  -5.2682571e-02
  -4.6585884e-02
  -3.6379077e-02
  -1.9779801e-02
   2.3787460e-04
   1.8073121e-02
   2.1244156e-02
   0.0000000e+00
   0.0000000e+00
   0.0000000e+00
   0.0000000e+00
   0.0000000e+00
   0.0000000e+00
   0.0000000e+00
   0.0000000e+00
  -3.6544174e-02
  -2.3496527e-02
  -9.9402666e-03
   7.8641595e-03
   2.3073904e-02
   3.1262856e-02
   3.1153826e-02
   3.5234248e-02
   0.0000000e+00
   0.0000000e+00
   0.0000000e+00
  -3.5542770e-02
  -4.2654764e-02
  -4.9125865e-02
  -5.3676832e-02
  -5.7111800e-02
  -5.9755404e-02
  -6.1806716e-02
  -6.4110696e-02
  -6.6068500e-02
  -6.7002341e-02
  -6.5009601e-02
  -5.8972836e-02
  -4.8017193e-02
  -2.9615674e-02
  -7.0555462e-03
   1.4564749e-02
   1.7520765e-02
   0.0000000e+00
   0.0000000e+00
   0.0000000e+00
   0.0000000e+00
   0.0000000e+00
   0.0000000e+00
   0.0000000e+00
   0.0000000e+00
  -4.0336278e-02
  -2.7162367e-02
  -1.1315069e-02
   1.3227778e-02
   3.3434276e-02
   4.3459518e-02
   4.2597107e-02
   0.0000000e+00
   0.0000000e+00
   0.0000000e+00
   0.0000000e+00
  -4.8701892e-02
  -5.6607738e-02
  -6.4756006e-02
  -7.1360797e-02
  -7.7135347e-02
  -8.1783980e-02
  -8.5183032e-02
  -8.7426238e-02
  -8.8008046e-02
  -8.6736523e-02
  -8.2021944e-02
  -7.3488757e-02
  -6.0304116e-02
  -4.0512290e-02
  -1.6790459e-02
   8.3487052e-03
   1.7067323e-02
   0.0000000e+00
   0.0000000e+00
   0.0000000e+00
   0.0000000e+00
   0.0000000e+00
   0.0000000e+00
   0.0000000e+00
   0.0000000e+00
  -4.2208890e-02
  -2.7641678e-02
  -8.2355188e-03
   2.1182017e-02
   3.8388753e-02
   0.0000000e+00
   0.0000000e+00
   0.0000000e+00
   0.0000000e+00
   0.0000000e+00
  -5.6816801e-02
  -6.4175722e-02
  -6.9970965e-02
  -7.7889403e-02
  -8.5266389e-02
  -9.2197426e-02
  -9.7020771e-02
  -9.9352874e-02
  -9.9093899e-02
  -9.7303617e-02
  -9.4705462e-02
  -8.9958936e-02
  -8.2404112e-02
  -7.0508152e-02
  -5.1820703e-02
  -2.7718567e-02
   7.0463936e-04
   0.0000000e+00
   0.0000000e+00
   0.0000000e+00
   0.0000000e+00
   0.0000000e+00
   0.0000000e+00
   0.0000000e+00
   0.0000000e+00
   0.0000000e+00
  -4.2759765e-02
  -2.2003777e-02
  -1.6552116e-03
   2.5179887e-02
   0.0000000e+00
   0.0000000e+00
   0.0000000e+00
   0.0000000e+00
   0.0000000e+00
  -6.6083940e-02
  -6.1829885e-02
  -6.8771817e-02
  -7.2842225e-02
  -7.7493116e-02
  -8.2952820e-02
  -8.8685304e-02
  -9.1416679e-02
  -9.0336449e-02
  -8.6540535e-02
  -8.2874902e-02
  -8.0640435e-02
  -7.8881346e-02
  -7.6051466e-02
  -6.9891579e-02
  -5.7064336e-02
  -3.5844196e-02
  -5.5330708e-03
   0.0000000e+00
   0.0000000e+00
   0.0000000e+00
   0.0000000e+00
   0.0000000e+00
   0.0000000e+00
   0.0000000e+00
  -4.9089752e-02
  -4.4255213e-02
  -4.0403977e-02
  -1.6152300e-02
   1.3703291e-03
   1.4913092e-02
   0.0000000e+00
   0.0000000e+00
   0.0000000e+00
   0.0000000e+00
   0.0000000e+00
  -0.0000000e+00
  -6.0535319e-02
  -6.2995717e-02
  -6.4114019e-02
  -6.6568933e-02
  -7.0441216e-02
  -7.4946865e-02
  -7.6667383e-02
  -7.4462466e-02
  -6.9560125e-02
  -6.5538511e-02
  -6.3816518e-02
  -6.3771263e-02
  -6.3598506e-02
  -6.0930494e-02
  -5.2336536e-02
  -3.7377704e-02
  -7.7202022e-03
   0.0000000e+00
   0.0000000e+00
   0.0000000e+00
   0.0000000e+00
   0.0000000e+00
   0.0000000e+00
   0.0000000e+00
  -4.0558853e-02
  -3.7966259e-02
  -3.3467088e-02
  -1.3538829e-02
  -1.1447861e-04
   0.0000000e+00
   0.0000000e+00
   0.0000000e+00
   0.0000000e+00
   0.0000000e+00
   0.0000000e+00
  -0.0000000e+00
  -4.2801160e-02
  -4.2012876e-02
  -4.2134865e-02
  -4.5416778e-02
  -5.0354534e-02
  -5.4912911e-02
  -5.7208218e-02
  -5.5937157e-02
  -5.1583850e-02
  -4.7661045e-02
  -4.5996783e-02
  -4.7082609e-02
  -4.9036106e-02
  -4.8464114e-02
  -4.0471724e-02
  -3.1085784e-02
  -2.2828262e-02
   0.0000000e+00
   0.0000000e+00
   0.0000000e+00
   0.0000000e+00
   0.0000000e+00
  -2.9505029e-02
  -3.0722563e-02
  -2.9663402e-02
  -2.6260760e-02
  -2.1596265e-02
  -7.8214910e-03
  -9.6671913e-04
   0.0000000e+00
   0.0000000e+00
   0.0000000e+00
   0.0000000e+00
   0.0000000e+00
   0.0000000e+00
   0.0000000e+00
  -1.6120705e-02
  -1.0661785e-02
  -1.1303175e-02
  -1.7336179e-02
  -2.5406409e-02
  -3.1702556e-02
  -3.4480017e-02
  -3.3984542e-02
  -3.0609414e-02
  -2.7392717e-02
  -2.6192155e-02
  -2.7956642e-02
  -3.0818624e-02
  -3.1841192e-02
  -2.4096837e-02
  -1.7536970e-02
  -3.4603067e-02
   0.0000000e+00
   0.0000000e+00
   0.0000000e+00
   0.0000000e+00
   0.0000000e+00
  -2.3067812e-02
  -1.3114029e-02
  -6.4156852e-03
  -7.1487793e-03
  -5.9050531e-03
   1.7232838e-03
   0.0000000e+00
   0.0000000e+00
   0.0000000e+00
   0.0000000e+00
   0.0000000e+00
   0.0000000e+00
   0.0000000e+00
   0.0000000e+00
   0.0000000e+00
   2.7675463e-02
   2.7671274e-02
   1.9771334e-02
   8.0665620e-03
  -1.1634454e-03
  -4.5989016e-03
  -4.0927213e-03
  -1.4199443e-03
   5.8815395e-04
   4.2896392e-04
  -2.4388237e-03
  -6.1711543e-03
  -8.8249147e-03
  -4.9447226e-03
   1.1390406e-03
  -2.7422693e-02
   0.0000000e+00
   0.0000000e+00
   0.0000000e+00
   0.0000000e+00
   0.0000000e+00
  -0.0000000e+00
   0.0000000e+00
   0.0000000e+00
   1.3547425e-02
   1.6287643e-02
   1.4653609e-02
   0.0000000e+00
   0.0000000e+00
   0.0000000e+00
   0.0000000e+00
   0.0000000e+00
   0.0000000e+00
   0.0000000e+00
   0.0000000e+00
   0.0000000e+00
   0.0000000e+00
   6.4158008e-02
   5.9746996e-02
   4.7701243e-02
   3.7921105e-02
   3.4196321e-02
   3.4891345e-02
   3.6608014e-02
   3.7058640e-02
   3.5052080e-02
   3.0526655e-02
   2.4996550e-02
   1.9968551e-02
   1.6646201e-02
   1.2442622e-02
   3.1106322e-03
   2.6754862e-02
   0.0000000e+00
   0.0000000e+00
   0.0000000e+00
   0.0000000e+00
   0.0000000e+00
   0.0000000e+00
   0.0000000e+00
   0.0000000e+00
   0.0000000e+00
   0.0000000e+00
   0.0000000e+00
   0.0000000e+00
   0.0000000e+00
   0.0000000e+00
   0.0000000e+00
   0.0000000e+00
   0.0000000e+00
   0.0000000e+00
   0.0000000e+00
   0.0000000e+00
   0.0000000e+00
   8.8934589e-02
   8.0986291e-02
   7.7542521e-02
   7.8357026e-02
   8.1017986e-02
   8.1650227e-02
   8.0908902e-02
   7.8017645e-02
   7.2616905e-02
   6.5523125e-02
   5.8226168e-02
   5.1336475e-02
   4.7059243e-02
   4.2228628e-02
   3.9816066e-02
   0.0000000e+00
   0.0000000e+00
   0.0000000e+00
   0.0000000e+00
   0.0000000e+00
   0.0000000e+00
   0.0000000e+00
   0.0000000e+00
   0.0000000e+00
   0.0000000e+00
   0.0000000e+00
   0.0000000e+00
   0.0000000e+00
   0.0000000e+00
   0.0000000e+00
   0.0000000e+00
   0.0000000e+00
   0.0000000e+00
   0.0000000e+00
   0.0000000e+00
   0.0000000e+00
   7.6491094e-02
   7.9682678e-02
   8.9618221e-02
   1.0073307e-01
   1.0944644e-01
   1.1316020e-01
   1.1340073e-01
   1.1146729e-01
   1.0774495e-01
   1.0125651e-01
   9.3286738e-02
   8.8194779e-02
   8.1035027e-02
   7.3683426e-02
   0.0000000e+00
   0.0000000e+00
   0.0000000e+00
   0.0000000e+00
   0.0000000e+00
   0.0000000e+00
   0.0000000e+00
   0.0000000e+00
   0.0000000e+00
   0.0000000e+00
   0.0000000e+00
   0.0000000e+00
   0.0000000e+00
   0.0000000e+00
   0.0000000e+00
   0.0000000e+00
   0.0000000e+00
   0.0000000e+00
   0.0000000e+00
   0.0000000e+00
   0.0000000e+00
   0.0000000e+00
   3.7816391e-02
   5.4799056e-02
   8.2514515e-02
   1.0377245e-01
   1.1711824e-01
   1.2405088e-01
   1.2462587e-01
   1.2368712e-01
   1.2253186e-01
   1.1948487e-01
   1.1078552e-01
   9.1855426e-02
   9.4290572e-02
   8.1136769e-02
   0.0000000e+00
   0.0000000e+00
   0.0000000e+00
   0.0000000e+00
   0.0000000e+00
   0.0000000e+00
   0.0000000e+00
   0.0000000e+00
   0.0000000e+00
   0.0000000e+00
   0.0000000e+00
   0.0000000e+00
   0.0000000e+00
   0.0000000e+00
   0.0000000e+00
   0.0000000e+00
   0.0000000e+00
   0.0000000e+00
  -0.0000000e+00
   0.0000000e+00
   2.4361475e-02
   2.8104901e-02
   3.2564853e-02
   4.5100466e-02
   6.2797904e-02
   8.1293886e-02
   9.4807968e-02
   1.0235291e-01
   1.0384407e-01
   1.0376694e-01
   1.0383573e-01
   1.0372807e-01
   1.0106145e-01
   8.5182204e-02
   7.2532182e-02
   6.4692330e-02
   0.0000000e+00
   0.0000000e+00
   0.0000000e+00
   0.0000000e+00
   0.0000000e+00
   0.0000000e+00
   0.0000000e+00
   0.0000000e+00
   0.0000000e+00
   0.0000000e+00
   0.0000000e+00
   0.0000000e+00
   0.0000000e+00
   0.0000000e+00
   0.0000000e+00
   0.0000000e+00
   0.0000000e+00
   0.0000000e+00
  -0.0000000e+00
   0.0000000e+00
   1.0454731e-02
   1.7446535e-02
   2.3269496e-02
   2.2735249e-02
   2.4583431e-02
   3.3487521e-02
   4.1394126e-02
   4.5917131e-02
   4.7507817e-02
   4.6451032e-02
   4.4953573e-02
   4.5266161e-02
   4.6247754e-02
   5.1514245e-02
   4.5095307e-02
   3.9341077e-02
   0.0000000e+00
   1.8784474e-02
   1.2171701e-02
   0.0000000e+00
   0.0000000e+00
   0.0000000e+00
   0.0000000e+00
   3.5567901e-03
  -1.0647837e-02
   0.0000000e+00
   0.0000000e+00
   0.0000000e+00
   0.0000000e+00
   0.0000000e+00
   0.0000000e+00
   0.0000000e+00
   0.0000000e+00
   0.0000000e+00
   0.0000000e+00
   0.0000000e+00
   0.0000000e+00
   0.0000000e+00
  -0.0000000e+00
  -0.0000000e+00
  -0.0000000e+00
  -0.0000000e+00
  -1.7059255e-02
  -1.6924821e-02
  -2.1781282e-02
  -0.0000000e+00
  -0.0000000e+00
  -1.5537721e-02
  -1.4165137e-02
  -1.5102329e-02
  -5.0329166e-03
   1.6023642e-03
   1.7042045e-03
   4.3524332e-03
   1.5434449e-03
  -5.0526292e-03
   0.0000000e+00
  -1.6988371e-03
  -4.4416239e-03
  -4.7796567e-03
  -1.1731388e-02
   0.0000000e+00
   0.0000000e+00
   0.0000000e+00
   0.0000000e+00
   0.0000000e+00
   0.0000000e+00
   0.0000000e+00
