  5.430301e-01
  4.701070e-01
  4.252901e-01
  3.884424e-01
  3.482024e-01
  3.122356e-01
  2.883223e-01
  2.700474e-01
  2.574140e-01
  2.540390e-01
  2.559266e-01
  2.544716e-01
  2.543171e-01
  2.548038e-01
  2.564611e-01
  2.583219e-01
  2.492057e-01
  2.349357e-01
  2.279432e-01
  2.376331e-01
  2.442715e-01
  2.461269e-01
  2.556831e-01
  2.597673e-01
  2.614832e-01
  2.588689e-01
  2.546241e-01
  2.678657e-01
  2.884319e-01
  3.162802e-01
  3.550311e-01
  4.103787e-01
  4.628163e-01
  4.951626e-01
  5.326725e-01
  5.807222e-01
