-START-OF-DATA-
   1.000 1.17214e-03
   6.000 1.17296e-03
  11.000 1.17378e-03
  16.000 1.17461e-03
  21.000 1.17543e-03
  26.000 1.17625e-03
  31.000 1.17707e-03
  36.000 1.17789e-03
  41.000 1.17872e-03
  46.000 1.17954e-03
  51.000 1.18036e-03
  56.000 1.18118e-03
  61.000 1.18200e-03
  66.000 1.18283e-03
  71.000 1.18365e-03
  76.000 1.18447e-03
  81.000 1.18529e-03
  86.000 1.18611e-03
  91.000 1.18694e-03
  96.000 1.18776e-03
 101.000 1.18858e-03
 106.000 1.18940e-03
 111.000 1.19022e-03
 116.000 1.19105e-03
 121.000 1.19187e-03
 126.000 1.19269e-03
 131.000 1.19351e-03
 136.000 1.19434e-03
 141.000 1.19516e-03
 146.000 1.19598e-03
 151.000 1.19680e-03
 156.000 1.19762e-03
 161.000 1.19845e-03
 166.000 1.19927e-03
 171.000 1.20009e-03
 176.000 1.20091e-03
 181.000 1.20173e-03
 186.000 1.20256e-03
 191.000 1.20338e-03
 196.000 1.20420e-03
 201.000 1.20502e-03
 206.000 1.20584e-03
 211.000 1.20667e-03
 216.000 1.20749e-03
 221.000 1.20831e-03
 226.000 1.20913e-03
 231.000 1.20995e-03
 236.000 1.21078e-03
 241.000 1.21160e-03
 246.000 1.21242e-03
 251.000 1.21324e-03
 256.000 1.21406e-03
 261.000 1.21489e-03
 266.000 1.21571e-03
 271.000 1.21653e-03
 276.000 1.21735e-03
 281.000 1.21817e-03
 286.000 1.21900e-03
 291.000 1.21982e-03
 296.000 1.22064e-03
 301.000 1.22146e-03
 306.000 1.22228e-03
 311.000 1.22311e-03
 316.000 1.22393e-03
 321.000 1.22475e-03
 326.000 1.22557e-03
 331.000 1.22639e-03
 336.000 1.22722e-03
 341.000 1.22804e-03
 346.000 1.22886e-03
 351.000 1.22968e-03
 356.000 1.23051e-03
 361.000 1.23133e-03
 366.000 1.23215e-03
 371.000 1.23297e-03
 376.000 1.23379e-03
 381.000 1.23462e-03
 386.000 1.23544e-03
 391.000 1.23626e-03
 396.000 1.23708e-03
 401.000 1.23790e-03
 406.000 1.23873e-03
 411.000 1.23955e-03
 416.000 1.24037e-03
 421.000 1.24119e-03
 426.000 1.24201e-03
 431.000 1.24284e-03
 436.000 1.24366e-03
 441.000 1.24448e-03
 446.000 1.24530e-03
 451.000 1.24612e-03
 456.000 1.24695e-03
 461.000 1.24777e-03
 466.000 1.24859e-03
 471.000 1.24941e-03
 476.000 1.25023e-03
 481.000 1.25106e-03
 486.000 1.25188e-03
 491.000 1.25270e-03
 496.000 1.25352e-03
 501.000 1.25434e-03
 506.000 1.25517e-03
 511.000 1.25599e-03
 516.000 1.25681e-03
 521.000 1.25763e-03
 526.000 1.25845e-03
 531.000 1.25928e-03
 536.000 1.26010e-03
 541.000 1.26092e-03
 546.000 1.26174e-03
 551.000 1.26256e-03
 556.000 1.26339e-03
 561.000 1.26421e-03
 566.000 1.26503e-03
 571.000 1.26585e-03
 576.000 1.26668e-03
 581.000 1.26750e-03
 586.000 1.26832e-03
 591.000 1.26914e-03
 596.000 1.26996e-03
 601.000 1.27079e-03
 606.000 1.27161e-03
 611.000 1.27243e-03
 616.000 1.27325e-03
 621.000 1.27407e-03
 626.000 1.27490e-03
 631.000 1.27572e-03
 636.000 1.27654e-03
 641.000 1.27736e-03
 646.000 1.27818e-03
 651.000 1.27901e-03
 656.000 1.27983e-03
 661.000 1.28065e-03
 666.000 1.28147e-03
 671.000 1.28229e-03
 676.000 1.28312e-03
 681.000 1.28394e-03
 686.000 1.28476e-03
 691.000 1.28558e-03
 696.000 1.28640e-03
 701.000 1.28723e-03
 706.000 1.28805e-03
 711.000 1.28887e-03
 716.000 1.28969e-03
 721.000 1.29051e-03
 726.000 1.29134e-03
 731.000 1.29216e-03
 736.000 1.29298e-03
 741.000 1.29380e-03
 746.000 1.29462e-03
 751.000 1.29545e-03
 756.000 1.29627e-03
 761.000 1.29709e-03
 766.000 1.29791e-03
 771.000 1.29873e-03
 776.000 1.29956e-03
 781.000 1.30038e-03
 786.000 1.30120e-03
 791.000 1.30202e-03
 796.000 1.30285e-03
 801.000 1.30367e-03
 806.000 1.30449e-03
 811.000 1.30531e-03
 816.000 1.30613e-03
 821.000 1.30696e-03
 826.000 1.30778e-03
 831.000 1.30860e-03
 836.000 1.30942e-03
 841.000 1.31024e-03
 846.000 1.31107e-03
 851.000 1.31189e-03
 856.000 1.31271e-03
 861.000 1.31353e-03
 866.000 1.31435e-03
 871.000 1.31518e-03
 876.000 1.31600e-03
 881.000 1.31682e-03
 886.000 1.31764e-03
 891.000 1.31846e-03
 896.000 1.31929e-03
 901.000 1.32011e-03
 906.000 1.32093e-03
 911.000 1.32175e-03
 916.000 1.32257e-03
 921.000 1.32340e-03
 926.000 1.32422e-03
 931.000 1.32504e-03
 936.000 1.32586e-03
 941.000 1.32668e-03
 946.000 1.32751e-03
 951.000 1.32833e-03
 956.000 1.32915e-03
 961.000 1.32997e-03
 966.000 1.33079e-03
 971.000 1.33162e-03
 976.000 1.33244e-03
 981.000 1.33326e-03
 986.000 1.33408e-03
 991.000 1.33490e-03
 996.000 1.33573e-03
1001.000 1.33655e-03
1006.000 1.33737e-03
1011.000 1.33819e-03
1016.000 1.33902e-03
1021.000 1.33984e-03
1026.000 1.34066e-03
1031.000 1.34148e-03
1036.000 1.34230e-03
1041.000 1.34313e-03
1046.000 1.34395e-03
1051.000 1.34477e-03
1056.000 1.34559e-03
1061.000 1.34641e-03
1066.000 1.34724e-03
1071.000 1.34806e-03
1076.000 1.34888e-03
1081.000 1.34970e-03
1086.000 1.35052e-03
1091.000 1.35135e-03
1096.000 1.35217e-03
1101.000 1.35299e-03
1106.000 1.35381e-03
1111.000 1.35463e-03
1116.000 1.35546e-03
1121.000 1.35628e-03
1126.000 1.35710e-03
1131.000 1.35792e-03
1136.000 1.35874e-03
1141.000 1.35957e-03
1146.000 1.36039e-03
1151.000 1.36121e-03
1156.000 1.36203e-03
1161.000 1.36285e-03
1166.000 1.36368e-03
1171.000 1.36450e-03
1176.000 1.36532e-03
1181.000 1.36614e-03
1186.000 1.36696e-03
1191.000 1.36779e-03
1196.000 1.36861e-03
1201.000 1.36943e-03
1206.000 1.37025e-03
1211.000 1.37107e-03
1216.000 1.37190e-03
1221.000 1.37272e-03
1226.000 1.37354e-03
1231.000 1.37436e-03
1236.000 1.37519e-03
1241.000 1.37601e-03
1246.000 1.37683e-03
1251.000 1.37765e-03
1256.000 1.37847e-03
1261.000 1.37930e-03
1266.000 1.38012e-03
1271.000 1.38094e-03
1276.000 1.38176e-03
1281.000 1.38258e-03
1286.000 1.38341e-03
1291.000 1.38423e-03
1296.000 1.38505e-03
1301.000 1.38587e-03
1306.000 1.38669e-03
1311.000 1.38752e-03
1316.000 1.38834e-03
1321.000 1.38916e-03
1326.000 1.38998e-03
1331.000 1.39080e-03
1336.000 1.39163e-03
1341.000 1.39245e-03
1346.000 1.39327e-03
1351.000 1.39409e-03
1356.000 1.39491e-03
1361.000 1.39574e-03
1366.000 1.39656e-03
1371.000 1.39738e-03
1376.000 1.39820e-03
1381.000 1.39902e-03
1386.000 1.39985e-03
1391.000 1.40067e-03
1396.000 1.40149e-03
1401.000 1.40231e-03
1406.000 1.40313e-03
1411.000 1.40396e-03
1416.000 1.40478e-03
1421.000 1.40560e-03
1426.000 1.40642e-03
1431.000 1.40724e-03
1436.000 1.40807e-03
1441.000 1.40889e-03
1446.000 1.40971e-03
1451.000 1.41053e-03
1456.000 1.41136e-03
1461.000 1.41218e-03
1466.000 1.41300e-03
1471.000 1.41382e-03
1476.000 1.41464e-03
1481.000 1.41547e-03
1486.000 1.41629e-03
1491.000 1.41711e-03
1496.000 1.41793e-03
1501.000 1.41875e-03
1506.000 1.41958e-03
1511.000 1.42040e-03
1516.000 1.42122e-03
1521.000 1.42204e-03
1526.000 1.42286e-03
1531.000 1.42369e-03
1536.000 1.42451e-03
1541.000 1.42533e-03
1546.000 1.42615e-03
1551.000 1.42697e-03
1556.000 1.42780e-03
1561.000 1.42862e-03
1566.000 1.42944e-03
1571.000 1.43026e-03
1576.000 1.43108e-03
1581.000 1.43191e-03
1586.000 1.43273e-03
1591.000 1.43355e-03
1596.000 1.43437e-03
1601.000 1.43519e-03
1606.000 1.43602e-03
1611.000 1.43684e-03
1616.000 1.43766e-03
1621.000 1.43848e-03
1626.000 1.43930e-03
1631.000 1.44013e-03
1636.000 1.44095e-03
1641.000 1.44177e-03
1646.000 1.44259e-03
1651.000 1.44341e-03
1656.000 1.44424e-03
1661.000 1.44506e-03
1666.000 1.44588e-03
1671.000 1.44670e-03
1676.000 1.44753e-03
1681.000 1.44835e-03
1686.000 1.44917e-03
1691.000 1.44999e-03
1696.000 1.45081e-03
1701.000 1.45164e-03
1706.000 1.45246e-03
1711.000 1.45328e-03
1716.000 1.45410e-03
1721.000 1.45492e-03
1726.000 1.45575e-03
1731.000 1.45657e-03
1736.000 1.45739e-03
1741.000 1.45821e-03
1746.000 1.45903e-03
1751.000 1.45986e-03
1756.000 1.46068e-03
1761.000 1.46150e-03
1766.000 1.46232e-03
1771.000 1.46314e-03
1776.000 1.46397e-03
1781.000 1.46479e-03
1786.000 1.46561e-03
1791.000 1.46643e-03
1796.000 1.46725e-03
1801.000 1.46808e-03
1806.000 1.46890e-03
1811.000 1.46972e-03
1816.000 1.47054e-03
1821.000 1.47136e-03
1826.000 1.47219e-03
1831.000 1.47301e-03
1836.000 1.47383e-03
1841.000 1.47465e-03
1846.000 1.47547e-03
1851.000 1.47630e-03
1856.000 1.47712e-03
1861.000 1.47794e-03
1866.000 1.47876e-03
1871.000 1.47958e-03
1876.000 1.48041e-03
1881.000 1.48123e-03
1886.000 1.48205e-03
1891.000 1.48287e-03
1896.000 1.48370e-03
1901.000 1.48452e-03
1906.000 1.48534e-03
1911.000 1.48616e-03
1916.000 1.48698e-03
1921.000 1.48781e-03
1926.000 1.48863e-03
1931.000 1.48945e-03
1936.000 1.49027e-03
1941.000 1.49109e-03
1946.000 1.49192e-03
1951.000 1.49274e-03
1956.000 1.49356e-03
1961.000 1.49438e-03
1966.000 1.49520e-03
1971.000 1.49603e-03
1976.000 1.49685e-03
1981.000 1.49767e-03
1986.000 1.49849e-03
1991.000 1.49931e-03
1996.000 1.50014e-03
2001.000 1.50096e-03
2006.000 1.50178e-03
2011.000 1.50260e-03
2016.000 1.50342e-03
2021.000 1.50425e-03
2026.000 1.50507e-03
2031.000 1.50589e-03
2036.000 1.50671e-03
2041.000 1.50753e-03
2046.000 1.50836e-03
2051.000 1.50918e-03
2056.000 1.51000e-03
2061.000 1.51082e-03
2066.000 1.51164e-03
2071.000 1.51247e-03
2076.000 1.51329e-03
2081.000 1.51411e-03
2086.000 1.51493e-03
2091.000 1.51575e-03
2096.000 1.51658e-03
2101.000 1.51740e-03
2106.000 1.51822e-03
2111.000 1.51904e-03
2116.000 1.51987e-03
2121.000 1.52069e-03
2126.000 1.52151e-03
2131.000 1.52233e-03
2136.000 1.52315e-03
2141.000 1.52398e-03
2146.000 1.52480e-03
2151.000 1.52562e-03
2156.000 1.52644e-03
2161.000 1.52726e-03
2166.000 1.52809e-03
2171.000 1.52891e-03
2176.000 1.52973e-03
2181.000 1.53055e-03
2186.000 1.53137e-03
2191.000 1.53220e-03
2196.000 1.53302e-03
2201.000 1.53384e-03
2206.000 1.53466e-03
2211.000 1.53548e-03
2216.000 1.53631e-03
2221.000 1.53713e-03
2226.000 1.53795e-03
2231.000 1.53877e-03
2236.000 1.53959e-03
2241.000 1.54042e-03
2246.000 1.54124e-03
2251.000 1.54206e-03
2256.000 1.54288e-03
2261.000 1.54370e-03
2266.000 1.54453e-03
2271.000 1.54535e-03
2276.000 1.54617e-03
2281.000 1.54699e-03
2286.000 1.54781e-03
2291.000 1.54864e-03
2296.000 1.54946e-03
2301.000 1.55028e-03
2306.000 1.55110e-03
2311.000 1.55192e-03
2316.000 1.55275e-03
2321.000 1.55357e-03
2326.000 1.55439e-03
2331.000 1.55521e-03
2336.000 1.55604e-03
2341.000 1.55686e-03
2346.000 1.55768e-03
2351.000 1.55850e-03
2356.000 1.55932e-03
2361.000 1.56015e-03
2366.000 1.56097e-03
2371.000 1.56179e-03
2376.000 1.56261e-03
2381.000 1.56343e-03
2386.000 1.56426e-03
2391.000 1.56508e-03
2396.000 1.56590e-03
2401.000 1.56672e-03
2406.000 1.56754e-03
2411.000 1.56837e-03
2416.000 1.56919e-03
2421.000 1.57001e-03
2426.000 1.57083e-03
2431.000 1.57165e-03
2436.000 1.57248e-03
2441.000 1.57330e-03
2446.000 1.57412e-03
2451.000 1.57494e-03
2456.000 1.57576e-03
2461.000 1.57659e-03
2466.000 1.57741e-03
2471.000 1.57823e-03
2476.000 1.57905e-03
2481.000 1.57987e-03
2486.000 1.58070e-03
2491.000 1.58152e-03
2496.000 1.58234e-03
2501.000 1.58316e-03
2506.000 1.58398e-03
2511.000 1.58481e-03
2516.000 1.58563e-03
2521.000 1.58645e-03
2526.000 1.58727e-03
2531.000 1.58809e-03
2536.000 1.58892e-03
2541.000 1.58974e-03
2546.000 1.59056e-03
2551.000 1.59138e-03
2556.000 1.59221e-03
2561.000 1.59303e-03
2566.000 1.59385e-03
2571.000 1.59467e-03
2576.000 1.59549e-03
2581.000 1.59632e-03
2586.000 1.59714e-03
2591.000 1.59796e-03
2596.000 1.59878e-03
2601.000 1.59960e-03
2606.000 1.60043e-03
2611.000 1.60125e-03
2616.000 1.60207e-03
2621.000 1.60289e-03
2626.000 1.60371e-03
2631.000 1.60454e-03
2636.000 1.60536e-03
2641.000 1.60618e-03
2646.000 1.60700e-03
2651.000 1.60782e-03
2656.000 1.60865e-03
2661.000 1.60947e-03
2666.000 1.61029e-03
2671.000 1.61111e-03
2676.000 1.61193e-03
2681.000 1.61276e-03
2686.000 1.61358e-03
2691.000 1.61440e-03
2696.000 1.61522e-03
2701.000 1.61604e-03
2706.000 1.61687e-03
2711.000 1.61769e-03
2716.000 1.61851e-03
2721.000 1.61933e-03
2726.000 1.62015e-03
2731.000 1.62098e-03
2736.000 1.62180e-03
2741.000 1.62262e-03
2746.000 1.62344e-03
2751.000 1.62426e-03
2756.000 1.62509e-03
2761.000 1.62591e-03
2766.000 1.62673e-03
2771.000 1.62755e-03
2776.000 1.62838e-03
2781.000 1.62920e-03
2786.000 1.63002e-03
2791.000 1.63084e-03
2796.000 1.63166e-03
2801.000 1.63249e-03
2806.000 1.63331e-03
2811.000 1.63413e-03
2816.000 1.63495e-03
2821.000 1.63577e-03
2826.000 1.63660e-03
2831.000 1.63742e-03
2836.000 1.63824e-03
2841.000 1.63906e-03
2846.000 1.63988e-03
2851.000 1.64071e-03
2856.000 1.64153e-03
2861.000 1.64235e-03
2866.000 1.64317e-03
2871.000 1.64399e-03
2876.000 1.64482e-03
2881.000 1.64564e-03
2886.000 1.64646e-03
2891.000 1.64728e-03
2896.000 1.64810e-03
2901.000 1.64893e-03
2906.000 1.64975e-03
2911.000 1.65057e-03
2916.000 1.65139e-03
2921.000 1.65221e-03
2926.000 1.65304e-03
2931.000 1.65386e-03
2936.000 1.65468e-03
2941.000 1.65550e-03
2946.000 1.65632e-03
2951.000 1.65715e-03
2956.000 1.65797e-03
2961.000 1.65879e-03
2966.000 1.65961e-03
2971.000 1.66043e-03
2976.000 1.66126e-03
2981.000 1.66208e-03
2986.000 1.66290e-03
2991.000 1.66372e-03
2996.000 1.66455e-03
3001.000 1.66537e-03
3006.000 1.66619e-03
3011.000 1.66701e-03
3016.000 1.66783e-03
3021.000 1.66866e-03
3026.000 1.66948e-03
3031.000 1.67030e-03
3036.000 1.67112e-03
3041.000 1.67194e-03
3046.000 1.67277e-03
3051.000 1.67359e-03
3056.000 1.67441e-03
3061.000 1.67523e-03
3066.000 1.67605e-03
3071.000 1.67688e-03
3076.000 1.67770e-03
3081.000 1.67852e-03
3086.000 1.67934e-03
3091.000 1.68016e-03
3096.000 1.68099e-03
3101.000 1.68181e-03
3106.000 1.68263e-03
3111.000 1.68345e-03
3116.000 1.68427e-03
3121.000 1.68510e-03
3126.000 1.68592e-03
3131.000 1.68674e-03
3136.000 1.68756e-03
3141.000 1.68838e-03
3146.000 1.68921e-03
3151.000 1.69003e-03
3156.000 1.69085e-03
3161.000 1.69167e-03
3166.000 1.69249e-03
3171.000 1.69332e-03
3176.000 1.69414e-03
3181.000 1.69496e-03
3186.000 1.69578e-03
3191.000 1.69660e-03
3196.000 1.69743e-03
3201.000 1.69825e-03
3206.000 1.69907e-03
3211.000 1.69989e-03
3216.000 1.70072e-03
3221.000 1.70154e-03
3226.000 1.70236e-03
3231.000 1.70318e-03
3236.000 1.70400e-03
3241.000 1.70483e-03
3246.000 1.70565e-03
3251.000 1.70647e-03
3256.000 1.70729e-03
3261.000 1.70811e-03
3266.000 1.70894e-03
3271.000 1.70976e-03
3276.000 1.71058e-03
3281.000 1.71140e-03
3286.000 1.71222e-03
3291.000 1.71305e-03
3296.000 1.71387e-03
3301.000 1.71469e-03
3306.000 1.71551e-03
3311.000 1.71633e-03
3316.000 1.71716e-03
3321.000 1.71798e-03
3326.000 1.71880e-03
3331.000 1.71962e-03
3336.000 1.72044e-03
3341.000 1.72127e-03
3346.000 1.72209e-03
3351.000 1.72291e-03
3356.000 1.72373e-03
3361.000 1.72455e-03
3366.000 1.72538e-03
3371.000 1.72620e-03
3376.000 1.72702e-03
3381.000 1.72784e-03
3386.000 1.72866e-03
3391.000 1.72949e-03
3396.000 1.73031e-03
3401.000 1.73113e-03
3406.000 1.73195e-03
3411.000 1.73277e-03
3416.000 1.73360e-03
3421.000 1.73442e-03
3426.000 1.73524e-03
3431.000 1.73606e-03
3436.000 1.73689e-03
3441.000 1.73771e-03
3446.000 1.73853e-03
3451.000 1.73935e-03
3456.000 1.74017e-03
3461.000 1.74100e-03
3466.000 1.74182e-03
3471.000 1.74264e-03
3476.000 1.74346e-03
3481.000 1.74428e-03
3486.000 1.74511e-03
3491.000 1.74593e-03
3496.000 1.74675e-03
3501.000 1.74757e-03
3506.000 1.74839e-03
3511.000 1.74922e-03
3516.000 1.75004e-03
3521.000 1.75086e-03
3526.000 1.75168e-03
3531.000 1.75250e-03
3536.000 1.75333e-03
3541.000 1.75415e-03
3546.000 1.75497e-03
3551.000 1.75579e-03
3556.000 1.75661e-03
3561.000 1.75744e-03
3566.000 1.75826e-03
3571.000 1.75908e-03
3576.000 1.75990e-03
3581.000 1.76072e-03
3586.000 1.76155e-03
3591.000 1.76237e-03
3596.000 1.76319e-03
3601.000 1.76401e-03
3606.000 1.76483e-03
3611.000 1.76566e-03
3616.000 1.76648e-03
3621.000 1.76730e-03
3626.000 1.76812e-03
3631.000 1.76894e-03
3636.000 1.76977e-03
3641.000 1.77059e-03
3646.000 1.77141e-03
3651.000 1.77223e-03
3656.000 1.77306e-03
3661.000 1.77388e-03
3666.000 1.77470e-03
3671.000 1.77552e-03
3676.000 1.77634e-03
3681.000 1.77717e-03
3686.000 1.77799e-03
3691.000 1.77881e-03
3696.000 1.77963e-03
3701.000 1.78045e-03
3706.000 1.78128e-03
3711.000 1.78210e-03
3716.000 1.78292e-03
3721.000 1.78374e-03
3726.000 1.78456e-03
3731.000 1.78539e-03
3736.000 1.78621e-03
3741.000 1.78703e-03
3746.000 1.78785e-03
3751.000 1.78867e-03
3756.000 1.78950e-03
3761.000 1.79032e-03
3766.000 1.79114e-03
3771.000 1.79196e-03
3776.000 1.79278e-03
3781.000 1.79361e-03
3786.000 1.79443e-03
3791.000 1.79525e-03
3796.000 1.79607e-03
3801.000 1.79689e-03
3806.000 1.79772e-03
3811.000 1.79854e-03
3816.000 1.79936e-03
3821.000 1.80018e-03
3826.000 1.80100e-03
3831.000 1.80183e-03
3836.000 1.80265e-03
3841.000 1.80347e-03
3846.000 1.80429e-03
3851.000 1.80511e-03
3856.000 1.80594e-03
3861.000 1.80676e-03
3866.000 1.80758e-03
3871.000 1.80840e-03
3876.000 1.80923e-03
3881.000 1.81005e-03
3886.000 1.81087e-03
3891.000 1.81169e-03
3896.000 1.81251e-03
3901.000 1.81334e-03
3906.000 1.81416e-03
3911.000 1.81498e-03
3916.000 1.81580e-03
3921.000 1.81662e-03
3926.000 1.81745e-03
3931.000 1.81827e-03
3936.000 1.81909e-03
3941.000 1.81991e-03
3946.000 1.82073e-03
3951.000 1.82156e-03
3956.000 1.82238e-03
3961.000 1.82320e-03
3966.000 1.82402e-03
3971.000 1.82484e-03
3976.000 1.82567e-03
3981.000 1.82649e-03
3986.000 1.82731e-03
3991.000 1.82813e-03
3996.000 1.82895e-03
4001.000 1.82978e-03
4006.000 1.83060e-03
4011.000 1.83142e-03
4016.000 1.83224e-03
4021.000 1.83306e-03
4026.000 1.83389e-03
4031.000 1.83471e-03
4036.000 1.83553e-03
4041.000 1.83635e-03
4046.000 1.83717e-03
4051.000 1.83800e-03
4056.000 1.83882e-03
4061.000 1.83964e-03
4066.000 1.84046e-03
4071.000 1.84128e-03
4076.000 1.84211e-03
4081.000 1.84293e-03
4086.000 1.84375e-03
4091.000 1.84457e-03
4096.000 1.84540e-03
4101.000 1.84622e-03
4106.000 1.84704e-03
4111.000 1.84786e-03
4116.000 1.84868e-03
4121.000 1.84951e-03
4126.000 1.85033e-03
4131.000 1.85115e-03
4136.000 1.85197e-03
4141.000 1.85279e-03
4146.000 1.85362e-03
4151.000 1.85444e-03
4156.000 1.85526e-03
4161.000 1.85608e-03
4166.000 1.85690e-03
4171.000 1.85773e-03
4176.000 1.85855e-03
4181.000 1.85937e-03
4186.000 1.86019e-03
4191.000 1.86101e-03
4196.000 1.86184e-03
4201.000 1.86266e-03
4206.000 1.86348e-03
4211.000 1.86430e-03
4216.000 1.86512e-03
4221.000 1.86595e-03
4226.000 1.86677e-03
4231.000 1.86759e-03
4236.000 1.86841e-03
4241.000 1.86923e-03
4246.000 1.87006e-03
4251.000 1.87088e-03
4256.000 1.87170e-03
4261.000 1.87252e-03
4266.000 1.87334e-03
4271.000 1.87417e-03
4276.000 1.87499e-03
4281.000 1.87581e-03
4286.000 1.87663e-03
4291.000 1.87745e-03
4296.000 1.87828e-03
4301.000 1.87910e-03
4306.000 1.87992e-03
4311.000 1.88074e-03
4316.000 1.88157e-03
4321.000 1.88239e-03
4326.000 1.88321e-03
4331.000 1.88403e-03
4336.000 1.88485e-03
4341.000 1.88568e-03
4346.000 1.88650e-03
4351.000 1.88732e-03
4356.000 1.88814e-03
4361.000 1.88896e-03
4366.000 1.88979e-03
4371.000 1.89061e-03
4376.000 1.89143e-03
4381.000 1.89225e-03
4386.000 1.89307e-03
4391.000 1.89390e-03
4396.000 1.89472e-03
4401.000 1.89554e-03
4406.000 1.89636e-03
4411.000 1.89718e-03
4416.000 1.89801e-03
4421.000 1.89883e-03
4426.000 1.89965e-03
4431.000 1.90047e-03
4436.000 1.90129e-03
4441.000 1.90212e-03
4446.000 1.90294e-03
4451.000 1.90376e-03
4456.000 1.90458e-03
4461.000 1.90540e-03
4466.000 1.90623e-03
4471.000 1.90705e-03
4476.000 1.90787e-03
4481.000 1.90869e-03
4486.000 1.90951e-03
4491.000 1.91034e-03
4496.000 1.91116e-03
4501.000 1.91198e-03
4506.000 1.91280e-03
4511.000 1.91362e-03
4516.000 1.91445e-03
4521.000 1.91527e-03
4526.000 1.91609e-03
4531.000 1.91691e-03
4536.000 1.91774e-03
4541.000 1.91856e-03
4546.000 1.91938e-03
4551.000 1.92020e-03
4556.000 1.92102e-03
4561.000 1.92185e-03
4566.000 1.92267e-03
4571.000 1.92349e-03
4576.000 1.92431e-03
4581.000 1.92513e-03
4586.000 1.92596e-03
4591.000 1.92678e-03
4596.000 1.92760e-03
4601.000 1.92842e-03
4606.000 1.92924e-03
4611.000 1.93007e-03
4616.000 1.93089e-03
4621.000 1.93171e-03
4626.000 1.93253e-03
4631.000 1.93335e-03
4636.000 1.93418e-03
4641.000 1.93500e-03
4646.000 1.93582e-03
4651.000 1.93664e-03
4656.000 1.93746e-03
4661.000 1.93829e-03
4666.000 1.93911e-03
4671.000 1.93993e-03
4676.000 1.94075e-03
4681.000 1.94157e-03
4686.000 1.94240e-03
4691.000 1.94322e-03
4696.000 1.94404e-03
4701.000 1.94486e-03
4706.000 1.94568e-03
4711.000 1.94651e-03
4716.000 1.94733e-03
4721.000 1.94815e-03
4726.000 1.94897e-03
4731.000 1.94979e-03
4736.000 1.95062e-03
4741.000 1.95144e-03
4746.000 1.95226e-03
4751.000 1.95308e-03
4756.000 1.95391e-03
4761.000 1.95473e-03
4766.000 1.95555e-03
4771.000 1.95637e-03
4776.000 1.95719e-03
4781.000 1.95802e-03
4786.000 1.95884e-03
4791.000 1.95966e-03
4796.000 1.96048e-03
4801.000 1.96130e-03
4806.000 1.96213e-03
4811.000 1.96295e-03
4816.000 1.96377e-03
4821.000 1.96459e-03
4826.000 1.96541e-03
4831.000 1.96624e-03
4836.000 1.96706e-03
4841.000 1.96788e-03
4846.000 1.96870e-03
4851.000 1.96952e-03
4856.000 1.97035e-03
4861.000 1.97117e-03
4866.000 1.97199e-03
4871.000 1.97281e-03
4876.000 1.97363e-03
4881.000 1.97446e-03
4886.000 1.97528e-03
4891.000 1.97610e-03
4896.000 1.97692e-03
4901.000 1.97774e-03
4906.000 1.97857e-03
4911.000 1.97939e-03
4916.000 1.98021e-03
4921.000 1.98103e-03
4926.000 1.98185e-03
4931.000 1.98268e-03
4936.000 1.98350e-03
4941.000 1.98432e-03
4946.000 1.98514e-03
4951.000 1.98596e-03
4956.000 1.98679e-03
4961.000 1.98761e-03
4966.000 1.98843e-03
4971.000 1.98925e-03
4976.000 1.99008e-03
4981.000 1.99090e-03
4986.000 1.99172e-03
4991.000 1.99254e-03
4996.000 1.99336e-03
5001.000 1.99419e-03
-END-OF-DATA-
force pCO2 follows the value above (in ppm)
