  -3.5114962e-01
  -1.4030528e-01
  -1.1009505e-01
  -2.7825314e-01
  -5.7534467e-01
  -8.4485203e-01
  -1.0345297e+00
  -1.2685015e+00
  -1.5927577e+00
  -1.9460680e+00
  -2.2969296e+00
  -2.4995184e+00
  -2.5184469e+00
  -2.4011423e+00
  -2.2148669e+00
  -2.0048108e+00
  -1.7045814e+00
  -1.3919375e+00
  -1.2170417e+00
  -1.2079344e+00
  -1.3289119e+00
  -1.4719044e+00
  -1.5920327e+00
  -1.6388577e+00
  -1.6241400e+00
  -1.5846556e+00
  -1.5639797e+00
  -1.5854712e+00
  -1.6378572e+00
  -1.6315936e+00
  -1.5031122e+00
  -1.2873691e+00
  -1.1100103e+00
  -9.8765451e-01
  -8.2233884e-01
  -5.9308678e-01
  -7.6707017e-01
  -3.5357949e-01
   2.0434588e-02
   6.1867364e-02
  -4.0051898e-01
  -1.1687785e+00
  -1.7528396e+00
  -2.2625673e+00
  -2.5917878e+00
  -2.8246269e+00
  -3.0431969e+00
  -2.9909077e+00
  -2.7664821e+00
  -2.3724859e+00
  -1.9951859e+00
  -1.8168756e+00
  -1.6049154e+00
  -1.4317138e+00
  -1.5368608e+00
  -1.8234322e+00
  -1.9846134e+00
  -2.0114031e+00
  -1.9415432e+00
  -1.7698216e+00
  -1.5775107e+00
  -1.3462745e+00
  -1.1568972e+00
  -1.0043597e+00
  -9.9465120e-01
  -1.0000831e+00
  -5.2165359e-01
   1.8716198e-01
   2.8176308e-01
  -1.0605119e-01
  -5.3465098e-01
  -8.0887341e-01
   6.7261827e-01
   9.7352761e-01
   1.2299489e+00
   1.4065406e+00
   1.3663216e+00
   1.0149076e+00
   8.6646861e-01
   8.2857251e-01
   9.7368097e-01
   1.1273596e+00
   1.0885549e+00
   1.1417009e+00
   1.0122842e+00
   7.6724041e-01
   8.7656665e-01
   1.0946085e+00
   1.1052775e+00
   9.0782142e-01
   6.8244505e-01
   4.3436965e-01
   3.6785448e-01
   3.9859951e-01
   5.5709803e-01
   8.3341932e-01
   9.9400151e-01
   1.2377582e+00
   1.3856144e+00
   1.5589721e+00
   1.7586510e+00
   1.5583700e+00
   1.6764499e+00
   2.2499151e+00
   2.3302801e+00
   1.7981308e+00
   1.1114020e+00
   7.0075256e-01
   1.9152605e+00
   2.1729929e+00
   2.8727169e+00
   2.5837494e+00
   2.2271297e+00
   3.0645187e+00
   3.7526591e+00
   4.2405882e+00
   4.4718781e+00
   4.6833816e+00
   4.8251696e+00
   4.6428065e+00
   4.1753078e+00
   3.1581216e+00
   2.8427267e+00
   2.9528826e+00
   2.6988499e+00
   2.7446222e+00
   2.9256595e+00
   2.9662533e+00
   2.9419699e+00
   2.9600269e+00
   3.0451610e+00
   3.2317457e+00
   3.3429104e+00
   3.4192772e+00
   3.5127132e+00
   3.4749355e+00
   3.6058426e+00
   3.2024245e+00
   2.6467467e+00
   2.9979210e+00
   3.4672771e+00
   3.3819978e+00
   2.6027050e+00
   1.9921393e+00
   2.8469226e+00
   2.9190557e+00
   4.5508137e+00
   4.0733461e+00
   3.0249527e+00
   4.7883778e+00
   5.8272376e+00
   6.3245325e+00
   6.4685087e+00
   6.4197435e+00
   6.4438047e+00
   6.0384483e+00
   5.6360598e+00
   4.6404128e+00
   4.3671517e+00
   4.2713642e+00
   3.9581325e+00
   4.5353222e+00
   4.8209229e+00
   4.9175215e+00
   4.8875203e+00
   4.8660913e+00
   4.7567587e+00
   4.6036983e+00
   4.6375537e+00
   4.4258351e+00
   4.4491978e+00
   4.2833657e+00
   4.2015228e+00
   3.6246200e+00
   2.7555094e+00
   3.1549196e+00
   3.7771428e+00
   4.2967629e+00
   3.9891973e+00
   3.2158566e+00
   3.5179453e+00
   3.2708478e+00
   5.0243621e+00
   5.2179422e+00
   4.4732199e+00
   5.9475536e+00
   6.6942530e+00
   6.9529772e+00
   6.9716434e+00
   6.4388628e+00
   5.9378543e+00
   5.4999361e+00
   5.4715233e+00
   5.2108865e+00
   4.9921751e+00
   4.7626314e+00
   4.8330822e+00
   5.4913168e+00
   5.6145253e+00
   5.6774979e+00
   5.6104946e+00
   5.4991450e+00
   5.2354584e+00
   4.8293643e+00
   4.6810226e+00
   4.3473644e+00
   4.2411265e+00
   4.0971298e+00
   4.0077333e+00
   3.4728353e+00
   2.7415595e+00
   2.8794286e+00
   3.0371192e+00
   3.6994154e+00
   4.2596331e+00
   4.0307140e+00
   3.2891901e+00
   2.8868748e+00
   4.0152516e+00
   5.1676440e+00
   5.5599530e+00
   5.9395101e+00
   5.9995708e+00
   6.0018113e+00
   5.7067630e+00
   4.8728185e+00
   4.1263180e+00
   3.8059509e+00
   4.1047964e+00
   4.4567551e+00
   3.9931679e+00
   3.6899090e+00
   4.1399431e+00
   4.5663219e+00
   4.6997700e+00
   4.8027476e+00
   4.6983047e+00
   4.4708042e+00
   4.1284633e+00
   3.7482602e+00
   3.4413495e+00
   3.1709527e+00
   3.0148834e+00
   2.9798236e+00
   3.1246232e+00
   2.9106833e+00
   2.4152672e+00
   1.9753084e+00
   1.6275283e+00
   1.9856210e+00
   2.9319581e+00
   3.5521292e+00
   1.8228960e+00
   1.5768609e+00
   2.3098599e+00
   3.8897114e+00
   4.8958397e+00
   4.5174649e+00
   3.9089513e+00
   3.4634793e+00
   2.9100527e+00
   2.3065965e+00
   1.8804520e+00
   1.7459555e+00
   1.9841989e+00
   2.2380521e+00
   1.6786663e+00
   1.2815477e+00
   1.6667464e+00
   2.0828351e+00
   2.3505933e+00
   2.5382915e+00
   2.4592105e+00
   2.1487784e+00
   1.7811134e+00
   1.5383899e+00
   1.2727087e+00
   1.0949768e+00
   1.0448206e+00
   1.1429749e+00
   1.5148191e+00
   1.6271648e+00
   1.2138956e+00
   6.2247419e-01
   3.8391420e-01
   4.6619704e-01
   9.6262062e-01
   1.7055774e+00
  -3.3869681e-01
  -2.2718532e-01
   5.1135492e-01
   1.8430200e+00
   2.5342023e+00
   2.0226524e+00
   1.0728899e+00
   3.3446349e-02
  -3.9712408e-01
  -3.6530164e-01
  -3.3020467e-01
  -2.9298019e-01
  -4.7913277e-01
  -7.7753508e-01
  -1.0815935e+00
  -1.5127573e+00
  -1.4578171e+00
  -8.9792931e-01
  -5.4367340e-01
  -3.0965945e-01
  -3.2326695e-01
  -6.2273544e-01
  -9.7231919e-01
  -1.1189280e+00
  -1.2114195e+00
  -1.2963687e+00
  -1.1876857e+00
  -1.0176824e+00
  -6.1993527e-01
  -4.0561655e-01
  -7.7201056e-01
  -7.8154546e-01
  -2.2657704e-01
  -2.0198648e-01
  -6.1912340e-01
  -6.0068166e-01
  -2.4407253e+00
  -1.9706832e+00
  -1.1857523e+00
  -5.1263052e-01
  -6.1742568e-01
  -9.5903099e-01
  -1.8563597e+00
  -3.3575580e+00
  -3.2447450e+00
  -2.5032821e+00
  -2.2909503e+00
  -2.1897008e+00
  -2.9214730e+00
  -3.7279954e+00
  -3.6112192e+00
  -3.9148324e+00
  -4.1107235e+00
  -3.5597746e+00
  -3.1964834e+00
  -2.9949446e+00
  -2.9588592e+00
  -3.1308458e+00
  -3.4275382e+00
  -3.5412900e+00
  -3.4828060e+00
  -3.4436719e+00
  -3.2419374e+00
  -3.1230171e+00
  -2.9349229e+00
  -2.8638935e+00
  -3.0378642e+00
  -1.9609580e+00
  -2.2092864e-01
  -1.1689423e-01
  -1.4386876e+00
  -2.4703767e+00
  -3.6205480e+00
  -3.2714758e+00
  -3.1306904e+00
  -3.2607064e+00
  -3.6395944e+00
  -4.0977783e+00
  -4.6088971e+00
  -5.5633692e+00
  -4.6700503e+00
  -3.6505394e+00
  -3.9365796e+00
  -4.2482295e+00
  -5.1402130e+00
  -5.7617504e+00
  -5.5579456e+00
  -5.4320774e+00
  -5.4438677e+00
  -5.4194619e+00
  -5.0294568e+00
  -4.9693829e+00
  -4.9494470e+00
  -4.8186445e+00
  -5.0139559e+00
  -5.0925148e+00
  -5.0826210e+00
  -4.8902861e+00
  -4.7985213e+00
  -4.9958086e+00
  -5.3083631e+00
  -5.5234348e+00
  -5.0945822e+00
  -2.8140743e+00
   9.3451481e-02
   2.1622426e-01
  -1.4978971e+00
  -2.9489364e+00
  -3.1342561e+00
  -3.5652829e+00
  -4.0934486e+00
  -4.5154185e+00
  -4.3878383e+00
  -4.9121637e+00
  -5.1346722e+00
  -4.7934355e+00
  -3.8193383e+00
  -3.2549660e+00
  -4.1667867e+00
  -5.0767689e+00
  -5.4749351e+00
  -5.5940626e+00
  -5.5693159e+00
  -5.4327326e+00
  -5.2582601e+00
  -5.3231730e+00
  -5.0270081e+00
  -4.9173025e+00
  -4.8738403e+00
  -4.5972586e+00
  -4.6601762e+00
  -4.7700081e+00
  -4.8496666e+00
  -4.7888388e+00
  -4.9013042e+00
  -5.4028387e+00
  -5.9943726e+00
  -6.2500267e+00
  -5.5100269e+00
  -3.0223006e+00
  -2.8814140e-01
  -5.4999657e-02
  -1.0784277e+00
  -2.0027838e+00
  -2.5619843e+00
  -3.5093112e+00
  -4.2440157e+00
  -4.7242398e+00
  -4.3598547e+00
  -4.6539416e+00
  -4.4397745e+00
  -3.4204650e+00
  -2.6518312e+00
  -2.4829483e+00
  -3.7959571e+00
  -4.8935256e+00
  -4.9800267e+00
  -4.8910484e+00
  -4.8815589e+00
  -5.0215187e+00
  -4.8283491e+00
  -4.7092085e+00
  -4.5258565e+00
  -4.2452621e+00
  -4.1413932e+00
  -3.8633568e+00
  -3.8458879e+00
  -4.0180454e+00
  -4.1600595e+00
  -4.2987728e+00
  -4.5622749e+00
  -5.1703587e+00
  -5.7699718e+00
  -5.9674993e+00
  -5.2824526e+00
  -3.1814208e+00
  -1.0199184e+00
  -4.5752239e-01
  -5.4392141e-01
  -1.1052637e+00
  -2.0232301e+00
  -3.3012795e+00
  -4.0564666e+00
  -4.4998717e+00
  -4.0714576e+00
  -4.0385218e+00
  -3.2660451e+00
  -1.9527498e+00
  -1.4879775e+00
  -1.6150857e+00
  -3.1925015e+00
  -4.2604084e+00
  -4.1824236e+00
  -4.0349777e+00
  -3.9895132e+00
  -4.4125314e+00
  -4.2530592e+00
  -3.9672534e+00
  -3.8698242e+00
  -3.4203975e+00
  -3.2463176e+00
  -3.0183008e+00
  -2.9751350e+00
  -3.1979978e+00
  -3.4102144e+00
  -3.7311005e+00
  -4.1069093e+00
  -4.7106042e+00
  -5.1980584e+00
  -5.3060107e+00
  -4.7983766e+00
  -3.3592577e+00
  -1.8403159e+00
  -8.5059398e-01
   2.5750575e-02
  -2.7139497e-01
  -1.6312082e+00
  -2.8716699e+00
  -3.5078289e+00
  -3.8258166e+00
  -3.7057181e+00
  -3.2684208e+00
  -1.4407483e+00
  -5.8995388e-01
  -5.2380803e-01
  -6.5174710e-01
  -2.2760481e+00
  -2.9299936e+00
  -3.0501122e+00
  -3.0687401e+00
  -2.9955881e+00
  -3.3523051e+00
  -3.2171127e+00
  -3.2378262e+00
  -3.0921107e+00
  -2.6304260e+00
  -2.3789423e+00
  -2.2288361e+00
  -2.3296347e+00
  -2.5124507e+00
  -2.8951777e+00
  -3.2576737e+00
  -3.6779925e+00
  -4.0647881e+00
  -4.2703690e+00
  -4.2721099e+00
  -3.9881653e+00
  -3.7540523e+00
  -2.7506107e+00
  -1.0983209e+00
   7.3729431e-01
   5.6983389e-01
  -9.5909190e-01
  -2.7670543e+00
  -3.6701393e+00
  -3.7241786e+00
  -3.8135803e+00
  -3.2156701e+00
  -9.5706832e-01
  -3.6491585e-01
  -4.8877710e-01
  -5.0183338e-01
  -1.8719535e+00
  -2.4549217e+00
  -2.5944176e+00
  -2.7778833e+00
  -2.7470429e+00
  -2.3003545e+00
  -2.1284590e+00
  -2.8829036e+00
  -2.9611106e+00
  -2.8462324e+00
  -2.5706704e+00
  -2.4872274e+00
  -2.7884176e+00
  -2.8522954e+00
  -3.2708349e+00
  -3.5397387e+00
  -3.8604956e+00
  -4.0488982e+00
  -4.0858517e+00
  -4.0192490e+00
  -3.5138505e+00
  -3.6396713e+00
  -3.0359488e+00
  -1.1406349e+00
   1.0609640e+00
   1.2000890e+00
  -2.7877688e-01
  -2.8838680e+00
  -4.0455408e+00
  -3.7569797e+00
  -3.8995516e+00
  -3.1166573e+00
  -9.8081255e-01
  -4.1560736e-01
  -5.8031088e-01
  -6.2263322e-01
  -1.7683127e+00
  -2.3782516e+00
  -2.4004230e+00
  -2.6730418e+00
  -2.5366244e+00
  -1.6478553e+00
  -1.4553075e+00
  -2.5400259e+00
  -3.0566339e+00
  -3.1284969e+00
  -2.8864689e+00
  -2.9061007e+00
  -3.2791665e+00
  -3.2927337e+00
  -3.5879526e+00
  -3.8589871e+00
  -4.0734334e+00
  -4.1694536e+00
  -4.0852509e+00
  -3.9799054e+00
  -3.2322545e+00
  -3.1354785e+00
  -3.1799600e+00
  -1.3056345e+00
   1.1675376e+00
   1.5240132e+00
   4.8842933e-01
  -3.1186982e+00
  -4.5666199e+00
  -3.8567794e+00
  -3.9857601e+00
  -2.9838797e+00
  -1.2452232e+00
  -6.0168782e-01
  -7.4232417e-01
  -8.8503002e-01
  -1.7928059e+00
  -2.4789038e+00
  -2.3053739e+00
  -2.6425637e+00
  -2.3183844e+00
  -1.1028762e+00
  -8.9467575e-01
  -2.1609351e+00
  -3.2699619e+00
  -3.4763583e+00
  -3.2989552e+00
  -3.4513064e+00
  -3.8448014e+00
  -3.8340743e+00
  -3.9163510e+00
  -4.2346299e+00
  -4.3266258e+00
  -4.3686610e+00
  -4.1707542e+00
  -4.0358088e+00
  -3.0065871e+00
  -2.3870787e+00
  -3.2753294e+00
  -1.5482643e+00
   1.1853943e+00
   1.7439405e+00
   5.4520363e-01
  -3.3983943e+00
  -4.6750183e+00
  -3.3614769e+00
  -3.1770995e+00
  -2.0273111e+00
  -1.1968796e+00
  -8.1017023e-01
  -8.6428279e-01
  -1.2004405e+00
  -1.7696371e+00
  -2.1482229e+00
  -1.9768751e+00
  -2.1937122e+00
  -1.6490928e+00
  -1.0010275e+00
  -7.8314388e-01
  -1.8504417e+00
  -3.3346725e+00
  -3.2077723e+00
  -3.2886147e+00
  -3.6145496e+00
  -3.8650799e+00
  -3.8446741e+00
  -3.6491976e+00
  -4.0556302e+00
  -4.0171461e+00
  -4.0583048e+00
  -3.7193520e+00
  -3.5941217e+00
  -2.4340954e+00
  -1.2970387e+00
  -3.3917243e+00
  -2.1426897e+00
   6.9558775e-01
   1.1463716e+00
  -3.1534147e-01
  -3.3416445e+00
  -4.0777102e+00
  -2.7663445e+00
  -2.3498816e+00
  -1.4689692e+00
  -9.3899858e-01
  -8.4427083e-01
  -9.8739958e-01
  -1.2526510e+00
  -1.5566509e+00
  -1.6998022e+00
  -1.6889424e+00
  -1.8248470e+00
  -1.4925981e+00
  -1.2261896e+00
  -1.1594087e+00
  -2.1249199e+00
  -3.0749063e+00
  -2.7379429e+00
  -2.8920088e+00
  -3.1765010e+00
  -3.3392715e+00
  -3.2800388e+00
  -3.1643658e+00
  -3.4593832e+00
  -3.3825760e+00
  -3.4347975e+00
  -3.1755934e+00
  -3.0788755e+00
  -2.0708058e+00
  -1.2851800e+00
  -3.3065245e+00
  -2.4525187e+00
   1.1349261e-02
   4.0420350e-01
  -1.2047700e+00
  -3.3042910e+00
  -3.5048925e+00
  -2.3210493e+00
  -1.7528720e+00
  -1.1514893e+00
  -8.6446999e-01
  -1.0028908e+00
  -1.2203981e+00
  -1.3856441e+00
  -1.4557046e+00
  -1.4310906e+00
  -1.5541372e+00
  -1.6432081e+00
  -1.5182479e+00
  -1.5482797e+00
  -1.6728737e+00
  -2.4775684e+00
  -2.8668004e+00
  -2.4074349e+00
  -2.5688437e+00
  -2.7791682e+00
  -2.8586264e+00
  -2.7745794e+00
  -2.7559124e+00
  -2.9152915e+00
  -2.8145457e+00
  -2.8853060e+00
  -2.7449501e+00
  -2.6996809e+00
  -1.8687612e+00
  -1.3891463e+00
  -3.2152661e+00
  -2.8240725e+00
  -6.9354320e-01
  -2.6409215e-01
  -2.3581071e+00
  -3.3144840e+00
  -2.8732589e+00
  -2.1494437e+00
  -1.5940739e+00
  -1.3562418e+00
  -1.2388278e+00
  -1.5169084e+00
  -1.7856756e+00
  -1.7597462e+00
  -1.6172552e+00
  -1.5537810e+00
  -1.7720888e+00
  -1.8881907e+00
  -1.9973338e+00
  -2.1838943e+00
  -2.6432724e+00
  -3.0979533e+00
  -2.7465893e+00
  -2.3537446e+00
  -2.3624390e+00
  -2.4033328e+00
  -2.3896013e+00
  -2.3107871e+00
  -2.4475157e+00
  -2.3824263e+00
  -2.2862034e+00
  -2.3984811e+00
  -2.4988088e+00
  -2.5745991e+00
  -2.0201158e+00
  -1.7853909e+00
  -3.0915507e+00
  -3.4460122e+00
  -1.6139450e+00
  -9.0216560e-01
  -2.9243436e+00
  -3.7000790e+00
  -3.2748766e+00
  -3.1658669e+00
  -2.8127564e+00
  -2.6483874e+00
  -2.6445227e+00
  -2.9274501e+00
  -3.0094905e+00
  -2.9048622e+00
  -2.8891620e+00
  -2.8697338e+00
  -3.0794439e+00
  -3.1099366e+00
  -3.0875907e+00
  -3.3724055e+00
  -3.7880707e+00
  -3.7437382e+00
  -3.3465505e+00
  -3.1940855e+00
  -3.0576458e+00
  -2.9826901e+00
  -2.9160477e+00
  -2.8987479e+00
  -3.0155137e+00
  -2.8508719e+00
  -2.8381279e+00
  -2.9646187e+00
  -3.1704460e+00
  -3.3936567e+00
  -2.9075270e+00
  -2.2668063e+00
  -3.3623576e+00
  -4.3058491e+00
  -2.0704801e+00
  -9.1378289e-01
  -3.1782997e+00
  -3.9953301e+00
  -3.8104737e+00
  -4.0014992e+00
  -3.6819730e+00
  -3.6392460e+00
  -3.7246852e+00
  -3.9974988e+00
  -4.0332088e+00
  -3.9304037e+00
  -4.0213709e+00
  -4.0043602e+00
  -4.1577473e+00
  -4.0567675e+00
  -3.9797184e+00
  -4.2742448e+00
  -4.4293532e+00
  -4.2065701e+00
  -3.9312389e+00
  -3.8724456e+00
  -3.7411916e+00
  -3.6679091e+00
  -3.5976388e+00
  -3.6151948e+00
  -3.7092032e+00
  -3.5343599e+00
  -3.5762453e+00
  -3.6602302e+00
  -3.8508041e+00
  -4.0401320e+00
  -3.5381057e+00
  -2.8542204e+00
  -3.6790824e+00
  -4.5494833e+00
  -2.2522459e+00
  -1.0147781e+00
  -3.3146539e+00
  -4.1161509e+00
  -4.1826234e+00
  -4.5046320e+00
  -4.1911469e+00
  -4.3565493e+00
  -4.5350213e+00
  -4.7892213e+00
  -4.8572745e+00
  -4.7939601e+00
  -4.9516835e+00
  -4.9147859e+00
  -4.9883137e+00
  -4.7765441e+00
  -4.7040863e+00
  -4.9435816e+00
  -4.7927313e+00
  -4.5116611e+00
  -4.3743668e+00
  -4.3488507e+00
  -4.2614698e+00
  -4.2333379e+00
  -4.1807127e+00
  -4.2313290e+00
  -4.3158140e+00
  -4.1563530e+00
  -4.2330837e+00
  -4.2529044e+00
  -4.3884506e+00
  -4.4577279e+00
  -3.9787452e+00
  -3.4861445e+00
  -3.9005134e+00
  -4.3990507e+00
  -2.3659992e+00
  -1.2810470e+00
  -3.2592808e+00
  -3.6539317e+00
  -3.7661545e+00
  -3.8439169e+00
  -3.5783376e+00
  -4.1793972e+00
  -4.4646557e+00
  -4.6861627e+00
  -4.9459228e+00
  -4.9818560e+00
  -5.0639012e+00
  -4.9658283e+00
  -4.9320471e+00
  -4.7477698e+00
  -4.8289833e+00
  -4.8656049e+00
  -4.4950266e+00
  -4.3325672e+00
  -4.2194925e+00
  -4.1252446e+00
  -4.0849800e+00
  -4.1502007e+00
  -4.1467513e+00
  -4.2393027e+00
  -4.3667698e+00
  -4.2363649e+00
  -4.2929680e+00
  -4.2321934e+00
  -4.2828588e+00
  -4.0994354e+00
  -3.8513429e+00
  -4.0513328e+00
  -3.6885131e+00
  -3.3739486e+00
  -2.4411702e+00
  -2.0131858e+00
  -2.1366687e+00
  -1.5662556e+00
  -1.1681042e+00
  -8.5576606e-01
  -1.0524223e+00
  -1.8674736e+00
  -2.1522014e+00
  -2.4106691e+00
  -2.6588328e+00
  -2.8416460e+00
  -2.8598423e+00
  -2.6846590e+00
  -2.6981058e+00
  -2.6812742e+00
  -2.7837341e+00
  -2.6574621e+00
  -2.3914623e+00
  -2.3203812e+00
  -2.1749928e+00
  -2.0775504e+00
  -1.9946271e+00
  -2.0420508e+00
  -2.1189010e+00
  -2.2529979e+00
  -2.3497176e+00
  -2.2746909e+00
  -2.3332133e+00
  -2.2830973e+00
  -2.2609212e+00
  -2.1063511e+00
  -2.3207369e+00
  -2.8450885e+00
  -2.1020689e+00
  -1.4898703e+00
  -1.7056233e+00
  -2.0727577e+00
  -3.3642560e-02
   1.0725752e+00
   1.8808832e+00
   2.0856566e+00
   1.5531682e+00
   1.0054383e+00
   8.0343777e-01
   5.5784309e-01
   4.3972722e-01
   2.3403546e-01
   1.8794921e-01
   2.9016474e-01
   2.3256722e-01
   2.3781902e-01
   2.5812590e-01
   4.3446416e-01
   5.7668060e-01
   5.8487105e-01
   6.6032350e-01
   6.5749097e-01
   6.8994009e-01
   6.7569053e-01
   5.5445588e-01
   4.4802064e-01
   4.4201249e-01
   4.3501401e-01
   3.2627937e-01
   3.2635245e-01
   3.4395659e-01
   2.9151779e-01
  -4.4429451e-02
  -3.6914361e-01
   7.2243512e-02
   4.5630071e-01
   9.8601848e-02
  -4.1530308e-01
   2.8084145e+00
   3.9314749e+00
   4.7589536e+00
   4.6375523e+00
   4.0856237e+00
   3.9414258e+00
   3.8528547e+00
   3.7229395e+00
   3.6694767e+00
   3.5418782e+00
   3.4945987e+00
   3.4680753e+00
   3.4581404e+00
   3.5058234e+00
   3.6361523e+00
   3.8460610e+00
   3.8867126e+00
   3.8211656e+00
   3.7820399e+00
   3.6589775e+00
   3.5537581e+00
   3.4755707e+00
   3.3427103e+00
   3.2924781e+00
   3.3279891e+00
   3.2545150e+00
   3.1367025e+00
   3.1046333e+00
   3.0695964e+00
   2.9295664e+00
   2.7147198e+00
   2.5641913e+00
   2.6635823e+00
   2.8835204e+00
   2.7145235e+00
   2.3787432e+00
   5.7000240e+00
   6.3593967e+00
   6.6426644e+00
   6.2603721e+00
   6.0318568e+00
   6.1715263e+00
   6.2188710e+00
   6.2590735e+00
   6.2227682e+00
   6.2193126e+00
   6.2183788e+00
   6.1533550e+00
   6.2133130e+00
   6.2793610e+00
   6.4270195e+00
   6.5967936e+00
   6.5709160e+00
   6.4538836e+00
   6.3141192e+00
   6.1053922e+00
   5.8554853e+00
   5.6389240e+00
   5.5094511e+00
   5.4865554e+00
   5.4744967e+00
   5.4037802e+00
   5.3609050e+00
   5.3456405e+00
   5.2818786e+00
   5.2562073e+00
   5.2558120e+00
   5.1516096e+00
   5.2087916e+00
   5.4616397e+00
   5.4776251e+00
   5.4032348e+00
   7.3890290e+00
   7.5167160e+00
   6.9305572e+00
   6.5757622e+00
   6.7612615e+00
   6.8991031e+00
   7.0756030e+00
   7.2372637e+00
   7.2929663e+00
   7.3711390e+00
   7.4162292e+00
   7.4654736e+00
   7.4723205e+00
   7.4772520e+00
   7.5155391e+00
   7.4989104e+00
   7.4352479e+00
   7.3270411e+00
   7.1621184e+00
   6.9450073e+00
   6.6734242e+00
   6.4026007e+00
   6.2746897e+00
   6.2074999e+00
   6.1259583e+00
   6.1414661e+00
   6.2171039e+00
   6.2718038e+00
   6.2852330e+00
   6.4272942e+00
   6.5057839e+00
   6.4955311e+00
   6.8421416e+00
   7.1340346e+00
   7.1150851e+00
   7.1207113e+00
   6.9107599e+00
   6.8063216e+00
   5.7302227e+00
   5.4477386e+00
   5.7896142e+00
   5.8711791e+00
   6.0938935e+00
   6.3172030e+00
   6.5426335e+00
   6.6610823e+00
   6.6877122e+00
   6.7414546e+00
   6.6070776e+00
   6.5274186e+00
   6.4147806e+00
   6.1922097e+00
   6.0892372e+00
   6.0175295e+00
   5.8929415e+00
   5.7327070e+00
   5.5755053e+00
   5.4546347e+00
   5.3738327e+00
   5.2845950e+00
   5.2656026e+00
   5.3545680e+00
   5.4604979e+00
   5.5769539e+00
   5.6921363e+00
   5.7883921e+00
   5.8207469e+00
   6.1361227e+00
   6.5718803e+00
   6.6144209e+00
   6.6061521e+00
   6.6301174e+00
   4.4880042e+00
   4.1646361e+00
   3.2467377e+00
   2.9311819e+00
   3.2282755e+00
   3.4077537e+00
   3.5542946e+00
   3.8138278e+00
   4.0310683e+00
   4.1793966e+00
   4.1886978e+00
   4.0450768e+00
   3.9317033e+00
   3.8016644e+00
   3.6516490e+00
   3.4960506e+00
   3.3373692e+00
   3.2688465e+00
   3.2132051e+00
   3.1458826e+00
   3.0952239e+00
   3.1131482e+00
   3.1410568e+00
   3.1674440e+00
   3.2919984e+00
   3.3680785e+00
   3.4225903e+00
   3.5122070e+00
   3.5832865e+00
   3.5670216e+00
   3.5891962e+00
   3.9936810e+00
   4.1902304e+00
   4.0861602e+00
   4.2674274e+00
   4.4150257e+00
   6.7253625e-01
   3.9477989e-02
  -4.3884516e-01
  -4.8521405e-01
  -1.5592337e-01
   2.4484612e-02
   2.1692149e-02
   1.7465070e-01
   1.8176553e-01
   2.4476230e-01
   2.8980890e-01
   1.8502769e-01
   2.3267983e-01
   1.1543559e-01
   7.9728164e-02
   1.7024915e-01
   4.4023521e-02
  -1.3302453e-02
   3.5082027e-02
   9.6248448e-02
   9.5049232e-02
   6.9385573e-02
   1.0756993e-01
   2.1051221e-01
   3.3994925e-01
   3.9854792e-01
   4.6605164e-01
   4.9290681e-01
   4.9533391e-01
   5.3555614e-01
   5.0037616e-01
   5.4247123e-01
   6.8934751e-01
   8.4100831e-01
   9.8045957e-01
   9.7622085e-01
  -3.5963488e+00
  -3.8269344e+00
  -3.6471248e+00
  -3.2346530e+00
  -2.9185497e+00
  -2.9538882e+00
  -3.0782127e+00
  -3.0822860e+00
  -3.1602087e+00
  -3.2522123e+00
  -3.2818423e+00
  -3.2571421e+00
  -3.2068455e+00
  -3.2585524e+00
  -3.2118001e+00
  -3.0792475e+00
  -3.0884842e+00
  -3.1073337e+00
  -3.0201876e+00
  -2.8615843e+00
  -2.7434101e+00
  -2.7130580e+00
  -2.6959311e+00
  -2.6735961e+00
  -2.6528656e+00
  -2.5971314e+00
  -2.5113506e+00
  -2.4850035e+00
  -2.4484853e+00
  -2.3869514e+00
  -2.4852676e+00
  -2.6169287e+00
  -2.5038805e+00
  -2.4677329e+00
  -2.8204450e+00
  -3.2628102e+00
  -2.5109768e+00
  -2.2283417e+00
  -1.9328932e+00
  -1.7749109e+00
  -1.7945355e+00
  -1.9437281e+00
  -2.0637441e+00
  -2.1122407e+00
  -2.1342134e+00
  -2.1829898e+00
  -2.2602235e+00
  -2.3249869e+00
  -2.3540463e+00
  -2.3501419e+00
  -2.3156648e+00
  -2.2952650e+00
  -2.3348855e+00
  -2.4209642e+00
  -2.4829597e+00
  -2.4773239e+00
  -2.3856966e+00
  -2.2544274e+00
  -2.1066197e+00
  -1.9969722e+00
  -1.9473042e+00
  -1.9427345e+00
  -1.9783485e+00
  -2.0292943e+00
  -2.0747038e+00
  -2.1041758e+00
  -2.1392610e+00
  -2.1955778e+00
  -2.2816300e+00
  -2.4188294e+00
  -2.5919363e+00
  -2.6433768e+00
