  5.288121e-01
  4.579635e-01
  4.104909e-01
  3.731129e-01
  3.392656e-01
  3.069826e-01
  2.787520e-01
  2.587607e-01
  2.499043e-01
  2.504257e-01
  2.523301e-01
  2.512599e-01
  2.491819e-01
  2.462072e-01
  2.400485e-01
  2.398767e-01
  2.363741e-01
  2.312225e-01
  2.265358e-01
  2.289432e-01
  2.307339e-01
  2.316750e-01
  2.414215e-01
  2.448296e-01
  2.453682e-01
  2.407461e-01
  2.386901e-01
  2.436467e-01
  2.579990e-01
  2.870241e-01
  3.285970e-01
  3.763708e-01
  4.281401e-01
  4.711555e-01
  5.063288e-01
  5.476343e-01
