   0.0000000e+00
   0.0000000e+00
   0.0000000e+00
   0.0000000e+00
   0.0000000e+00
  -0.0000000e+00
  -2.5727823e-03
  -5.8733305e-03
  -1.1200029e-02
  -1.6355197e-02
  -0.0000000e+00
  -0.0000000e+00
  -0.0000000e+00
  -1.0530640e-02
  -1.1575921e-02
  -1.3953243e-02
  -1.6805151e-02
  -1.8694454e-02
  -2.0021125e-02
  -2.1368933e-02
  -2.1735908e-02
  -2.1026796e-02
  -0.0000000e+00
   0.0000000e+00
   0.0000000e+00
   0.0000000e+00
  -1.9089746e-02
  -1.3680374e-02
  -9.8251639e-03
  -0.0000000e+00
  -0.0000000e+00
   0.0000000e+00
   0.0000000e+00
   0.0000000e+00
   0.0000000e+00
   0.0000000e+00
   0.0000000e+00
   0.0000000e+00
   0.0000000e+00
   0.0000000e+00
   0.0000000e+00
  -0.0000000e+00
  -0.0000000e+00
  -1.2122663e-02
  -2.1356685e-02
  -2.4057878e-02
  -0.0000000e+00
   0.0000000e+00
  -0.0000000e+00
  -0.0000000e+00
  -0.0000000e+00
  -0.0000000e+00
  -8.3698030e-03
  -1.0440473e-02
  -1.0733136e-02
  -1.3649315e-02
  -1.8449789e-02
  -2.0131353e-02
  -2.0690092e-02
  -2.9028884e-02
  -3.2359719e-02
  -3.5251653e-02
  -2.7783991e-02
  -0.0000000e+00
  -0.0000000e+00
  -0.0000000e+00
  -0.0000000e+00
   0.0000000e+00
   0.0000000e+00
   0.0000000e+00
   0.0000000e+00
   0.0000000e+00
   0.0000000e+00
   0.0000000e+00
   0.0000000e+00
   0.0000000e+00
   0.0000000e+00
  -0.0000000e+00
  -4.0227864e-02
  -3.2265743e-02
  -3.1210747e-02
  -2.8638668e-02
  -2.6224934e-02
   0.0000000e+00
  -0.0000000e+00
  -2.6200356e-02
  -2.2127181e-02
  -2.2468661e-02
  -2.3814350e-02
  -2.3469141e-02
  -2.7199740e-02
  -3.1246359e-02
  -4.0026478e-02
  -3.9541248e-02
  -3.7002709e-02
  -3.9735720e-02
  -3.5602398e-02
  -3.2491665e-02
  -0.0000000e+00
  -0.0000000e+00
   0.0000000e+00
   0.0000000e+00
   0.0000000e+00
   0.0000000e+00
   0.0000000e+00
   0.0000000e+00
   0.0000000e+00
   0.0000000e+00
   0.0000000e+00
   0.0000000e+00
   0.0000000e+00
   0.0000000e+00
   0.0000000e+00
  -0.0000000e+00
  -2.2458382e-02
  -1.1367627e-02
  -3.5638616e-03
   2.8548262e-04
  -2.5626954e-04
   2.2585218e-03
   2.4008597e-03
  -4.9832691e-03
  -6.6261468e-03
  -1.1027616e-02
  -1.1434312e-02
  -1.2139662e-02
  -1.8942228e-02
  -2.1449601e-02
  -2.8094722e-02
  -2.7112949e-02
  -3.1212056e-02
  -2.7669136e-02
  -1.6606610e-02
  -1.0344209e-02
  -5.2184314e-03
  -7.7004870e-03
  -0.0000000e+00
   0.0000000e+00
   0.0000000e+00
   0.0000000e+00
   0.0000000e+00
   0.0000000e+00
   0.0000000e+00
   0.0000000e+00
   0.0000000e+00
   0.0000000e+00
   7.7611896e-02
   4.6011883e-02
   4.3832428e-02
   4.8840815e-02
   4.2935956e-02
   5.3915221e-02
   5.9799012e-02
   6.3302360e-02
   6.3276842e-02
   5.7679801e-02
   5.3843738e-02
   5.3723115e-02
   4.8620377e-02
   4.1528497e-02
   3.7847862e-02
   3.3939328e-02
   3.3378646e-02
   3.2316767e-02
   3.2430522e-02
   3.3258624e-02
   2.9289578e-02
   2.7154374e-02
   3.1574505e-02
   3.5384055e-02
   3.6064453e-02
   3.2480799e-02
   3.1504310e-02
   0.0000000e+00
   0.0000000e+00
   0.0000000e+00
   0.0000000e+00
   0.0000000e+00
   0.0000000e+00
   0.0000000e+00
   0.0000000e+00
   8.1630557e-02
   9.6200526e-02
   9.9866889e-02
   0.0000000e+00
   1.0101005e-01
   1.0643015e-01
   1.0772280e-01
   1.0972224e-01
   1.1259162e-01
   1.1603105e-01
   1.1265995e-01
   1.0136218e-01
   9.3395419e-02
   9.3063034e-02
   9.1993928e-02
   8.2599789e-02
   7.7108167e-02
   8.4194839e-02
   9.0006500e-02
   9.5231079e-02
   9.5242724e-02
   9.0423085e-02
   8.6277924e-02
   8.0485515e-02
   7.8359403e-02
   7.6850034e-02
   7.5993806e-02
   7.1300978e-02
   6.1666408e-02
   0.0000000e+00
   0.0000000e+00
   0.0000000e+00
   0.0000000e+00
   0.0000000e+00
   0.0000000e+00
   0.0000000e+00
   1.1095717e-01
   1.3828732e-01
   1.4078951e-01
   1.2937308e-01
   1.3684969e-01
   1.3991012e-01
   1.3480140e-01
   1.3249090e-01
   1.3319379e-01
   1.3119823e-01
   1.3152449e-01
   1.2273492e-01
   9.8122448e-02
   9.7336158e-02
   1.0298938e-01
   1.0081831e-01
   1.0620688e-01
   1.1762057e-01
   1.3352467e-01
   1.4047568e-01
   1.4003116e-01
   1.3267726e-01
   1.2358978e-01
   1.1575335e-01
   1.0553847e-01
   1.0139807e-01
   9.3514413e-02
   7.9422481e-02
   7.6128200e-02
   0.0000000e+00
   0.0000000e+00
   0.0000000e+00
   0.0000000e+00
   0.0000000e+00
   0.0000000e+00
   9.6031811e-02
   1.1256384e-01
   1.2865266e-01
   1.2068838e-01
   1.1742371e-01
   1.2624106e-01
   1.2476125e-01
   1.2380568e-01
   1.1981413e-01
   1.1800312e-01
   1.1194114e-01
   1.0762902e-01
   1.0358517e-01
   8.3497025e-02
   0.0000000e+00
   6.2137410e-02
   8.4003314e-02
   1.0879458e-01
   1.2314559e-01
   1.4202309e-01
   1.4468852e-01
   1.4761449e-01
   1.3915157e-01
   1.2825543e-01
   1.2096906e-01
   1.0561747e-01
   1.0087763e-01
   8.1934086e-02
   0.0000000e+00
   7.0886086e-02
   7.1977137e-02
   6.8515230e-02
   6.3800359e-02
   0.0000000e+00
   0.0000000e+00
   0.0000000e+00
   7.0661643e-02
   8.3676085e-02
   8.0147945e-02
   7.3524771e-02
   7.5346410e-02
   8.2991220e-02
   7.9936326e-02
   7.9557680e-02
   7.9970278e-02
   7.6802000e-02
   7.5447962e-02
   6.9845848e-02
   5.9731267e-02
   5.2224959e-02
   0.0000000e+00
   0.0000000e+00
   4.2993255e-02
   7.7299275e-02
   9.2824124e-02
   1.0647162e-01
   1.0627613e-01
   1.0924330e-01
   1.0435233e-01
   9.8457180e-02
   9.2371434e-02
   8.0579311e-02
   7.3748782e-02
   5.6844679e-02
   4.0502767e-02
   4.2233238e-02
   5.6173559e-02
   7.0288599e-02
   6.1376143e-02
   0.0000000e+00
   0.0000000e+00
   0.0000000e+00
   3.1939277e-02
   4.2215418e-02
   3.5158823e-02
   3.2601308e-02
   3.2499515e-02
   3.6639061e-02
   3.5807900e-02
   3.3629276e-02
   3.5754416e-02
   3.4550473e-02
   3.4817550e-02
   3.5372831e-02
   2.4631621e-02
   1.9422667e-02
   0.0000000e+00
   0.0000000e+00
   4.5992985e-03
   2.9798696e-02
   4.3028936e-02
   5.2511942e-02
   5.3500935e-02
   5.5075131e-02
   5.4112207e-02
   5.0461888e-02
   4.7611628e-02
   4.4056162e-02
   3.7802983e-02
   3.0656833e-02
   1.9702226e-02
   1.1804900e-02
   2.5821693e-02
   4.4341486e-02
   3.8598072e-02
   0.0000000e+00
   0.0000000e+00
   0.0000000e+00
   7.5383653e-03
   8.3016345e-03
   5.9686876e-03
   3.4743862e-03
  -3.0979048e-04
   5.7811011e-04
   1.3255691e-03
  -2.9558281e-04
  -3.0423581e-04
   1.5514895e-03
   1.2051295e-03
   5.4878402e-03
   1.0186885e-03
  -2.9432019e-03
   0.0000000e+00
   0.0000000e+00
  -0.0000000e+00
  -7.0504160e-03
   5.9392577e-04
   8.7955398e-03
   1.0291495e-02
   1.1585777e-02
   1.2461333e-02
   1.0409243e-02
   9.9902963e-03
   1.0131799e-02
   7.5406800e-03
   5.9901071e-03
   4.1437942e-03
  -0.0000000e+00
  -1.8651874e-03
   8.6381081e-03
   7.6011023e-03
   0.0000000e+00
   0.0000000e+00
   0.0000000e+00
  -1.7146036e-02
  -2.4733364e-02
  -2.1189351e-02
  -2.1623610e-02
  -2.6405340e-02
  -2.8010422e-02
  -2.7395200e-02
  -2.6785944e-02
  -3.0165719e-02
  -2.6081812e-02
  -2.7530339e-02
  -2.2021309e-02
  -1.8022481e-02
  -1.5839782e-02
  -0.0000000e+00
   0.0000000e+00
  -0.0000000e+00
  -2.9418662e-02
  -3.0769637e-02
  -2.5749067e-02
  -2.2877678e-02
  -2.2497158e-02
  -2.1726094e-02
  -2.1729384e-02
  -2.1253493e-02
  -1.9546645e-02
  -1.8066360e-02
  -1.6299456e-02
  -9.6640478e-03
   0.0000000e+00
  -2.6342912e-02
  -2.4188347e-02
  -2.0341473e-02
  -0.0000000e+00
   0.0000000e+00
  -0.0000000e+00
  -3.8812333e-02
  -5.3342309e-02
  -4.8424851e-02
  -4.7869839e-02
  -4.9859487e-02
  -5.3037785e-02
  -5.4706894e-02
  -5.1057480e-02
  -5.7432450e-02
  -5.2655596e-02
  -5.5052821e-02
  -5.0200336e-02
  -4.0168741e-02
  -2.2467218e-02
  -0.0000000e+00
   0.0000000e+00
  -0.0000000e+00
  -0.0000000e+00
  -5.1877871e-02
  -5.4352898e-02
  -4.9402349e-02
  -5.1817480e-02
  -5.2656792e-02
  -5.0104968e-02
  -5.0126698e-02
  -4.7353268e-02
  -4.2426180e-02
  -3.7611246e-02
  -2.1169100e-02
   0.0000000e+00
  -4.7948669e-02
  -5.0520003e-02
  -4.1240456e-02
  -0.0000000e+00
   0.0000000e+00
  -3.5840211e-02
  -6.1301496e-02
  -7.4646212e-02
  -7.1162365e-02
  -7.0899934e-02
  -6.6932507e-02
  -6.9178432e-02
  -7.3922768e-02
  -6.9954887e-02
  -7.4166492e-02
  -7.2292343e-02
  -7.4735656e-02
  -7.0257470e-02
  -6.2174290e-02
  -2.9125391e-02
   6.6765800e-03
   0.0000000e+00
   0.0000000e+00
  -0.0000000e+00
  -6.8940560e-02
  -6.7913763e-02
  -6.4753480e-02
  -7.1095802e-02
  -7.3032856e-02
  -7.1071051e-02
  -7.2966620e-02
  -6.9639459e-02
  -6.3572399e-02
  -5.1200349e-02
  -2.7692890e-02
  -0.0000000e+00
  -6.1572067e-02
  -5.8586501e-02
  -4.2632598e-02
   0.0000000e+00
   0.0000000e+00
  -4.6734479e-02
  -6.4774275e-02
  -7.4350446e-02
  -7.1785368e-02
  -7.2050966e-02
  -7.0003927e-02
  -7.1137287e-02
  -7.4607201e-02
  -7.3050559e-02
  -7.4251875e-02
  -7.4361496e-02
  -7.5366028e-02
  -6.9790855e-02
  -6.2006030e-02
  -2.9895145e-02
   7.4012533e-03
   0.0000000e+00
   0.0000000e+00
  -0.0000000e+00
  -4.8518451e-02
  -5.9536829e-02
  -6.4989425e-02
  -6.8775050e-02
  -6.9558017e-02
  -6.9732554e-02
  -7.2490275e-02
  -6.9535740e-02
  -6.5584086e-02
  -4.9509410e-02
  -2.5659794e-02
  -2.7486063e-02
  -6.9228645e-02
  -5.1252026e-02
  -2.5037074e-02
   0.0000000e+00
   0.0000000e+00
  -4.6665385e-02
  -6.0537159e-02
  -6.6523395e-02
  -6.4583823e-02
  -6.4621910e-02
  -6.5976612e-02
  -6.6800527e-02
  -6.9062635e-02
  -6.9123611e-02
  -6.9427699e-02
  -7.1357481e-02
  -6.9841839e-02
  -6.4790227e-02
  -5.2625667e-02
  -2.4796692e-02
   1.0949340e-02
   0.0000000e+00
   0.0000000e+00
  -0.0000000e+00
  -0.0000000e+00
  -0.0000000e+00
  -5.9667259e-02
  -6.0630325e-02
  -6.0245071e-02
  -6.0588971e-02
  -6.5416656e-02
  -6.1166152e-02
  -5.9355676e-02
  -4.3537509e-02
  -1.9866811e-02
  -2.1682808e-02
  -6.6163349e-02
  -4.1691910e-02
  -7.5657181e-03
   0.0000000e+00
   0.0000000e+00
  -4.4417487e-02
  -4.4550695e-02
  -4.6436861e-02
  -4.4575606e-02
  -4.3908071e-02
  -5.1161006e-02
  -5.2410670e-02
  -5.3762536e-02
  -5.4485351e-02
  -5.6644708e-02
  -6.0927246e-02
  -5.4685123e-02
  -5.3050730e-02
  -2.9134251e-02
  -9.2559004e-03
   1.4372404e-02
   0.0000000e+00
   0.0000000e+00
   0.0000000e+00
   0.0000000e+00
  -0.0000000e+00
  -4.4753667e-02
  -4.3508485e-02
  -4.1238800e-02
  -3.9247103e-02
  -4.8257299e-02
  -3.9531514e-02
  -4.0322199e-02
  -3.0449593e-02
  -7.2656889e-03
  -8.4949460e-03
  -5.2719647e-02
  -2.6629236e-02
   1.1148630e-02
   0.0000000e+00
  -0.0000000e+00
  -3.5992384e-02
  -2.5681609e-02
  -2.6154188e-02
  -2.6473669e-02
  -2.5578497e-02
  -3.1400364e-02
  -3.1449184e-02
  -3.4193207e-02
  -3.6023706e-02
  -3.8628116e-02
  -4.4922311e-02
  -3.6786038e-02
  -3.6812060e-02
  -1.0241572e-02
   5.6759000e-03
   1.1102444e-02
   1.5041906e-02
   0.0000000e+00
   0.0000000e+00
   0.0000000e+00
  -0.0000000e+00
  -2.6213925e-02
  -2.8452605e-02
  -2.5578424e-02
  -2.2247553e-02
  -3.0013343e-02
  -2.0894544e-02
  -2.2072315e-02
  -1.6080137e-02
   6.1974936e-04
  -4.3529167e-03
  -3.4965077e-02
  -1.2952701e-02
   1.5859965e-02
   0.0000000e+00
  -0.0000000e+00
  -2.3840003e-02
  -1.9176807e-02
  -1.8088209e-02
  -1.8902877e-02
  -1.8527800e-02
  -2.1177847e-02
  -2.1061638e-02
  -2.3387462e-02
  -2.5699841e-02
  -2.7410569e-02
  -3.1995196e-02
  -2.6381250e-02
  -2.4940515e-02
  -5.7843281e-03
   4.7196652e-03
   2.0990296e-03
  -1.0113841e-03
  -0.0000000e+00
  -0.0000000e+00
   0.0000000e+00
  -1.8076769e-02
  -1.5374760e-02
  -2.1522868e-02
  -2.0814026e-02
  -1.6892109e-02
  -2.0750912e-02
  -1.4164074e-02
  -1.4815673e-02
  -1.0545724e-02
  -2.0561300e-03
  -6.2348218e-03
  -2.4908939e-02
  -9.6036452e-03
   8.9679628e-03
   0.0000000e+00
  -0.0000000e+00
  -1.9268777e-02
  -1.7852835e-02
  -1.5147809e-02
  -1.5823647e-02
  -1.6013891e-02
  -1.5068801e-02
  -1.5119098e-02
  -1.6334979e-02
  -1.8804686e-02
  -1.9075930e-02
  -2.0983566e-02
  -1.8936569e-02
  -1.5754396e-02
  -7.2446242e-03
  -2.2642261e-03
  -7.8245047e-03
  -0.0000000e+00
  -2.6732301e-02
  -1.3519546e-02
  -0.0000000e+00
  -1.6280994e-02
  -8.7433902e-03
  -1.7188014e-02
  -2.1035740e-02
  -1.6433472e-02
  -1.5655739e-02
  -1.2298260e-02
  -1.1998345e-02
  -9.6049244e-03
  -9.7606666e-03
  -1.2134599e-02
  -1.7181704e-02
  -1.1071558e-02
  -2.5632831e-03
   0.0000000e+00
  -0.0000000e+00
  -1.9152569e-02
  -2.8992325e-02
  -2.4442362e-02
  -2.3420915e-02
  -2.3687072e-02
  -1.9619415e-02
  -2.0310514e-02
  -1.9339528e-02
  -2.1013856e-02
  -1.9095063e-02
  -1.7972380e-02
  -1.9202035e-02
  -1.6700419e-02
  -2.0739451e-02
  -2.3140093e-02
  -3.2215893e-02
  -0.0000000e+00
  -3.9388075e-02
  -2.6919306e-02
  -2.5892543e-02
  -2.1755022e-02
  -1.2477687e-02
  -0.0000000e+00
  -3.3672780e-02
  -2.6946869e-02
  -2.1647964e-02
  -2.0930152e-02
  -1.8917780e-02
  -2.1040680e-02
  -2.9061664e-02
  -2.7898030e-02
  -2.1044409e-02
  -0.0000000e+00
  -2.3752321e-02
   0.0000000e+00
  -3.4647821e-02
  -2.9908734e-02
  -4.9178008e-02
  -4.5348417e-02
  -4.2489048e-02
  -4.0464051e-02
  -3.8648874e-02
  -3.8857039e-02
  -3.7490189e-02
  -3.7063807e-02
  -3.4481116e-02
  -3.4321140e-02
  -3.5402812e-02
  -3.9672382e-02
  -4.6901174e-02
  -5.3938799e-02
  -6.7667045e-02
  -6.0546006e-02
  -4.8182078e-02
  -4.7812127e-02
  -4.0519129e-02
  -3.6642317e-02
  -2.8828848e-02
  -0.0000000e+00
  -4.9966817e-02
  -4.6114668e-02
  -4.3118954e-02
  -4.0563107e-02
  -3.9795257e-02
  -4.5331001e-02
  -4.9988672e-02
  -4.9193360e-02
  -4.0064028e-02
  -4.4710252e-02
  -4.8894101e-02
   0.0000000e+00
  -4.9185416e-02
  -5.1952346e-02
  -6.2095437e-02
  -5.9219744e-02
  -5.5765610e-02
  -5.3384218e-02
  -5.4184917e-02
  -5.3470556e-02
  -5.2463971e-02
  -5.0531052e-02
  -4.9037322e-02
  -4.9689159e-02
  -5.0348058e-02
  -5.7320051e-02
  -6.2286597e-02
  -6.9191366e-02
  -7.8346536e-02
  -6.2049687e-02
  -5.2442897e-02
  -5.7137653e-02
  -5.1673101e-02
  -4.6643216e-02
  -4.4037040e-02
  -4.7139650e-02
  -5.5514242e-02
  -5.6587104e-02
  -5.7127055e-02
  -5.4157887e-02
  -5.5630535e-02
  -5.9620090e-02
  -5.9829574e-02
  -6.1094310e-02
  -5.6022728e-02
  -5.7000251e-02
  -5.9673383e-02
  -5.1312095e-02
  -5.6913985e-02
  -6.4199053e-02
  -7.2073042e-02
  -7.0220210e-02
  -6.7194045e-02
  -6.6276006e-02
  -6.9756977e-02
  -6.7751251e-02
  -6.7627914e-02
  -6.4755812e-02
  -6.5695874e-02
  -6.6905752e-02
  -6.7145921e-02
  -7.3710479e-02
  -7.3017940e-02
  -7.6724350e-02
  -7.3745415e-02
  -5.7295691e-02
  -5.5255841e-02
  -6.0794108e-02
  -5.8562670e-02
  -5.4780655e-02
  -5.8305290e-02
  -5.6146473e-02
  -5.2795576e-02
  -6.2984481e-02
  -6.7763828e-02
  -6.5930806e-02
  -7.0067823e-02
  -6.9093801e-02
  -6.4392641e-02
  -6.8871409e-02
  -7.0515931e-02
  -6.4963542e-02
  -6.5137640e-02
  -6.1692681e-02
  -6.3729249e-02
  -7.3323309e-02
  -6.1671752e-02
  -5.9478652e-02
  -6.1183643e-02
  -6.5221682e-02
  -6.4765707e-02
  -6.3268594e-02
  -6.3366853e-02
  -6.3945472e-02
  -6.6081256e-02
  -6.6058837e-02
  -6.5764323e-02
  -6.5088548e-02
  -6.3979350e-02
  -5.7722948e-02
  -4.7071550e-02
  -4.4563264e-02
  -4.6626344e-02
  -5.0200764e-02
  -4.7928125e-02
  -4.7207993e-02
  -5.9707105e-02
  -5.5931449e-02
  -4.6895955e-02
  -5.3036213e-02
  -5.6934737e-02
  -5.9681892e-02
  -6.0507327e-02
  -5.7624523e-02
  -5.6053635e-02
  -6.0593985e-02
  -6.4128883e-02
  -5.6762926e-02
  -5.3518791e-02
  -5.7031825e-02
  -5.8445290e-02
  -6.0895368e-02
  -3.8891565e-02
  -3.7415583e-02
  -4.1730106e-02
  -4.4681959e-02
  -4.2352472e-02
  -4.2100217e-02
  -4.3488681e-02
  -4.5619052e-02
  -4.6377610e-02
  -4.6731558e-02
  -4.5091387e-02
  -4.4329323e-02
  -4.2407844e-02
  -3.4633249e-02
  -3.1481210e-02
  -2.9882917e-02
  -3.0831892e-02
  -3.3125833e-02
  -2.5035912e-02
  -2.7494701e-02
  -3.6775924e-02
  -3.4820367e-02
  -3.3644241e-02
  -3.3966979e-02
  -3.6486898e-02
  -3.8038768e-02
  -3.7718266e-02
  -3.8631503e-02
  -4.0176257e-02
  -4.1650221e-02
  -3.9178494e-02
  -3.5478525e-02
  -3.5379667e-02
  -3.8425464e-02
  -3.9530169e-02
  -3.9146923e-02
  -1.3722039e-02
  -1.3852000e-02
  -1.7718807e-02
  -1.7891947e-02
  -1.6208688e-02
  -1.7335590e-02
  -1.9580193e-02
  -2.1201536e-02
  -2.1483578e-02
  -2.2079760e-02
  -2.0489100e-02
  -2.1178192e-02
  -1.7542753e-02
  -1.3258276e-02
  -1.6795965e-02
  -1.4872567e-02
  -1.4953691e-02
  -1.2373446e-02
  -1.9666452e-03
  -3.4019155e-03
  -6.4265565e-03
  -7.3417239e-03
  -1.0434954e-02
  -1.0171658e-02
  -1.2306189e-02
  -1.2622301e-02
  -1.3346680e-02
  -1.6587978e-02
  -1.9137681e-02
  -1.7812420e-02
  -1.2218959e-02
  -1.0882623e-02
  -1.2905507e-02
  -1.4447667e-02
  -1.5078395e-02
  -1.4798450e-02
   1.5861589e-02
   1.3328185e-02
   1.2200236e-02
   1.4752600e-02
   1.4160258e-02
   1.1748912e-02
   9.3468502e-03
   9.1951359e-03
   8.2100462e-03
   8.0066165e-03
   7.7956421e-03
   6.6027907e-03
   1.2341455e-02
   1.0051966e-02
   3.5967764e-03
   2.6478595e-03
   1.4959951e-03
   1.1691515e-02
   1.8790290e-02
   2.4998012e-02
   3.0752564e-02
   2.7369792e-02
   2.2846345e-02
   1.8030029e-02
   1.8479845e-02
   1.7902317e-02
   1.4648654e-02
   1.1494431e-02
   9.5387194e-03
   1.2895726e-02
   1.7841674e-02
   1.8376894e-02
   1.6558209e-02
   1.6123801e-02
   1.6048757e-02
   1.5162953e-02
   4.9552388e-02
   4.4699844e-02
   4.6148293e-02
   4.8587359e-02
   4.6297330e-02
   4.3261189e-02
   4.1972131e-02
   4.1913643e-02
   3.9596330e-02
   4.0722191e-02
   3.8043045e-02
   4.0558718e-02
   4.6070077e-02
   3.8857851e-02
   3.6497049e-02
   2.5464256e-02
   0.0000000e+00
   0.0000000e+00
   0.0000000e+00
   5.5198393e-02
   6.9788203e-02
   6.9162197e-02
   6.7016110e-02
   5.9727616e-02
   5.7508253e-02
   5.3288642e-02
   4.7312155e-02
   4.6984103e-02
   4.6633672e-02
   4.9274594e-02
   5.0099894e-02
   5.1763620e-02
   5.3659659e-02
   5.2470729e-02
   5.2350357e-02
   5.1908705e-02
   7.9946436e-02
   7.6010615e-02
   7.5361542e-02
   7.3704444e-02
   7.2410636e-02
   7.1126446e-02
   7.1064621e-02
   6.7890175e-02
   6.6643514e-02
   6.7134552e-02
   6.7775182e-02
   7.5049497e-02
   7.4218445e-02
   7.4179746e-02
   7.4109316e-02
   5.6339608e-02
   0.0000000e+00
   0.0000000e+00
   0.0000000e+00
   0.0000000e+00
   9.0638161e-02
   1.0302451e-01
   1.0526993e-01
   1.0241716e-01
   9.8209202e-02
   8.8748440e-02
   8.1791341e-02
   8.0494747e-02
   8.2196519e-02
   8.1687994e-02
   7.9973541e-02
   8.2851209e-02
   8.5970096e-02
   8.4245294e-02
   8.5068084e-02
   8.5946292e-02
   9.2382327e-02
   9.2578143e-02
   8.8858061e-02
   8.3987854e-02
   8.3292998e-02
   8.3841294e-02
   8.3130248e-02
   8.0852501e-02
   8.1879519e-02
   8.1921943e-02
   8.8474698e-02
   9.2128389e-02
   8.9290701e-02
   9.8495089e-02
   9.0610981e-02
   7.8778528e-02
   7.4490482e-02
   0.0000000e+00
   0.0000000e+00
   7.2917547e-02
   8.9722656e-02
   1.0982160e-01
   1.1687238e-01
   1.1889995e-01
   1.1561179e-01
   1.0786319e-01
   1.0271060e-01
   9.5936783e-02
   9.6449725e-02
   9.6140355e-02
   9.6563369e-02
   9.9688187e-02
   9.8925069e-02
   9.9165484e-02
   1.0027974e-01
   9.6904591e-02
   7.9842553e-02
   8.0973685e-02
   7.8609973e-02
   7.6572247e-02
   7.5819276e-02
   7.4969709e-02
   7.5393096e-02
   7.6434605e-02
   7.8527302e-02
   8.0629505e-02
   8.3151810e-02
   8.4315702e-02
   8.5485846e-02
   8.7366857e-02
   7.8715779e-02
   8.0333531e-02
   9.1690898e-02
   7.5384185e-02
   5.5237763e-02
   5.7536767e-02
   6.8087280e-02
   8.4229007e-02
   9.2244152e-02
   9.5842980e-02
   9.6271247e-02
   9.1034606e-02
   8.8251054e-02
   8.3943516e-02
   8.2277343e-02
   8.4112063e-02
   8.5103139e-02
   8.7354667e-02
   8.6741440e-02
   8.7857492e-02
   8.7110393e-02
   8.1062138e-02
   4.6652026e-02
   4.4659995e-02
   4.5776036e-02
   4.9125537e-02
   4.9610794e-02
   4.7983643e-02
   4.9322058e-02
   5.0319329e-02
   5.2112535e-02
   5.4469839e-02
   5.3573906e-02
   5.6750376e-02
   5.6459930e-02
   5.1364865e-02
   5.0506633e-02
   5.4439478e-02
   6.6583052e-02
   6.4223275e-02
   4.8814923e-02
   3.8498010e-02
   3.4051608e-02
   3.7715994e-02
   4.5900919e-02
   4.7526989e-02
   4.7227241e-02
   4.3803986e-02
   4.4354588e-02
   4.7975689e-02
   4.7385897e-02
   4.7697745e-02
   4.8578341e-02
   4.9427334e-02
   5.1127296e-02
   5.1052406e-02
   4.9143780e-02
   4.7698274e-02
   3.2443497e-03
   7.0400600e-04
   5.9023511e-04
   5.9605511e-03
   8.3681904e-03
   7.7440394e-03
   7.3381453e-03
   5.9627485e-03
   7.5331279e-03
   7.8822849e-03
   1.0517644e-02
   1.1673592e-02
   9.3899705e-03
   8.8664480e-03
   8.8430550e-03
   1.1625267e-02
   1.2579991e-02
   1.3957612e-02
   1.4831563e-02
   6.5789483e-03
  -3.3260100e-03
  -1.2880797e-02
  -1.5508153e-02
  -1.2682931e-02
  -1.4368574e-02
  -1.1355164e-02
  -6.2418380e-03
   3.8943917e-04
   3.3550607e-03
   1.0039938e-03
   2.4131474e-03
   2.1652328e-03
   1.9151636e-03
   7.2562270e-04
  -1.3331519e-04
   2.5595578e-03
  -2.3168892e-02
  -2.3780227e-02
  -2.4461502e-02
  -2.0752193e-02
  -1.7050229e-02
  -1.7538227e-02
  -1.9864127e-02
  -2.0282526e-02
  -1.8977303e-02
  -1.9225737e-02
  -1.7905040e-02
  -1.9945119e-02
  -2.0855945e-02
  -2.0595977e-02
  -2.4086546e-02
  -2.1152724e-02
  -1.9193945e-02
  -2.0274036e-02
  -1.7768772e-02
  -2.0001860e-02
  -2.5167614e-02
  -3.6141645e-02
  -4.4887438e-02
  -4.3757532e-02
  -4.0819634e-02
  -3.3403166e-02
  -2.9259916e-02
  -2.6172044e-02
  -2.2006173e-02
  -2.1886198e-02
  -2.1427961e-02
  -2.3573853e-02
  -2.6578888e-02
  -2.6668208e-02
  -2.6002204e-02
  -2.4673555e-02
  -2.4802981e-02
  -2.3585379e-02
  -2.1603022e-02
  -1.9947646e-02
  -1.9138418e-02
  -1.9901853e-02
  -2.0793602e-02
  -2.0442676e-02
  -2.0106724e-02
  -2.1374820e-02
  -2.3502111e-02
  -2.5251653e-02
  -2.6245266e-02
  -2.8976107e-02
  -3.2192398e-02
  -3.0098191e-02
  -2.4913415e-02
  -2.3232477e-02
  -2.4659725e-02
  -2.6845537e-02
  -2.8395358e-02
  -3.0441618e-02
  -3.2537479e-02
  -3.2328676e-02
  -3.0451292e-02
  -2.7988071e-02
  -2.6621627e-02
  -2.5530700e-02
  -2.3808429e-02
  -2.3696035e-02
  -2.5102247e-02
  -2.6680009e-02
  -2.6637379e-02
  -2.4918657e-02
  -2.3963425e-02
  -2.4591697e-02
