   0.0000000e+00
   0.0000000e+00
   0.0000000e+00
   0.0000000e+00
   0.0000000e+00
   0.0000000e+00
   0.0000000e+00
   0.0000000e+00
   0.0000000e+00
   0.0000000e+00
  -0.0000000e+00
  -0.0000000e+00
  -8.4670847e-03
  -9.2416561e-03
  -8.7554353e-03
  -6.8882435e-03
  -5.0299996e-03
  -5.0858984e-03
  -7.3697368e-03
  -9.6716057e-03
  -1.1348395e-02
  -1.2707847e-02
  -1.3833029e-02
  -1.4873012e-02
  -1.6239173e-02
  -1.6860712e-02
  -1.5610842e-02
  -1.1837046e-02
  -0.0000000e+00
  -0.0000000e+00
   0.0000000e+00
   0.0000000e+00
   0.0000000e+00
   0.0000000e+00
   0.0000000e+00
   0.0000000e+00
   0.0000000e+00
   0.0000000e+00
   0.0000000e+00
   0.0000000e+00
   0.0000000e+00
   0.0000000e+00
   0.0000000e+00
   0.0000000e+00
   0.0000000e+00
   0.0000000e+00
  -0.0000000e+00
  -4.1675590e-02
  -4.2622525e-02
  -3.8908515e-02
  -3.0390149e-02
  -2.0213937e-02
  -1.0788424e-02
  -8.8865720e-03
  -1.6350990e-02
  -1.9427709e-02
  -2.2085724e-02
  -2.5989432e-02
  -2.8013699e-02
  -2.7453998e-02
  -2.5239926e-02
  -2.5232170e-02
  -2.2090588e-02
  -1.3459607e-02
  -0.0000000e+00
   0.0000000e+00
   0.0000000e+00
   0.0000000e+00
   0.0000000e+00
   0.0000000e+00
   0.0000000e+00
   0.0000000e+00
   0.0000000e+00
   0.0000000e+00
   0.0000000e+00
   0.0000000e+00
   0.0000000e+00
   0.0000000e+00
   0.0000000e+00
   0.0000000e+00
  -0.0000000e+00
  -5.3413105e-02
  -5.5338786e-02
  -5.0164334e-02
  -4.8358321e-02
  -4.1045230e-02
  -2.5256937e-02
  -0.0000000e+00
  -0.0000000e+00
  -0.0000000e+00
  -1.6367483e-02
  -2.3306768e-02
  -2.6690627e-02
  -2.3422441e-02
  -1.7757531e-02
  -1.3856304e-02
  -8.4244814e-03
  -6.6578635e-03
  -3.1313701e-03
  -8.9428388e-04
   0.0000000e+00
   0.0000000e+00
   0.0000000e+00
   0.0000000e+00
   0.0000000e+00
   0.0000000e+00
   0.0000000e+00
   0.0000000e+00
   0.0000000e+00
   0.0000000e+00
   0.0000000e+00
   0.0000000e+00
   0.0000000e+00
   0.0000000e+00
   0.0000000e+00
   2.1954286e-02
   1.0321803e-02
   4.4361157e-03
  -1.4828213e-03
  -1.5564554e-03
  -1.4913557e-03
  -6.4293304e-03
  -7.8037036e-03
   0.0000000e+00
   0.0000000e+00
   0.0000000e+00
   0.0000000e+00
   3.2054598e-03
   5.9279809e-03
   1.6605608e-02
   2.4047520e-02
   2.9313352e-02
   3.0222083e-02
   3.0184036e-02
   2.8610140e-02
   2.3449136e-02
   0.0000000e+00
   0.0000000e+00
   0.0000000e+00
   0.0000000e+00
   0.0000000e+00
   0.0000000e+00
   0.0000000e+00
   0.0000000e+00
   0.0000000e+00
   0.0000000e+00
   0.0000000e+00
   0.0000000e+00
   0.0000000e+00
   6.1060444e-02
   6.6174954e-02
   8.3574086e-02
   8.5832968e-02
   8.2692139e-02
   7.6396152e-02
   6.5269240e-02
   6.1486732e-02
   5.2480813e-02
   5.6991019e-02
   5.3185442e-02
   0.0000000e+00
   0.0000000e+00
   0.0000000e+00
   5.8185853e-02
   6.2701955e-02
   7.0821498e-02
   6.8133034e-02
   7.5328939e-02
   7.4910760e-02
   7.0390642e-02
   6.3689590e-02
   5.3428234e-02
   0.0000000e+00
   0.0000000e+00
   0.0000000e+00
   0.0000000e+00
   0.0000000e+00
   0.0000000e+00
   0.0000000e+00
   0.0000000e+00
   0.0000000e+00
   0.0000000e+00
   0.0000000e+00
   0.0000000e+00
   0.0000000e+00
   1.0006785e-01
   1.2632923e-01
   1.4160886e-01
   1.4527647e-01
   1.4409269e-01
   1.3289648e-01
   1.1579067e-01
   1.0694245e-01
   1.0154226e-01
   1.0067742e-01
   7.3470622e-02
   0.0000000e+00
   0.0000000e+00
   0.0000000e+00
   1.1240841e-01
   1.0996737e-01
   1.0699057e-01
   1.0103347e-01
   1.0327817e-01
   1.0689120e-01
   9.9588707e-02
   9.1213062e-02
   8.4936762e-02
   0.0000000e+00
   0.0000000e+00
   0.0000000e+00
   0.0000000e+00
   0.0000000e+00
   0.0000000e+00
   0.0000000e+00
   0.0000000e+00
   0.0000000e+00
   0.0000000e+00
   0.0000000e+00
   0.0000000e+00
   0.0000000e+00
   1.1010384e-01
   1.4448021e-01
   1.5094651e-01
   1.4772835e-01
   1.4044999e-01
   1.2660621e-01
   1.1632997e-01
   1.1872363e-01
   1.1597057e-01
   1.1283243e-01
   9.8960696e-02
   0.0000000e+00
   1.1567560e-01
   1.2590338e-01
   1.2761609e-01
   1.2204818e-01
   1.1552811e-01
   1.1106716e-01
   1.0396683e-01
   1.0699219e-01
   1.0488317e-01
   9.6201882e-02
   9.4638050e-02
   9.8990470e-02
   8.6594962e-02
   6.8063945e-02
   5.7531518e-02
   0.0000000e+00
   0.0000000e+00
   0.0000000e+00
   0.0000000e+00
   0.0000000e+00
   0.0000000e+00
   0.0000000e+00
   0.0000000e+00
   0.0000000e+00
   8.9646839e-02
   1.1237258e-01
   1.0772398e-01
   9.9437699e-02
   9.0283148e-02
   8.0212158e-02
   8.2905088e-02
   9.5292658e-02
   9.7793140e-02
   8.4119216e-02
   7.9361007e-02
   8.4829576e-02
   9.9976465e-02
   1.1009703e-01
   1.0306726e-01
   9.8482840e-02
   9.0814017e-02
   8.3271749e-02
   7.6777123e-02
   7.6750547e-02
   8.1303023e-02
   7.5282685e-02
   7.4168585e-02
   8.6327754e-02
   8.3899699e-02
   5.9274174e-02
   4.0060381e-02
   0.0000000e+00
   0.0000000e+00
   0.0000000e+00
   0.0000000e+00
   0.0000000e+00
   0.0000000e+00
   0.0000000e+00
   6.6430950e-02
   8.0681253e-02
   5.8802225e-02
   6.0178876e-02
   5.2321328e-02
   3.8167678e-02
   3.7017866e-02
   0.0000000e+00
   0.0000000e+00
   5.4778143e-02
   5.9903931e-02
   4.3674052e-02
   4.1029949e-02
   5.4931249e-02
   6.0474206e-02
   6.5736435e-02
   6.2242031e-02
   5.6666087e-02
   4.7351126e-02
   3.8119532e-02
   3.3825008e-02
   3.4694370e-02
   4.0452182e-02
   3.9831609e-02
   3.9111182e-02
   5.0663296e-02
   5.3894479e-02
   3.6040105e-02
   1.8414452e-02
   0.0000000e+00
   0.0000000e+00
   0.0000000e+00
   0.0000000e+00
   0.0000000e+00
   0.0000000e+00
   0.0000000e+00
   4.0126249e-02
   5.2937808e-02
   2.7042057e-02
   1.2585277e-02
   3.4850421e-03
  -1.0389864e-02
  -8.6136659e-03
   0.0000000e+00
  -0.0000000e+00
   0.0000000e+00
   1.1879506e-02
   7.7829957e-03
  -9.6692535e-04
   1.0414311e-02
   1.7085683e-02
   1.6785800e-02
   1.9460211e-02
   1.1204196e-02
   8.6799724e-04
  -5.8732964e-03
  -7.6459190e-03
  -5.4860646e-03
  -3.6192937e-03
   1.0848232e-03
   3.4510433e-03
   8.7067792e-03
   1.4010526e-02
   7.3818536e-03
   1.8812225e-03
   2.5434579e-03
  -0.0000000e+00
   0.0000000e+00
   0.0000000e+00
   0.0000000e+00
   0.0000000e+00
  -0.0000000e+00
  -2.7532771e-03
  -1.7219270e-03
  -9.9837575e-03
  -2.4012065e-02
  -3.2337721e-02
  -4.1379936e-02
  -3.4097010e-02
   0.0000000e+00
  -0.0000000e+00
  -3.4721989e-02
  -3.8179122e-02
  -2.8554270e-02
  -3.4245148e-02
  -3.7434153e-02
  -2.3357375e-02
  -2.4280036e-02
  -2.6624169e-02
  -3.2415282e-02
  -4.1665506e-02
  -4.4832401e-02
  -4.8618625e-02
  -4.4558081e-02
  -4.6178285e-02
  -3.9203722e-02
  -3.0967038e-02
  -2.9768392e-02
  -2.3751916e-02
  -2.2367092e-02
  -1.7619831e-02
  -1.3128755e-02
  -1.8272719e-02
  -0.0000000e+00
   0.0000000e+00
   0.0000000e+00
   0.0000000e+00
  -0.0000000e+00
  -3.2892480e-02
  -3.8576024e-02
  -4.1892629e-02
  -4.7808941e-02
  -5.2704687e-02
  -4.4655755e-02
  -3.0579954e-02
   0.0000000e+00
  -0.0000000e+00
  -6.0483448e-02
  -6.9383442e-02
  -6.5035433e-02
  -5.8110893e-02
  -6.4503163e-02
  -5.7561010e-02
  -5.3471729e-02
  -6.0357451e-02
  -6.0310118e-02
  -6.3038751e-02
  -6.8012580e-02
  -7.2970251e-02
  -7.5940189e-02
  -7.3473230e-02
  -6.7625143e-02
  -5.7894148e-02
  -5.3074993e-02
  -4.9481574e-02
  -4.2682637e-02
  -3.4045387e-02
  -2.7610643e-02
  -2.4928957e-02
  -2.3677601e-02
   0.0000000e+00
   0.0000000e+00
   0.0000000e+00
  -0.0000000e+00
  -5.2492669e-02
  -5.8354776e-02
  -6.4284749e-02
  -6.4194672e-02
  -6.4737761e-02
  -4.0142447e-02
  -2.5222209e-02
   0.0000000e+00
  -0.0000000e+00
  -7.4377559e-02
  -8.2517616e-02
  -8.6750679e-02
  -8.3556458e-02
  -8.0806106e-02
  -8.2157463e-02
  -7.4970096e-02
  -7.3721424e-02
  -7.3165968e-02
  -7.1636915e-02
  -7.8355327e-02
  -8.3660498e-02
  -8.7013461e-02
  -8.6320244e-02
  -8.0244295e-02
  -7.3723584e-02
  -6.6367753e-02
  -6.4984225e-02
  -5.8138497e-02
  -4.5361649e-02
  -3.7581991e-02
  -2.5316963e-02
  -1.5585453e-02
   0.0000000e+00
   0.0000000e+00
   0.0000000e+00
  -0.0000000e+00
  -6.8822507e-02
  -7.2187021e-02
  -7.9599202e-02
  -7.6014105e-02
  -6.8562582e-02
  -3.9854528e-02
   0.0000000e+00
   0.0000000e+00
  -0.0000000e+00
  -8.1281096e-02
  -8.7252691e-02
  -9.6551254e-02
  -1.0508945e-01
  -9.4766222e-02
  -9.6722305e-02
  -8.7889716e-02
  -7.6934703e-02
  -7.7102654e-02
  -7.4316189e-02
  -8.1692323e-02
  -8.7364845e-02
  -9.0233019e-02
  -9.1275536e-02
  -8.4895395e-02
  -8.2558334e-02
  -7.4963801e-02
  -7.4914597e-02
  -7.0048749e-02
  -5.3447101e-02
  -4.4220682e-02
  -2.3104627e-02
  -7.8586397e-03
   0.0000000e+00
   0.0000000e+00
  -0.0000000e+00
  -6.6585148e-02
  -7.2708368e-02
  -7.4841484e-02
  -8.0633886e-02
  -8.0475928e-02
  -5.9424826e-02
  -2.6402457e-02
  -0.0000000e+00
   0.0000000e+00
  -0.0000000e+00
  -7.5404897e-02
  -8.0905862e-02
  -7.7585943e-02
  -1.0777371e-01
  -1.0879374e-01
  -8.4263086e-02
  -7.7467889e-02
  -6.4814523e-02
  -6.5363638e-02
  -7.0870742e-02
  -7.3609531e-02
  -8.0231160e-02
  -7.9431221e-02
  -8.2133487e-02
  -7.7603392e-02
  -7.6612964e-02
  -7.6612204e-02
  -7.4664868e-02
  -7.3674113e-02
  -5.5902179e-02
  -4.5830589e-02
  -1.9919429e-02
   1.1514267e-03
   0.0000000e+00
   0.0000000e+00
  -0.0000000e+00
  -5.4042878e-02
  -6.2372793e-02
  -6.5532990e-02
  -6.9116116e-02
  -6.5515891e-02
  -4.4901495e-02
  -1.6951457e-02
  -1.1484242e-02
  -1.3440168e-02
  -0.0000000e+00
  -6.1861228e-02
  -6.8199456e-02
  -6.0990281e-02
  -7.3602095e-02
  -8.5915603e-02
  -5.7351623e-02
  -5.1233839e-02
  -5.3395666e-02
  -5.3706005e-02
  -6.2627286e-02
  -6.3871361e-02
  -6.7536779e-02
  -6.6324174e-02
  -6.6921413e-02
  -6.7237616e-02
  -6.5583028e-02
  -6.8517603e-02
  -6.5798916e-02
  -6.1893556e-02
  -5.0580129e-02
  -4.1263875e-02
  -1.4157329e-02
   5.8949058e-03
   0.0000000e+00
   0.0000000e+00
  -0.0000000e+00
  -4.2809378e-02
  -5.0621156e-02
  -5.3334109e-02
  -5.6279372e-02
  -4.8730537e-02
  -2.9452680e-02
  -1.0885771e-02
  -4.9696392e-03
  -1.1710110e-02
  -0.0000000e+00
  -4.8690852e-02
  -5.2674990e-02
  -5.0375283e-02
  -4.6783518e-02
  -5.8421813e-02
  -4.8648190e-02
  -3.5831458e-02
  -4.2450701e-02
  -4.5125999e-02
  -5.0733745e-02
  -5.3278644e-02
  -5.4877602e-02
  -5.3126080e-02
  -5.3887174e-02
  -5.4652307e-02
  -5.4833982e-02
  -5.6848217e-02
  -5.3923525e-02
  -4.9306743e-02
  -4.2805534e-02
  -3.3766299e-02
  -6.4225490e-03
   1.0044768e-02
   0.0000000e+00
   0.0000000e+00
  -0.0000000e+00
  -3.2834787e-02
  -3.6956973e-02
  -3.8765296e-02
  -4.1760948e-02
  -2.9735269e-02
  -1.6031664e-02
  -4.3239370e-03
   2.0861884e-03
  -1.1317235e-02
  -3.6441280e-02
  -3.4721572e-02
  -3.4623824e-02
  -4.1984964e-02
  -2.1628859e-02
  -1.4000993e-02
   0.0000000e+00
  -0.0000000e+00
  -0.0000000e+00
  -3.7480265e-02
  -3.6232170e-02
  -4.1616578e-02
  -4.1426506e-02
  -3.9557043e-02
  -4.1176036e-02
  -4.0055268e-02
  -4.3480664e-02
  -4.2696975e-02
  -3.9809175e-02
  -3.5769098e-02
  -3.0339860e-02
  -0.0000000e+00
   2.7403424e-03
   1.3693475e-02
   0.0000000e+00
   0.0000000e+00
  -0.0000000e+00
  -1.8759003e-02
  -1.6132865e-02
  -1.3763451e-02
  -1.4115862e-02
  -6.4125611e-03
  -6.5978401e-04
   4.4478471e-03
   4.2145643e-03
  -6.9056368e-03
  -1.3778959e-02
  -1.2048398e-02
  -1.0565717e-02
  -1.7771542e-02
  -3.5050008e-03
   7.8920299e-03
  -7.7323197e-04
  -0.0000000e+00
  -0.0000000e+00
  -1.5468831e-02
  -1.2439222e-02
  -1.6429955e-02
  -1.7683843e-02
  -1.5312844e-02
  -1.8076120e-02
  -1.5595704e-02
  -1.8608226e-02
  -1.9905549e-02
  -1.5675338e-02
  -1.4072063e-02
  -1.3090834e-02
  -0.0000000e+00
   1.1497621e-02
   1.4995591e-02
   0.0000000e+00
   0.0000000e+00
  -0.0000000e+00
  -1.7453741e-02
  -1.3283200e-02
  -8.5258931e-03
  -7.8515019e-03
  -1.0742231e-03
   2.0704227e-03
   2.6401458e-03
  -2.7187427e-03
  -9.5141185e-03
  -8.5714934e-03
  -6.6099381e-03
  -5.2196048e-03
  -9.3831243e-03
  -1.2195363e-03
   3.6650470e-03
  -1.1972520e-02
  -0.0000000e+00
  -8.9912917e-03
  -6.9577208e-03
  -6.3751210e-03
  -8.9992406e-03
  -1.0510504e-02
  -9.9703482e-03
  -1.1005012e-02
  -1.0671818e-02
  -1.1439241e-02
  -1.5790498e-02
  -9.7798873e-03
  -4.5935516e-03
  -8.7911910e-03
  -0.0000000e+00
   1.0313062e-02
   9.9861316e-03
   0.0000000e+00
  -0.0000000e+00
  -0.0000000e+00
  -1.8863173e-02
  -1.4336579e-02
  -8.7795751e-03
  -6.7023044e-03
   2.0389195e-04
   3.3512054e-04
  -3.3116997e-03
  -1.2418908e-02
  -1.4948782e-02
  -8.3878031e-03
  -5.7459185e-03
  -3.7671342e-03
  -6.0828542e-03
  -3.4378744e-03
  -7.1342271e-03
  -2.0569364e-02
  -1.9598048e-02
  -8.8868206e-03
  -1.9843793e-03
  -3.9147886e-03
  -5.8543100e-03
  -7.8647556e-03
  -8.5604806e-03
  -8.4848320e-03
  -1.0524656e-02
  -8.9825485e-03
  -1.5307240e-02
  -5.4877088e-03
   4.2583724e-03
  -4.3924483e-03
  -0.0000000e+00
   5.1483251e-03
   6.8101211e-04
   0.0000000e+00
  -0.0000000e+00
  -1.8831493e-02
  -2.7190040e-02
  -2.4208168e-02
  -2.1063367e-02
  -1.6806077e-02
  -7.5849709e-03
  -1.1179414e-02
  -1.8402686e-02
  -2.8665211e-02
  -2.6888842e-02
  -1.9179953e-02
  -1.4995042e-02
  -1.0953387e-02
  -1.4005946e-02
  -1.5570246e-02
  -3.1800397e-02
  -4.0364679e-02
  -2.5691871e-02
  -1.5801322e-02
  -7.0459046e-03
  -1.1270667e-02
  -1.2316045e-02
  -1.5059677e-02
  -1.6766679e-02
  -1.6025523e-02
  -2.0907119e-02
  -1.6844407e-02
  -2.3052713e-02
  -4.8867757e-03
   1.1358311e-02
   2.0968112e-03
  -0.0000000e+00
  -8.6660255e-03
  -1.4127674e-02
  -1.4588125e-02
  -0.0000000e+00
  -2.7762316e-02
  -3.8081784e-02
  -4.3043002e-02
  -4.4346027e-02
  -3.7019253e-02
  -2.8209532e-02
  -3.2791503e-02
  -3.8990140e-02
  -4.6130762e-02
  -4.5006383e-02
  -4.1439936e-02
  -3.5564303e-02
  -3.1192433e-02
  -3.6020413e-02
  -4.5447771e-02
  -5.9614919e-02
  -5.6721859e-02
  -4.4462800e-02
  -3.3205803e-02
  -2.6025970e-02
  -3.0896798e-02
  -3.0048816e-02
  -3.5998844e-02
  -3.4523845e-02
  -3.5576817e-02
  -4.0402506e-02
  -3.5187963e-02
  -3.6775988e-02
  -6.7661023e-03
   5.1005520e-03
  -1.0396154e-02
  -0.0000000e+00
  -3.3033922e-02
  -2.7783368e-02
  -2.2063515e-02
  -3.4424616e-02
  -3.4607228e-02
  -4.6019271e-02
  -5.4965515e-02
  -5.5699684e-02
  -4.8739478e-02
  -4.2599615e-02
  -4.5375053e-02
  -4.9599711e-02
  -5.5968489e-02
  -5.5664059e-02
  -5.4814193e-02
  -5.0387464e-02
  -4.6685629e-02
  -5.3606994e-02
  -6.3748278e-02
  -6.6955708e-02
  -5.9990108e-02
  -5.6293368e-02
  -4.7172356e-02
  -4.2445902e-02
  -4.7130816e-02
  -4.5280758e-02
  -5.0434746e-02
  -4.6429366e-02
  -4.7290128e-02
  -4.9678762e-02
  -4.6641465e-02
  -4.3082662e-02
  -1.3849045e-02
  -1.1362614e-02
  -2.8485362e-02
  -0.0000000e+00
  -4.7228254e-02
  -3.3612641e-02
  -2.6601299e-02
  -3.9456036e-02
  -3.8798913e-02
  -5.1127720e-02
  -5.9091583e-02
  -5.7643034e-02
  -5.3191185e-02
  -5.0409321e-02
  -5.1822904e-02
  -5.4334600e-02
  -5.9828054e-02
  -6.0002368e-02
  -6.0770858e-02
  -5.8613643e-02
  -5.6482889e-02
  -6.4517729e-02
  -7.0839308e-02
  -6.4260684e-02
  -5.7295505e-02
  -5.9964128e-02
  -5.5046812e-02
  -5.3584255e-02
  -5.7096492e-02
  -5.5108860e-02
  -5.7728376e-02
  -5.2831110e-02
  -5.2667256e-02
  -5.2304760e-02
  -5.1925849e-02
  -4.4270519e-02
  -2.4038861e-02
  -3.1878833e-02
  -4.0525863e-02
  -0.0000000e+00
  -5.2950591e-02
  -3.5071004e-02
  -3.0037883e-02
  -0.0000000e+00
  -3.9445609e-02
  -4.8034295e-02
  -4.5315705e-02
  -4.1607399e-02
  -4.3697283e-02
  -4.5096971e-02
  -4.7911283e-02
  -5.0375521e-02
  -5.2534785e-02
  -5.1741272e-02
  -5.2495629e-02
  -5.2854761e-02
  -5.4735724e-02
  -6.0313385e-02
  -5.4134574e-02
  -4.8373077e-02
  -4.7153894e-02
  -4.5212060e-02
  -4.9133398e-02
  -5.2426282e-02
  -5.2351512e-02
  -5.2823052e-02
  -4.9941793e-02
  -4.8469208e-02
  -4.5798223e-02
  -4.3711353e-02
  -4.5085490e-02
  -3.6191862e-02
  -4.0718295e-02
  -5.7242583e-02
  -4.4790980e-02
  -4.0896509e-02
  -4.1468177e-02
  -2.6926784e-02
  -0.0000000e+00
  -1.3731807e-02
  -1.7772028e-02
  -1.6658500e-02
  -7.2444896e-03
  -8.8707637e-03
  -1.1310698e-02
  -1.4195064e-02
  -1.9194437e-02
  -2.1559181e-02
  -2.0835890e-02
  -2.0534215e-02
  -2.1071894e-02
  -2.0776153e-02
  -2.4927862e-02
  -2.5751589e-02
  -1.8004561e-02
  -1.7169109e-02
  -1.8068993e-02
  -1.3168176e-02
  -1.5312329e-02
  -2.0351341e-02
  -1.9348541e-02
  -1.9781692e-02
  -1.8597752e-02
  -1.7747976e-02
  -1.6654605e-02
  -1.4997137e-02
  -1.4465882e-02
  -1.4230471e-02
  -3.3912741e-02
  -4.4350851e-02
  -2.9021559e-02
  -2.2272049e-02
  -1.3251232e-02
  -8.5445813e-03
  -1.2240989e-02
   1.8674336e-02
   1.7618814e-02
   2.7969114e-02
   2.8162401e-02
   2.4234969e-02
   2.7915375e-02
   2.2558089e-02
   1.8245433e-02
   1.6056083e-02
   1.5566488e-02
   1.4801964e-02
   1.4302554e-02
   1.5483982e-02
   1.1165094e-02
   1.4252195e-02
   1.9418642e-02
   1.8797394e-02
   2.0451462e-02
   2.1465734e-02
   2.1673273e-02
   1.8644465e-02
   1.6550131e-02
   1.6219666e-02
   1.5561674e-02
   1.6675161e-02
   1.6402151e-02
   1.6925436e-02
   1.8685052e-02
   1.4184643e-02
  -1.2744381e-03
  -7.7206232e-03
  -3.3239366e-03
   6.0254650e-04
   1.1348117e-02
   1.5328113e-02
   1.6738199e-02
   5.7137292e-02
   6.3378051e-02
   7.7088512e-02
   6.1718371e-02
   6.1929166e-02
   6.8759307e-02
   6.2679000e-02
   6.0098764e-02
   5.6877352e-02
   5.5577446e-02
   5.4742619e-02
   5.6308087e-02
   5.5542681e-02
   5.3461999e-02
   6.0170420e-02
   6.1480571e-02
   6.1686892e-02
   6.4562611e-02
   6.1051011e-02
   5.9657253e-02
   5.9224747e-02
   5.4193869e-02
   5.1545575e-02
   5.1135808e-02
   5.1396053e-02
   5.1245507e-02
   5.0831892e-02
   5.3515866e-02
   4.8726708e-02
   4.0427443e-02
   3.6094744e-02
   2.4469245e-02
   3.0319851e-02
   2.8004741e-02
   4.5014539e-02
   5.9774805e-02
   9.2750065e-02
   1.0416421e-01
   1.0798400e-01
   8.8629894e-02
   9.4460852e-02
   9.6485689e-02
   9.5144153e-02
   9.4276689e-02
   8.9939736e-02
   8.9712672e-02
   9.0054974e-02
   9.4327763e-02
   9.2090823e-02
   9.4488688e-02
   9.9428020e-02
   9.8808721e-02
   1.0076064e-01
   9.9151500e-02
   9.6075296e-02
   9.0895742e-02
   8.8216111e-02
   8.3435521e-02
   7.8526139e-02
   7.9681315e-02
   7.9356082e-02
   8.0804951e-02
   8.0979683e-02
   8.2612775e-02
   8.0144130e-02
   7.7961512e-02
   7.3613979e-02
   6.0571498e-02
   6.3730688e-02
   0.0000000e+00
   0.0000000e+00
   9.4406322e-02
   1.0824715e-01
   1.1478646e-01
   1.0022023e-01
   9.8307356e-02
   1.0377564e-01
   9.6365035e-02
   1.0060204e-01
   1.0085343e-01
   9.9527426e-02
   1.0206144e-01
   1.0419528e-01
   1.0873099e-01
   1.0903177e-01
   1.1346623e-01
   1.1173667e-01
   1.1213034e-01
   1.1342849e-01
   1.0588174e-01
   1.0609241e-01
   1.0070801e-01
   9.2477933e-02
   9.0044446e-02
   8.7689571e-02
   8.8992894e-02
   8.9908354e-02
   9.2190266e-02
   9.3606234e-02
   9.2359446e-02
   9.0825401e-02
   9.2175737e-02
   8.7161690e-02
   8.2578972e-02
   9.2538219e-02
   8.7548824e-02
   8.7402596e-02
   9.7259730e-02
   8.5863687e-02
   8.2194798e-02
   6.6179872e-02
   7.8246854e-02
   7.8468785e-02
   7.0437118e-02
   7.2672255e-02
   7.3859006e-02
   7.9122655e-02
   8.3838679e-02
   8.7287597e-02
   8.9524649e-02
   9.1183476e-02
   9.1546707e-02
   8.8611156e-02
   8.8620588e-02
   8.6567737e-02
   8.2881391e-02
   8.0441520e-02
   7.8050964e-02
   7.3696323e-02
   7.2125524e-02
   7.4754983e-02
   7.5458415e-02
   7.7237926e-02
   7.7295236e-02
   7.6766603e-02
   7.4442573e-02
   7.2535440e-02
   7.5371221e-02
   7.3293924e-02
   7.9911888e-02
   9.0845898e-02
   8.6720288e-02
   7.8040995e-02
   7.2161578e-02
   4.0089101e-02
   3.3205424e-02
   2.5246492e-02
   3.0828316e-02
   3.2003708e-02
   3.2811530e-02
   3.2817669e-02
   3.4551531e-02
   4.0984616e-02
   4.5393240e-02
   4.9392741e-02
   4.9781512e-02
   4.7729768e-02
   4.4781920e-02
   4.4635922e-02
   4.3146573e-02
   3.9587427e-02
   4.2461269e-02
   3.9142795e-02
   3.6162138e-02
   4.0426809e-02
   4.1059069e-02
   4.3697555e-02
   4.6384562e-02
   4.6084989e-02
   4.4121534e-02
   4.1335102e-02
   3.9839841e-02
   4.0649228e-02
   4.4602487e-02
   4.8169106e-02
   5.2614719e-02
   5.3998541e-02
   5.2155320e-02
   4.6775222e-02
   3.9543424e-02
  -1.4699323e-03
  -1.4039580e-02
  -2.1864153e-02
  -1.9286251e-02
  -1.0283286e-02
  -3.2967753e-03
  -3.5677026e-03
  -4.7157742e-03
  -2.7829383e-03
   1.1201622e-03
   3.9122105e-03
   2.5915988e-03
   3.7484951e-04
  -2.0903111e-03
  -3.3050594e-03
  -5.7841083e-03
  -1.0312235e-02
  -6.5737804e-03
  -2.1167863e-03
  -4.1955877e-03
  -1.6905554e-03
   1.0611515e-03
   2.8416968e-03
   6.0285153e-03
   5.4466999e-03
   5.4391217e-03
   3.7762006e-03
   2.7376539e-03
   5.2049491e-03
   8.2738148e-03
   1.2512660e-02
   1.3059954e-02
   1.2997660e-02
   1.6245011e-02
   1.4366099e-02
   8.6303595e-03
  -3.5441708e-02
  -4.6806317e-02
  -5.0470486e-02
  -4.1431490e-02
  -3.0239023e-02
  -2.4895510e-02
  -2.7251743e-02
  -3.0731209e-02
  -3.1432491e-02
  -2.9314412e-02
  -2.9055268e-02
  -3.0964224e-02
  -3.1621683e-02
  -3.2170132e-02
  -3.4742594e-02
  -3.8849883e-02
  -4.2437147e-02
  -3.9990745e-02
  -3.2923043e-02
  -3.0915404e-02
  -3.0781405e-02
  -2.8824100e-02
  -2.6655471e-02
  -2.4605310e-02
  -2.3502251e-02
  -2.2540983e-02
  -2.3764940e-02
  -2.5984691e-02
  -2.6906025e-02
  -2.6202137e-02
  -2.2927584e-02
  -1.9951547e-02
  -1.6639367e-02
  -1.4719271e-02
  -1.8036045e-02
  -2.4792593e-02
  -3.0867578e-02
  -2.7922487e-02
  -2.2731163e-02
  -1.7516071e-02
  -1.4744745e-02
  -1.4788175e-02
  -1.6532660e-02
  -1.7880684e-02
  -1.8550856e-02
  -1.9077316e-02
  -2.0374918e-02
  -2.2222579e-02
  -2.3090871e-02
  -2.2867462e-02
  -2.2094678e-02
  -2.0931982e-02
  -1.9812979e-02
  -1.8541271e-02
  -1.7245304e-02
  -1.6775286e-02
  -1.6959790e-02
  -1.7224582e-02
  -1.7520882e-02
  -1.8067280e-02
  -1.8754695e-02
  -1.9555228e-02
  -2.0351423e-02
  -2.0566534e-02
  -2.0241275e-02
  -1.9739658e-02
  -1.9795824e-02
  -2.0750048e-02
  -2.2911021e-02
  -2.6109096e-02
  -2.9195523e-02
  -3.1254947e-02
