   2.2720899e-02
   9.9865378e-03
   3.4816225e-03
  -9.3278585e-03
  -0.0000000e+00
  -0.0000000e+00
  -0.0000000e+00
  -0.0000000e+00
  -0.0000000e+00
  -0.0000000e+00
   0.0000000e+00
   0.0000000e+00
   4.7650359e-02
   2.4639538e-02
   1.3705965e-02
  -4.8671254e-05
   0.0000000e+00
   0.0000000e+00
   0.0000000e+00
   0.0000000e+00
   0.0000000e+00
   0.0000000e+00
   0.0000000e+00
   0.0000000e+00
   0.0000000e+00
   0.0000000e+00
   0.0000000e+00
   0.0000000e+00
   0.0000000e+00
   0.0000000e+00
   0.0000000e+00
   0.0000000e+00
   0.0000000e+00
   0.0000000e+00
   0.0000000e+00
   7.4756378e-02
   1.8509377e-02
   1.4609854e-02
   8.5629048e-03
  -1.5668508e-03
  -1.2278506e-02
  -1.5014207e-02
  -1.7633721e-02
  -1.9428305e-02
  -1.9846467e-02
  -2.8681196e-02
  -2.1479325e-02
   7.2975458e-03
   5.3884960e-03
   1.7174808e-02
   2.0970561e-02
   1.8337986e-02
   1.1956916e-02
   4.2226310e-03
   1.8833624e-03
   1.2157766e-03
  -5.4533987e-03
  -1.8319275e-02
  -1.3146501e-02
   2.1199368e-02
   5.1009625e-02
   1.6202049e-02
   5.1350963e-03
   0.0000000e+00
   0.0000000e+00
  -0.0000000e+00
  -0.0000000e+00
  -0.0000000e+00
   1.6051456e-03
   1.3985816e-03
   3.4619497e-02
   2.4882063e-02
   3.5803369e-03
   1.3210546e-02
   8.0537880e-03
  -1.2343260e-02
  -2.5731711e-02
  -3.2066632e-02
  -3.4705333e-02
  -3.5913676e-02
  -3.8702004e-02
  -4.7816440e-02
  -4.3009778e-02
  -1.0861571e-02
  -2.6121069e-04
   9.1799377e-03
   1.7054133e-02
   1.8030569e-02
   1.2484113e-02
   1.8567765e-03
  -1.1024439e-02
  -2.3215756e-02
  -3.0190200e-02
  -2.8461846e-02
  -1.8461885e-02
  -2.2506283e-03
   1.3134018e-02
   1.3509993e-02
   7.5960835e-03
  -2.6891659e-03
  -1.5815728e-02
  -3.4832874e-02
  -4.5175893e-02
  -4.0190354e-02
  -3.0770363e-02
  -2.2343028e-02
  -1.4714457e-02
  -6.4549823e-03
   6.4312126e-03
   1.6331756e-02
   5.1456420e-03
  -1.9226098e-02
  -3.3259705e-02
  -3.8417891e-02
  -3.9029464e-02
  -3.8837418e-02
  -3.9005212e-02
  -6.1740559e-02
  -8.2413416e-02
  -3.1809237e-03
  -5.6398562e-03
   1.8560404e-03
   6.5922588e-03
   6.1661731e-03
  -5.1075197e-04
  -1.3861252e-02
  -3.0149903e-02
  -4.4428498e-02
  -4.7453295e-02
  -4.1700937e-02
  -2.9558692e-02
  -1.3421734e-02
  -3.0158721e-03
   4.0958570e-03
   3.9294744e-03
  -1.6052596e-02
  -4.0324040e-02
  -5.5875562e-02
  -5.8904409e-02
  -4.7218453e-02
  -3.0749183e-02
  -2.2423580e-02
  -1.9167896e-02
  -4.9044527e-03
   1.1838482e-02
   1.3178241e-02
  -2.5824774e-03
  -2.0611316e-02
  -3.0333178e-02
  -3.3112362e-02
  -3.3729188e-02
  -3.0921411e-02
  -2.5771396e-02
  -3.4319282e-02
   0.0000000e+00
  -2.3030851e-02
  -1.7577885e-02
  -7.3797219e-03
  -5.5586193e-03
  -5.4481816e-03
  -1.2258914e-02
  -2.3833815e-02
  -3.5399940e-02
  -4.1395228e-02
  -3.8419902e-02
  -3.4503508e-02
  -2.7915783e-02
  -1.4521922e-02
  -2.3233099e-03
   1.3969705e-02
   6.2366189e-03
  -2.0780848e-02
  -3.5623811e-02
  -4.3170441e-02
  -4.3006830e-02
  -3.5682696e-02
  -1.9409797e-02
  -1.4110055e-02
  -2.0958692e-02
   9.8078498e-03
   4.7821028e-04
  -1.0764438e-03
  -8.5581514e-03
  -1.5789635e-02
  -2.1201768e-02
  -2.3477324e-02
  -2.4833174e-02
  -2.2009976e-02
  -1.3073470e-02
  -4.0094068e-03
   0.0000000e+00
  -0.0000000e+00
  -1.9050596e-02
  -1.0854882e-02
  -1.3502738e-02
  -1.3673019e-02
  -1.7987014e-02
  -2.1403822e-02
  -2.1924732e-02
  -1.9858002e-02
  -1.5329109e-02
  -1.9013216e-02
  -1.8337838e-02
  -7.4850763e-03
   7.5666634e-03
   1.6923023e-02
   1.9913637e-03
  -1.3585516e-02
  -1.3821696e-02
  -2.5982063e-02
  -2.6262017e-02
  -2.4453727e-02
  -6.0329283e-03
  -3.5138319e-03
  -1.2347443e-03
   3.3924282e-03
  -6.8045324e-03
  -5.6318743e-03
  -4.4266600e-03
  -6.5792543e-03
  -1.1020318e-02
  -1.5561338e-02
  -1.8297136e-02
  -1.5218358e-02
  -4.1975919e-03
   1.8844126e-02
   0.0000000e+00
  -0.0000000e+00
  -1.5127403e-02
  -1.9361582e-02
  -2.2433724e-02
  -1.8618632e-02
  -1.5170836e-02
  -8.0873938e-03
   2.3155261e-03
   9.3921932e-05
  -2.3183501e-03
  -1.3611938e-02
  -1.3322148e-02
  -4.5415838e-03
   5.7475115e-03
   8.8005755e-03
   5.0495705e-03
   1.0545366e-02
   2.1953647e-02
  -0.0000000e+00
  -1.4327022e-02
   0.0000000e+00
   0.0000000e+00
   5.6796549e-03
   5.2629402e-03
  -4.7669836e-04
  -3.2628148e-03
   1.8177076e-03
   5.5930291e-03
   3.6490331e-03
  -3.8231800e-03
  -1.1140104e-02
  -1.4344365e-02
  -1.0329999e-02
   3.4335612e-03
   3.1619661e-02
   1.9071039e-02
   0.0000000e+00
  -1.7043241e-02
  -2.9267749e-02
  -2.7438913e-02
  -1.5160645e-02
  -3.8732206e-03
   1.0977363e-02
   4.0213112e-02
   2.7798614e-03
  -4.8437487e-03
  -1.4144558e-02
  -1.2415722e-02
  -5.9468087e-03
   3.9062710e-03
   1.2681530e-02
   2.1104197e-02
   4.1901816e-02
   5.1244711e-02
   0.0000000e+00
   0.0000000e+00
   0.0000000e+00
   0.0000000e+00
   1.1161530e-02
   4.6890383e-03
  -1.6460717e-03
   4.2354516e-03
   9.1998558e-03
   1.2189299e-02
   8.3125588e-03
  -1.7986485e-03
  -1.0289236e-02
  -1.2111105e-02
  -6.1587328e-03
   9.6362103e-03
   3.6853366e-02
   3.6623336e-02
   0.0000000e+00
  -0.0000000e+00
  -3.4350250e-02
  -2.4679586e-02
  -6.5371981e-03
   6.5249354e-03
   2.7114470e-02
   6.0710881e-02
   0.0000000e+00
  -0.0000000e+00
  -1.2728663e-02
  -1.2082622e-02
  -1.0900755e-03
   1.1703445e-02
   2.3852298e-02
   3.7830964e-02
   6.2480129e-02
   6.4716324e-02
   0.0000000e+00
   0.0000000e+00
   0.0000000e+00
   0.0000000e+00
   1.4325132e-02
   5.0012912e-03
   2.9035816e-03
   1.0549809e-02
   1.3842955e-02
   1.4610678e-02
   7.2903871e-03
  -5.0959741e-03
  -1.1913072e-02
  -9.6501010e-03
  -4.5960641e-04
   1.6443079e-02
   4.2195588e-02
   4.6003108e-02
   0.0000000e+00
   0.0000000e+00
  -4.0969840e-02
  -2.0174498e-02
   1.9489650e-03
   1.7519871e-02
   4.8141226e-02
   8.3588362e-02
   0.0000000e+00
  -0.0000000e+00
  -4.9883916e-03
  -7.9154330e-03
   1.1347880e-02
   2.4288697e-02
   3.7478585e-02
   5.1925767e-02
   7.1125440e-02
   6.1736087e-02
   0.0000000e+00
   0.0000000e+00
   0.0000000e+00
   0.0000000e+00
   1.7367522e-02
   7.6796938e-03
   1.0281083e-02
   1.1202148e-02
   1.2997916e-02
   1.0670711e-02
   1.1796661e-03
  -1.0143328e-02
  -1.2449097e-02
  -6.2018279e-03
   4.7054803e-03
   2.1913122e-02
   4.3810368e-02
   3.8415511e-02
   0.0000000e+00
   0.0000000e+00
  -0.0000000e+00
  -1.6143452e-02
   7.3627378e-03
   2.7864782e-02
   6.3777953e-02
   7.6035815e-02
   0.0000000e+00
  -0.0000000e+00
  -2.3453936e-03
   7.5115778e-03
   2.0569259e-02
   3.3021584e-02
   4.6631962e-02
   5.9298422e-02
   6.8090305e-02
   3.9094627e-02
   0.0000000e+00
   0.0000000e+00
   0.0000000e+00
   2.6301528e-02
   1.7415485e-02
   1.4988476e-02
   1.2884111e-02
   6.4489776e-03
   6.0010818e-03
   1.3682500e-03
  -7.1062162e-03
  -1.2825812e-02
  -9.3505718e-03
  -5.8205350e-04
   1.1441343e-02
   2.8994044e-02
   4.6113405e-02
   2.4186702e-02
   0.0000000e+00
   0.0000000e+00
  -0.0000000e+00
  -7.1858491e-03
   1.6321605e-02
   4.1053046e-02
   6.9980323e-02
   7.0320562e-02
   0.0000000e+00
  -0.0000000e+00
  -1.2589121e-02
   2.5005544e-02
   2.9734707e-02
   4.2745866e-02
   5.7514783e-02
   6.6465952e-02
   5.9959117e-02
   2.2479177e-02
  -6.6372704e-04
   0.0000000e+00
   0.0000000e+00
   2.1650996e-02
   6.9827291e-03
   1.4794930e-02
   9.2589743e-03
  -3.6142408e-03
  -4.1699652e-03
  -7.3707690e-03
  -1.1495960e-02
  -1.0966447e-02
  -4.3800669e-03
   5.2116914e-03
   1.7830836e-02
   3.5651613e-02
   4.7208834e-02
   0.0000000e+00
   0.0000000e+00
   0.0000000e+00
   0.0000000e+00
   7.5865090e-03
   2.7594546e-02
   5.0284699e-02
   6.1530329e-02
   4.6629265e-02
   0.0000000e+00
   0.0000000e+00
   0.0000000e+00
   3.7321414e-02
   3.8508330e-02
   5.0654087e-02
   6.4654917e-02
   6.7413643e-02
   4.7376350e-02
   1.2151413e-02
  -8.4503210e-03
   0.0000000e+00
   1.1893600e-02
   1.4808679e-02
   4.1740928e-03
   5.4951143e-03
  -1.1196898e-03
  -1.3609144e-02
  -1.2031487e-02
  -1.1885366e-02
  -1.1414075e-02
  -7.1960404e-03
   7.3772401e-04
   1.0117386e-02
   2.1592654e-02
   3.6096774e-02
   4.2445056e-02
   0.0000000e+00
   0.0000000e+00
   0.0000000e+00
   0.0000000e+00
   1.8849854e-02
   3.4194540e-02
   4.9695954e-02
   4.4951864e-02
   2.4004908e-02
   0.0000000e+00
   0.0000000e+00
   0.0000000e+00
   4.0348474e-02
   4.2832658e-02
   5.1188640e-02
   6.0047444e-02
   5.3605597e-02
   2.6375046e-02
  -2.3858726e-04
  -1.0215332e-02
   1.5029682e-03
   9.7268989e-03
   5.6990609e-04
  -6.0770516e-03
  -8.1094839e-03
  -1.2980047e-02
  -2.1587243e-02
  -1.9169798e-02
  -1.6916215e-02
  -1.3676823e-02
  -7.2592013e-03
   1.5480001e-03
   1.0940165e-02
   1.9926548e-02
   2.7697312e-02
   2.8042594e-02
   0.0000000e+00
   0.0000000e+00
   0.0000000e+00
   0.0000000e+00
   0.0000000e+00
   3.3035714e-02
   4.1094072e-02
   2.7399600e-02
   4.6351754e-03
   0.0000000e+00
   0.0000000e+00
   0.0000000e+00
   4.2430833e-02
   4.1177996e-02
   4.2918105e-02
   4.3598950e-02
   2.8273009e-02
   2.3448993e-03
  -1.0861028e-02
  -1.1133354e-02
  -3.8176826e-03
  -9.3584020e-03
  -9.3858757e-03
  -1.7821820e-02
  -2.0122729e-02
  -2.2234261e-02
  -3.0081125e-02
  -2.9235771e-02
  -2.7743114e-02
  -2.4867641e-02
  -1.9231234e-02
  -1.1947457e-02
  -4.1236756e-03
   2.8551393e-03
   8.0097960e-03
   1.3897484e-02
   0.0000000e+00
   0.0000000e+00
   0.0000000e+00
   0.0000000e+00
   0.0000000e+00
   2.7079996e-02
   3.0396553e-02
   1.4235829e-02
  -6.6005588e-03
   0.0000000e+00
   0.0000000e+00
   0.0000000e+00
   3.6535859e-02
   3.3758529e-02
   2.9089855e-02
   2.5701592e-02
   9.0715196e-03
  -9.9516166e-03
  -1.2770936e-02
  -1.1612026e-02
  -1.1241198e-02
  -1.3929646e-02
  -1.8585002e-02
  -2.6747650e-02
  -2.8600065e-02
  -2.9746050e-02
  -2.9597927e-02
  -3.0955983e-02
  -3.2303035e-02
  -3.2451402e-02
  -3.0362150e-02
  -2.8016612e-02
  -2.6390167e-02
  -2.5510270e-02
  -1.9766197e-02
  -1.3014917e-02
   0.0000000e+00
   0.0000000e+00
   0.0000000e+00
   0.0000000e+00
   1.2242612e-02
   1.9587627e-02
   2.1347346e-02
   7.3994319e-03
  -1.2240762e-02
   0.0000000e+00
   0.0000000e+00
   0.0000000e+00
   2.4622958e-02
   2.2707142e-02
   1.4858131e-02
   1.4291844e-02
   2.2190022e-03
  -1.1258073e-02
  -7.9219192e-03
  -1.1339930e-02
  -1.4789752e-02
  -1.8454764e-02
  -2.2088422e-02
  -2.6481548e-02
  -2.7877757e-02
  -2.8677961e-02
  -1.5536364e-02
  -1.6354147e-02
  -1.8322654e-02
  -2.0198250e-02
  -2.1802486e-02
  -2.4201165e-02
  -2.8731464e-02
  -3.8274213e-02
  -4.2118604e-02
  -3.0240630e-02
   0.0000000e+00
   0.0000000e+00
   0.0000000e+00
  -1.3930434e-02
   2.0628610e-03
   6.6331277e-03
   1.1809959e-02
   6.7430596e-03
  -8.7444325e-03
   0.0000000e+00
   0.0000000e+00
   0.0000000e+00
   1.9546644e-02
   1.1530882e-02
   2.1000155e-03
   1.0289031e-02
   3.9227582e-03
  -9.4796916e-03
  -5.4931421e-03
  -8.0344111e-03
  -9.9139090e-03
  -1.1266560e-02
  -1.3431827e-02
  -1.5714243e-02
  -1.6244946e-02
  -1.5833670e-02
  -2.0919049e-03
  -7.8459505e-04
  -1.3457773e-03
  -3.1164022e-03
  -6.0154649e-03
  -1.0134432e-02
  -1.6869569e-02
  -3.0753946e-02
  -5.0878500e-02
  -4.5988883e-02
   0.0000000e+00
   0.0000000e+00
  -0.0000000e+00
  -2.0971471e-02
  -7.9060206e-03
  -6.1977168e-03
   3.5943431e-03
   1.3693698e-02
   0.0000000e+00
   0.0000000e+00
   0.0000000e+00
   0.0000000e+00
   2.3927486e-02
   2.0379845e-03
  -9.7441876e-03
   1.5520763e-02
   1.2258448e-02
  -5.0932088e-03
   0.0000000e+00
   0.0000000e+00
   2.6203375e-04
   4.1817170e-04
  -9.8798668e-04
  -2.9619631e-03
  -4.2157271e-03
  -3.7805655e-03
  -4.4386033e-03
   8.3663169e-04
   4.9293372e-03
   6.0287728e-03
   4.3720901e-03
   5.5067946e-04
  -6.5179248e-03
  -2.1957207e-02
  -5.7795197e-02
  -6.3381267e-02
   0.0000000e+00
  -0.0000000e+00
  -4.1237778e-02
  -3.2720711e-02
  -2.2149833e-02
  -1.0415801e-02
   0.0000000e+00
   0.0000000e+00
   0.0000000e+00
   0.0000000e+00
   0.0000000e+00
   0.0000000e+00
   0.0000000e+00
   1.1990964e-03
  -1.8459459e-02
   2.7797944e-02
   2.3285102e-02
   0.0000000e+00
   0.0000000e+00
   0.0000000e+00
   2.5101043e-03
   1.8774808e-03
  -4.2057602e-04
  -3.5850410e-03
  -6.4276131e-03
  -7.0791910e-03
  -2.6977949e-02
  -2.0615309e-02
  -1.0506928e-02
  -1.8566451e-03
   3.3036093e-03
   5.1770373e-03
   4.0367781e-03
  -4.0865871e-03
  -5.0470404e-02
  -6.5278568e-02
   0.0000000e+00
  -0.0000000e+00
  -4.7002777e-02
  -4.8345063e-02
  -4.0096395e-02
  -2.1124890e-02
   0.0000000e+00
   0.0000000e+00
   0.0000000e+00
   0.0000000e+00
   0.0000000e+00
   0.0000000e+00
   0.0000000e+00
   1.0824198e-02
  -2.3226205e-02
   3.4760755e-02
   2.9644421e-02
   0.0000000e+00
  -7.9708974e-03
   4.8607864e-03
  -1.6677522e-03
  -4.5954925e-03
  -9.9705644e-03
  -1.6255576e-02
  -2.2678306e-02
  -2.6956068e-02
  -5.3256877e-02
  -5.3148720e-02
  -4.4187855e-02
  -3.0754892e-02
  -1.8334670e-02
  -8.5220337e-03
  -1.6433431e-03
   4.3764270e-05
  -2.4723503e-02
  -5.2477792e-02
  -0.0000000e+00
  -3.5191309e-02
  -5.0490439e-02
  -5.5703629e-02
  -5.5771578e-02
  -4.0922472e-02
   0.0000000e+00
   0.0000000e+00
   0.0000000e+00
   0.0000000e+00
   0.0000000e+00
   0.0000000e+00
   0.0000000e+00
   2.3427452e-02
  -2.0560122e-02
   1.6794580e-02
   2.7169383e-02
   0.0000000e+00
  -1.2643487e-03
   4.5024643e-03
  -5.8833853e-03
  -8.7029124e-03
  -1.7038431e-02
  -2.6952866e-02
  -3.7452869e-02
  -4.6764039e-02
  -5.9894491e-02
  -6.6581160e-02
  -6.3933291e-02
  -5.2799810e-02
  -3.8104869e-02
  -2.3245074e-02
  -8.4879640e-03
  -3.3450891e-03
  -2.2164358e-02
  -0.0000000e+00
  -2.3059864e-02
  -2.9694842e-02
  -4.4592936e-02
  -5.9165534e-02
  -7.3597088e-02
  -6.9441748e-02
   0.0000000e+00
   0.0000000e+00
   0.0000000e+00
   0.0000000e+00
   0.0000000e+00
   0.0000000e+00
   0.0000000e+00
   3.3605099e-02
  -9.0335924e-03
   0.0000000e+00
   2.4121341e-02
   0.0000000e+00
  -0.0000000e+00
   6.7743333e-04
  -4.2521631e-03
  -4.5662387e-03
  -1.1965863e-02
  -2.3323352e-02
  -3.6280595e-02
  -4.8911210e-02
  -5.2888077e-02
  -6.2223077e-02
  -6.3934453e-02
  -5.8038350e-02
  -4.5813639e-02
  -3.0975265e-02
  -1.1101430e-02
  -1.0381239e-03
  -0.0000000e+00
  -1.6905125e-02
  -1.1477094e-02
  -1.7756915e-02
  -3.2158792e-02
  -5.4938748e-02
  -8.5516192e-02
  -9.7443700e-02
   0.0000000e+00
   0.0000000e+00
   0.0000000e+00
   0.0000000e+00
   0.0000000e+00
   0.0000000e+00
   0.0000000e+00
   4.4503554e-02
  -3.4328764e-03
   0.0000000e+00
   0.0000000e+00
   0.0000000e+00
  -0.0000000e+00
  -2.1745415e-02
  -7.3790649e-03
  -1.3152132e-04
  -2.4023899e-03
  -1.2416022e-02
  -2.6001498e-02
  -4.0094167e-02
  -3.7524153e-02
  -4.7781527e-02
  -5.1721647e-02
  -5.0272245e-02
  -4.4084106e-02
  -3.5853121e-02
  -1.9329320e-02
   0.0000000e+00
  -1.4447433e-03
  -1.2309664e-02
  -5.8588451e-03
  -7.5396136e-03
  -1.7390016e-02
  -3.8839463e-02
  -7.7561617e-02
  -1.0899832e-01
   0.0000000e+00
   0.0000000e+00
   0.0000000e+00
   0.0000000e+00
   0.0000000e+00
   0.0000000e+00
   0.0000000e+00
   3.7048888e-02
   0.0000000e+00
   0.0000000e+00
   0.0000000e+00
   0.0000000e+00
  -0.0000000e+00
  -3.9988225e-02
  -1.6141186e-02
  -7.6365005e-04
   5.1930104e-03
   1.4615898e-03
  -1.0135056e-02
  -2.4070287e-02
  -1.9555030e-02
  -3.1269334e-02
  -3.6605388e-02
  -3.8194261e-02
  -3.9054822e-02
  -3.9446492e-02
  -3.3682156e-02
   0.0000000e+00
   9.7535636e-03
  -8.9064110e-03
  -5.4120128e-03
  -4.0426366e-03
  -8.5692974e-03
  -2.4363844e-02
  -5.9780199e-02
  -1.0195312e-01
   0.0000000e+00
   0.0000000e+00
   0.0000000e+00
   0.0000000e+00
   0.0000000e+00
   0.0000000e+00
   0.0000000e+00
   0.0000000e+00
   0.0000000e+00
   0.0000000e+00
   0.0000000e+00
   0.0000000e+00
   0.0000000e+00
  -0.0000000e+00
  -2.9300675e-02
  -4.6780493e-03
   7.3750392e-03
   1.3236877e-02
   6.9632172e-03
  -5.5446750e-03
  -8.9166546e-03
  -2.1643253e-02
  -2.7356427e-02
  -3.0902384e-02
  -3.7966210e-02
  -4.2249095e-02
  -3.0198008e-02
   0.0000000e+00
   0.0000000e+00
  -3.4488722e-03
  -3.2051259e-03
  -1.9733417e-03
  -5.0383140e-03
  -1.5992437e-02
  -4.5919687e-02
  -9.3219317e-02
   0.0000000e+00
   0.0000000e+00
   0.0000000e+00
   0.0000000e+00
   0.0000000e+00
   0.0000000e+00
   0.0000000e+00
   0.0000000e+00
   0.0000000e+00
   0.0000000e+00
   0.0000000e+00
   0.0000000e+00
   0.0000000e+00
  -0.0000000e+00
  -4.2363979e-02
  -2.4666910e-02
   7.1681003e-03
   1.8134046e-02
   1.7293153e-02
   6.0766079e-03
   4.8354699e-04
  -1.4072523e-02
  -1.8938122e-02
  -2.1254048e-02
  -3.7143592e-02
  -4.6166438e-02
   0.0000000e+00
   0.0000000e+00
   0.0000000e+00
   0.0000000e+00
   9.6746257e-03
   6.2736762e-03
   2.2786553e-03
  -5.6126877e-03
  -2.7890034e-02
  -7.2133109e-02
  -6.3873803e-02
   0.0000000e+00
  -0.0000000e+00
  -0.0000000e+00
  -0.0000000e+00
   0.0000000e+00
   0.0000000e+00
   0.0000000e+00
   0.0000000e+00
   0.0000000e+00
   0.0000000e+00
   0.0000000e+00
   0.0000000e+00
  -0.0000000e+00
  -4.6741229e-02
  -3.3857465e-02
   3.2235258e-03
   2.4605408e-02
   2.7704511e-02
   1.7092776e-02
   8.1454385e-03
  -8.5990252e-03
  -1.1948730e-02
  -1.0755238e-02
  -3.2750864e-02
  -4.5610221e-02
   0.0000000e+00
   0.0000000e+00
   0.0000000e+00
   0.0000000e+00
   0.0000000e+00
   1.7133483e-02
   1.1781960e-02
   4.2638890e-03
  -1.3977066e-02
  -5.1415674e-02
  -6.3873808e-02
  -0.0000000e+00
  -0.0000000e+00
  -0.0000000e+00
  -0.0000000e+00
   0.0000000e+00
   0.0000000e+00
   0.0000000e+00
   0.0000000e+00
   0.0000000e+00
   0.0000000e+00
   0.0000000e+00
   0.0000000e+00
   0.0000000e+00
   0.0000000e+00
  -4.2019883e-02
  -5.7705680e-03
   3.0829586e-02
   3.8403906e-02
   2.7404212e-02
   1.5056768e-02
  -1.3101930e-03
  -2.6521240e-03
   4.0438306e-03
  -1.4543952e-02
  -3.4247335e-02
   0.0000000e+00
   0.0000000e+00
   0.0000000e+00
   0.0000000e+00
   0.0000000e+00
   1.7041358e-02
   1.8897710e-02
   1.2372449e-02
   2.3828101e-04
  -2.6010135e-02
  -2.3820545e-02
  -0.0000000e+00
  -0.0000000e+00
   0.0000000e+00
   0.0000000e+00
   0.0000000e+00
  -0.0000000e+00
   0.0000000e+00
   0.0000000e+00
   0.0000000e+00
   0.0000000e+00
   0.0000000e+00
   0.0000000e+00
   0.0000000e+00
  -0.0000000e+00
  -5.1512346e-02
  -1.9537432e-02
   2.8470792e-02
   4.2442676e-02
   3.3797171e-02
   2.1064781e-02
   7.0521450e-03
   7.7258223e-03
   1.8438343e-02
   1.2574350e-02
   7.4755717e-03
   0.0000000e+00
   0.0000000e+00
   0.0000000e+00
   0.0000000e+00
   0.0000000e+00
   0.0000000e+00
   1.1964633e-02
   1.3641342e-02
   8.7136124e-03
  -6.9596572e-03
  -1.4309034e-02
  -0.0000000e+00
  -0.0000000e+00
   0.0000000e+00
  -0.0000000e+00
  -0.0000000e+00
  -0.0000000e+00
   0.0000000e+00
   0.0000000e+00
   0.0000000e+00
   0.0000000e+00
   0.0000000e+00
   0.0000000e+00
   0.0000000e+00
  -0.0000000e+00
  -3.0693329e-02
  -2.1729694e-02
   1.7417951e-02
   3.7251018e-02
   3.5302703e-02
   2.6903015e-02
   1.2404348e-02
   1.7094031e-02
   3.1299483e-02
   3.1138612e-02
   2.4720111e-02
   0.0000000e+00
   0.0000000e+00
   0.0000000e+00
   0.0000000e+00
   0.0000000e+00
   0.0000000e+00
  -0.0000000e+00
   5.3553403e-03
   1.3610646e-02
   7.0713224e-03
  -5.5131485e-03
   0.0000000e+00
   0.0000000e+00
   0.0000000e+00
  -0.0000000e+00
   0.0000000e+00
   0.0000000e+00
   0.0000000e+00
   0.0000000e+00
   0.0000000e+00
   0.0000000e+00
   0.0000000e+00
   0.0000000e+00
   0.0000000e+00
   0.0000000e+00
  -0.0000000e+00
  -1.1971422e-02
   1.3913964e-02
   3.9335794e-02
   4.0402967e-02
   2.0603294e-02
   8.6084623e-03
   1.5503749e-02
   3.7511531e-02
   4.4468942e-02
   0.0000000e+00
   0.0000000e+00
   0.0000000e+00
   0.0000000e+00
   0.0000000e+00
   0.0000000e+00
  -0.0000000e+00
  -2.9839976e-02
  -9.1981627e-03
   1.3266507e-02
   1.7441336e-02
   0.0000000e+00
  -0.0000000e+00
   0.0000000e+00
   0.0000000e+00
   0.0000000e+00
   0.0000000e+00
   0.0000000e+00
   0.0000000e+00
   0.0000000e+00
   0.0000000e+00
   0.0000000e+00
   0.0000000e+00
   0.0000000e+00
   0.0000000e+00
   0.0000000e+00
  -0.0000000e+00
  -1.1019462e-02
  -1.5349685e-02
   1.7870225e-02
   2.7552912e-02
   1.4814377e-02
   0.0000000e+00
   0.0000000e+00
   3.0138012e-02
   0.0000000e+00
   0.0000000e+00
   0.0000000e+00
   0.0000000e+00
   0.0000000e+00
   0.0000000e+00
   0.0000000e+00
  -0.0000000e+00
  -1.7620318e-02
  -3.4137865e-02
  -7.7739878e-03
   5.8345741e-03
  -2.1094744e-03
  -6.3230445e-03
   0.0000000e+00
   0.0000000e+00
   0.0000000e+00
   0.0000000e+00
   0.0000000e+00
   0.0000000e+00
   0.0000000e+00
   0.0000000e+00
   0.0000000e+00
   0.0000000e+00
   0.0000000e+00
   0.0000000e+00
   0.0000000e+00
  -0.0000000e+00
  -1.4719467e-02
  -6.4871960e-02
  -3.4966019e-02
  -9.2345764e-03
  -0.0000000e+00
   0.0000000e+00
   0.0000000e+00
   0.0000000e+00
   0.0000000e+00
   0.0000000e+00
   0.0000000e+00
   0.0000000e+00
   0.0000000e+00
   0.0000000e+00
   0.0000000e+00
  -0.0000000e+00
  -2.0390828e-02
   0.0000000e+00
  -0.0000000e+00
  -4.5126020e-02
  -1.3897788e-02
  -2.0087753e-02
  -1.0721681e-02
   0.0000000e+00
   0.0000000e+00
   0.0000000e+00
   0.0000000e+00
   0.0000000e+00
   0.0000000e+00
   0.0000000e+00
   0.0000000e+00
   0.0000000e+00
   0.0000000e+00
   0.0000000e+00
   0.0000000e+00
   0.0000000e+00
   0.0000000e+00
   0.0000000e+00
   0.0000000e+00
   0.0000000e+00
  -1.5186112e-02
  -1.6399438e-02
  -9.3933676e-03
  -8.4244383e-03
  -1.0396862e-02
  -1.9739897e-02
  -3.0868402e-02
  -2.5592464e-02
  -2.0870677e-02
  -2.2190914e-02
  -2.1358895e-02
  -1.7718705e-02
  -1.9678654e-02
  -0.0000000e+00
  -0.0000000e+00
  -0.0000000e+00
  -1.2278623e-02
  -5.0397999e-03
  -1.1843483e-02
   0.0000000e+00
   0.0000000e+00
   0.0000000e+00
   0.0000000e+00
   0.0000000e+00
   0.0000000e+00
   0.0000000e+00
   0.0000000e+00
   0.0000000e+00
   0.0000000e+00
   0.0000000e+00
   0.0000000e+00
   0.0000000e+00
   0.0000000e+00
  -7.2081070e-03
  -1.0905831e-02
  -7.2433336e-03
