   7.9414189e-03
   7.4086552e-03
  -3.1804548e-03
  -1.5865058e-02
  -3.3424895e-02
  -3.1262087e-02
  -0.0000000e+00
   0.0000000e+00
  -0.0000000e+00
  -0.0000000e+00
   0.0000000e+00
   0.0000000e+00
  -3.6610776e-03
  -4.4290339e-03
  -1.4994927e-02
  -0.0000000e+00
   0.0000000e+00
   0.0000000e+00
   0.0000000e+00
   0.0000000e+00
   0.0000000e+00
   0.0000000e+00
   0.0000000e+00
   0.0000000e+00
   0.0000000e+00
   0.0000000e+00
   0.0000000e+00
   0.0000000e+00
   0.0000000e+00
   0.0000000e+00
   0.0000000e+00
   0.0000000e+00
   0.0000000e+00
   0.0000000e+00
   0.0000000e+00
   1.9425807e-02
   7.5678647e-02
   7.6716587e-02
   7.2745331e-02
   6.8161353e-02
   5.6853198e-02
   4.6957981e-02
   4.0838506e-02
   4.8275667e-02
   4.5665975e-02
   4.6804085e-02
   3.2506641e-02
   3.2961454e-02
   3.1843614e-02
   3.7868340e-02
   3.2045931e-02
   2.0461122e-02
   4.0130792e-03
  -1.7696650e-02
  -3.0914718e-02
  -2.9810070e-02
  -7.9940243e-03
  -4.9529910e-03
  -1.9641901e-02
  -3.8505465e-02
  -2.6333330e-02
  -8.5207746e-03
  -3.4545414e-02
  -6.5153916e-02
  -5.7340311e-02
  -4.2271495e-02
  -3.5798239e-02
  -1.5435558e-02
   7.3571268e-03
   2.3828206e-02
   2.6176769e-02
   5.6678787e-02
   1.3535565e-01
   1.3455147e-01
   1.2763278e-01
   1.2402046e-01
   1.2061431e-01
   1.1659522e-01
   1.1375666e-01
   1.1227430e-01
   1.1153459e-01
   1.1460302e-01
   1.2257403e-01
   1.1406098e-01
   9.8231636e-02
   9.2461310e-02
   9.0691082e-02
   8.5522130e-02
   8.1668690e-02
   7.8841805e-02
   8.0789618e-02
   8.5515961e-02
   8.9936659e-02
   9.1199793e-02
   8.5726768e-02
   7.8708537e-02
   7.5689852e-02
   7.6650813e-02
   6.9550499e-02
   5.0551068e-02
   4.4799399e-02
   4.8575535e-02
   5.3939357e-02
   6.6749290e-02
   8.3022803e-02
   9.6606560e-02
   1.0667780e-01
   1.2183905e-01
   1.2184891e-01
   1.3146247e-01
   1.3226877e-01
   1.3370582e-01
   1.3351542e-01
   1.3289016e-01
   1.3195156e-01
   1.2954046e-01
   1.2325103e-01
   1.1008425e-01
   1.5631839e-01
   6.9149064e-02
   8.8101111e-02
   1.0676254e-01
   1.2059752e-01
   1.2962176e-01
   1.3641703e-01
   1.4045253e-01
   1.4482765e-01
   1.4992087e-01
   1.5216589e-01
   1.5200117e-01
   1.5345789e-01
   1.5705742e-01
   1.5308242e-01
   1.5881437e-01
   1.5677793e-01
   1.3794425e-01
   1.2806024e-01
   1.2194388e-01
   1.1493850e-01
   1.1026688e-01
   1.0447726e-01
   1.0026166e-01
   9.8071195e-02
   1.0655700e-01
   7.6675743e-02
   9.3029238e-02
   1.0213169e-01
   1.0892697e-01
   1.1204500e-01
   1.1268152e-01
   1.1272386e-01
   1.0938010e-01
   9.9582262e-02
   6.9133170e-02
   0.0000000e+00
   2.1243751e-02
   5.5471327e-02
   8.8251889e-02
   1.1581012e-01
   1.3864884e-01
   1.5266716e-01
   1.5790577e-01
   1.5679683e-01
   1.5303923e-01
   1.4619873e-01
   1.3944976e-01
   1.4315288e-01
   1.5399949e-01
   1.5833011e-01
   1.8754983e-01
   1.8678120e-01
   1.7008825e-01
   1.5540785e-01
   1.3893300e-01
   1.1992092e-01
   1.0380988e-01
   8.5070059e-02
   6.6281557e-02
   6.4484105e-02
   6.3269797e-02
   4.0935511e-02
   5.5437453e-02
   6.4912156e-02
   7.2215114e-02
   7.5749245e-02
   7.6663242e-02
   7.6983769e-02
   7.5029348e-02
   6.8017923e-02
   4.0750163e-02
   0.0000000e+00
   0.0000000e+00
   3.1021221e-02
   5.8603052e-02
   9.0099666e-02
   1.1701898e-01
   1.3340340e-01
   1.3639341e-01
   1.2617677e-01
   1.1018437e-01
   9.6250151e-02
   8.5721386e-02
   9.1439476e-02
   1.0878694e-01
   1.2776264e-01
   1.6305498e-01
   1.6735280e-01
   1.5698115e-01
   1.3777984e-01
   1.1300632e-01
   9.0891694e-02
   7.6303499e-02
   4.4604844e-02
   3.1097330e-02
   1.9869730e-02
   2.7396062e-02
   1.5005571e-02
   2.3132334e-02
   2.9510649e-02
   3.4233712e-02
   3.7032261e-02
   3.8360182e-02
   4.0222041e-02
   4.1949995e-02
   3.7729155e-02
   2.0544905e-02
   0.0000000e+00
   0.0000000e+00
   1.3818593e-02
   3.3354200e-02
   5.8856852e-02
   8.1149831e-02
   9.2197530e-02
   8.9646541e-02
   7.0993066e-02
   4.4962954e-02
   3.9737828e-02
   3.7123766e-02
   4.2724729e-02
   6.0845044e-02
   8.5118949e-02
   1.0992082e-01
   1.1762450e-01
   1.1162642e-01
   9.7639192e-02
   7.2038571e-02
   5.0834045e-02
   5.2147342e-02
   0.0000000e+00
   1.0676030e-02
   4.6755001e-03
   8.4563913e-03
  -9.3887504e-03
  -7.3059853e-03
  -3.7374622e-03
  -5.9754908e-04
   1.6320178e-03
   5.0410646e-03
   9.3857180e-03
   1.1801236e-02
   9.2381181e-03
   3.0338448e-03
   0.0000000e+00
  -0.0000000e+00
   1.6019762e-03
   1.0259858e-02
   2.7966358e-02
   3.9825458e-02
   4.2306107e-02
   3.3197377e-02
   4.0762746e-03
  -4.4048528e-03
   5.8355940e-03
   2.3400458e-03
   5.4721916e-03
   1.9297570e-02
   3.4089193e-02
   4.6009373e-02
   5.1673119e-02
   4.7842938e-02
   3.4247222e-02
   5.0870211e-02
   1.8872211e-02
   0.0000000e+00
   0.0000000e+00
   1.8394351e-03
  -4.7731157e-03
  -8.2523059e-03
  -2.9229054e-02
  -2.9861500e-02
  -2.7092446e-02
  -2.2956714e-02
  -1.8218009e-02
  -1.2898191e-02
  -8.8673197e-03
  -8.9251315e-03
  -1.2007945e-02
  -7.8291949e-03
   0.0000000e+00
   0.0000000e+00
  -0.0000000e+00
  -7.0937378e-03
   4.3295552e-03
   8.2621295e-03
   5.4729716e-03
  -8.7235663e-03
  -2.8940927e-02
   0.0000000e+00
  -0.0000000e+00
  -1.7597945e-02
  -1.6290661e-02
  -9.8687122e-03
  -5.9836176e-03
  -1.8010200e-03
   5.7358760e-04
  -3.1021489e-03
  -5.7931584e-03
   0.0000000e+00
   0.0000000e+00
   0.0000000e+00
  -0.0000000e+00
  -8.7231640e-03
  -1.7334085e-02
  -2.4327559e-02
  -4.8609491e-02
  -4.9603913e-02
  -4.6135738e-02
  -3.8872827e-02
  -3.0543137e-02
  -2.4483869e-02
  -2.4547316e-02
  -2.9714212e-02
  -3.3171453e-02
  -1.8345732e-02
  -1.4169738e-03
   0.0000000e+00
   0.0000000e+00
  -2.5682485e-02
  -1.6316921e-02
  -1.9038487e-02
  -2.9457116e-02
  -4.6600219e-02
  -5.2342814e-02
   0.0000000e+00
  -0.0000000e+00
  -2.8008484e-02
  -3.2305039e-02
  -3.9630800e-02
  -4.5005716e-02
  -4.6619784e-02
  -4.6246983e-02
  -4.3850295e-02
  -3.2390639e-02
   0.0000000e+00
   0.0000000e+00
   0.0000000e+00
  -0.0000000e+00
  -2.6662203e-02
  -3.4606513e-02
  -4.2878691e-02
  -5.7771046e-02
  -5.7330694e-02
  -5.2456770e-02
  -4.3150108e-02
  -3.3825435e-02
  -3.1229589e-02
  -3.6145072e-02
  -4.4490006e-02
  -4.6690125e-02
  -2.7759144e-02
  -6.4338949e-03
   0.0000000e+00
   0.0000000e+00
  -3.3721833e-02
  -2.6988989e-02
  -3.5545614e-02
  -5.1273089e-02
  -6.3768581e-02
  -4.8031443e-02
   0.0000000e+00
  -0.0000000e+00
  -2.6326787e-02
  -4.0091339e-02
  -5.6019954e-02
  -6.5869354e-02
  -7.0473038e-02
  -6.9068298e-02
  -5.5611182e-02
  -2.4902232e-02
   0.0000000e+00
   0.0000000e+00
   0.0000000e+00
  -0.0000000e+00
  -3.8087387e-02
  -4.4252384e-02
  -5.2316047e-02
  -5.5960044e-02
  -5.3690549e-02
  -4.8240799e-02
  -4.1252833e-02
  -3.8692944e-02
  -4.3820009e-02
  -5.2889787e-02
  -6.0690068e-02
  -5.9557267e-02
  -3.7352078e-02
  -1.0568428e-02
   0.0000000e+00
   0.0000000e+00
  -0.0000000e+00
  -3.7521873e-02
  -5.1121645e-02
  -6.4914986e-02
  -6.3229106e-02
  -2.9539938e-02
   0.0000000e+00
  -0.0000000e+00
  -2.5711923e-02
  -4.7297294e-02
  -6.5204330e-02
  -7.8358121e-02
  -8.4852889e-02
  -8.0936797e-02
  -5.7754226e-02
  -2.2124463e-02
  -1.4017460e-02
   0.0000000e+00
   0.0000000e+00
  -0.0000000e+00
  -4.1917611e-02
  -4.6130359e-02
  -5.2591942e-02
  -4.1474137e-02
  -3.8206708e-02
  -3.5307966e-02
  -3.6828268e-02
  -4.6768472e-02
  -5.8269911e-02
  -6.7270264e-02
  -7.1293458e-02
  -6.6953257e-02
  -4.6690661e-02
  -1.8444191e-02
   0.0000000e+00
   0.0000000e+00
  -0.0000000e+00
  -4.7477879e-02
  -5.9869990e-02
  -6.4110458e-02
  -4.8986174e-02
  -2.8317051e-02
   0.0000000e+00
   0.0000000e+00
  -0.0000000e+00
  -5.6752712e-02
  -6.7663506e-02
  -8.0866553e-02
  -8.5498467e-02
  -7.8955829e-02
  -5.3215269e-02
  -2.2130325e-02
  -1.3743833e-02
   0.0000000e+00
   0.0000000e+00
  -4.1662229e-02
  -3.6767188e-02
  -3.7452955e-02
  -4.0848635e-02
  -2.1419851e-02
  -1.9609371e-02
  -2.2025922e-02
  -3.2559894e-02
  -5.2368876e-02
  -6.7310661e-02
  -7.3399872e-02
  -7.0542134e-02
  -6.1929781e-02
  -4.7735679e-02
   0.0000000e+00
   0.0000000e+00
   0.0000000e+00
  -0.0000000e+00
  -5.1888151e-02
  -5.8735453e-02
  -5.1436730e-02
  -2.8084684e-02
  -1.6347420e-03
   0.0000000e+00
   0.0000000e+00
  -0.0000000e+00
  -5.6247368e-02
  -6.4733550e-02
  -7.3686309e-02
  -7.2740853e-02
  -6.3761391e-02
  -4.0399976e-02
  -1.8011354e-02
  -1.8606823e-02
  -2.4668554e-02
  -5.4717290e-02
  -3.5658958e-02
  -2.7397338e-02
  -2.3013677e-02
  -2.2335744e-02
  -6.4936108e-03
  -7.4734734e-03
  -1.2978689e-02
  -2.5376799e-02
  -4.6179399e-02
  -6.2582932e-02
  -6.7313291e-02
  -5.8863249e-02
  -4.1216791e-02
  -2.3061799e-02
   0.0000000e+00
   0.0000000e+00
   0.0000000e+00
   0.0000000e+00
  -4.4962295e-02
  -4.5673747e-02
  -2.9933101e-02
  -6.8510240e-03
   7.9118714e-03
   0.0000000e+00
   0.0000000e+00
  -0.0000000e+00
  -4.2875925e-02
  -5.3908680e-02
  -5.6452729e-02
  -4.8265692e-02
  -3.6340773e-02
  -1.8702744e-02
  -8.5054133e-03
  -2.0648068e-02
  -3.8111245e-02
  -4.8089384e-02
  -2.4893508e-02
  -1.7476780e-02
  -1.0392851e-02
  -7.5067282e-03
  -1.6821466e-02
  -1.7760187e-02
  -2.0118222e-02
  -2.4773395e-02
  -3.3426728e-02
  -4.1927278e-02
  -4.3237645e-02
  -3.3305120e-02
  -1.4671134e-02
  -3.6707246e-03
   0.0000000e+00
   0.0000000e+00
   0.0000000e+00
   0.0000000e+00
  -2.9376639e-02
  -2.5691908e-02
  -8.0847209e-03
   8.9785680e-03
   1.5197400e-02
   0.0000000e+00
   0.0000000e+00
  -0.0000000e+00
  -3.2905292e-02
  -3.6440820e-02
  -3.3430301e-02
  -2.1173408e-02
  -9.4028302e-03
   5.0309685e-04
   6.0626247e-04
  -1.3157826e-02
  -2.2956681e-02
   0.0000000e+00
  -2.0784689e-02
  -1.8048173e-02
  -1.6298778e-02
  -1.6627593e-02
  -4.2975072e-02
  -4.4701360e-02
  -4.6465717e-02
  -4.7209952e-02
  -4.5412771e-02
  -4.1645400e-02
  -3.3740602e-02
  -1.8964855e-02
   8.9947891e-04
   1.0149335e-02
   0.0000000e+00
   0.0000000e+00
   0.0000000e+00
   0.0000000e+00
  -1.3397663e-02
  -6.0758730e-03
   1.0006540e-02
   2.0128695e-02
   1.7394967e-02
   0.0000000e+00
   0.0000000e+00
  -0.0000000e+00
  -1.8886885e-02
  -1.7246498e-02
  -1.0940481e-02
   1.4815109e-03
   8.4926458e-03
   8.8540419e-03
   4.1838482e-03
  -9.6200753e-03
  -1.7264044e-02
  -3.5486681e-02
  -3.1043066e-02
  -3.3922769e-02
  -3.8180374e-02
  -4.1164540e-02
  -5.4544357e-02
  -5.6832713e-02
  -5.9801869e-02
  -6.2067021e-02
  -6.1229006e-02
  -5.6643878e-02
  -4.7757642e-02
  -3.3667724e-02
  -1.0571150e-02
   2.5235286e-03
   0.0000000e+00
   0.0000000e+00
   0.0000000e+00
  -2.6191621e-02
  -3.7768177e-03
   1.0035961e-02
   2.6319204e-02
   3.0177960e-02
   1.6892891e-02
   0.0000000e+00
   0.0000000e+00
  -0.0000000e+00
  -6.8239520e-03
  -2.4193820e-03
   6.2183847e-03
   1.7844813e-02
   1.9563278e-02
   1.8835403e-02
   5.2590689e-03
  -0.0000000e+00
  -2.2225716e-02
  -3.9086024e-02
  -4.0621149e-02
  -4.5919689e-02
  -5.0293447e-02
  -5.2598139e-02
  -5.3240956e-02
  -5.5080504e-02
  -5.8769793e-02
  -6.2799282e-02
  -6.5464414e-02
  -6.5245039e-02
  -6.1387412e-02
  -5.4919851e-02
  -3.6046422e-02
  -1.1871279e-02
   0.0000000e+00
   0.0000000e+00
  -0.0000000e+00
  -3.1906929e-02
  -2.3962348e-04
   1.9365824e-02
   4.2043840e-02
   4.1525438e-02
   1.9536512e-02
   0.0000000e+00
   0.0000000e+00
   0.0000000e+00
   1.2196228e-02
   7.8026466e-03
   1.7377369e-02
   3.2815151e-02
   2.8263271e-02
   0.0000000e+00
   4.1769044e-03
  -0.0000000e+00
  -2.3692430e-02
  -3.7038970e-02
  -4.1979163e-02
  -4.7208415e-02
  -5.1108973e-02
  -5.2342528e-02
  -5.5600017e-02
  -5.4164130e-02
  -5.5271037e-02
  -5.8449093e-02
  -6.3442253e-02
  -6.9146171e-02
  -7.2393008e-02
  -7.3537014e-02
  -6.9044612e-02
  -2.3469783e-02
   0.0000000e+00
   0.0000000e+00
  -0.0000000e+00
  -3.6876097e-02
  -5.3922967e-03
   1.8078068e-02
   3.9806323e-02
   0.0000000e+00
   0.0000000e+00
   0.0000000e+00
   0.0000000e+00
   0.0000000e+00
   0.0000000e+00
   1.4295255e-02
   2.3177005e-02
   5.1523190e-02
   3.5183191e-02
   2.2589674e-02
   2.1895211e-03
  -1.5313717e-02
  -2.5758503e-02
  -3.7550025e-02
  -4.4725452e-02
  -5.1277205e-02
  -5.5833150e-02
  -5.6656804e-02
  -7.4136458e-02
  -7.0287973e-02
  -6.5142564e-02
  -6.0501978e-02
  -5.8362704e-02
  -6.1614428e-02
  -6.7410439e-02
  -6.9872722e-02
  -9.1788769e-02
  -5.8985269e-02
   0.0000000e+00
  -0.0000000e+00
  -6.8802377e-02
  -5.3829111e-02
  -2.0994855e-02
   1.2802381e-02
   0.0000000e+00
   0.0000000e+00
   0.0000000e+00
   0.0000000e+00
   0.0000000e+00
   0.0000000e+00
   0.0000000e+00
   2.2830527e-02
   2.0355789e-02
   6.0862594e-02
   4.5143420e-02
   2.2589672e-02
   3.8026206e-03
  -2.0221974e-02
  -3.3083715e-02
  -4.4726048e-02
  -5.5148847e-02
  -6.5132350e-02
  -7.1929678e-02
  -7.4597441e-02
  -1.0480000e-01
  -1.0472236e-01
  -9.9882394e-02
  -9.0277866e-02
  -7.6766282e-02
  -6.4266808e-02
  -5.8847770e-02
  -5.3148564e-02
  -4.9207212e-02
  -8.4106766e-02
  -1.8605023e-01
  -9.4274849e-02
  -8.4710307e-02
  -7.2204657e-02
  -4.0922850e-02
  -5.2414034e-03
   0.0000000e+00
   0.0000000e+00
   0.0000000e+00
   0.0000000e+00
   0.0000000e+00
   0.0000000e+00
   0.0000000e+00
   3.7906956e-02
   2.4432391e-02
   0.0000000e+00
   4.3277928e-02
   0.0000000e+00
  -4.2087376e-03
  -2.5561258e-02
  -4.1126985e-02
  -5.2496567e-02
  -6.6880584e-02
  -8.1827112e-02
  -9.3752950e-02
  -1.0092322e-01
  -1.2288259e-01
  -1.2549990e-01
  -1.2254664e-01
  -1.1245799e-01
  -9.2408009e-02
  -6.4343967e-02
  -4.1032828e-02
  -4.4507409e-02
  -4.4786117e-02
  -1.2003448e-01
  -1.6999061e-01
  -9.6815027e-02
  -9.5565863e-02
  -8.8565297e-02
  -6.5352477e-02
  -3.0984151e-02
   0.0000000e+00
   0.0000000e+00
   0.0000000e+00
   0.0000000e+00
   0.0000000e+00
   0.0000000e+00
   0.0000000e+00
   5.7374202e-02
   4.0010327e-02
   0.0000000e+00
   3.6162217e-02
   0.0000000e+00
  -0.0000000e+00
  -3.9948456e-02
  -4.5642991e-02
  -5.4575637e-02
  -7.0391022e-02
  -8.8212915e-02
  -1.0449394e-01
  -1.1563984e-01
  -1.2340698e-01
  -1.2680690e-01
  -1.2429402e-01
  -1.1451615e-01
  -9.0468369e-02
  -5.2309521e-02
  -1.7079115e-02
  -1.8269860e-02
  -0.0000000e+00
  -9.0601668e-02
  -1.1637670e-01
  -9.0555780e-02
  -9.1684505e-02
  -9.4060741e-02
  -8.5649177e-02
  -5.7281232e-02
   0.0000000e+00
   0.0000000e+00
   0.0000000e+00
   0.0000000e+00
   0.0000000e+00
   0.0000000e+00
   0.0000000e+00
   7.6976426e-02
   5.9654603e-02
   0.0000000e+00
   0.0000000e+00
   0.0000000e+00
  -0.0000000e+00
  -6.0531981e-02
  -5.1946759e-02
  -5.5520907e-02
  -6.8260714e-02
  -8.5554428e-02
  -1.0259491e-01
  -1.1503594e-01
  -1.0676779e-01
  -1.0916353e-01
  -1.0633041e-01
  -9.7075172e-02
  -7.4140795e-02
  -3.4992028e-02
  -2.3090143e-03
   0.0000000e+00
  -5.5497162e-02
  -6.4227864e-02
  -7.6083168e-02
  -7.0185021e-02
  -7.3599212e-02
  -8.2872838e-02
  -8.8928618e-02
  -7.6117574e-02
   0.0000000e+00
   0.0000000e+00
   0.0000000e+00
   0.0000000e+00
   0.0000000e+00
   0.0000000e+00
   0.0000000e+00
   0.0000000e+00
   0.0000000e+00
   0.0000000e+00
   0.0000000e+00
   0.0000000e+00
  -0.0000000e+00
  -7.8582454e-02
  -6.2916130e-02
  -5.9700064e-02
  -6.4290799e-02
  -7.5980924e-02
  -8.9418948e-02
  -9.9889025e-02
  -7.6468594e-02
  -7.7585578e-02
  -7.5975627e-02
  -6.9599651e-02
  -5.1164411e-02
  -1.8434643e-02
   7.1884677e-03
   0.0000000e+00
  -4.2698392e-02
  -4.0163092e-02
  -4.7923185e-02
  -4.7866009e-02
  -5.2899588e-02
  -6.4620547e-02
  -7.7253625e-02
  -7.1184811e-02
   0.0000000e+00
   0.0000000e+00
   0.0000000e+00
   0.0000000e+00
   0.0000000e+00
   0.0000000e+00
   0.0000000e+00
   0.0000000e+00
   0.0000000e+00
   0.0000000e+00
   0.0000000e+00
   0.0000000e+00
   0.0000000e+00
  -0.0000000e+00
  -6.9225840e-02
  -5.9829894e-02
  -5.5442743e-02
  -5.8294129e-02
  -6.5321207e-02
  -7.2075121e-02
  -4.3969277e-02
  -4.5076203e-02
  -4.5356341e-02
  -4.2516395e-02
  -2.7830075e-02
   9.8201939e-04
   0.0000000e+00
   0.0000000e+00
  -0.0000000e+00
  -1.7535865e-02
  -2.3529787e-02
  -2.6892416e-02
  -3.1487633e-02
  -4.1332603e-02
  -5.5453435e-02
  -5.6867536e-02
   0.0000000e+00
   0.0000000e+00
   0.0000000e+00
   0.0000000e+00
   0.0000000e+00
   0.0000000e+00
   0.0000000e+00
   0.0000000e+00
   0.0000000e+00
   0.0000000e+00
   0.0000000e+00
   0.0000000e+00
   0.0000000e+00
  -0.0000000e+00
  -6.1320640e-02
  -4.8120245e-02
  -3.6840968e-02
  -3.4127723e-02
  -3.6735073e-02
  -4.0911745e-02
   1.2561154e-03
  -1.4048720e-03
  -4.0067299e-03
  -6.5435562e-03
   1.7268105e-03
   2.5662420e-02
   0.0000000e+00
   0.0000000e+00
   0.0000000e+00
   0.0000000e+00
   1.4663802e-02
   7.5323703e-03
   2.2151596e-03
  -4.6832254e-03
  -1.5925938e-02
  -2.5865624e-02
  -1.7123303e-02
   0.0000000e+00
   0.0000000e+00
   0.0000000e+00
   0.0000000e+00
   0.0000000e+00
   0.0000000e+00
   0.0000000e+00
   0.0000000e+00
   0.0000000e+00
   0.0000000e+00
   0.0000000e+00
   0.0000000e+00
   0.0000000e+00
  -4.1498648e-02
  -1.7140265e-02
   5.0771837e-03
   8.5098408e-03
   7.3574758e-03
   4.2907209e-03
   4.0129326e-02
   3.6939904e-02
   3.1608589e-02
   2.2912277e-02
   2.1971069e-02
   3.0733942e-02
   0.0000000e+00
   0.0000000e+00
   0.0000000e+00
   0.0000000e+00
   4.0742755e-02
   4.3737369e-02
   3.6532313e-02
   2.8346883e-02
   1.9617045e-02
   6.6158930e-03
   4.4707801e-03
   0.0000000e+00
   0.0000000e+00
   0.0000000e+00
   0.0000000e+00
   0.0000000e+00
   0.0000000e+00
   0.0000000e+00
   0.0000000e+00
   0.0000000e+00
   0.0000000e+00
   0.0000000e+00
   0.0000000e+00
   0.0000000e+00
   0.0000000e+00
   0.0000000e+00
   4.9096314e-02
   4.7601808e-02
   4.4770855e-02
   4.2144945e-02
   7.8299813e-02
   7.6910488e-02
   6.9265880e-02
   5.4431126e-02
   3.7360796e-02
   2.9603807e-02
   0.0000000e+00
   0.0000000e+00
   0.0000000e+00
   0.0000000e+00
   0.0000000e+00
   7.3395129e-02
   7.1016043e-02
   6.2717214e-02
   6.0494751e-02
   4.7334824e-02
   2.0443120e-02
   0.0000000e+00
   0.0000000e+00
   0.0000000e+00
   0.0000000e+00
   0.0000000e+00
   0.0000000e+00
   0.0000000e+00
   0.0000000e+00
   0.0000000e+00
   0.0000000e+00
   0.0000000e+00
   0.0000000e+00
   0.0000000e+00
   0.0000000e+00
   8.0100197e-02
   8.2289673e-02
   6.7646980e-02
   7.1965069e-02
   7.5907290e-02
   9.5988914e-02
   9.6329719e-02
   8.6664210e-02
   6.8906598e-02
   4.5460158e-02
   0.0000000e+00
   0.0000000e+00
   0.0000000e+00
   0.0000000e+00
   0.0000000e+00
   0.0000000e+00
   0.0000000e+00
   6.8812988e-02
   8.7655954e-02
   9.4585743e-02
   8.5019723e-02
   5.3730953e-02
   4.4902288e-02
   0.0000000e+00
   0.0000000e+00
   0.0000000e+00
   0.0000000e+00
   0.0000000e+00
   0.0000000e+00
   0.0000000e+00
   0.0000000e+00
   0.0000000e+00
   0.0000000e+00
   0.0000000e+00
   0.0000000e+00
   0.0000000e+00
   7.3622431e-02
   7.0214906e-02
   5.9339855e-02
   7.4347250e-02
   8.8128138e-02
   7.9622714e-02
   8.4353504e-02
   7.6530114e-02
   5.7079126e-02
   3.4578773e-02
   0.0000000e+00
   0.0000000e+00
   0.0000000e+00
   0.0000000e+00
   0.0000000e+00
   0.0000000e+00
   0.0000000e+00
   0.0000000e+00
   9.9636148e-02
   1.1150943e-01
   1.0511695e-01
   6.2938198e-02
   4.5368392e-02
   0.0000000e+00
   0.0000000e+00
   0.0000000e+00
   0.0000000e+00
   0.0000000e+00
   0.0000000e+00
   0.0000000e+00
   0.0000000e+00
   0.0000000e+00
   0.0000000e+00
   0.0000000e+00
   0.0000000e+00
   0.0000000e+00
   0.0000000e+00
   3.9315425e-02
   3.3733428e-02
   5.4241211e-02
   6.9231860e-02
   2.6440090e-02
   3.9583259e-02
   3.2453681e-02
   1.8077342e-02
   1.6678032e-02
   0.0000000e+00
   0.0000000e+00
   0.0000000e+00
   0.0000000e+00
   0.0000000e+00
   0.0000000e+00
   0.0000000e+00
   6.8364697e-02
   7.6041855e-02
   7.9566491e-02
   7.1422227e-02
   4.2574906e-02
   0.0000000e+00
   0.0000000e+00
   0.0000000e+00
   0.0000000e+00
   0.0000000e+00
   0.0000000e+00
   0.0000000e+00
   0.0000000e+00
   0.0000000e+00
   0.0000000e+00
   0.0000000e+00
   0.0000000e+00
   0.0000000e+00
   0.0000000e+00
   0.0000000e+00
   5.4268396e-04
  -1.0721764e-02
  -1.4397874e-02
   8.9590266e-03
  -2.0330892e-02
  -1.2245967e-02
  -0.0000000e+00
  -0.0000000e+00
   0.0000000e+00
   0.0000000e+00
   0.0000000e+00
   0.0000000e+00
   0.0000000e+00
   0.0000000e+00
   0.0000000e+00
   0.0000000e+00
   3.0279802e-02
   1.0186504e-02
  -1.0807784e-02
  -2.7118950e-02
  -3.6429407e-02
  -1.5453914e-02
  -1.2911566e-02
   0.0000000e+00
   0.0000000e+00
   0.0000000e+00
   0.0000000e+00
   0.0000000e+00
   0.0000000e+00
   0.0000000e+00
   0.0000000e+00
   0.0000000e+00
   0.0000000e+00
   0.0000000e+00
   0.0000000e+00
  -0.0000000e+00
  -0.0000000e+00
   0.0000000e+00
  -8.0997452e-02
  -6.2149085e-02
  -7.9043781e-02
   0.0000000e+00
   0.0000000e+00
   0.0000000e+00
   0.0000000e+00
   0.0000000e+00
   0.0000000e+00
   0.0000000e+00
   0.0000000e+00
   0.0000000e+00
   0.0000000e+00
   0.0000000e+00
   0.0000000e+00
   0.0000000e+00
  -0.0000000e+00
  -3.7636941e-02
  -3.8798358e-02
  -2.8827923e-02
  -1.0168188e-02
   0.0000000e+00
   0.0000000e+00
   0.0000000e+00
   0.0000000e+00
   0.0000000e+00
   0.0000000e+00
   0.0000000e+00
   0.0000000e+00
   0.0000000e+00
   0.0000000e+00
   0.0000000e+00
   0.0000000e+00
   0.0000000e+00
   0.0000000e+00
   0.0000000e+00
   0.0000000e+00
  -0.0000000e+00
  -3.0326273e-02
  -3.9275979e-02
  -4.0076691e-02
  -3.0081551e-02
  -1.3316469e-02
   5.4253453e-03
   0.0000000e+00
  -0.0000000e+00
  -0.0000000e+00
  -0.0000000e+00
   0.0000000e+00
   0.0000000e+00
  -0.0000000e+00
  -0.0000000e+00
  -0.0000000e+00
  -0.0000000e+00
  -1.5276842e-02
  -1.7204667e-02
  -2.4560276e-02
  -1.7170031e-02
  -0.0000000e+00
  -0.0000000e+00
  -0.0000000e+00
  -0.0000000e+00
  -0.0000000e+00
  -0.0000000e+00
  -0.0000000e+00
  -0.0000000e+00
  -0.0000000e+00
  -1.8378001e-02
  -1.7162727e-02
  -1.1750745e-02
  -1.1088307e-02
  -1.1597826e-02
  -9.8969758e-03
  -1.8781296e-02
