 -9.900000e+19 -9.900000e+19 -9.900000e+19 -9.900000e+19 -9.900000e+19 -9.900000e+19 -9.900000e+19 -9.900000e+19 -9.900000e+19 -9.900000e+19 -9.900000e+19 -9.900000e+19 -9.900000e+19 -9.900000e+19 -9.900000e+19 -9.900000e+19 -9.900000e+19 -9.900000e+19 -9.900000e+19 -9.900000e+19 -9.900000e+19 -9.900000e+19 -9.900000e+19 -9.900000e+19 -9.900000e+19 -9.900000e+19 -9.900000e+19 -9.900000e+19 -9.900000e+19 -9.900000e+19 -9.900000e+19 -9.900000e+19 -9.900000e+19 -9.900000e+19 -9.900000e+19 -9.900000e+19
 -9.900000e+19 -9.900000e+19 -9.900000e+19 -9.900000e+19 -9.900000e+19 -9.900000e+19 -9.900000e+19 -9.900000e+19 -9.900000e+19 -9.900000e+19 -9.900000e+19 -9.900000e+19 -9.900000e+19 -9.900000e+19 -9.900000e+19 -9.900000e+19 -9.900000e+19 -9.900000e+19 -9.900000e+19 -9.900000e+19 -2.130000e+01 -9.900000e+19 -9.900000e+19 -8.090000e+00 -1.063500e+01 -1.223333e+01 -1.252000e+01 -1.125000e+01 -9.900000e+19 -9.900000e+19 -9.900000e+19 -9.900000e+19 -9.900000e+19 -9.900000e+19 -9.900000e+19 -9.900000e+19
 -9.900000e+19 -9.900000e+19 -9.900000e+19 -9.900000e+19 -9.900000e+19 -9.900000e+19 -9.900000e+19 -9.900000e+19 -9.900000e+19 -9.900000e+19 -9.900000e+19 -9.900000e+19 -9.900000e+19 -9.900000e+19 -9.900000e+19 -9.900000e+19 -9.900000e+19 -9.900000e+19 -9.900000e+19 -9.900000e+19 -1.556667e+01 -1.360000e+01 -1.472200e+01 -1.302000e+01 -1.415000e+01 -1.300000e+01 -9.900000e+19 -9.900000e+19 -9.900000e+19 -9.900000e+19 -9.900000e+19 -9.900000e+19 -9.900000e+19 -9.900000e+19 -9.900000e+19 -9.900000e+19
 -9.900000e+19 -9.900000e+19 -9.900000e+19 -9.900000e+19 -9.900000e+19 -9.900000e+19 -9.900000e+19 -9.900000e+19 -9.900000e+19 -9.900000e+19 -9.900000e+19 -9.900000e+19 -9.900000e+19 -9.900000e+19 -9.900000e+19 -9.900000e+19 -9.900000e+19 -9.900000e+19 -9.900000e+19 -9.900000e+19 -1.860000e+01 -1.692100e+01 -9.900000e+19 -1.485000e+01 -9.900000e+19 -9.900000e+19 -9.900000e+19 -9.900000e+19 -9.900000e+19 -9.900000e+19 -9.900000e+19 -9.900000e+19 -9.900000e+19 -9.900000e+19 -9.900000e+19 -9.900000e+19
 -9.900000e+19 -9.900000e+19 -9.900000e+19 -9.900000e+19 -9.900000e+19 -9.900000e+19 -9.900000e+19 -9.900000e+19 -9.900000e+19 -9.900000e+19 -9.900000e+19 -9.900000e+19 -9.900000e+19 -9.900000e+19 -9.900000e+19 -9.900000e+19 -9.900000e+19 -9.900000e+19 -9.900000e+19 -9.900000e+19 -9.900000e+19 -2.020000e+01 -1.267100e+01 -9.900000e+19 -9.900000e+19 -9.900000e+19 -9.900000e+19 -9.900000e+19 -9.900000e+19 -9.900000e+19 -9.900000e+19 -9.900000e+19 -9.900000e+19 -9.900000e+19 -9.900000e+19 -9.900000e+19
 -9.900000e+19 -9.900000e+19 -9.900000e+19 -9.900000e+19 -9.900000e+19 -9.900000e+19 -9.900000e+19 -9.900000e+19 -9.900000e+19 -9.900000e+19 -9.900000e+19 -9.900000e+19 -9.900000e+19 -9.900000e+19 -9.900000e+19 -9.900000e+19 -9.900000e+19 -9.900000e+19 -9.900000e+19 -9.900000e+19 -9.900000e+19 -1.448200e+01 -9.900000e+19 -9.900000e+19 -9.900000e+19 -1.102000e+01 -9.900000e+19 -9.900000e+19 -9.900000e+19 -9.900000e+19 -9.900000e+19 -9.900000e+19 -9.900000e+19 -9.900000e+19 -9.900000e+19 -9.900000e+19
 -9.900000e+19 -9.900000e+19 -9.900000e+19 -9.900000e+19 -9.900000e+19 -9.900000e+19 -9.900000e+19 -9.900000e+19 -9.900000e+19 -9.900000e+19 -9.900000e+19 -9.900000e+19 -9.900000e+19 -9.900000e+19 -9.900000e+19 -9.900000e+19 -9.900000e+19 -9.900000e+19 -9.900000e+19 -9.900000e+19 -9.900000e+19 -9.900000e+19 -9.900000e+19 -9.900000e+19 -1.080000e+01 -9.900000e+19 -9.900000e+19 -9.900000e+19 -9.900000e+19 -9.900000e+19 -9.900000e+19 -9.900000e+19 -9.900000e+19 -9.900000e+19 -9.900000e+19 -9.900000e+19
 -9.900000e+19 -9.900000e+19 -9.900000e+19 -9.900000e+19 -9.900000e+19 -9.900000e+19 -9.900000e+19 -9.900000e+19 -9.900000e+19 -9.900000e+19 -9.900000e+19 -9.900000e+19 -9.900000e+19 -9.900000e+19 -9.900000e+19 -9.900000e+19 -9.900000e+19 -9.900000e+19 -9.900000e+19 -9.500000e+00 -9.917000e+00 -9.900000e+19 -9.900000e+19 -9.900000e+19 -1.093800e+01 -9.900000e+19 -9.900000e+19 -9.900000e+19 -9.900000e+19 -9.900000e+19 -9.900000e+19 -9.900000e+19 -9.900000e+19 -9.900000e+19 -9.900000e+19 -9.900000e+19
 -9.900000e+19 -9.900000e+19 -9.900000e+19 -9.900000e+19 -9.900000e+19 -9.900000e+19 -9.900000e+19 -9.900000e+19 -9.900000e+19 -9.900000e+19 -9.900000e+19 -9.900000e+19 -9.900000e+19 -9.900000e+19 -9.900000e+19 -9.900000e+19 -9.900000e+19 -9.900000e+19 -9.900000e+19 -9.637833e+00 -9.900000e+19 -9.900000e+19 -9.900000e+19 -9.910000e+00 -8.400000e+00 -9.900000e+19 -9.900000e+19 -9.900000e+19 -9.900000e+19 -9.900000e+19 -9.900000e+19 -9.900000e+19 -9.900000e+19 -9.900000e+19 -9.900000e+19 -9.900000e+19
 -9.900000e+19 -9.900000e+19 -9.900000e+19 -9.900000e+19 -9.900000e+19 -9.900000e+19 -9.900000e+19 -9.900000e+19 -9.900000e+19 -9.900000e+19 -9.900000e+19 -9.900000e+19 -9.900000e+19 -9.900000e+19 -9.900000e+19 -9.900000e+19 -9.900000e+19 -9.900000e+19 -9.900000e+19 -9.900000e+19 -9.900000e+19 -9.900000e+19 -1.180000e+01 -9.900000e+19 -9.900000e+19 -9.900000e+19 -9.900000e+19 -9.900000e+19 -9.900000e+19 -9.900000e+19 -9.900000e+19 -9.900000e+19 -9.900000e+19 -9.900000e+19 -9.900000e+19 -9.900000e+19
 -9.900000e+19 -9.900000e+19 -9.900000e+19 -9.900000e+19 -9.900000e+19 -9.900000e+19 -9.900000e+19 -9.900000e+19 -9.900000e+19 -9.900000e+19 -9.900000e+19 -9.900000e+19 -9.900000e+19 -9.900000e+19 -9.900000e+19 -9.900000e+19 -9.900000e+19 -8.616667e+00 -9.900000e+19 -1.024150e+01 -9.900000e+19 -9.900000e+19 -9.900000e+19 -1.163000e+01 -8.400000e+00 -9.900000e+19 -9.900000e+19 -9.900000e+19 -9.900000e+19 -9.900000e+19 -9.900000e+19 -9.900000e+19 -9.900000e+19 -9.900000e+19 -9.900000e+19 -9.900000e+19
 -9.900000e+19 -9.900000e+19 -9.900000e+19 -9.900000e+19 -9.900000e+19 -9.900000e+19 -9.900000e+19 -9.900000e+19 -9.900000e+19 -9.900000e+19 -9.900000e+19 -9.900000e+19 -9.900000e+19 -9.900000e+19 -9.900000e+19 -9.900000e+19 -9.900000e+19 -9.250000e+00 -9.900000e+19 -1.029800e+01 -9.900000e+19 -9.900000e+19 -1.225000e+01 -1.168500e+01 -9.900000e+19 -9.900000e+19 -9.900000e+19 -9.900000e+19 -9.900000e+19 -9.900000e+19 -9.900000e+19 -9.900000e+19 -9.900000e+19 -9.900000e+19 -9.900000e+19 -9.900000e+19
 -9.900000e+19 -9.900000e+19 -9.900000e+19 -9.900000e+19 -9.900000e+19 -9.900000e+19 -9.900000e+19 -9.900000e+19 -9.900000e+19 -9.900000e+19 -9.900000e+19 -9.900000e+19 -9.900000e+19 -9.900000e+19 -9.900000e+19 -9.900000e+19 -9.900000e+19 -9.826667e+00 -9.900000e+19 -9.900000e+19 -1.080400e+01 -9.900000e+19 -9.900000e+19 -1.173375e+01 -1.203000e+01 -9.900000e+19 -9.900000e+19 -9.900000e+19 -9.900000e+19 -9.900000e+19 -9.900000e+19 -9.900000e+19 -9.900000e+19 -9.900000e+19 -9.900000e+19 -9.900000e+19
 -9.900000e+19 -9.900000e+19 -9.900000e+19 -9.900000e+19 -9.900000e+19 -9.900000e+19 -9.900000e+19 -9.900000e+19 -9.900000e+19 -9.900000e+19 -9.900000e+19 -9.900000e+19 -9.900000e+19 -9.900000e+19 -9.900000e+19 -9.900000e+19 -9.900000e+19 -9.900000e+19 -9.786667e+00 -1.015500e+01 -9.900000e+19 -9.900000e+19 -9.900000e+19 -1.210000e+01 -9.900000e+19 -9.900000e+19 -9.900000e+19 -9.900000e+19 -9.900000e+19 -9.900000e+19 -9.900000e+19 -9.900000e+19 -9.900000e+19 -9.900000e+19 -9.900000e+19 -9.900000e+19
 -9.900000e+19 -9.900000e+19 -9.900000e+19 -9.900000e+19 -9.900000e+19 -9.900000e+19 -9.900000e+19 -9.900000e+19 -9.900000e+19 -9.900000e+19 -9.900000e+19 -9.900000e+19 -9.900000e+19 -9.900000e+19 -9.900000e+19 -9.900000e+19 -9.900000e+19 -9.900000e+19 -9.900000e+19 -1.063600e+01 -9.900000e+19 -9.900000e+19 -9.900000e+19 -1.163333e+01 -9.900000e+19 -9.900000e+19 -9.900000e+19 -9.900000e+19 -9.900000e+19 -9.900000e+19 -9.900000e+19 -9.900000e+19 -9.900000e+19 -9.900000e+19 -9.900000e+19 -9.900000e+19
 -9.900000e+19 -9.900000e+19 -9.900000e+19 -9.900000e+19 -9.900000e+19 -9.900000e+19 -9.900000e+19 -9.900000e+19 -9.900000e+19 -9.900000e+19 -9.900000e+19 -9.900000e+19 -9.900000e+19 -9.900000e+19 -9.900000e+19 -9.900000e+19 -9.900000e+19 -9.900000e+19 -9.900000e+19 -9.900000e+19 -1.192500e+01 -1.390000e+01 -9.900000e+19 -9.900000e+19 -1.120000e+01 -9.900000e+19 -9.900000e+19 -9.900000e+19 -9.900000e+19 -9.900000e+19 -9.900000e+19 -9.900000e+19 -9.900000e+19 -9.900000e+19 -9.900000e+19 -9.900000e+19
 -9.900000e+19 -9.900000e+19 -9.900000e+19 -9.900000e+19 -9.900000e+19 -9.900000e+19 -9.900000e+19 -9.900000e+19 -9.900000e+19 -9.900000e+19 -9.900000e+19 -9.900000e+19 -9.900000e+19 -9.900000e+19 -9.900000e+19 -9.900000e+19 -9.900000e+19 -9.900000e+19 -9.900000e+19 -9.900000e+19 -9.900000e+19 -9.900000e+19 -9.900000e+19 -9.900000e+19 -1.150000e+01 -9.900000e+19 -9.900000e+19 -9.900000e+19 -9.900000e+19 -9.900000e+19 -9.900000e+19 -9.900000e+19 -9.900000e+19 -9.900000e+19 -9.900000e+19 -9.900000e+19
 -9.900000e+19 -9.900000e+19 -9.900000e+19 -9.900000e+19 -9.900000e+19 -9.900000e+19 -9.900000e+19 -9.900000e+19 -9.900000e+19 -9.900000e+19 -9.900000e+19 -9.900000e+19 -9.900000e+19 -9.900000e+19 -9.900000e+19 -9.900000e+19 -9.900000e+19 -9.900000e+19 -9.900000e+19 -9.900000e+19 -9.900000e+19 -8.900000e+00 -9.900000e+19 -9.900000e+19 -1.250000e+01 -9.900000e+19 -9.900000e+19 -9.900000e+19 -9.900000e+19 -9.900000e+19 -9.900000e+19 -9.900000e+19 -9.900000e+19 -9.900000e+19 -9.900000e+19 -9.900000e+19
 -9.900000e+19 -9.900000e+19 -9.900000e+19 -9.900000e+19 -9.900000e+19 -9.900000e+19 -9.900000e+19 -9.900000e+19 -9.900000e+19 -9.900000e+19 -9.900000e+19 -9.900000e+19 -9.900000e+19 -9.900000e+19 -9.900000e+19 -9.900000e+19 -9.900000e+19 -9.900000e+19 -9.900000e+19 -9.900000e+19 -9.900000e+19 -9.900000e+19 -9.900000e+19 -9.900000e+19 -1.190000e+01 -9.900000e+19 -9.900000e+19 -9.900000e+19 -9.900000e+19 -9.900000e+19 -9.900000e+19 -9.900000e+19 -9.900000e+19 -9.900000e+19 -9.900000e+19 -9.900000e+19
 -9.900000e+19 -9.900000e+19 -9.900000e+19 -9.900000e+19 -9.900000e+19 -9.900000e+19 -9.900000e+19 -9.900000e+19 -9.900000e+19 -9.900000e+19 -9.900000e+19 -9.900000e+19 -9.900000e+19 -9.900000e+19 -9.900000e+19 -9.900000e+19 -9.900000e+19 -9.900000e+19 -9.900000e+19 -9.900000e+19 -9.900000e+19 -9.900000e+19 -9.900000e+19 -9.900000e+19 -9.900000e+19 -1.305000e+01 -9.900000e+19 -9.900000e+19 -9.900000e+19 -9.900000e+19 -9.900000e+19 -9.900000e+19 -9.900000e+19 -9.900000e+19 -9.900000e+19 -9.900000e+19
 -9.900000e+19 -9.900000e+19 -9.900000e+19 -9.900000e+19 -9.900000e+19 -9.900000e+19 -9.900000e+19 -9.900000e+19 -9.900000e+19 -9.900000e+19 -9.900000e+19 -9.900000e+19 -9.900000e+19 -9.900000e+19 -9.900000e+19 -9.900000e+19 -9.900000e+19 -9.900000e+19 -9.900000e+19 -9.900000e+19 -9.900000e+19 -9.900000e+19 -9.900000e+19 -9.900000e+19 -9.900000e+19 -9.900000e+19 -9.900000e+19 -9.900000e+19 -9.900000e+19 -9.900000e+19 -9.900000e+19 -9.900000e+19 -9.900000e+19 -9.900000e+19 -9.900000e+19 -9.900000e+19
 -9.900000e+19 -9.900000e+19 -9.900000e+19 -9.900000e+19 -9.900000e+19 -9.900000e+19 -9.900000e+19 -9.900000e+19 -9.900000e+19 -9.900000e+19 -9.900000e+19 -9.900000e+19 -9.900000e+19 -9.900000e+19 -9.900000e+19 -9.900000e+19 -9.900000e+19 -9.900000e+19 -9.900000e+19 -9.900000e+19 -9.900000e+19 -9.900000e+19 -9.900000e+19 -9.900000e+19 -9.900000e+19 -1.441000e+01 -9.900000e+19 -9.900000e+19 -9.900000e+19 -9.900000e+19 -9.900000e+19 -9.900000e+19 -9.900000e+19 -9.900000e+19 -9.900000e+19 -9.900000e+19
 -9.900000e+19 -9.900000e+19 -9.900000e+19 -9.900000e+19 -9.900000e+19 -9.900000e+19 -9.900000e+19 -9.900000e+19 -9.900000e+19 -9.900000e+19 -9.900000e+19 -9.900000e+19 -9.900000e+19 -9.900000e+19 -9.900000e+19 -9.900000e+19 -9.900000e+19 -9.900000e+19 -9.900000e+19 -9.900000e+19 -9.900000e+19 -9.900000e+19 -9.900000e+19 -9.900000e+19 -9.900000e+19 -9.900000e+19 -9.900000e+19 -9.900000e+19 -9.900000e+19 -9.900000e+19 -9.900000e+19 -9.900000e+19 -9.900000e+19 -9.900000e+19 -9.900000e+19 -9.900000e+19
 -9.900000e+19 -9.900000e+19 -9.900000e+19 -9.900000e+19 -9.900000e+19 -9.900000e+19 -9.900000e+19 -9.900000e+19 -9.900000e+19 -9.900000e+19 -9.900000e+19 -9.900000e+19 -9.900000e+19 -9.900000e+19 -9.900000e+19 -9.900000e+19 -9.900000e+19 -9.900000e+19 -9.900000e+19 -9.900000e+19 -9.900000e+19 -9.900000e+19 -9.900000e+19 -9.900000e+19 -9.900000e+19 -9.900000e+19 -1.650000e+01 -9.900000e+19 -9.900000e+19 -9.900000e+19 -9.900000e+19 -9.900000e+19 -9.900000e+19 -9.900000e+19 -9.900000e+19 -9.900000e+19
 -9.900000e+19 -9.900000e+19 -9.900000e+19 -9.900000e+19 -9.900000e+19 -9.900000e+19 -9.900000e+19 -9.900000e+19 -9.900000e+19 -9.900000e+19 -9.900000e+19 -9.900000e+19 -9.900000e+19 -9.900000e+19 -9.900000e+19 -9.900000e+19 -9.900000e+19 -9.900000e+19 -9.900000e+19 -9.900000e+19 -9.900000e+19 -9.900000e+19 -9.900000e+19 -9.900000e+19 -9.900000e+19 -9.900000e+19 -1.540000e+01 -9.900000e+19 -9.900000e+19 -9.900000e+19 -9.900000e+19 -9.900000e+19 -9.900000e+19 -9.900000e+19 -9.900000e+19 -9.900000e+19
 -9.900000e+19 -9.900000e+19 -9.900000e+19 -9.900000e+19 -9.900000e+19 -9.900000e+19 -9.900000e+19 -9.900000e+19 -9.900000e+19 -9.900000e+19 -9.900000e+19 -9.900000e+19 -9.900000e+19 -9.900000e+19 -9.900000e+19 -9.900000e+19 -9.900000e+19 -9.900000e+19 -9.900000e+19 -9.900000e+19 -9.900000e+19 -9.900000e+19 -9.900000e+19 -9.900000e+19 -9.900000e+19 -9.900000e+19 -1.440000e+01 -9.900000e+19 -9.900000e+19 -9.900000e+19 -9.900000e+19 -9.900000e+19 -9.900000e+19 -9.900000e+19 -9.900000e+19 -9.900000e+19
 -9.900000e+19 -9.900000e+19 -9.900000e+19 -9.900000e+19 -9.900000e+19 -9.900000e+19 -9.900000e+19 -9.900000e+19 -9.900000e+19 -9.900000e+19 -9.900000e+19 -9.900000e+19 -9.900000e+19 -9.900000e+19 -9.900000e+19 -9.900000e+19 -9.900000e+19 -9.900000e+19 -9.900000e+19 -9.900000e+19 -9.900000e+19 -9.900000e+19 -9.900000e+19 -9.900000e+19 -9.900000e+19 -9.900000e+19 -9.900000e+19 -9.900000e+19 -9.900000e+19 -9.900000e+19 -9.900000e+19 -9.900000e+19 -9.900000e+19 -9.900000e+19 -9.900000e+19 -9.900000e+19
 -9.900000e+19 -9.900000e+19 -9.900000e+19 -9.900000e+19 -9.900000e+19 -9.900000e+19 -9.900000e+19 -9.900000e+19 -9.900000e+19 -9.900000e+19 -9.900000e+19 -9.900000e+19 -9.900000e+19 -9.900000e+19 -9.900000e+19 -9.900000e+19 -9.900000e+19 -9.900000e+19 -9.900000e+19 -9.900000e+19 -9.900000e+19 -9.900000e+19 -9.900000e+19 -9.900000e+19 -9.900000e+19 -9.900000e+19 -9.900000e+19 -9.900000e+19 -9.900000e+19 -9.900000e+19 -9.900000e+19 -9.900000e+19 -9.900000e+19 -9.900000e+19 -9.900000e+19 -9.900000e+19
 -9.900000e+19 -9.900000e+19 -9.900000e+19 -9.900000e+19 -9.900000e+19 -9.900000e+19 -9.900000e+19 -9.900000e+19 -9.900000e+19 -9.900000e+19 -9.900000e+19 -9.900000e+19 -9.900000e+19 -9.900000e+19 -9.900000e+19 -9.900000e+19 -9.900000e+19 -9.900000e+19 -9.900000e+19 -9.900000e+19 -9.900000e+19 -9.900000e+19 -9.900000e+19 -9.900000e+19 -9.900000e+19 -9.900000e+19 -9.900000e+19 -1.800000e+01 -9.900000e+19 -9.900000e+19 -9.900000e+19 -9.900000e+19 -9.900000e+19 -9.900000e+19 -9.900000e+19 -9.900000e+19
 -9.900000e+19 -9.900000e+19 -9.900000e+19 -9.900000e+19 -9.900000e+19 -9.900000e+19 -9.900000e+19 -9.900000e+19 -9.900000e+19 -9.900000e+19 -9.900000e+19 -9.900000e+19 -9.900000e+19 -9.900000e+19 -9.900000e+19 -9.900000e+19 -9.900000e+19 -9.900000e+19 -9.900000e+19 -9.900000e+19 -9.900000e+19 -9.900000e+19 -9.900000e+19 -9.900000e+19 -9.900000e+19 -9.900000e+19 -9.900000e+19 -1.100000e+01 -9.900000e+19 -9.900000e+19 -9.900000e+19 -9.900000e+19 -9.900000e+19 -9.900000e+19 -9.900000e+19 -9.900000e+19
 -9.900000e+19 -9.900000e+19 -9.900000e+19 -9.900000e+19 -9.900000e+19 -9.900000e+19 -9.900000e+19 -9.900000e+19 -9.900000e+19 -9.900000e+19 -9.900000e+19 -9.900000e+19 -9.900000e+19 -9.900000e+19 -9.900000e+19 -9.900000e+19 -9.900000e+19 -9.900000e+19 -9.900000e+19 -9.900000e+19 -9.900000e+19 -9.900000e+19 -9.900000e+19 -9.900000e+19 -9.900000e+19 -9.900000e+19 -1.020000e+01 -9.900000e+19 -9.900000e+19 -9.900000e+19 -9.900000e+19 -9.900000e+19 -9.900000e+19 -9.900000e+19 -9.900000e+19 -9.900000e+19
 -9.900000e+19 -9.900000e+19 -9.900000e+19 -9.900000e+19 -9.900000e+19 -9.900000e+19 -9.900000e+19 -9.900000e+19 -9.900000e+19 -9.900000e+19 -9.900000e+19 -9.900000e+19 -9.900000e+19 -9.900000e+19 -9.900000e+19 -9.900000e+19 -9.900000e+19 -9.900000e+19 -9.900000e+19 -9.900000e+19 -9.900000e+19 -9.900000e+19 -8.700000e+00 -9.900000e+19 -9.900000e+19 -9.900000e+19 -8.066667e+00 -9.900000e+19 -9.900000e+19 -9.900000e+19 -9.900000e+19 -9.900000e+19 -9.900000e+19 -9.900000e+19 -9.900000e+19 -9.900000e+19
 -9.900000e+19 -9.900000e+19 -9.900000e+19 -9.900000e+19 -9.900000e+19 -9.900000e+19 -9.900000e+19 -9.900000e+19 -9.900000e+19 -9.900000e+19 -9.900000e+19 -9.900000e+19 -9.900000e+19 -9.900000e+19 -9.900000e+19 -9.900000e+19 -9.900000e+19 -9.900000e+19 -9.900000e+19 -9.900000e+19 -9.900000e+19 -9.900000e+19 -9.900000e+19 -9.900000e+19 -9.900000e+19 -9.900000e+19 -9.900000e+19 -9.900000e+19 -9.900000e+19 -9.900000e+19 -9.900000e+19 -9.900000e+19 -9.900000e+19 -9.900000e+19 -9.900000e+19 -9.900000e+19
 -9.900000e+19 -9.900000e+19 -9.900000e+19 -9.900000e+19 -9.900000e+19 -9.900000e+19 -9.900000e+19 -9.900000e+19 -9.900000e+19 -9.900000e+19 -9.900000e+19 -9.900000e+19 -9.900000e+19 -9.900000e+19 -9.900000e+19 -9.900000e+19 -9.900000e+19 -9.900000e+19 -9.900000e+19 -9.900000e+19 -9.900000e+19 -9.900000e+19 -9.900000e+19 -9.900000e+19 -9.900000e+19 -9.900000e+19 -9.900000e+19 -9.900000e+19 -9.900000e+19 -9.900000e+19 -9.900000e+19 -9.900000e+19 -9.900000e+19 -9.900000e+19 -9.900000e+19 -9.900000e+19
 -9.900000e+19 -9.900000e+19 -9.900000e+19 -9.900000e+19 -9.900000e+19 -9.900000e+19 -9.900000e+19 -9.900000e+19 -9.900000e+19 -9.900000e+19 -9.900000e+19 -9.900000e+19 -9.900000e+19 -9.900000e+19 -9.900000e+19 -9.900000e+19 -9.900000e+19 -9.900000e+19 -9.900000e+19 -9.900000e+19 -9.900000e+19 -9.900000e+19 -9.900000e+19 -9.900000e+19 -9.900000e+19 -9.900000e+19 -9.900000e+19 -9.900000e+19 -9.900000e+19 -9.900000e+19 -9.900000e+19 -9.900000e+19 -9.900000e+19 -9.900000e+19 -9.900000e+19 -9.900000e+19
 -9.900000e+19 -9.900000e+19 -9.900000e+19 -9.900000e+19 -9.900000e+19 -9.900000e+19 -9.900000e+19 -9.900000e+19 -9.900000e+19 -9.900000e+19 -9.900000e+19 -9.900000e+19 -9.900000e+19 -9.900000e+19 -9.900000e+19 -9.900000e+19 -9.900000e+19 -9.900000e+19 -9.900000e+19 -9.900000e+19 -9.900000e+19 -9.900000e+19 -9.900000e+19 -9.900000e+19 -9.900000e+19 -9.900000e+19 -9.900000e+19 -9.900000e+19 -9.900000e+19 -9.900000e+19 -9.900000e+19 -9.900000e+19 -9.900000e+19 -9.900000e+19 -9.900000e+19 -9.900000e+19
