  -8.1768800e-03
  -8.2324799e-03
  -7.6633142e-03
  -7.1089165e-03
  -6.8046306e-03
  -7.0744879e-03
  -7.8140190e-03
  -9.0185807e-03
  -1.0263007e-02
  -1.0863425e-02
  -1.1195256e-02
  -1.0908937e-02
  -1.0016006e-02
  -8.9073442e-03
  -7.7786525e-03
  -6.9115423e-03
  -6.6305348e-03
  -5.7021175e-03
  -3.9361217e-03
  -1.2789971e-03
   7.0372856e-04
   1.9339489e-03
   2.8686507e-03
   3.4536142e-03
   3.7389872e-03
   4.0668192e-03
   3.5360885e-03
   2.6641516e-03
   1.7309798e-03
   5.6525989e-04
  -4.8012755e-04
  -1.4512361e-03
  -3.0314650e-03
  -4.6627792e-03
  -6.2495228e-03
  -7.5153802e-03
  -4.6962589e-02
  -4.3985710e-02
  -3.9738365e-02
  -3.5121806e-02
  -3.0293403e-02
  -2.6092956e-02
  -2.3127025e-02
  -2.1422619e-02
  -2.0424293e-02
  -2.0447923e-02
  -2.2593459e-02
  -2.5128163e-02
  -2.6246477e-02
  -2.5984801e-02
  -2.2903917e-02
  -1.7296100e-02
  -1.0024521e-02
  -5.6934408e-03
  -7.2630034e-03
  -4.5280113e-03
   0.0000000e+00
   0.0000000e+00
   0.0000000e+00
   0.0000000e+00
   0.0000000e+00
   0.0000000e+00
   5.5070222e-04
  -2.8349629e-03
  -5.9996229e-03
  -1.2715313e-02
  -2.1119161e-02
  -2.9045222e-02
  -3.5938930e-02
  -4.1659649e-02
  -4.5953538e-02
  -4.7431316e-02
  -2.7161082e-02
  -2.6926093e-02
  -2.3615710e-02
  -2.0918909e-02
  -1.8364664e-02
  -1.5766071e-02
  -1.2837749e-02
  -1.1162360e-02
  -1.0067136e-02
  -5.8104531e-03
  -2.9652908e-03
  -2.4248287e-04
   1.9323269e-03
   6.0604764e-03
   1.6729273e-02
   1.7112852e-02
   0.0000000e+00
   0.0000000e+00
   0.0000000e+00
   0.0000000e+00
   0.0000000e+00
   0.0000000e+00
   0.0000000e+00
   0.0000000e+00
   0.0000000e+00
   0.0000000e+00
   0.0000000e+00
  -0.0000000e+00
  -0.0000000e+00
  -7.1982704e-03
  -1.6485952e-02
  -2.3731025e-02
  -2.7021412e-02
  -2.8069992e-02
  -2.6550315e-02
  -2.6005723e-02
   4.4075195e-02
   3.8475692e-02
   3.5521764e-02
   3.3415310e-02
   3.1715855e-02
   3.0467289e-02
   3.1012777e-02
   3.3400163e-02
   3.0626358e-02
   3.0980073e-02
   3.3678915e-02
   3.9906148e-02
   4.5419421e-02
   5.2540489e-02
   5.6442644e-02
   0.0000000e+00
   0.0000000e+00
   0.0000000e+00
   0.0000000e+00
   0.0000000e+00
   0.0000000e+00
   0.0000000e+00
   0.0000000e+00
   0.0000000e+00
   0.0000000e+00
   0.0000000e+00
   0.0000000e+00
   0.0000000e+00
   0.0000000e+00
   1.8486829e-02
   2.8924439e-02
   3.4412470e-02
   4.0941320e-02
   4.7117330e-02
   5.0849840e-02
   4.7904268e-02
   1.0651827e-01
   9.7752094e-02
   8.7197877e-02
   7.9640545e-02
   7.3561192e-02
   6.9260180e-02
   6.8581671e-02
   7.1908437e-02
   7.6883763e-02
   7.5789504e-02
   7.5659201e-02
   7.4938677e-02
   7.1253769e-02
   7.8802861e-02
   7.2623273e-02
   0.0000000e+00
   0.0000000e+00
   0.0000000e+00
   0.0000000e+00
   0.0000000e+00
   0.0000000e+00
   0.0000000e+00
   0.0000000e+00
   0.0000000e+00
   0.0000000e+00
   0.0000000e+00
   0.0000000e+00
   0.0000000e+00
   0.0000000e+00
   5.3858567e-02
   7.7285573e-02
   1.0494521e-01
   1.1860196e-01
   1.2262779e-01
   1.2012518e-01
   1.1410961e-01
   1.3075009e-01
   1.2209424e-01
   1.0930161e-01
   1.0067608e-01
   9.4897017e-02
   8.8542894e-02
   8.8165343e-02
   8.4232740e-02
   9.1940463e-02
   9.2733204e-02
   9.4964504e-02
   9.3257010e-02
   7.6825112e-02
   7.9353265e-02
   0.0000000e+00
   0.0000000e+00
   0.0000000e+00
   0.0000000e+00
   0.0000000e+00
   0.0000000e+00
   0.0000000e+00
   0.0000000e+00
   0.0000000e+00
   0.0000000e+00
   0.0000000e+00
   0.0000000e+00
   0.0000000e+00
   0.0000000e+00
   0.0000000e+00
   8.7226048e-02
   1.0806901e-01
   1.4175016e-01
   1.5367918e-01
   1.5185860e-01
   1.4510435e-01
   1.4175761e-01
   1.2183997e-01
   1.1437875e-01
   1.0449152e-01
   9.7845607e-02
   9.5900126e-02
   8.7883927e-02
   8.6903870e-02
   7.6601952e-02
   7.7311121e-02
   7.8458168e-02
   8.1108898e-02
   8.5812956e-02
   6.5207660e-02
   5.8361575e-02
   0.0000000e+00
   0.0000000e+00
   0.0000000e+00
   0.0000000e+00
   0.0000000e+00
   0.0000000e+00
   0.0000000e+00
   0.0000000e+00
   0.0000000e+00
   0.0000000e+00
   0.0000000e+00
   0.0000000e+00
   0.0000000e+00
   0.0000000e+00
   0.0000000e+00
   1.2324133e-01
   1.2594348e-01
   1.3352905e-01
   1.3897072e-01
   1.3921697e-01
   1.3420933e-01
   1.3322429e-01
   7.8258693e-02
   7.2346121e-02
   6.7547098e-02
   6.2672473e-02
   6.2383961e-02
   5.6145445e-02
   5.3124651e-02
   4.6855666e-02
   4.4487201e-02
   4.4795934e-02
   4.3524243e-02
   4.8843570e-02
   3.3305034e-02
   2.1675998e-02
   0.0000000e+00
   0.0000000e+00
   0.0000000e+00
   0.0000000e+00
   0.0000000e+00
   0.0000000e+00
   0.0000000e+00
   0.0000000e+00
   0.0000000e+00
   0.0000000e+00
   0.0000000e+00
   0.0000000e+00
   0.0000000e+00
   0.0000000e+00
   0.0000000e+00
   9.5001936e-02
   9.2213713e-02
   8.3340824e-02
   8.3968773e-02
   8.7918341e-02
   8.5787095e-02
   8.4460892e-02
   1.1494734e-02
   8.5529555e-03
   7.1079126e-03
   5.9267688e-03
   5.0584017e-03
   1.9774144e-03
  -6.4565189e-04
   9.9204335e-05
   6.2059020e-03
   9.9886814e-03
   6.1750761e-03
   2.8964381e-03
  -7.9231495e-03
  -1.0841946e-02
  -0.0000000e+00
   0.0000000e+00
   0.0000000e+00
   0.0000000e+00
   0.0000000e+00
   0.0000000e+00
   0.0000000e+00
   0.0000000e+00
   0.0000000e+00
   0.0000000e+00
   0.0000000e+00
  -1.8275299e-03
   2.7876021e-03
   1.3404189e-03
   4.4386349e-03
   2.7371377e-02
   2.6316870e-02
   1.4433670e-02
   1.2775430e-02
   1.4807406e-02
   1.4074904e-02
   1.2764795e-02
  -4.4326521e-02
  -4.4228215e-02
  -4.4865936e-02
  -4.3470815e-02
  -4.3886427e-02
  -4.3942176e-02
  -4.4099737e-02
  -4.0346786e-02
  -2.8885931e-02
  -2.1234309e-02
  -2.2378890e-02
  -3.6746390e-02
  -4.5970935e-02
  -2.8058183e-02
  -0.0000000e+00
   0.0000000e+00
   0.0000000e+00
   0.0000000e+00
   0.0000000e+00
   0.0000000e+00
   0.0000000e+00
   0.0000000e+00
   0.0000000e+00
   0.0000000e+00
  -2.8747533e-02
  -3.3907104e-02
  -3.1868331e-02
  -3.0866586e-02
  -3.4625374e-02
  -2.7220473e-02
  -2.7006129e-02
  -3.5810415e-02
  -4.0766310e-02
  -4.3347072e-02
  -4.3879196e-02
  -4.4598352e-02
  -7.1302213e-02
  -6.9563530e-02
  -6.9410942e-02
  -6.7299567e-02
  -6.6829123e-02
  -6.3396625e-02
  -6.1511289e-02
  -5.8818575e-02
  -5.3012088e-02
  -4.7467291e-02
  -4.4684526e-02
  -6.0528006e-02
  -5.9415706e-02
  -0.0000000e+00
   0.0000000e+00
   0.0000000e+00
   0.0000000e+00
   0.0000000e+00
   0.0000000e+00
   0.0000000e+00
   0.0000000e+00
   0.0000000e+00
   0.0000000e+00
  -5.5407323e-02
  -5.4609293e-02
  -6.1634809e-02
  -6.3390985e-02
  -5.9192397e-02
  -5.7509128e-02
  -5.7230618e-02
  -5.7999235e-02
  -6.2679172e-02
  -6.8196565e-02
  -7.2560072e-02
  -7.2576053e-02
  -7.2865129e-02
  -7.5999811e-02
  -7.3326819e-02
  -7.2292127e-02
  -7.0480540e-02
  -6.8904839e-02
  -6.2695272e-02
  -5.9334949e-02
  -5.9830006e-02
  -6.4456850e-02
  -6.5482751e-02
  -6.1285228e-02
  -6.9233619e-02
  -5.5903822e-02
  -0.0000000e+00
   0.0000000e+00
   0.0000000e+00
   0.0000000e+00
   0.0000000e+00
   0.0000000e+00
   0.0000000e+00
   0.0000000e+00
   0.0000000e+00
  -0.0000000e+00
  -5.5956149e-02
  -7.2015829e-02
  -7.5869650e-02
  -7.9639293e-02
  -7.3337525e-02
  -6.6138372e-02
  -6.8717033e-02
  -7.0254214e-02
  -7.2710060e-02
  -7.7480391e-02
  -8.1040792e-02
  -8.0059595e-02
  -7.8921542e-02
  -6.1172076e-02
  -5.7968061e-02
  -5.6163009e-02
  -5.5360172e-02
  -5.2453861e-02
  -4.4839684e-02
  -4.0620729e-02
  -4.5891475e-02
  -6.3161165e-02
  -7.4320704e-02
  -7.2600961e-02
  -6.4228922e-02
  -4.0136193e-02
  -0.0000000e+00
   0.0000000e+00
   0.0000000e+00
   0.0000000e+00
   0.0000000e+00
   0.0000000e+00
   0.0000000e+00
   0.0000000e+00
   0.0000000e+00
  -4.7364596e-02
  -6.2972561e-02
  -7.4161023e-02
  -7.6490559e-02
  -8.0070533e-02
  -7.2884090e-02
  -6.2366731e-02
  -6.3461602e-02
  -6.5469489e-02
  -6.8526864e-02
  -7.1829572e-02
  -7.2370403e-02
  -6.9870763e-02
  -6.5597363e-02
  -3.2564037e-02
  -3.0106477e-02
  -2.8413728e-02
  -2.8951617e-02
  -2.6725542e-02
  -2.1498637e-02
  -1.7755082e-02
  -2.5666149e-02
  -4.6522684e-02
  -6.2338836e-02
  -6.8041906e-02
  -5.0635808e-02
  -2.8041897e-02
   0.0000000e+00
   0.0000000e+00
   0.0000000e+00
   0.0000000e+00
   0.0000000e+00
   0.0000000e+00
   0.0000000e+00
   0.0000000e+00
   0.0000000e+00
  -4.2694235e-02
  -4.9064547e-02
  -4.9863402e-02
  -5.7131771e-02
  -6.1431020e-02
  -5.5433221e-02
  -4.4216357e-02
  -3.9749872e-02
  -4.1451752e-02
  -4.6418253e-02
  -4.9448345e-02
  -4.7552276e-02
  -4.3801766e-02
  -3.7403043e-02
  -1.9711064e-02
  -1.7846433e-02
  -1.6870148e-02
  -1.7553113e-02
  -1.6330639e-02
  -1.3962006e-02
  -1.2070497e-02
  -1.8059824e-02
  -3.3623129e-02
  -4.6834838e-02
  -5.2752480e-02
  -3.6686650e-02
  -1.6617963e-02
  -0.0000000e+00
   0.0000000e+00
   0.0000000e+00
   0.0000000e+00
   0.0000000e+00
   0.0000000e+00
   0.0000000e+00
   0.0000000e+00
  -0.0000000e+00
  -3.5326643e-02
  -3.4449037e-02
  -3.1323299e-02
  -3.6958288e-02
  -4.1637525e-02
  -4.0374566e-02
  -3.3243336e-02
  -2.8773649e-02
  -3.0449783e-02
  -3.3230398e-02
  -3.4421578e-02
  -3.1936176e-02
  -2.8144764e-02
  -2.3342928e-02
  -1.8668108e-02
  -1.7183356e-02
  -1.6496850e-02
  -1.6760560e-02
  -1.6029796e-02
  -1.5620635e-02
  -1.5102019e-02
  -1.8990401e-02
  -2.7594315e-02
  -3.6118187e-02
  -3.9308492e-02
  -2.2583834e-02
  -5.9377432e-03
  -0.0000000e+00
   0.0000000e+00
   0.0000000e+00
   0.0000000e+00
   0.0000000e+00
   0.0000000e+00
   0.0000000e+00
   0.0000000e+00
  -2.5953597e-02
  -2.9691162e-02
  -2.6137181e-02
  -2.2477649e-02
  -2.4419367e-02
  -2.7137933e-02
  -2.9589411e-02
  -2.7911613e-02
  -2.5935285e-02
  -2.7787611e-02
  -2.9340960e-02
  -2.9237842e-02
  -2.6890736e-02
  -2.3986403e-02
  -2.0854810e-02
  -2.9029598e-02
  -2.7760217e-02
  -2.6749581e-02
  -2.5829703e-02
  -2.5040695e-02
  -2.6022311e-02
  -2.6502589e-02
  -2.8302664e-02
  -2.6900850e-02
  -2.7585570e-02
  -2.4322715e-02
  -5.8431257e-03
   7.9121749e-03
   0.0000000e+00
   0.0000000e+00
   0.0000000e+00
   0.0000000e+00
   0.0000000e+00
   0.0000000e+00
   0.0000000e+00
   0.0000000e+00
  -3.1049579e-02
  -2.6615727e-02
  -2.0608421e-02
  -1.9662157e-02
  -1.5034202e-02
  -1.2507128e-02
  -1.8112659e-02
  -2.4216495e-02
  -2.8466804e-02
  -3.1235546e-02
  -3.3062782e-02
  -3.2048289e-02
  -3.0744825e-02
  -3.0447640e-02
  -2.9105691e-02
  -3.7367065e-02
  -3.5872344e-02
  -3.4631137e-02
  -3.3540644e-02
  -3.2403797e-02
  -3.4200177e-02
  -3.2773383e-02
  -3.4080151e-02
  -2.7355252e-02
  -2.1057786e-02
  -1.5087614e-02
   8.6088831e-03
   1.9135883e-02
   0.0000000e+00
   0.0000000e+00
   0.0000000e+00
   0.0000000e+00
   0.0000000e+00
   0.0000000e+00
   0.0000000e+00
   0.0000000e+00
  -3.1449342e-02
  -2.7353430e-02
  -2.0855278e-02
  -1.7449617e-02
  -1.0296077e-02
  -5.6437347e-03
  -8.5086040e-03
  -1.7440947e-02
  -2.7546817e-02
  -3.0687150e-02
  -3.3736620e-02
  -3.4675680e-02
  -3.4856673e-02
  -3.7404165e-02
  -3.6200367e-02
  -3.4172703e-02
  -3.2472521e-02
  -3.0589646e-02
  -2.9979277e-02
  -2.8467456e-02
  -3.0044517e-02
  -2.7908290e-02
  -2.7861666e-02
  -2.1992711e-02
  -1.5204672e-02
  -1.0066282e-02
   1.4035456e-02
   2.7028850e-02
   0.0000000e+00
   0.0000000e+00
   0.0000000e+00
   0.0000000e+00
   0.0000000e+00
   0.0000000e+00
   0.0000000e+00
   0.0000000e+00
  -3.1239313e-02
  -2.8298516e-02
  -2.3215147e-02
  -1.6547283e-02
  -8.4644584e-03
  -3.3218840e-03
  -0.0000000e+00
  -0.0000000e+00
  -2.5509797e-02
  -2.8692910e-02
  -3.0487591e-02
  -3.2372165e-02
  -3.2553580e-02
  -3.5370115e-02
  -3.4032505e-02
  -3.7411638e-02
  -3.6145039e-02
  -3.4511298e-02
  -3.5416733e-02
  -3.4693751e-02
  -3.7613668e-02
  -3.6237080e-02
  -3.6629647e-02
  -3.0693751e-02
  -2.0799342e-02
  -1.0789888e-02
   1.7994877e-02
   2.9122509e-02
   0.0000000e+00
   0.0000000e+00
   0.0000000e+00
   0.0000000e+00
   0.0000000e+00
   0.0000000e+00
   0.0000000e+00
  -0.0000000e+00
  -3.3959451e-02
  -3.2502819e-02
  -2.9634276e-02
  -1.9944863e-02
  -1.1029424e-02
  -4.6964921e-03
  -0.0000000e+00
   0.0000000e+00
  -0.0000000e+00
  -3.0230498e-02
  -3.1533822e-02
  -3.4802888e-02
  -3.5580866e-02
  -3.8807496e-02
  -3.7831225e-02
  -3.0926302e-02
  -2.9272992e-02
  -2.8863143e-02
  -3.0674210e-02
  -3.1572886e-02
  -3.6034230e-02
  -3.6951784e-02
  -3.9479766e-02
  -3.5656869e-02
  -2.6706881e-02
  -1.1081331e-02
   1.8187052e-02
   0.0000000e+00
   0.0000000e+00
   0.0000000e+00
   0.0000000e+00
   0.0000000e+00
   0.0000000e+00
   0.0000000e+00
  -0.0000000e+00
  -4.2073157e-02
  -4.1306108e-02
  -3.6577191e-02
  -3.4387778e-02
  -2.3248630e-02
  -1.3142701e-02
  -7.3819691e-03
   0.0000000e+00
   0.0000000e+00
  -2.5341111e-02
  -3.0414097e-02
  -3.0863438e-02
  -3.2019008e-02
  -3.2251485e-02
  -3.4035891e-02
  -3.2178715e-02
  -2.6819121e-02
  -2.5884213e-02
  -2.6409809e-02
  -2.6735531e-02
  -2.7956249e-02
  -3.1228496e-02
  -3.3353131e-02
  -3.9309230e-02
  -3.9010607e-02
  -3.5482880e-02
  -1.5833920e-02
   5.0773197e-03
   0.0000000e+00
   0.0000000e+00
   0.0000000e+00
   0.0000000e+00
   0.0000000e+00
   0.0000000e+00
   0.0000000e+00
  -4.3839133e-02
  -5.6946766e-02
  -4.7574036e-02
  -3.4529477e-02
  -2.9330330e-02
  -2.9380767e-02
  -1.8014032e-02
  -7.1793813e-03
   0.0000000e+00
   0.0000000e+00
  -2.8288639e-02
  -3.4088042e-02
  -3.2698087e-02
  -3.0170269e-02
  -2.8216241e-02
  -2.8706810e-02
  -2.6714904e-02
  -3.2848738e-02
  -3.3049732e-02
  -3.3474848e-02
  -3.2207020e-02
  -3.2424096e-02
  -3.2946445e-02
  -3.5208177e-02
  -4.2332452e-02
  -4.5087256e-02
  -4.4753376e-02
  -2.3592755e-02
  -9.2052706e-03
  -0.0000000e+00
   0.0000000e+00
   0.0000000e+00
   0.0000000e+00
   0.0000000e+00
   0.0000000e+00
  -0.0000000e+00
  -5.5981383e-02
  -6.8591036e-02
  -5.2224990e-02
  -3.4815297e-02
  -3.0085173e-02
  -3.7086580e-02
  -2.4398709e-02
  -0.0000000e+00
   0.0000000e+00
  -0.0000000e+00
  -4.0640550e-02
  -4.5489170e-02
  -4.1281786e-02
  -3.7117459e-02
  -3.3597276e-02
  -3.3174437e-02
  -3.1955462e-02
  -5.0044306e-02
  -5.1839687e-02
  -5.1431779e-02
  -4.8235755e-02
  -4.6213470e-02
  -4.2180173e-02
  -4.3834679e-02
  -5.0212696e-02
  -5.5690423e-02
  -5.7183739e-02
  -3.7459217e-02
  -2.8452206e-02
  -0.0000000e+00
   0.0000000e+00
   0.0000000e+00
   0.0000000e+00
   0.0000000e+00
  -0.0000000e+00
  -4.9209616e-02
  -7.6166622e-02
  -7.9971284e-02
  -5.8028560e-02
  -3.7887905e-02
  -0.0000000e+00
  -4.7435664e-02
  -3.5839376e-02
  -0.0000000e+00
   0.0000000e+00
  -0.0000000e+00
  -6.2311847e-02
  -6.6143341e-02
  -5.8763683e-02
  -5.4055538e-02
  -4.9438395e-02
  -4.8339825e-02
  -4.8712824e-02
  -7.6847292e-02
  -8.0316044e-02
  -7.9129957e-02
  -7.4883156e-02
  -7.0266381e-02
  -6.2014736e-02
  -6.2005732e-02
  -6.2476646e-02
  -6.7233518e-02
  -6.9780827e-02
  -5.7978809e-02
  -0.0000000e+00
  -0.0000000e+00
  -0.0000000e+00
   0.0000000e+00
   0.0000000e+00
  -0.0000000e+00
  -6.2727305e-02
  -6.2753899e-02
  -8.6941540e-02
  -8.7025218e-02
  -6.3175558e-02
  -0.0000000e+00
  -0.0000000e+00
  -5.1492937e-02
  -4.5885846e-02
   0.0000000e+00
   0.0000000e+00
  -0.0000000e+00
  -7.6832622e-02
  -8.6768888e-02
  -8.0507368e-02
  -7.5710662e-02
  -7.3321551e-02
  -7.3403478e-02
  -7.6005377e-02
  -8.5545667e-02
  -8.8907145e-02
  -8.9450046e-02
  -8.6524867e-02
  -8.1066437e-02
  -7.2960146e-02
  -6.9988750e-02
  -6.5498836e-02
  -6.4467520e-02
  -6.6305012e-02
  -6.3712400e-02
  -5.5217775e-02
  -3.6867980e-02
  -0.0000000e+00
   0.0000000e+00
   0.0000000e+00
  -0.0000000e+00
  -5.9980441e-02
  -5.5832519e-02
  -7.7864356e-02
  -7.8927346e-02
  -0.0000000e+00
   0.0000000e+00
  -0.0000000e+00
  -0.0000000e+00
  -0.0000000e+00
   0.0000000e+00
   0.0000000e+00
  -0.0000000e+00
  -6.7191725e-02
  -7.8473888e-02
  -7.8155950e-02
  -7.6964565e-02
  -7.8597933e-02
  -8.0668196e-02
  -8.3532758e-02
  -7.3317036e-02
  -7.5699128e-02
  -7.7181436e-02
  -7.6452121e-02
  -7.2059333e-02
  -6.6225648e-02
  -6.1543342e-02
  -5.4661162e-02
  -4.9122512e-02
  -4.9079657e-02
  -4.6910770e-02
  -4.7217309e-02
  -3.2247236e-02
  -0.0000000e+00
   0.0000000e+00
   0.0000000e+00
  -0.0000000e+00
  -0.0000000e+00
  -3.9931196e-02
  -5.6457063e-02
  -5.9460659e-02
  -4.7771990e-02
  -4.4071914e-02
  -0.0000000e+00
   0.0000000e+00
  -0.0000000e+00
  -0.0000000e+00
   0.0000000e+00
   0.0000000e+00
  -0.0000000e+00
  -5.3117108e-02
  -5.4272242e-02
  -5.8075644e-02
  -6.3138232e-02
  -6.6937149e-02
  -7.0165627e-02
  -3.7372138e-02
  -3.8491320e-02
  -4.0029008e-02
  -4.1594598e-02
  -4.0014572e-02
  -3.7936207e-02
  -3.3536293e-02
  -2.6763637e-02
  -1.9467451e-02
  -1.8279523e-02
  -2.5143160e-02
  -2.1424718e-02
  -1.5625564e-02
   0.0000000e+00
   0.0000000e+00
   0.0000000e+00
   0.0000000e+00
  -0.0000000e+00
  -0.0000000e+00
  -2.8821140e-02
  -2.9298471e-02
  -3.1159135e-02
  -3.3601634e-02
  -2.2931504e-02
  -1.2831856e-02
  -1.6521629e-02
  -1.7799115e-02
   0.0000000e+00
   0.0000000e+00
  -0.0000000e+00
  -9.5246546e-03
  -6.4442055e-03
  -1.5531557e-02
  -2.2989808e-02
  -2.8499492e-02
  -3.3323981e-02
   2.6569078e-02
   2.5588561e-02
   2.4299810e-02
   2.2272544e-02
   1.9966060e-02
   1.8700585e-02
   1.9138813e-02
   2.2574475e-02
   2.5461094e-02
   2.4366867e-02
   2.5509862e-02
   1.9488189e-02
   1.1000714e-02
   0.0000000e+00
   0.0000000e+00
   0.0000000e+00
   0.0000000e+00
   0.0000000e+00
   0.0000000e+00
   0.0000000e+00
   0.0000000e+00
  -3.6657181e-03
  -1.9650788e-03
   7.1408944e-03
   1.1939829e-02
   1.7861869e-02
   9.6548329e-03
   0.0000000e+00
   0.0000000e+00
   0.0000000e+00
   4.9685340e-02
   6.5542728e-02
   5.5052452e-02
   4.7027215e-02
   3.9603110e-02
   3.0545659e-02
   1.0117994e-01
   9.9461056e-02
   9.6504308e-02
   9.4683066e-02
   8.8495918e-02
   8.5299909e-02
   8.0228247e-02
   7.9227462e-02
   7.7452019e-02
   6.9975224e-02
   7.5957011e-02
   6.3177593e-02
   4.4688106e-02
   0.0000000e+00
   0.0000000e+00
   0.0000000e+00
   0.0000000e+00
   0.0000000e+00
   0.0000000e+00
   0.0000000e+00
   0.0000000e+00
   0.0000000e+00
   0.0000000e+00
   0.0000000e+00
   5.7735952e-02
   5.9350661e-02
   0.0000000e+00
   0.0000000e+00
   0.0000000e+00
   0.0000000e+00
   1.0101970e-01
   1.2306117e-01
   1.2784448e-01
   1.2570892e-01
   1.1576867e-01
   1.0313623e-01
   1.5426423e-01
   1.5225385e-01
   1.4597589e-01
   1.4276126e-01
   1.3275360e-01
   1.2644117e-01
   1.1870868e-01
   1.1475334e-01
   1.1435840e-01
   1.0314952e-01
   9.5324984e-02
   8.8155143e-02
   0.0000000e+00
   0.0000000e+00
   0.0000000e+00
   0.0000000e+00
   0.0000000e+00
   0.0000000e+00
   0.0000000e+00
   0.0000000e+00
   0.0000000e+00
   0.0000000e+00
   0.0000000e+00
   0.0000000e+00
   0.0000000e+00
   0.0000000e+00
   0.0000000e+00
   0.0000000e+00
   0.0000000e+00
   0.0000000e+00
   0.0000000e+00
   0.0000000e+00
   1.4137094e-01
   1.5301250e-01
   1.5027079e-01
   1.4977852e-01
   1.6632065e-01
   1.6410486e-01
   1.5595737e-01
   1.4936797e-01
   1.3866343e-01
   1.2916461e-01
   1.2237138e-01
   1.1639205e-01
   1.1515099e-01
   1.0508846e-01
   8.8835789e-02
   8.5967932e-02
   6.7583204e-02
   0.0000000e+00
   0.0000000e+00
   0.0000000e+00
   0.0000000e+00
   0.0000000e+00
   0.0000000e+00
   0.0000000e+00
   0.0000000e+00
   0.0000000e+00
   0.0000000e+00
   0.0000000e+00
   0.0000000e+00
   0.0000000e+00
   0.0000000e+00
   0.0000000e+00
   0.0000000e+00
   0.0000000e+00
   0.0000000e+00
   0.0000000e+00
   0.0000000e+00
   1.1599107e-01
   1.2376144e-01
   1.5182893e-01
   1.3015810e-01
   1.3384968e-01
   1.2914547e-01
   1.2204008e-01
   1.1418208e-01
   1.0513531e-01
   9.9637806e-02
   9.1404833e-02
   8.5035227e-02
   7.7514283e-02
   6.2254832e-02
   6.2029124e-02
   5.5240442e-02
   0.0000000e+00
   4.0826321e-02
   4.1682113e-02
   0.0000000e+00
   0.0000000e+00
   0.0000000e+00
   0.0000000e+00
   0.0000000e+00
   0.0000000e+00
   0.0000000e+00
   0.0000000e+00
   0.0000000e+00
   0.0000000e+00
   0.0000000e+00
   0.0000000e+00
   0.0000000e+00
   0.0000000e+00
   0.0000000e+00
   0.0000000e+00
   0.0000000e+00
   5.8638923e-02
   7.3275328e-02
   1.0794707e-01
   5.8121823e-02
   6.1847363e-02
   6.2152706e-02
   5.9634164e-02
   5.6516975e-02
   5.1374964e-02
   4.7271099e-02
   3.9556641e-02
   3.2526325e-02
   0.0000000e+00
   2.5793031e-02
   2.0248678e-02
   2.4439281e-02
   2.2051476e-02
   2.3470318e-02
   2.3287390e-02
   1.7090572e-02
   2.1200371e-02
   0.0000000e+00
   0.0000000e+00
   0.0000000e+00
   0.0000000e+00
   0.0000000e+00
   0.0000000e+00
   0.0000000e+00
   0.0000000e+00
   0.0000000e+00
   0.0000000e+00
   1.3633375e-03
   4.1314879e-03
   6.6828812e-03
   1.0357445e-02
   1.1377014e-02
   2.3010711e-02
   3.3922207e-02
   4.9274724e-02
  -3.7584603e-03
  -5.6801639e-03
  -5.5249436e-03
  -6.5531447e-03
  -7.8554312e-03
  -1.0128049e-02
  -1.0795313e-02
  -1.0968278e-02
  -8.4046060e-03
  -1.4527814e-03
  -2.6796338e-03
  -3.2801926e-03
  -5.6448218e-04
   3.8214079e-03
   5.4105277e-03
   5.1427320e-03
   2.8831170e-03
   1.8354373e-03
   0.0000000e+00
  -0.0000000e+00
   0.0000000e+00
   0.0000000e+00
   0.0000000e+00
   0.0000000e+00
   0.0000000e+00
   0.0000000e+00
   0.0000000e+00
  -0.0000000e+00
  -1.6442856e-03
   9.8354765e-04
   3.5967331e-03
   5.7934988e-03
   5.8583356e-03
   4.9099354e-03
   2.4708036e-03
   8.1562485e-04
  -0.0000000e+00
  -0.0000000e+00
  -0.0000000e+00
  -0.0000000e+00
  -0.0000000e+00
  -0.0000000e+00
  -3.1043228e-02
  -2.4856087e-02
  -1.8687399e-02
  -1.5717489e-02
  -1.4693729e-02
  -1.2990051e-02
  -1.0949037e-02
  -1.0546995e-02
  -1.0465158e-02
  -9.4758868e-03
  -0.0000000e+00
  -0.0000000e+00
   0.0000000e+00
   0.0000000e+00
   0.0000000e+00
   0.0000000e+00
   0.0000000e+00
   0.0000000e+00
   0.0000000e+00
   0.0000000e+00
   0.0000000e+00
   0.0000000e+00
  -0.0000000e+00
  -0.0000000e+00
  -0.0000000e+00
  -0.0000000e+00
  -0.0000000e+00
  -0.0000000e+00
  -0.0000000e+00
  -0.0000000e+00
