  -5.3027975e-01
  -5.4688561e-01
  -4.8049649e-01
  -4.2473929e-01
  -4.2076617e-01
  -4.3835150e-01
  -4.1172196e-01
  -3.2191023e-01
  -3.1127507e-01
  -5.2136990e-01
  -9.4665678e-01
  -1.3599202e+00
  -1.5946737e+00
  -1.6940221e+00
  -1.7429136e+00
  -1.8208797e+00
  -1.8744222e+00
  -1.8506564e+00
  -1.8392218e+00
  -1.8919925e+00
  -1.9694430e+00
  -2.0207906e+00
  -2.0293474e+00
  -1.9509482e+00
  -1.7733324e+00
  -1.4622734e+00
  -1.0625872e+00
  -6.8458563e-01
  -3.7370282e-01
  -2.3704502e-01
  -2.3578741e-01
  -3.3786036e-01
  -4.8801206e-01
  -5.3678157e-01
  -4.8130594e-01
  -4.7089243e-01
  -9.9547967e-01
  -7.1704582e-01
  -2.7486846e-01
  -3.7991222e-01
  -6.0231235e-01
  -7.3472782e-01
  -1.0719884e+00
  -1.2894163e+00
  -1.3087247e+00
  -1.6712832e+00
  -2.2711611e+00
  -2.6222871e+00
  -2.8600494e+00
  -2.7795008e+00
  -2.3177221e+00
  -2.1515226e+00
  -1.8815433e+00
  -1.3935781e+00
  -1.3503140e+00
  -1.6839642e+00
  -2.0672096e+00
  -2.3029182e+00
  -2.4702317e+00
  -2.5354302e+00
  -2.4453708e+00
  -2.2975308e+00
  -2.0942361e+00
  -1.7416764e+00
  -1.2804913e+00
  -1.0371785e+00
  -7.0680377e-01
  -3.7264659e-01
  -5.8232041e-01
  -4.9582849e-01
  -1.6014702e-01
  -5.5647518e-01
  -5.2141098e-02
   1.2974843e+00
   2.5262736e+00
   1.9057566e+00
   9.2758186e-01
   6.5654410e-01
   1.9477985e-01
  -2.5499295e-01
  -5.7116896e-01
  -8.3527512e-01
  -8.1126477e-01
  -5.7978564e-01
  -5.6111037e-01
  -4.0364735e-01
  -3.0089642e-02
  -1.2786387e-01
  -9.1221350e-02
   9.5353022e-02
   1.4152623e-01
   2.0810677e-01
  -9.6114809e-02
  -3.2954961e-01
  -5.6065210e-01
  -8.0586396e-01
  -9.3207087e-01
  -1.0543772e+00
  -1.0815186e+00
  -1.1996345e+00
  -1.0009760e+00
  -8.3549163e-01
  -5.5089832e-01
   2.5536866e-01
   6.8841225e-01
   1.3048513e+00
   1.4535950e+00
   3.0201624e-01
   1.1153919e-02
   1.4366328e+00
   3.8046378e+00
   4.0507492e+00
   2.5540613e+00
   1.3408591e+00
   9.7842094e-01
   8.8546821e-01
   7.0820493e-01
   9.9953195e-01
   1.6923195e+00
   1.8955858e+00
   1.8291903e+00
   2.0088230e+00
   1.9848507e+00
   1.6876869e+00
   1.5636055e+00
   1.5974559e+00
   2.0372686e+00
   2.4940980e+00
   2.2893792e+00
   1.9868426e+00
   1.5261724e+00
   1.0950831e+00
   7.2474346e-01
   3.2718165e-01
   2.1245121e-01
  -3.0677123e-02
  -3.4773166e-02
   2.6713531e-01
   4.2904199e-01
   1.0683381e+00
   1.8024558e+00
   1.7278803e+00
   1.0711620e+00
   3.3863642e-01
   2.7356003e-01
   8.7123742e-01
   3.3350896e+00
   4.9397059e+00
   3.6951695e+00
   1.8395379e+00
   1.8697431e+00
   1.7429934e+00
   2.1172887e+00
   3.1258564e+00
   3.9298717e+00
   4.5041925e+00
   4.1201758e+00
   3.5276426e+00
   3.4365473e+00
   3.2228520e+00
   2.9447779e+00
   3.2693580e+00
   3.7731429e+00
   3.9904981e+00
   4.0754673e+00
   3.8143337e+00
   3.4340819e+00
   2.9922476e+00
   2.5340673e+00
   2.0619388e+00
   1.4685923e+00
   1.0998179e+00
   7.2290602e-01
   8.6315583e-01
   1.0538400e+00
   1.7515461e+00
   2.7189353e+00
   1.4529733e+00
   4.9381845e-01
   8.6818959e-01
   8.4385588e-01
   1.1871537e+00
   2.2676308e+00
   4.4050363e+00
   3.8985144e+00
   2.3480758e+00
   3.3381574e+00
   2.7615307e+00
   3.2876423e+00
   4.4564662e+00
   4.4115112e+00
   5.2556906e+00
   5.0258618e+00
   3.9177793e+00
   3.6783425e+00
   3.6416983e+00
   3.4273160e+00
   3.8993123e+00
   4.2116108e+00
   4.2433849e+00
   4.8385596e+00
   4.8320859e+00
   4.8786910e+00
   4.5425796e+00
   4.0454457e+00
   3.7814197e+00
   2.8681397e+00
   2.1837054e+00
   1.1287518e+00
   9.0379370e-01
   8.3032476e-01
   1.5537690e+00
   3.2915203e+00
   1.7813061e+00
   8.7571886e-01
   1.3984048e+00
   1.0261729e+00
   1.6574541e+00
   1.2973244e+00
   3.3020325e+00
   3.3930876e+00
   2.3120303e+00
   4.2726470e+00
   3.6423221e+00
   3.5551785e+00
   4.2004367e+00
   3.2442881e+00
   3.0787149e+00
   3.1187170e+00
   3.1360464e+00
   2.5715840e+00
   2.4947797e+00
   2.5644836e+00
   2.7458540e+00
   3.1689626e+00
   3.3241631e+00
   4.3402842e+00
   4.6553487e+00
   4.8796161e+00
   4.7756799e+00
   4.2621859e+00
   4.2161050e+00
   3.5182812e+00
   2.6610712e+00
   1.1105709e+00
   7.5139878e-01
   3.1446446e-01
   5.9896728e-01
   3.1772821e+00
   2.3190998e+00
   1.2168088e+00
   1.1681280e+00
   5.9875037e-01
   9.6022487e-01
   3.4857577e-01
   2.3161682e+00
   2.6268827e+00
   1.5760190e+00
   3.5851788e+00
   3.4074167e+00
   2.5051491e+00
   2.4323113e+00
   1.3233783e+00
  -2.6005614e-01
  -5.4043059e-01
   1.0335050e+00
   9.3420703e-01
   6.9304879e-01
   7.2104418e-01
   6.0727744e-01
   1.2857449e+00
   1.6037396e+00
   2.6472973e+00
   3.1064362e+00
   3.1491534e+00
   3.2883006e+00
   2.8911194e+00
   2.9095870e+00
   2.6119521e+00
   1.9284537e+00
   6.7754043e-01
   3.8683438e-01
  -1.2718140e-01
  -2.3339572e-01
   2.2559279e+00
   2.0545077e+00
   6.2685684e-01
   3.3651158e-01
  -1.7762028e-01
  -7.7828701e-01
  -7.1897212e-01
   1.4584233e+00
   1.7347522e+00
   4.5228539e-01
   1.5245113e+00
   1.7994064e+00
   4.6577311e-01
  -1.2469258e-01
  -7.8611781e-01
  -2.7051846e+00
  -3.5814551e+00
  -1.7785954e+00
  -6.2797515e-01
  -7.3779364e-01
  -1.1789783e+00
  -1.4025796e+00
  -7.4691304e-01
  -4.2191665e-01
   1.7750691e-01
   5.8627994e-01
   4.8114723e-01
   6.8140649e-01
   5.3635359e-01
   5.1326142e-01
   4.9039551e-01
   2.2269432e-01
  -4.2333980e-02
  -2.3627791e-01
  -6.7473241e-01
  -6.9765333e-01
   8.6590007e-01
   9.9007407e-01
  -5.4562918e-01
  -6.7275048e-01
  -1.0289601e+00
  -2.7078380e+00
  -1.8240571e+00
   5.5539026e-01
   6.8689201e-01
  -7.5089169e-01
  -1.0542672e+00
  -6.9251390e-01
  -1.9233796e+00
  -2.7427764e+00
  -2.8089843e+00
  -3.5023344e+00
  -4.5881892e+00
  -4.2984721e+00
  -1.9819785e+00
  -1.4479524e+00
  -2.4248742e+00
  -2.7252918e+00
  -2.4960107e+00
  -2.3681948e+00
  -2.5418790e+00
  -2.2476032e+00
  -2.2055155e+00
  -2.1771397e+00
  -2.0316488e+00
  -2.1128997e+00
  -2.0259184e+00
  -1.7918632e+00
  -8.6748393e-01
  -1.0154337e+00
  -1.5180591e+00
  -1.0705962e+00
  -5.3162007e-01
  -2.9529080e-01
  -1.6410644e+00
  -1.5999385e+00
  -1.9654589e+00
  -3.6284299e+00
  -2.5824963e+00
  -7.9626154e-01
  -1.0354651e+00
  -2.1397472e+00
  -3.2796748e+00
  -3.4337429e+00
  -4.0770312e+00
  -4.9495883e+00
  -4.5755034e+00
  -2.5604299e+00
  -2.3256299e+00
  -4.5133120e+00
  -3.5110482e+00
  -1.8059146e+00
  -2.2308223e+00
  -3.1169562e+00
  -3.6549868e+00
  -4.2154520e+00
  -5.1692379e+00
  -4.7949598e+00
  -4.3240679e+00
  -4.5171487e+00
  -4.2681039e+00
  -4.3047279e+00
  -4.1263183e+00
  -3.2811821e+00
  -1.5521167e+00
  -1.8168005e+00
  -2.9469891e+00
  -2.2434930e+00
  -1.4264266e+00
  -9.6466179e-01
  -2.0402012e+00
  -2.3133517e+00
  -2.4315421e+00
  -3.0678894e+00
  -2.1583391e+00
  -1.7860654e+00
  -2.5705024e+00
  -2.9434601e+00
  -3.5108309e+00
  -3.9960819e+00
  -4.3202696e+00
  -5.0181366e+00
  -4.4992699e+00
  -1.5154248e+00
   1.3493993e-01
  -1.9819430e+00
  -3.8359192e+00
  -2.5364859e+00
  -1.4332495e+00
  -2.6222573e+00
  -3.7091972e+00
  -4.8191419e+00
  -5.5923244e+00
  -5.0696621e+00
  -4.6725890e+00
  -4.6138283e+00
  -4.5564813e+00
  -4.4714207e+00
  -4.1219721e+00
  -3.0536046e+00
  -1.2583533e+00
  -1.9050570e+00
  -3.5657009e+00
  -3.1205800e+00
  -1.3991862e+00
  -7.1112757e-01
  -1.7620313e+00
  -2.2741453e+00
  -2.6503615e+00
  -2.7003980e+00
  -1.7816637e+00
  -2.4462745e+00
  -3.4389722e+00
  -3.2284077e+00
  -3.2439334e+00
  -3.7354107e+00
  -3.9162611e+00
  -4.1576133e+00
  -3.6093402e+00
  -8.5210354e-01
   1.1796245e+00
  -8.1164984e-02
  -3.1651612e+00
  -3.1326487e+00
  -1.2628235e+00
  -2.1953380e+00
  -3.6144086e+00
  -4.6370174e+00
  -5.0470616e+00
  -4.5423651e+00
  -4.3780123e+00
  -4.0728711e+00
  -4.1171997e+00
  -4.0019674e+00
  -3.4734314e+00
  -2.5293658e+00
  -7.3983509e-01
  -1.5146876e+00
  -3.3120201e+00
  -3.0076470e+00
  -1.2952372e+00
  -6.3616447e-01
  -1.5397759e+00
  -2.0822929e+00
  -2.8515421e+00
  -2.5571316e+00
  -1.6666092e+00
  -3.0164564e+00
  -3.9156563e+00
  -3.2972345e+00
  -2.8795007e+00
  -3.2651529e+00
  -3.3307419e+00
  -2.9883831e+00
  -2.4792189e+00
  -3.5646411e-01
   1.5513252e+00
   1.2721287e+00
  -2.1297841e+00
  -3.5477116e+00
  -1.4088480e+00
  -1.9216782e+00
  -3.5046504e+00
  -4.1241210e+00
  -4.1916677e+00
  -3.7725222e+00
  -3.8514140e+00
  -3.3771461e+00
  -3.4606696e+00
  -3.3668012e+00
  -2.6784909e+00
  -2.0100223e+00
  -2.5601084e-01
  -9.0790650e-01
  -2.6725188e+00
  -2.4776420e+00
  -1.1454041e+00
  -6.7968188e-01
  -1.3922847e+00
  -1.9260060e+00
  -3.4201063e+00
  -3.1311350e+00
  -2.6870785e+00
  -3.8442922e+00
  -3.7283385e+00
  -3.1871857e+00
  -2.7460845e+00
  -2.9832721e+00
  -2.7540248e+00
  -1.5113458e+00
  -1.1934161e+00
   9.0250593e-02
   1.0909533e+00
   1.4079551e+00
  -6.6450366e-01
  -3.4324170e+00
  -2.0971900e+00
  -2.1919180e+00
  -3.5313371e+00
  -3.1522997e+00
  -3.1718499e+00
  -2.9174156e+00
  -3.1033170e+00
  -2.7712833e+00
  -2.7518393e+00
  -2.7839555e+00
  -1.9960469e+00
  -1.8435158e+00
  -1.6161322e-01
   1.3138280e-01
  -1.4155893e+00
  -1.4001650e+00
  -8.5838107e-01
  -1.0130215e+00
  -1.4697055e+00
  -2.1392239e+00
  -4.4620570e+00
  -4.0066997e+00
  -4.3178644e+00
  -4.6597815e+00
  -3.4428620e+00
  -3.4279772e+00
  -3.1323298e+00
  -3.4786097e+00
  -2.8753662e+00
  -1.4226759e+00
  -1.4045121e+00
   3.2821837e-01
   1.0234062e+00
   9.6684380e-01
  -4.8097802e-01
  -3.2304869e+00
  -2.2668733e+00
  -2.5428879e+00
  -3.5959342e+00
  -2.8834552e+00
  -3.1723080e+00
  -2.8576534e+00
  -2.9842152e+00
  -2.9151916e+00
  -2.8707066e+00
  -2.9667895e+00
  -2.2829297e+00
  -2.4787622e+00
  -8.0094377e-01
   3.4787614e-01
  -1.3819525e+00
  -1.4568023e+00
  -3.1102731e-01
  -8.7524393e-01
  -1.8163065e+00
  -3.0670453e+00
  -5.0396366e+00
  -4.4084027e+00
  -5.0044379e+00
  -4.9361386e+00
  -3.4340865e+00
  -3.6135489e+00
  -3.3601529e+00
  -3.7572157e+00
  -3.0321206e+00
  -1.7518306e+00
  -1.8985603e+00
   4.0574803e-01
   1.1126130e+00
   6.3855837e-01
  -6.6222086e-01
  -3.3017664e+00
  -2.1906507e+00
  -2.3290403e+00
  -3.4868309e+00
  -2.8479427e+00
  -3.2590806e+00
  -2.9102743e+00
  -3.0052863e+00
  -3.0493548e+00
  -2.9902837e+00
  -3.1329514e+00
  -2.5565738e+00
  -2.9848845e+00
  -1.3343276e+00
  -6.5735265e-02
  -1.9904213e+00
  -1.7074634e+00
  -5.0607348e-03
  -6.5315436e-01
  -2.1247597e+00
  -3.9133023e+00
  -5.4701293e+00
  -4.6371023e+00
  -5.3323867e+00
  -4.9936062e+00
  -3.5538960e+00
  -3.7958993e+00
  -3.5415540e+00
  -3.9682770e+00
  -3.2246045e+00
  -2.3169501e+00
  -2.5855047e+00
   4.1756422e-01
   1.2861609e+00
   3.2306528e-01
  -1.0365113e+00
  -3.5097674e+00
  -1.9898969e+00
  -1.8244263e+00
  -3.2830168e+00
  -2.9174292e+00
  -3.3968905e+00
  -3.0219791e+00
  -3.0946116e+00
  -3.1953295e+00
  -3.1247906e+00
  -3.3115850e+00
  -2.8574196e+00
  -3.4922866e+00
  -1.8831797e+00
  -8.2509134e-01
  -2.9740454e+00
  -2.0796390e+00
   2.2514763e-01
  -3.6444664e-01
  -2.4529919e+00
  -4.8246463e+00
  -4.4266213e+00
  -3.3559972e+00
  -3.6668847e+00
  -3.5711337e+00
  -3.2943883e+00
  -3.1212171e+00
  -2.9372866e+00
  -3.1939588e+00
  -2.9539352e+00
  -2.6677180e+00
  -2.5398799e+00
   4.3925968e-02
   6.4274959e-01
  -9.5561198e-01
  -1.8373170e+00
  -3.4011478e+00
  -1.6723109e+00
  -3.2968983e-01
  -2.1298636e+00
  -2.4444310e+00
  -2.6872514e+00
  -2.5807995e+00
  -2.5191010e+00
  -2.5809365e+00
  -2.4233408e+00
  -2.7021708e+00
  -2.4926717e+00
  -3.1346408e+00
  -2.4078224e+00
  -2.4350448e+00
  -3.8777015e+00
  -1.8451027e+00
  -2.3857030e-01
  -8.1539841e-01
  -2.9831668e+00
  -5.3117387e+00
  -3.1826667e+00
  -2.1004468e+00
  -2.3760013e+00
  -2.4033075e+00
  -2.4557633e+00
  -2.2715228e+00
  -2.2271987e+00
  -2.4611851e+00
  -2.5061101e+00
  -2.2805545e+00
  -1.9032379e+00
  -4.6368532e-01
  -3.5118009e-01
  -2.0037856e+00
  -2.4632417e+00
  -2.8873060e+00
  -1.4973509e+00
   1.2381985e-01
  -1.1909389e+00
  -1.9497753e+00
  -1.9818450e+00
  -1.9325443e+00
  -1.7735161e+00
  -1.8063104e+00
  -1.7299749e+00
  -2.0088810e+00
  -2.0045941e+00
  -2.4201910e+00
  -2.4085704e+00
  -2.7365321e+00
  -3.3256909e+00
  -1.5284633e+00
  -6.6738434e-01
  -1.5110236e+00
  -3.3331972e+00
  -4.6757168e+00
  -2.0729598e+00
  -1.1150401e+00
  -1.3712142e+00
  -1.4634473e+00
  -1.6939327e+00
  -1.5597857e+00
  -1.6475657e+00
  -1.8846618e+00
  -2.1188143e+00
  -1.9286057e+00
  -1.4757795e+00
  -1.0542660e+00
  -1.3093805e+00
  -2.8760241e+00
  -3.0115395e+00
  -2.5060172e+00
  -1.4244487e+00
   3.7039396e-01
  -4.1908822e-01
  -1.6092740e+00
  -1.4844009e+00
  -1.3832852e+00
  -1.1593683e+00
  -1.1654132e+00
  -1.2011051e+00
  -1.4803678e+00
  -1.6570136e+00
  -1.8613803e+00
  -2.3210822e+00
  -2.8178491e+00
  -2.7661101e+00
  -1.3592994e+00
  -1.0578766e+00
  -2.1172620e+00
  -3.6076527e+00
  -3.9249156e+00
  -1.0417240e+00
  -5.7497509e-01
  -8.3948393e-01
  -8.6835889e-01
  -9.5719494e-01
  -1.0300585e+00
  -1.2609426e+00
  -1.5635572e+00
  -1.7957724e+00
  -1.5981783e+00
  -1.4868317e+00
  -1.9914867e+00
  -2.3978498e+00
  -3.5179256e+00
  -3.4987741e+00
  -2.3769956e+00
  -1.5880879e+00
   1.7779728e-01
   1.2047713e-01
  -1.5765362e+00
  -1.3923230e+00
  -9.5729414e-01
  -7.3393275e-01
  -7.1241004e-01
  -9.6052824e-01
  -1.2430089e+00
  -1.5833934e+00
  -1.5696334e+00
  -2.0022634e+00
  -2.3933179e+00
  -2.0869807e+00
  -1.5232343e+00
  -1.4455979e+00
  -2.6371622e+00
  -3.7611251e+00
  -2.7314540e+00
  -1.5372050e+00
  -1.5883703e+00
  -1.9343980e+00
  -1.8924585e+00
  -1.8396770e+00
  -1.9624721e+00
  -2.1397467e+00
  -2.3063559e+00
  -2.3479801e+00
  -2.4359610e+00
  -2.7732538e+00
  -3.0421083e+00
  -2.8447126e+00
  -3.1624661e+00
  -3.4360580e+00
  -3.1017074e+00
  -2.6317883e+00
  -8.3546786e-01
  -4.4847275e-01
  -2.3442926e+00
  -2.5232157e+00
  -1.8693833e+00
  -1.6955260e+00
  -1.6387055e+00
  -1.8771769e+00
  -2.1958934e+00
  -2.5222704e+00
  -2.4750110e+00
  -2.3119630e+00
  -2.3757886e+00
  -2.5644382e+00
  -2.4111583e+00
  -2.0290163e+00
  -2.7713839e+00
  -3.3961164e+00
  -2.4144194e+00
  -2.4687331e+00
  -2.4556786e+00
  -3.1164528e+00
  -3.1475530e+00
  -2.9403039e+00
  -3.1027798e+00
  -3.1565339e+00
  -3.1560814e+00
  -3.1806779e+00
  -3.3771335e+00
  -3.5987943e+00
  -3.6836706e+00
  -3.0647979e+00
  -2.8419177e+00
  -3.4325709e+00
  -3.5156555e+00
  -3.4951282e+00
  -2.0004295e+00
  -1.2221054e+00
  -2.9103804e+00
  -3.3952570e+00
  -2.9536932e+00
  -2.8200001e+00
  -2.7099006e+00
  -2.8547816e+00
  -3.1338870e+00
  -3.4040990e+00
  -3.3430961e+00
  -3.1988290e+00
  -2.8612202e+00
  -2.9912340e+00
  -3.2081761e+00
  -2.7209435e+00
  -2.9827404e+00
  -3.1707545e+00
  -2.7777610e+00
  -3.4241018e+00
  -3.1623099e+00
  -4.1764478e+00
  -4.3290507e+00
  -3.9735136e+00
  -4.1583984e+00
  -4.0849595e+00
  -3.9723932e+00
  -4.0377343e+00
  -4.1873029e+00
  -4.1138218e+00
  -4.1008118e+00
  -3.2072977e+00
  -2.6185996e+00
  -3.4344587e+00
  -3.7058546e+00
  -4.1385210e+00
  -3.1418707e+00
  -2.0855796e+00
  -3.3044554e+00
  -3.9768575e+00
  -3.9203928e+00
  -3.8365947e+00
  -3.7010505e+00
  -3.7524560e+00
  -3.9611993e+00
  -4.1467981e+00
  -4.0919270e+00
  -4.2174062e+00
  -3.4311446e+00
  -3.2561100e+00
  -3.8890079e+00
  -3.4289087e+00
  -3.2097054e+00
  -3.0308246e+00
  -3.3257140e+00
  -3.8867079e+00
  -3.2548919e+00
  -4.4872521e+00
  -4.7885896e+00
  -4.3505703e+00
  -4.4989567e+00
  -4.3721847e+00
  -4.3979023e+00
  -4.5574835e+00
  -4.2567145e+00
  -3.7799818e+00
  -3.9590900e+00
  -3.2294252e+00
  -2.7675410e+00
  -3.4051685e+00
  -3.3058758e+00
  -3.9956186e+00
  -3.8192445e+00
  -2.9124333e+00
  -3.1589395e+00
  -3.5963899e+00
  -4.1022574e+00
  -4.1006859e+00
  -4.0615876e+00
  -4.1116595e+00
  -4.2181844e+00
  -4.2701997e+00
  -4.2755059e+00
  -5.0012187e+00
  -3.7560947e+00
  -2.9181381e+00
  -4.0761244e+00
  -3.9479907e+00
  -3.3781690e+00
  -3.1131551e+00
  -3.8463873e+00
  -2.3035473e+00
  -2.0155107e+00
  -2.4074100e+00
  -2.5125606e+00
  -2.5842752e+00
  -2.3811360e+00
  -2.4547388e+00
  -2.9581472e+00
  -2.8913681e+00
  -2.2990829e+00
  -2.2099683e+00
  -2.3010699e+00
  -2.1078818e+00
  -2.4603016e+00
  -2.1300745e+00
  -1.8124065e+00
  -2.0254826e+00
  -2.0427898e+00
  -2.4291473e+00
  -1.7792496e+00
  -1.4031343e+00
  -1.8828933e+00
  -1.8197213e+00
  -2.2365969e+00
  -2.4387071e+00
  -2.5850687e+00
  -2.5239946e+00
  -2.5938610e+00
  -3.1722312e+00
  -2.1772674e+00
  -1.6693325e+00
  -2.4012111e+00
  -2.5488977e+00
  -2.3477774e+00
  -2.4082036e+00
  -2.7402421e+00
  -1.6600878e-02
  -8.6100528e-02
   4.1696589e-01
   5.5464305e-01
   1.5962051e-01
   4.5296885e-01
   1.6130172e-01
  -3.4324201e-01
  -1.1659399e-01
   1.6939223e-01
  -1.3623390e-01
   5.4962240e-02
   1.6774410e-02
  -6.8304812e-01
   1.4387844e-01
   3.9572149e-01
   5.3504267e-01
   6.0032586e-01
  -4.5516626e-01
   2.8124779e-01
   8.5358355e-01
   7.4150946e-01
   1.0332572e+00
   3.9874515e-01
   1.4911058e-01
  -2.5923318e-02
   3.6582789e-02
   4.3338321e-02
  -6.7455081e-02
   2.8987263e-01
   1.2164417e-01
   2.3344684e-01
   1.5012880e-01
  -2.9458890e-01
  -5.1214862e-01
  -3.8528392e-01
   2.4590658e+00
   2.3202860e+00
   3.2882062e+00
   3.5255027e+00
   3.2735794e+00
   3.2910266e+00
   2.8463119e+00
   2.7668432e+00
   2.9155532e+00
   2.8632185e+00
   2.5559836e+00
   2.8533078e+00
   2.7590682e+00
   2.1904239e+00
   2.9927840e+00
   3.1872880e+00
   3.4426781e+00
   3.3246922e+00
   2.3810034e+00
   2.8807395e+00
   2.9678628e+00
   3.0665661e+00
   3.5490557e+00
   3.1238339e+00
   3.0170993e+00
   2.9312960e+00
   2.9943525e+00
   3.0675518e+00
   3.2544736e+00
   3.0613668e+00
   2.6575293e+00
   3.3242688e+00
   3.1962347e+00
   2.3587662e+00
   2.0932107e+00
   2.4258429e+00
   4.5469079e+00
   4.6188421e+00
   5.4320466e+00
   5.6416686e+00
   5.8129762e+00
   5.3845765e+00
   4.9567489e+00
   5.4086526e+00
   5.3761449e+00
   5.3008179e+00
   5.3575212e+00
   5.5166878e+00
   5.4186233e+00
   5.2810679e+00
   5.6931980e+00
   5.8162983e+00
   6.0175300e+00
   5.5149531e+00
   5.1512596e+00
   5.3290321e+00
   4.5685838e+00
   4.5154966e+00
   4.9583791e+00
   5.0933729e+00
   5.3346131e+00
   5.4681961e+00
   5.5904106e+00
   5.6588456e+00
   5.8821222e+00
   5.5061759e+00
   5.4429104e+00
   5.9970194e+00
   5.4833044e+00
   4.8351761e+00
   4.5846321e+00
   4.6974143e+00
   5.5310353e+00
   5.8674382e+00
   6.1669031e+00
   6.3635691e+00
   6.6189963e+00
   6.0639248e+00
   5.9100315e+00
   6.4445817e+00
   6.4718354e+00
   6.7264971e+00
   7.0860411e+00
   7.0663159e+00
   6.8904253e+00
   7.0328639e+00
   7.1008358e+00
   7.0547227e+00
   7.1720706e+00
   6.5086646e+00
   6.4272457e+00
   6.3954375e+00
   5.3043530e+00
   4.8999846e+00
   5.0051949e+00
   5.5471626e+00
   6.1251074e+00
   6.5034072e+00
   6.7511971e+00
   6.8347077e+00
   6.9908084e+00
   6.8221625e+00
   7.1468891e+00
   6.9407223e+00
   5.8929356e+00
   5.9109367e+00
   5.7122507e+00
   5.3487847e+00
   4.9939213e+00
   5.4578104e+00
   5.4180073e+00
   5.5772709e+00
   5.3349831e+00
   5.1811457e+00
   5.4778579e+00
   5.6445537e+00
   5.9754192e+00
   6.3442032e+00
   6.5755995e+00
   6.5839240e+00
   6.4059026e+00
   6.4967936e+00
   6.3947514e+00
   6.1763778e+00
   6.0885851e+00
   5.6714585e+00
   5.4299868e+00
   5.2853413e+00
   4.8722154e+00
   4.4709672e+00
   4.2545249e+00
   4.5592241e+00
   5.0641268e+00
   5.5248470e+00
   5.8637733e+00
   6.1367723e+00
   6.2766097e+00
   6.3268650e+00
   6.3636612e+00
   5.4101351e+00
   4.4819753e+00
   4.9051139e+00
   4.8637614e+00
   4.4025486e+00
   3.3319103e+00
   3.7096428e+00
   3.4540229e+00
   3.2451634e+00
   2.7203197e+00
   3.0418448e+00
   3.6577107e+00
   3.6994193e+00
   4.0496274e+00
   4.1542237e+00
   4.1383382e+00
   4.1437940e+00
   4.1806834e+00
   4.1958312e+00
   3.8817207e+00
   3.6951982e+00
   3.2352115e+00
   2.9205183e+00
   2.8007885e+00
   2.7877733e+00
   3.1461944e+00
   3.0746465e+00
   2.8747312e+00
   2.7259139e+00
   2.7957067e+00
   3.1029877e+00
   3.3735656e+00
   3.6803041e+00
   3.6890491e+00
   3.8345580e+00
   3.4223784e+00
   2.4373643e+00
   2.3749006e+00
   2.6184758e+00
   2.7758307e+00
   2.8581506e+00
   1.1922816e+00
   1.1365297e+00
   4.7079357e-01
  -1.7645750e-01
  -3.5405258e-01
   2.0703369e-01
   7.9560972e-01
   1.0031915e+00
   1.1522766e+00
   1.1769999e+00
   1.1115246e+00
   8.7291036e-01
   9.3919780e-01
   8.7268128e-01
   4.2438968e-01
   3.9110991e-01
  -4.4409580e-02
  -3.8240642e-01
  -1.7047125e-01
   1.1757200e-01
   4.4265443e-01
   4.0692088e-01
   3.5838075e-01
   2.0433190e-01
   4.5587256e-02
   7.1127787e-02
   3.9768061e-02
  -4.2166952e-02
  -1.6137323e-01
   1.9401567e-01
   6.5753966e-02
  -1.7839519e-01
   3.5939968e-01
   3.3622551e-01
   5.2217810e-01
   1.0518751e+00
  -1.3058034e+00
  -1.7490726e+00
  -2.4314339e+00
  -2.7964009e+00
  -2.5001908e+00
  -1.9555885e+00
  -1.6750340e+00
  -1.6209763e+00
  -1.6354048e+00
  -1.5955386e+00
  -1.7210992e+00
  -2.1315321e+00
  -2.3980823e+00
  -2.6731745e+00
  -2.9131431e+00
  -2.7235478e+00
  -2.5035559e+00
  -2.4393860e+00
  -2.2731473e+00
  -2.1092012e+00
  -2.1279151e+00
  -2.2502513e+00
  -2.2621869e+00
  -2.2656480e+00
  -2.3888777e+00
  -2.5742345e+00
  -2.7949208e+00
  -2.9632232e+00
  -2.8832588e+00
  -2.4612909e+00
  -2.1801233e+00
  -1.8902424e+00
  -1.4947492e+00
  -1.4690374e+00
  -1.4093533e+00
  -1.1992605e+00
  -1.3866669e+00
  -1.4637565e+00
  -1.4825928e+00
  -1.3851679e+00
  -1.2033577e+00
  -1.1202921e+00
  -1.2399153e+00
  -1.5378211e+00
  -1.8626186e+00
  -2.0848303e+00
  -2.2360732e+00
  -2.3082201e+00
  -2.3021109e+00
  -2.2285399e+00
  -2.0804168e+00
  -1.8753236e+00
  -1.6591280e+00
  -1.5397501e+00
  -1.4977775e+00
  -1.4459314e+00
  -1.3461902e+00
  -1.2245564e+00
  -1.1113389e+00
  -1.0828983e+00
  -1.1443101e+00
  -1.2526351e+00
  -1.3446662e+00
  -1.4007756e+00
  -1.4552307e+00
  -1.5304073e+00
  -1.6071985e+00
  -1.6274197e+00
  -1.5529428e+00
  -1.4553930e+00
  -1.3708135e+00
  -1.3437050e+00
