1.5
5.5
10.5
50.5
1000.5
1500.5
1550.5
1600.5
1650.5
1700.5
1750.5
1775.5
1800.5
1825.5
1850.5
1875.5
1900.5
1910.5
1920.5
1930.5
1940.5
1945.5
1950.5
1955.5
1960.5
1965.5
1970.5
1975.5
1980.5
1982.5
1984.5
1986.5
1988.5
1990.5
1992.5
1994.5
1996.5
1998.5
2000.5
2002.5
2004.5
2006.5
2008.5
2010.5
2012.5
2014.5
2016.5
2018.5
2020.5
2022.5
2024.5
2026.5
2028.5
2030.5
2032.5
2034.5
2036.5
2038.5
2040.5
2042.5
2044.5
2046.5
2048.5
2050.5
2052.5
2054.5
2056.5
2058.5
2060.5
2065.5
2070.5
2075.5
2080.5
2085.5
2090.5
2095.5
2100.5
2110.5
2120.5
2130.5
2140.5
2150.5
2160.5
2170.5
2180.5
2190.5
2200.5
2220.5
2240.5
2260.5
2280.5
2300.5
2350.5
2400.5
2450.5
2500.5
2550.5
2600.5
2650.5
2700.5
2750.5
2800.5
2850.5
2900.5
2950.5
3000.5
3100.5
3200.5
3300.5
3400.5
3500.5
3600.5
3700.5
3800.5
3900.5
4010.5
4100.5
4200.5
4300.5
4400.5
4500.5
4600.5
4700.5
4800.5
4900.5
5000.5
5200.5
5400.5
5600.5
5800.5
6000.5
6200.5
6400.5
6600.5
6800.5
7000.5
7200.5
7400.5
7600.5
7800.5
8010.5
8200.5
8400.5
8600.5
8800.5
9000.5
9200.5
9400.5
9600.5
9800.5
10010.5
10500.5
11000.5
11500.5
12010.5
12500.5
13000.5
13500.5
14010.5
14500.5
15000.5
15500.5
16010.5
16500.5
17000.5
17500.5
18010.5
18500.5
19000.5
19500.5
20010.5
21000.5
22010.5
23000.5
24010.5
25000.5
26010.5
27000.5
28010.5
29000.5
30010.5
31000.5
32010.5
33000.5
34010.5
35000.5
36010.5
37000.5
38010.5
39000.5
40010.5
41000.5
42010.5
43000.5
44010.5
45000.5
46010.5
47000.5
48010.5
49000.5
50010.5
52010.5
54010.5
56010.5
58010.5
60010.5
62010.5
64010.5
66010.5
68010.5
70010.5
72010.5
74010.5
76010.5
78010.5
80010.5
82010.5
84010.5
86010.5
88010.5
90010.5
92010.5
94010.5
96010.5
98010.5
100010.5
105010.5
110010.5
115010.5
120010.5
125010.5
130010.5
135010.5
140010.5
145010.5
150010.5
155010.5
160010.5
165010.5
170010.5
175010.5
180010.5
185010.5
190010.5
195010.5
200010.5
205010.5
210010.5
215010.5
220010.5
225010.5
230010.5
235010.5
240010.5
245010.5
250010.5
255010.5
260010.5
265010.5
270010.5
275010.5
280010.5
285010.5
290010.5
295010.5
300010.5
310010.5
320010.5
330010.5
340010.5
350010.5
360010.5
370010.5
380010.5
390010.5
400010.5
410010.5
420010.5
430010.5
440010.5
450010.5
460010.5
470010.5
480010.5
490010.5
500010.5
510010.5
520010.5
530010.5
540010.5
550010.5
560010.5
570010.5
580010.5
590010.5
600010.5
610010.5
620010.5
630010.5
640010.5
650010.5
660010.5
670010.5
680010.5
690010.5
700010.5
710010.5
720010.5
730010.5
740010.5
750010.5
760010.5
770010.5
780010.5
790010.5
800010.5
810010.5
820010.5
830010.5
840010.5
850010.5
860010.5
870010.5
880010.5
890010.5
900010.5
910010.5
920010.5
930010.5
940010.5
950010.5
960010.5
970010.5
980010.5
990010.5
1000010.5