0	0	0	0	0	0	0	0	0	0	0	0	0	0	0	0	0	0	0	0	0	0	0	0.0600127375101253	0	0	0	0	0	0	0	0	0	0	0	0
0.5159095001287105	0.10397206773629208	0.007901677105499832	0.019754192763749578	0.10137151577751999	0.14348045326379127	0.30536481269735427	0.33957207307812565	0.06976480735552067	0	0.05926257829124874	0.06716425539674857	0.05926257829124874	0.039508385527499155	0.019754192763749578	0.003950838552749916	0.003950838552749916	0	0	0	0	0.10002122918354217	0.050010614591771085	0	0	0	0	0	0	0.003950838552749916	0.003950838552749916	0.011852515658249747	0.023705031316499495	0	0.10397206773629208	0.8620329637183582
0.4000849167341687	0.010535569473999775	0.0052677847369998875	0.04741006263299899	0.09301974314069422	0.08248417366669444	0	0	0	0	0	0	0.11935866682569365	0.05267784736999888	0.015803354210999664	0	0.0052677847369998875	0	0	0	0	0	0	0	0	0	0.0052677847369998875	0	0.0052677847369998875	0.010535569473999775	0.015803354210999664	0.02107113894799955	0.0052677847369998875	0	0	0.05267784736999888
0.03160670842199933	0.0052677847369998875	0.21057802784108412	0.09301974314069422	0	0	0	0	0	0	0	0	0	0.23691695152608355	0.02107113894799955	0.015803354210999664	0.015803354210999664	0.0052677847369998875	0	0	0	0	0	0	0	0.010535569473999775	0	0.0052677847369998875	0.0052677847369998875	0.0052677847369998875	0.02107113894799955	0.02633892368499944	0.02107113894799955	0.03160670842199933	0.05794563210699876	0.05267784736999888
0.07111509394949848	0.155332968922041	0.24745252100008333	0.14743129181654116	0	0	0	0	0	0	0	0	0	0	0.11582458339454185	0	0.007901677105499832	0	0.007901677105499832	0.10792290628904201	0	0	0	0	0	0	0.015803354210999664	0.055311739738498816	0.023705031316499495	0.007901677105499832	0.007901677105499832	0.007901677105499832	0.03160670842199933	0.07901677105499831	0.07901677105499831	0.055311739738498816
0.155332968922041	0.155332968922041	0.20004245836708434	0	0	0	0	0	0	0	0	0	0	0	0.5317128543397102	0.023705031316499495	0.007901677105499832	0	0.039508385527499155	0	0	0	0	0	0	0	0.023705031316499495	0.03160670842199933	0.03160670842199933	0.007901677105499832	0.03160670842199933	0	0.015803354210999664	0.03160670842199933	0.055311739738498816	0.17113632313304067
0.015803354210999664	0.155332968922041	0.007901677105499832	0	0	0	0	0	0	0	0	0	0	0	0.24745252100008333	0.007901677105499832	0	0	0	0	0	0	0	0	0	0.04741006263299899	0	0	0.07111509394949848	0.17113632313304067	0.14743129181654116	0	0.039508385527499155	0.06321341684399866	0.007901677105499832	0.07111509394949848
0.06321341684399866	0.055311739738498816	0.015803354210999664	0	0	0	0	0	0	0	0	0	0	0	0.06321341684399866	0.13162793760554148	0	0.04741006263299899	0	0	0	0	0	0	0	0	0	0	0	0	0.04741006263299899	0.04741006263299899	0.015803354210999664	0.055311739738498816	0.06321341684399866	0.06321341684399866
0.039508385527499155	0.06321341684399866	0	0	0	0	0	0	0	0	0	0	0	0	0	0.22374748968358385	0.007901677105499832	0.007901677105499832	0	0	0	0	0	0	0	0.13162793760554148	0	0	0	0.20794413547258417	0.015803354210999664	0.155332968922041	0.055311739738498816	0.015803354210999664	0.07901677105499831	0.039508385527499155
0.07111509394949848	0.07901677105499831	0	0	0	0	0	0	0	0	0	0	0	0	0	0.4237899480506682	0	0	0	0	0	0	0	0	0	0.015803354210999664	0	0.21584581257808402	0	0.039508385527499155	0.007901677105499832	0.04741006263299899	0.039508385527499155	0	0.04741006263299899	0.06321341684399866
0.07111509394949848	0.055311739738498816	0	0	0	0	0	0	0	0	0	0	0	0	0	0.323768718867126	0	0	0	0	0	0	0	0	0	0.023705031316499495	0	0.015803354210999664	0	0	0.10792290628904201	0	0	0.5001061459177109	0.03160670842199933	0.015803354210999664
0.055311739738498816	0	0	0	0	0	0	0	0	0	0	0	0	0	0	0.40798659383966857	0	0	0	0	0	0	0	0	0	0	0.015803354210999664	0.10792290628904201	0	0	0.015803354210999664	0	0	0.708050281390295	0	0.03160670842199933
0.04741006263299899	0	0	0	0	0	0	0	0	0	0	0	0	0	0	0	0.26325587521108296	0	0	0	0	0	0	0	0	0	0.015803354210999664	0	0	0	0.015803354210999664	0	0	0.4000849167341687	0	0
0.2316491667890837	0	0	0	0	0	0	0	0	0	0	0	0	0	0	0	0	0.21584581257808402	0	0	0	0	0	0	0	0	0.015803354210999664	0	0.015803354210999664	0	0.21584581257808402	0	0	0	0	0
0.31586704176162617	0	0	0	0	0	0	0	0	0	0	0	0	0	0	0	0	0	0.007901677105499832	0	0	0	0	0	0	0	0	0	0	0.3000636875506265	0.30796536465612634	0	0	0	0	0
0	0	0	0	0	0	0	0	0	0	0	0	0	0	0	0	0	0	0.055311739738498816	0	0	0	0	0	0	0	0	0	0	0.600127375101253	0.4000849167341687	0	0	0	0	0
0.15803354210999665	0	0	0	0	0	0	0	0	0	0	0	0	0	0	0	0	0	0.23705031316499495	0	0	0	0	0	0	0	0	0	0.07901677105499832	3.000636875506265	0	0	0	0	0	0
0	0.3160670842199933	0	0	0	0	0	0	0	0	0	0	0	0	0	0	0	0	0.15803354210999665	0	0	0	0	0	0	0	0	0	0	2.0004245836708434	0	0	0	0	0	0
0.15803354210999665	0.3160670842199933	0	0	0	0	0	0	0	0	0	0	0	0	0	0	0	0	0.15803354210999665	0	0	0	0	0	0	0	0	0	0	2.0004245836708434	0	0	0	0	0	0
0	0.07901677105499832	0	0	0	0	0	0	0	0	0	0	0	0	0	0	0	0	0.15803354210999665	0	0	0.15803354210999665	0	0	0	0	0	0	0.07901677105499832	1.0002122918354217	0	0	0	0	0	0
0	3.000636875506265	0	0	0	0	0	0	0	0	0	0	0	0	0	0	0	0	0.3160670842199933	0	0	1.2372626050004167	0	0	0	0	0	0.07901677105499832	0.15803354210999665	0	0	0	0	0	0	0
0	0	0	0	0	0	0	0	0	0	0	0	0	0	0	0	0	0	0.03160670842199933	0	0	0	0	0	0	0	0	0	0	0	0	0	0	0	0	0
0	0	0	0	0	0	0	0	0	0	0	0	0	0	0	0	0	0	0.04741006263299899	0.03160670842199933	0.015803354210999664	0.015803354210999664	0	0	0	0	0	0	0.03160670842199933	0	0	0	0	0	0	0
0	0	0	0.2316491667890837	0	0	0	0	0	0	0	0	0	0	0	0	0	0	0	0.04741006263299899	0.21584581257808402	0	0	0	0	0	0	0	0.015803354210999664	0	0	0	0	0	0	0
0	0	0.007901677105499832	0.007901677105499832	0.12372626050004167	0	0	0	0	0	0	0	0	0	0	0	0	0	0	0.04741006263299899	0.10792290628904201	0.10792290628904201	0	0	0	0	0	0	0	0	0	0	0	0	0	0
0	0	0	0.007901677105499832	0.015803354210999664	0	0	0	0	0	0	0	0	0	0	0	0	0	0	0.039508385527499155	0.30796536465612634	0	0	0	0	0	0	0	0.007901677105499832	0	0	0	0	0	0	0
0	0	0	0	0.10002122918354217	0	0	0	0	0	0	0	0	0	0	0	0	0	0	0.13162793760554148	0.600127375101253	0	0	0	0	0	0	0	0.4000849167341687	0	0	0	0	0	0	0
0	0	0	0.007901677105499832	0.11582458339454185	0	0	0	0	0	0	0	0	0	0	0	0	0	0	0.015803354210999664	0.20794413547258417	0	0	0	0	0	0	0	0.3000636875506265	0	0	0	0	0	0	0
0	0	0	0	0.10792290628904201	0	0	0	0	0	0	0	0	0	0	0	0	0	0	0.015803354210999664	0	0	0	0	0	0	0	0	0	0	0	0	0	0	0	0
0	0	0	0	0	0	0	0	0	0	0	0	0	0	0	0	0	0	0	0.015803354210999664	0	0	0	0	0	0	0	0	0	0	0	0	0	0	0	0
0	0	0	0	0	0	0	0	0	0	0	0	0	0	0	0	0	0	0	0.007901677105499832	0	0	0	0	0	0	0	0	0	0	0	0	0	0	0	0
0	0	0	0	0	0	0	0	0	0	0	0	0	0	0	0	0	0	0	0.10792290628904201	0	0	0	0	0	0	0	0	0	0	0	0	0	0	0	0
0	0	0	0	0	0	0	0	0	0	0	0	0	0	0	0	0	0	0	0	0	0	0	0	0	0	0	0	0	0	0	0	0	0	0	0
0	0	0	0	0	0	0	0	0	0	0	0	0	0	0	0	0	0	0	0	0	0	0	0	0	0	0	0	0	0	0	0	0	0	0	0
0	0	0	0	0	0	0	0	0	0	0	0	0	0	0	0	0	0	0	0	0	0	0	0	0	0	0	0	0	0	0	0	0	0	0	0
0	0	0	0	0	0	0	0	0	0	0.0600127375101253	0.1800382125303759	0.08001698334683374	0	0	0	0	0	0	0	0	0	0	0	0	0	0	0	0	0	0	0	0	0	0	0
