  -2.9530581e-02
  -2.6684288e-02
  -2.3619050e-02
  -2.1410361e-02
  -2.0133836e-02
  -1.9557163e-02
  -1.9442970e-02
  -1.9456655e-02
  -1.9374104e-02
  -1.8972745e-02
  -1.8273965e-02
  -1.7052844e-02
  -1.5064219e-02
  -1.2553939e-02
  -1.0045869e-02
  -8.3512049e-03
  -6.6062598e-03
  -3.9465651e-03
  -1.4829330e-03
   5.8738072e-04
   2.8610859e-03
   5.1182698e-03
   5.8690886e-03
   5.7872761e-03
   5.0357254e-03
   2.5101566e-03
  -2.5824371e-04
  -5.5813892e-03
  -1.6246213e-02
  -2.4956403e-02
  -2.7964702e-02
  -3.0081991e-02
  -3.2242931e-02
  -3.3685803e-02
  -3.3609182e-02
  -3.2052152e-02
  -5.2870240e-02
  -5.1034056e-02
  -4.7953308e-02
  -4.4416171e-02
  -4.1309733e-02
  -3.9489470e-02
  -3.8396884e-02
  -3.7226889e-02
  -3.5959750e-02
  -3.4759130e-02
  -3.3007339e-02
  -3.0222753e-02
  -2.8440811e-02
  -2.4393449e-02
  -1.4259287e-02
  -4.8581488e-03
  -7.3110140e-04
   9.7242323e-04
   2.1505619e-04
   0.0000000e+00
   0.0000000e+00
   0.0000000e+00
   0.0000000e+00
   0.0000000e+00
   0.0000000e+00
   0.0000000e+00
  -8.5397967e-03
  -1.7156730e-02
  -4.7241475e-02
  -6.8677150e-02
  -6.6544637e-02
  -5.9186742e-02
  -5.5911966e-02
  -5.5480890e-02
  -5.4450329e-02
  -5.3562600e-02
  -1.0156756e-02
  -1.0481952e-02
  -1.0727343e-02
  -1.0598957e-02
  -8.7318793e-03
  -7.0533785e-03
  -6.6971085e-03
  -8.4188674e-03
  -9.2758210e-03
  -8.6388392e-03
  -8.1103388e-03
  -4.9882331e-03
  -1.8745582e-03
   8.3679729e-04
   7.1646767e-03
   1.6032881e-02
   0.0000000e+00
   0.0000000e+00
   0.0000000e+00
   0.0000000e+00
   0.0000000e+00
   0.0000000e+00
   0.0000000e+00
   0.0000000e+00
   0.0000000e+00
   0.0000000e+00
   0.0000000e+00
   0.0000000e+00
   8.0645140e-03
  -9.4557628e-03
  -9.1645205e-03
  -3.2003494e-03
  -1.5258534e-03
  -1.2394094e-03
  -4.1956902e-03
  -7.8259381e-03
   4.7713708e-02
   4.2554397e-02
   3.8280234e-02
   3.5692692e-02
   3.4545287e-02
   3.3974864e-02
   3.4934986e-02
   3.3929903e-02
   3.3991206e-02
   3.4103297e-02
   3.3185631e-02
   3.1081108e-02
   3.3431590e-02
   3.6080889e-02
   3.1115378e-02
   0.0000000e+00
   0.0000000e+00
   0.0000000e+00
   0.0000000e+00
   0.0000000e+00
   0.0000000e+00
   0.0000000e+00
   0.0000000e+00
   0.0000000e+00
   0.0000000e+00
   0.0000000e+00
   0.0000000e+00
   0.0000000e+00
   7.7900611e-02
   6.8742380e-02
   7.5851008e-02
   7.6493733e-02
   7.3181666e-02
   7.2293408e-02
   6.2603272e-02
   5.4505609e-02
   9.4447583e-02
   8.5702479e-02
   7.8848422e-02
   7.5457014e-02
   7.3566936e-02
   7.0871919e-02
   7.1569413e-02
   7.1205929e-02
   7.2843052e-02
   7.1857609e-02
   7.1907476e-02
   6.9073386e-02
   6.3591614e-02
   5.9957337e-02
   4.4023550e-02
   0.0000000e+00
   0.0000000e+00
   0.0000000e+00
   0.0000000e+00
   0.0000000e+00
   0.0000000e+00
   0.0000000e+00
   0.0000000e+00
   0.0000000e+00
   0.0000000e+00
   0.0000000e+00
   0.0000000e+00
   0.0000000e+00
   1.2351827e-01
   1.3049413e-01
   1.4629249e-01
   1.4327531e-01
   1.3544807e-01
   1.3170901e-01
   1.1844149e-01
   1.0648096e-01
   1.2021945e-01
   1.1216621e-01
   1.0462550e-01
   1.0141417e-01
   9.9379338e-02
   9.6576564e-02
   9.5333725e-02
   9.2540249e-02
   9.2111252e-02
   8.8316217e-02
   8.9158319e-02
   8.8102616e-02
   7.6004907e-02
   6.2823854e-02
   5.0730527e-02
   0.0000000e+00
   0.0000000e+00
   0.0000000e+00
   0.0000000e+00
   0.0000000e+00
   0.0000000e+00
   0.0000000e+00
   0.0000000e+00
   0.0000000e+00
   0.0000000e+00
   0.0000000e+00
   0.0000000e+00
   0.0000000e+00
   1.4728230e-01
   1.5523848e-01
   1.6279764e-01
   1.6362026e-01
   1.5979637e-01
   1.5494649e-01
   1.4531411e-01
   1.3288695e-01
   1.0837609e-01
   1.0307068e-01
   9.6118271e-02
   9.3736701e-02
   9.1528259e-02
   9.0578169e-02
   8.7891035e-02
   8.3530672e-02
   8.0635294e-02
   7.5391933e-02
   7.7629492e-02
   7.2712936e-02
   5.7336517e-02
   4.3078884e-02
   3.7649654e-02
   0.0000000e+00
   0.0000000e+00
   0.0000000e+00
   0.0000000e+00
   0.0000000e+00
   0.0000000e+00
   0.0000000e+00
   0.0000000e+00
   0.0000000e+00
   0.0000000e+00
   0.0000000e+00
   0.0000000e+00
   0.0000000e+00
   1.4031465e-01
   1.3373701e-01
   1.2522009e-01
   1.2853658e-01
   1.3122873e-01
   1.2752651e-01
   1.2436723e-01
   1.1691134e-01
   6.2644556e-02
   5.9477009e-02
   5.4433100e-02
   5.3567186e-02
   5.2009795e-02
   5.2195996e-02
   5.0547846e-02
   4.6893638e-02
   4.5569059e-02
   4.2566869e-02
   4.5856766e-02
   3.6937859e-02
   1.8606979e-02
   1.3077219e-02
   1.2158346e-02
   0.0000000e+00
   0.0000000e+00
   0.0000000e+00
   0.0000000e+00
   0.0000000e+00
   0.0000000e+00
   0.0000000e+00
   0.0000000e+00
   0.0000000e+00
   0.0000000e+00
   0.0000000e+00
   4.7681091e-02
   7.4865207e-02
   8.7201491e-02
   7.2955184e-02
   6.4209193e-02
   6.6055082e-02
   7.0088297e-02
   6.8913408e-02
   6.9686547e-02
   6.7842156e-02
   5.1816553e-03
   3.4662772e-03
   1.1272894e-03
   1.5291797e-03
   1.8297089e-03
   2.2911280e-03
   3.3689959e-03
   1.6793364e-03
   3.4510710e-03
   4.6016490e-03
   7.5410954e-03
   4.6069099e-04
  -1.8566357e-02
  -1.4413982e-02
  -9.6746180e-03
   0.0000000e+00
   0.0000000e+00
   0.0000000e+00
   0.0000000e+00
   0.0000000e+00
   0.0000000e+00
   0.0000000e+00
   0.0000000e+00
  -0.0000000e+00
  -0.0000000e+00
   7.9847734e-05
   8.1207501e-03
   1.7306145e-02
   1.9270947e-02
   8.5035758e-03
   4.1893763e-03
   2.9313522e-03
   4.1021840e-03
   5.5551664e-03
   7.4204588e-03
   8.5949190e-03
  -4.2969652e-02
  -4.3884624e-02
  -4.3536630e-02
  -4.3037996e-02
  -4.0269524e-02
  -3.9232090e-02
  -3.5696320e-02
  -3.5059769e-02
  -3.2905541e-02
  -2.8589349e-02
  -2.7249800e-02
  -2.7006321e-02
  -4.0383559e-02
  -3.2393176e-02
  -2.4459040e-02
   0.0000000e+00
   0.0000000e+00
   0.0000000e+00
   0.0000000e+00
   0.0000000e+00
   0.0000000e+00
   0.0000000e+00
  -0.0000000e+00
  -3.7762666e-02
  -4.1138530e-02
  -3.5925440e-02
  -3.1805418e-02
  -3.4312747e-02
  -3.6470603e-02
  -3.7585564e-02
  -3.9732181e-02
  -4.4012684e-02
  -4.7323253e-02
  -4.4939239e-02
  -4.3590624e-02
  -4.1942138e-02
  -6.7088157e-02
  -6.7259960e-02
  -6.4543888e-02
  -6.4331509e-02
  -6.0381606e-02
  -5.6799963e-02
  -5.3668674e-02
  -4.9953301e-02
  -5.2232191e-02
  -5.1109392e-02
  -5.5088975e-02
  -4.7017884e-02
  -3.8994748e-02
  -3.4223332e-02
  -0.0000000e+00
   0.0000000e+00
   0.0000000e+00
   0.0000000e+00
   0.0000000e+00
   0.0000000e+00
   0.0000000e+00
   0.0000000e+00
  -0.0000000e+00
  -6.7741305e-02
  -6.5818541e-02
  -6.4305320e-02
  -5.7670910e-02
  -6.2768966e-02
  -6.7679502e-02
  -6.0339082e-02
  -6.5237425e-02
  -7.0076421e-02
  -7.5301200e-02
  -7.4301437e-02
  -7.2763734e-02
  -7.1398243e-02
  -6.0044307e-02
  -5.9162240e-02
  -5.6313451e-02
  -5.5276468e-02
  -5.3112302e-02
  -4.6228737e-02
  -4.4854999e-02
  -4.1635655e-02
  -4.8507132e-02
  -5.5271726e-02
  -6.0976561e-02
  -5.3013846e-02
  -2.9742477e-02
  -2.5343630e-02
   0.0000000e+00
   0.0000000e+00
   0.0000000e+00
   0.0000000e+00
   0.0000000e+00
   0.0000000e+00
   0.0000000e+00
   0.0000000e+00
  -5.2469153e-02
  -7.0213370e-02
  -6.7650676e-02
  -7.2743267e-02
  -6.7797318e-02
  -6.1632317e-02
  -6.5501690e-02
  -6.1011132e-02
  -6.7120560e-02
  -7.1265317e-02
  -7.5438365e-02
  -7.6368235e-02
  -7.1311101e-02
  -6.7913450e-02
  -4.5818444e-02
  -4.4505250e-02
  -4.2346198e-02
  -4.1038822e-02
  -3.9931443e-02
  -3.3283930e-02
  -3.2551758e-02
  -3.0981204e-02
  -4.0414374e-02
  -5.1872578e-02
  -5.8174502e-02
  -4.9893908e-02
  -2.2656379e-02
  -1.8637428e-02
   0.0000000e+00
   0.0000000e+00
   0.0000000e+00
   0.0000000e+00
   0.0000000e+00
   0.0000000e+00
   0.0000000e+00
  -0.0000000e+00
  -4.7761600e-02
  -5.9673239e-02
  -6.0021225e-02
  -6.5251552e-02
  -6.0981300e-02
  -4.9225543e-02
  -5.0764780e-02
  -5.0093766e-02
  -5.5831321e-02
  -5.9593525e-02
  -6.4017922e-02
  -6.5148853e-02
  -5.8002595e-02
  -5.3687271e-02
  -2.9300207e-02
  -2.8231341e-02
  -2.6946474e-02
  -2.5850397e-02
  -2.5510374e-02
  -2.0748310e-02
  -2.0532427e-02
  -2.0587672e-02
  -3.1173328e-02
  -4.4526294e-02
  -5.1249452e-02
  -4.2140413e-02
  -1.5065941e-02
  -8.3107948e-03
   0.0000000e+00
   0.0000000e+00
   0.0000000e+00
   0.0000000e+00
   0.0000000e+00
   0.0000000e+00
   0.0000000e+00
  -0.0000000e+00
  -3.8756732e-02
  -4.3652698e-02
  -4.6349339e-02
  -4.9739681e-02
  -4.6271149e-02
  -3.2971431e-02
  -3.2606751e-02
  -3.5144974e-02
  -3.9875817e-02
  -4.2901013e-02
  -4.7198962e-02
  -4.7479536e-02
  -3.9491683e-02
  -3.5358895e-02
  -1.5429206e-02
  -1.6103497e-02
  -1.5214909e-02
  -1.5724974e-02
  -1.5733823e-02
  -1.4508027e-02
  -1.5114819e-02
  -1.5343202e-02
  -2.3921164e-02
  -3.2540925e-02
  -4.0611167e-02
  -2.8385758e-02
  -3.8105771e-03
  -0.0000000e+00
   0.0000000e+00
   0.0000000e+00
   0.0000000e+00
   0.0000000e+00
   0.0000000e+00
   0.0000000e+00
   0.0000000e+00
  -0.0000000e+00
  -2.9657969e-02
  -2.5886606e-02
  -2.5101718e-02
  -2.5127981e-02
  -2.3151284e-02
  -1.7577238e-02
  -1.8290056e-02
  -2.0790132e-02
  -2.4091231e-02
  -2.4659438e-02
  -2.5880875e-02
  -2.3505483e-02
  -1.8273380e-02
  -1.7248878e-02
  -1.9858783e-02
  -2.1450942e-02
  -2.1041246e-02
  -2.3265798e-02
  -2.2612026e-02
  -2.2241049e-02
  -2.2950850e-02
  -2.2855079e-02
  -2.8037926e-02
  -2.7362309e-02
  -3.2778732e-02
  -1.5966330e-02
   9.7921368e-03
   0.0000000e+00
   0.0000000e+00
   0.0000000e+00
   0.0000000e+00
   0.0000000e+00
   0.0000000e+00
   0.0000000e+00
   0.0000000e+00
  -0.0000000e+00
  -3.1755526e-02
  -2.5907086e-02
  -1.8839926e-02
  -1.6731923e-02
  -1.6087599e-02
  -1.4956241e-02
  -1.8383939e-02
  -2.0764628e-02
  -2.2130266e-02
  -2.1505715e-02
  -2.2001112e-02
  -2.0505175e-02
  -1.9218307e-02
  -1.9849932e-02
  -2.4431415e-02
  -2.5633220e-02
  -2.5789833e-02
  -2.8611103e-02
  -2.7830195e-02
  -2.8077293e-02
  -2.8020659e-02
  -2.7793594e-02
  -2.9536357e-02
  -2.4112629e-02
  -2.4844645e-02
  -4.6795481e-03
   2.0545201e-02
   0.0000000e+00
   0.0000000e+00
   0.0000000e+00
   0.0000000e+00
   0.0000000e+00
   0.0000000e+00
   0.0000000e+00
   0.0000000e+00
  -0.0000000e+00
  -3.4095395e-02
  -2.7049107e-02
  -1.7742144e-02
  -1.4304546e-02
  -1.3522236e-02
  -1.3376636e-02
  -1.7483642e-02
  -2.2087440e-02
  -2.1875180e-02
  -1.9801408e-02
  -2.1020260e-02
  -2.1452526e-02
  -2.2548147e-02
  -2.3598664e-02
  -2.6238520e-02
  -2.6314896e-02
  -2.6858827e-02
  -2.9575197e-02
  -2.8645437e-02
  -2.9397622e-02
  -2.8038999e-02
  -2.7788633e-02
  -2.6659656e-02
  -1.9071732e-02
  -1.4963862e-02
   6.8945773e-03
   3.0428803e-02
   0.0000000e+00
   0.0000000e+00
   0.0000000e+00
   0.0000000e+00
   0.0000000e+00
   0.0000000e+00
   0.0000000e+00
   0.0000000e+00
  -0.0000000e+00
  -3.5028834e-02
  -2.6757414e-02
  -1.7262006e-02
  -1.3056787e-02
  -1.1389326e-02
  -1.0958494e-02
  -1.4466018e-02
  -2.2096461e-02
  -2.1460474e-02
  -1.8090535e-02
  -2.0564239e-02
  -2.2944648e-02
  -2.4990978e-02
  -2.5310002e-02
  -2.8739346e-02
  -2.6154466e-02
  -2.6983960e-02
  -2.8269712e-02
  -2.8798638e-02
  -3.1800885e-02
  -2.9202899e-02
  -2.9943947e-02
  -2.4040317e-02
  -1.7995603e-02
  -8.2284156e-03
   1.7130895e-02
   2.6764087e-02
   0.0000000e+00
   0.0000000e+00
   0.0000000e+00
   0.0000000e+00
   0.0000000e+00
   0.0000000e+00
   0.0000000e+00
   0.0000000e+00
  -0.0000000e+00
  -3.6259603e-02
  -2.7484190e-02
  -2.2316856e-02
  -1.3921313e-02
  -1.2848894e-02
  -1.1658251e-02
  -1.1410805e-02
  -2.0660751e-02
  -2.0266807e-02
  -1.9194538e-02
  -2.1916375e-02
  -2.4998870e-02
  -2.8375197e-02
  -2.7954321e-02
  -3.2484438e-02
  -2.7614908e-02
  -2.7233439e-02
  -2.6898611e-02
  -2.9582115e-02
  -3.4801714e-02
  -3.5073075e-02
  -3.8168736e-02
  -2.9270831e-02
  -2.2276182e-02
  -6.9421506e-03
   1.8083761e-02
   1.8902241e-02
   0.0000000e+00
   0.0000000e+00
   0.0000000e+00
   0.0000000e+00
   0.0000000e+00
   0.0000000e+00
   0.0000000e+00
  -0.0000000e+00
  -4.2244520e-02
  -3.6638074e-02
  -2.7578879e-02
  -2.2614021e-02
  -1.1816555e-02
  -1.2761799e-02
  -1.3139768e-02
  -1.2954560e-02
  -0.0000000e+00
  -0.0000000e+00
  -2.0530204e-02
  -2.5360329e-02
  -2.8312067e-02
  -3.2256369e-02
  -3.1752490e-02
  -3.3742689e-02
  -2.6904671e-02
  -2.5241110e-02
  -2.3120677e-02
  -2.6844021e-02
  -3.3605143e-02
  -3.6463477e-02
  -4.1763060e-02
  -3.1493284e-02
  -2.3824669e-02
  -5.2672923e-03
   1.6624816e-02
   1.0531789e-02
   0.0000000e+00
   0.0000000e+00
   0.0000000e+00
   0.0000000e+00
   0.0000000e+00
   0.0000000e+00
   0.0000000e+00
  -0.0000000e+00
  -4.7416173e-02
  -3.7078749e-02
  -2.6595233e-02
  -1.9946726e-02
  -7.2037592e-03
  -1.0666713e-02
  -1.4236209e-02
  -1.4009473e-02
   0.0000000e+00
   0.0000000e+00
  -0.0000000e+00
  -2.7617196e-02
  -3.0266881e-02
  -3.4038626e-02
  -3.3265144e-02
  -3.5193298e-02
  -2.7416637e-02
  -2.4479030e-02
  -2.0798972e-02
  -2.3802105e-02
  -3.1677201e-02
  -3.7316430e-02
  -4.4736098e-02
  -3.5889000e-02
  -2.5603289e-02
  -5.5746171e-03
   1.0885889e-02
   5.4306475e-04
   0.0000000e+00
   0.0000000e+00
   0.0000000e+00
   0.0000000e+00
   0.0000000e+00
   0.0000000e+00
   0.0000000e+00
  -0.0000000e+00
  -5.4789241e-02
  -3.9808832e-02
  -2.5543544e-02
  -1.3362618e-02
   1.8526419e-04
  -5.8820422e-03
  -1.6143992e-02
  -0.0000000e+00
   0.0000000e+00
  -0.0000000e+00
  -0.0000000e+00
  -3.0097511e-02
  -3.2864381e-02
  -3.5749115e-02
  -3.4907430e-02
  -5.0608907e-02
  -4.4726931e-02
  -4.2031620e-02
  -3.6766656e-02
  -3.5943195e-02
  -4.2755999e-02
  -4.9429491e-02
  -5.5166159e-02
  -4.9681865e-02
  -3.5310984e-02
  -1.1211833e-02
   1.5865937e-04
   0.0000000e+00
   0.0000000e+00
   0.0000000e+00
   0.0000000e+00
   0.0000000e+00
   0.0000000e+00
   0.0000000e+00
   0.0000000e+00
  -0.0000000e+00
  -6.8233326e-02
  -5.2579753e-02
  -3.2895971e-02
  -1.7311046e-02
  -9.5119878e-03
   0.0000000e+00
   0.0000000e+00
   0.0000000e+00
   0.0000000e+00
  -0.0000000e+00
  -3.3004771e-02
  -4.3738998e-02
  -4.9766187e-02
  -5.0760482e-02
  -4.9918190e-02
  -6.3559048e-02
  -5.9998374e-02
  -5.7659384e-02
  -5.1551253e-02
  -4.9376678e-02
  -5.3853460e-02
  -5.9967052e-02
  -6.2723882e-02
  -5.8821168e-02
  -4.4263131e-02
  -1.5351797e-02
  -8.3707752e-03
   0.0000000e+00
   0.0000000e+00
   0.0000000e+00
   0.0000000e+00
   0.0000000e+00
   0.0000000e+00
   0.0000000e+00
   0.0000000e+00
  -0.0000000e+00
  -7.7856198e-02
  -6.1743505e-02
  -4.0908907e-02
  -2.5279105e-02
  -0.0000000e+00
   0.0000000e+00
   0.0000000e+00
   0.0000000e+00
   0.0000000e+00
  -0.0000000e+00
  -5.5927482e-02
  -5.9090551e-02
  -6.3598245e-02
  -6.3095711e-02
  -6.2192373e-02
  -7.1265243e-02
  -6.9761224e-02
  -6.8001702e-02
  -6.1846703e-02
  -5.9884995e-02
  -6.1722837e-02
  -6.6122457e-02
  -6.6220500e-02
  -6.2771164e-02
  -5.0085341e-02
  -2.0538878e-02
  -1.5633732e-02
   0.0000000e+00
   0.0000000e+00
   0.0000000e+00
   0.0000000e+00
   0.0000000e+00
   0.0000000e+00
  -0.0000000e+00
  -0.0000000e+00
  -7.1207259e-02
  -8.3326668e-02
  -6.6636249e-02
  -4.6095472e-02
  -3.8576484e-02
   0.0000000e+00
   0.0000000e+00
   0.0000000e+00
   0.0000000e+00
  -0.0000000e+00
  -0.0000000e+00
  -7.3149450e-02
  -7.0239581e-02
  -7.1838766e-02
  -7.0202991e-02
  -6.9278404e-02
  -6.5925539e-02
  -6.6016503e-02
  -6.5667652e-02
  -6.1515152e-02
  -6.2202323e-02
  -6.1560173e-02
  -6.1926182e-02
  -6.0643051e-02
  -5.5567842e-02
  -4.8465509e-02
  -2.8433146e-02
  -2.1633300e-02
   0.0000000e+00
   0.0000000e+00
   0.0000000e+00
   0.0000000e+00
   0.0000000e+00
  -0.0000000e+00
  -4.6900987e-02
  -5.5413727e-02
  -6.8433965e-02
  -7.9353213e-02
  -6.1831716e-02
  -4.5261598e-02
  -0.0000000e+00
   0.0000000e+00
   0.0000000e+00
   0.0000000e+00
   0.0000000e+00
  -0.0000000e+00
  -0.0000000e+00
  -6.9303624e-02
  -6.7557037e-02
  -6.6739321e-02
  -6.3996263e-02
  -6.3562781e-02
  -3.0622864e-02
  -2.9819898e-02
  -3.0533087e-02
  -3.1029895e-02
  -3.2789364e-02
  -3.1339142e-02
  -2.8050220e-02
  -2.7509809e-02
  -2.4038134e-02
  -2.5514157e-02
  -2.6405593e-02
  -2.0469506e-02
   0.0000000e+00
   0.0000000e+00
   0.0000000e+00
   0.0000000e+00
  -0.0000000e+00
  -3.2317523e-02
  -3.4032334e-02
  -3.9913103e-02
  -4.6375971e-02
  -5.1062744e-02
  -4.1998185e-02
  -3.1450598e-02
   0.0000000e+00
   0.0000000e+00
   0.0000000e+00
   0.0000000e+00
   0.0000000e+00
   0.0000000e+00
  -0.0000000e+00
  -2.9736456e-02
  -3.0675026e-02
  -3.1532537e-02
  -3.0275928e-02
  -2.9614504e-02
   2.5119152e-02
   2.7028996e-02
   2.6762856e-02
   2.1693967e-02
   1.8357567e-02
   1.5732083e-02
   1.7073654e-02
   1.6992820e-02
   1.5627148e-02
   8.3673550e-03
  -7.2793357e-03
  -6.2095241e-03
   0.0000000e+00
   0.0000000e+00
   0.0000000e+00
   0.0000000e+00
  -0.0000000e+00
  -7.3183784e-03
  -8.7992049e-03
  -9.2025157e-03
  -1.2141129e-02
  -1.4627470e-02
  -1.8729928e-02
   0.0000000e+00
   0.0000000e+00
   0.0000000e+00
   0.0000000e+00
   0.0000000e+00
   0.0000000e+00
   0.0000000e+00
   0.0000000e+00
   2.1900000e-02
   2.5286032e-02
   2.4950147e-02
   2.2284549e-02
   2.3039557e-02
   9.1354325e-02
   9.3468331e-02
   9.2002317e-02
   8.3421834e-02
   7.7228114e-02
   6.7549534e-02
   6.4939149e-02
   6.2326036e-02
   5.6613162e-02
   4.6710769e-02
   3.4808874e-02
   2.1025666e-02
   0.0000000e+00
   0.0000000e+00
   0.0000000e+00
   0.0000000e+00
   0.0000000e+00
   0.0000000e+00
   0.0000000e+00
   0.0000000e+00
   2.5331559e-02
   2.0538504e-02
  -5.2565009e-03
   0.0000000e+00
   0.0000000e+00
   0.0000000e+00
   0.0000000e+00
   0.0000000e+00
   0.0000000e+00
   0.0000000e+00
   0.0000000e+00
   0.0000000e+00
   8.0480888e-02
   8.9170605e-02
   8.5240684e-02
   8.8159509e-02
   1.4875643e-01
   1.4990892e-01
   1.4509721e-01
   1.3416611e-01
   1.2438502e-01
   1.0941252e-01
   1.0269699e-01
   9.5566183e-02
   8.7490931e-02
   7.8528841e-02
   6.7263093e-02
   4.5791093e-02
   2.9246321e-02
   0.0000000e+00
   0.0000000e+00
   0.0000000e+00
   0.0000000e+00
   0.0000000e+00
   0.0000000e+00
   0.0000000e+00
   0.0000000e+00
   0.0000000e+00
   0.0000000e+00
   0.0000000e+00
   0.0000000e+00
   0.0000000e+00
   0.0000000e+00
   0.0000000e+00
   0.0000000e+00
   0.0000000e+00
   0.0000000e+00
   0.0000000e+00
   1.0926160e-01
   1.3137987e-01
   1.3781923e-01
   1.4689671e-01
   1.7274326e-01
   1.7183310e-01
   1.6233946e-01
   1.4971666e-01
   1.3793020e-01
   1.2424334e-01
   1.1450046e-01
   1.0367643e-01
   9.3942419e-02
   8.6377622e-02
   8.1965163e-02
   6.1464215e-02
   4.2550944e-02
   0.0000000e+00
   0.0000000e+00
   0.0000000e+00
   0.0000000e+00
   0.0000000e+00
   0.0000000e+00
   0.0000000e+00
   0.0000000e+00
   0.0000000e+00
   0.0000000e+00
   0.0000000e+00
   0.0000000e+00
   0.0000000e+00
   0.0000000e+00
   0.0000000e+00
   0.0000000e+00
   0.0000000e+00
   0.0000000e+00
   0.0000000e+00
   0.0000000e+00
   0.0000000e+00
   1.5003684e-01
   1.7061186e-01
   1.4917466e-01
   1.4546926e-01
   1.3398123e-01
   1.2284990e-01
   1.1208993e-01
   1.0285835e-01
   9.1630332e-02
   8.2109936e-02
   7.1909215e-02
   6.0909092e-02
   5.9728615e-02
   5.0859314e-02
   0.0000000e+00
   0.0000000e+00
   0.0000000e+00
   0.0000000e+00
   0.0000000e+00
   0.0000000e+00
   0.0000000e+00
   0.0000000e+00
   0.0000000e+00
   0.0000000e+00
   0.0000000e+00
   0.0000000e+00
   0.0000000e+00
   0.0000000e+00
   0.0000000e+00
   0.0000000e+00
   0.0000000e+00
   0.0000000e+00
   0.0000000e+00
   0.0000000e+00
   0.0000000e+00
   0.0000000e+00
   1.1920804e-01
   1.4633979e-01
   8.2774922e-02
   7.9442203e-02
   7.2983973e-02
   6.6953592e-02
   5.7674460e-02
   4.8005071e-02
   3.7577976e-02
   3.3335254e-02
   2.4984748e-02
   1.6435298e-02
   1.7816611e-02
   1.1352590e-02
   0.0000000e+00
   0.0000000e+00
   0.0000000e+00
   0.0000000e+00
   0.0000000e+00
   0.0000000e+00
   0.0000000e+00
   0.0000000e+00
   0.0000000e+00
   0.0000000e+00
   0.0000000e+00
   0.0000000e+00
   0.0000000e+00
   0.0000000e+00
   0.0000000e+00
   0.0000000e+00
   0.0000000e+00
   0.0000000e+00
   0.0000000e+00
   0.0000000e+00
   0.0000000e+00
   0.0000000e+00
   6.7633419e-02
   8.3049552e-02
  -1.4178914e-02
  -1.6726002e-02
  -1.6151929e-02
  -1.7632151e-02
  -2.4832396e-02
  -3.4764946e-02
  -3.9491221e-02
  -3.4414995e-02
  -2.6164197e-02
  -1.5740205e-02
  -1.0797888e-02
  -8.0154679e-03
   0.0000000e+00
   0.0000000e+00
   0.0000000e+00
   0.0000000e+00
   0.0000000e+00
   0.0000000e+00
   0.0000000e+00
   0.0000000e+00
   0.0000000e+00
   0.0000000e+00
   0.0000000e+00
   0.0000000e+00
   0.0000000e+00
   0.0000000e+00
   0.0000000e+00
   0.0000000e+00
   0.0000000e+00
   0.0000000e+00
   0.0000000e+00
   0.0000000e+00
   9.2301328e-03
   1.1145446e-02
   5.5571891e-03
  -5.2321679e-03
  -9.2902899e-02
  -9.6716270e-02
  -9.5482700e-02
  -9.4501525e-02
  -9.3463332e-02
  -8.7005053e-02
  -7.1417262e-02
  -5.1316892e-02
  -3.4497444e-02
  -2.2549972e-02
  -1.9258220e-02
  -1.5186922e-02
  -0.0000000e+00
  -0.0000000e+00
  -0.0000000e+00
   0.0000000e+00
   0.0000000e+00
   0.0000000e+00
  -0.0000000e+00
  -2.5764273e-03
  -3.2965568e-03
   0.0000000e+00
   0.0000000e+00
   0.0000000e+00
   0.0000000e+00
   0.0000000e+00
   0.0000000e+00
   0.0000000e+00
   0.0000000e+00
   0.0000000e+00
   0.0000000e+00
  -0.0000000e+00
  -5.6871777e-03
  -1.4525112e-02
  -3.4359984e-02
  -7.2428137e-02
  -0.0000000e+00
  -0.0000000e+00
  -0.0000000e+00
  -0.0000000e+00
  -0.0000000e+00
  -0.0000000e+00
  -0.0000000e+00
  -0.0000000e+00
  -1.0833483e-02
  -1.1159727e-02
  -1.0595554e-02
  -9.7916937e-03
  -8.3701623e-03
  -8.0245985e-03
  -6.4852694e-03
  -2.1995864e-03
  -2.3501122e-03
  -2.8193488e-03
  -4.4407846e-03
  -5.4617965e-03
  -4.6622502e-03
  -0.0000000e+00
   0.0000000e+00
   0.0000000e+00
   0.0000000e+00
   0.0000000e+00
   0.0000000e+00
   0.0000000e+00
   0.0000000e+00
   0.0000000e+00
   0.0000000e+00
   0.0000000e+00
   0.0000000e+00
  -0.0000000e+00
  -0.0000000e+00
  -0.0000000e+00
