  6.300366e-01
  5.827378e-01
  5.524631e-01
  5.227795e-01
  4.719753e-01
  4.145502e-01
  3.569005e-01
  3.102363e-01
  2.804388e-01
  2.629296e-01
  2.579750e-01
  2.570131e-01
  2.566310e-01
  2.563105e-01
  2.554711e-01
  2.547850e-01
  2.487869e-01
  2.401729e-01
  2.382167e-01
  2.448324e-01
  2.493542e-01
  2.505855e-01
  2.494235e-01
  2.503288e-01
  2.527737e-01
  2.583451e-01
  2.601348e-01
  2.742341e-01
  3.003518e-01
  3.393634e-01
  3.864493e-01
  4.314476e-01
  4.686509e-01
  5.091679e-01
  5.449918e-01
  5.890061e-01
