  -1.1195926e-01
  -2.8315320e-01
  -2.5449327e-01
  -9.8246895e-02
   1.4082570e-01
   3.6418653e-01
   4.9902049e-01
   5.5762678e-01
   5.3695303e-01
   4.6778029e-01
   3.6654888e-01
   2.7664989e-01
   2.3569694e-01
   2.5754562e-01
   3.4186769e-01
   3.9609158e-01
   2.8040811e-01
  -4.5974251e-02
  -3.9227119e-01
  -6.2912981e-01
  -6.5483493e-01
  -5.4078758e-01
  -3.0579998e-01
   3.5259385e-02
   3.9406750e-01
   8.1619998e-01
   1.3279591e+00
   1.8551221e+00
   2.3194849e+00
   2.5364137e+00
   2.5481305e+00
   2.4110820e+00
   2.0672460e+00
   1.5403386e+00
   8.4938921e-01
   2.4713646e-01
  -3.4826773e-01
  -3.3823586e-01
  -1.5875021e-01
   1.6240440e-01
   5.8154100e-01
   8.7540019e-01
   9.0958786e-01
   8.5044831e-01
   7.2717208e-01
   5.4872847e-01
   4.1015062e-01
   3.1717169e-01
   1.8094000e-01
  -7.5635493e-02
  -2.0967481e-01
  -1.7057031e-01
  -3.7992933e-01
  -8.4343553e-01
  -1.0353712e+00
  -7.0370996e-01
  -1.2780567e-01
   1.4604217e-01
   3.5488334e-01
   9.5213830e-01
   1.5117972e+00
   1.8204271e+00
   2.4642067e+00
   3.4025016e+00
   3.8288445e+00
   3.2994685e+00
   2.6226985e+00
   2.2111824e+00
   1.7247578e+00
   9.3493712e-01
   1.2051710e-01
  -2.6526001e-01
  -8.4323025e-01
  -9.0538406e-01
  -7.1025872e-01
  -3.9356670e-01
  -3.4051660e-02
   2.5645360e-01
   1.5992787e-01
   1.2470985e-01
   3.5812829e-02
  -3.3589387e-01
  -4.1727173e-01
  -2.7583212e-01
  -4.2671221e-01
  -9.1530663e-01
  -1.3253055e+00
  -1.3234679e+00
  -1.1086977e+00
  -1.0882453e+00
  -1.1101040e+00
  -7.1425813e-01
  -1.7597926e-01
   9.7591631e-02
   5.4483932e-01
   1.2462814e+00
   1.4728017e+00
   1.4624509e+00
   1.9885740e+00
   2.7152359e+00
   3.0142829e+00
   2.0615847e+00
   8.8299596e-01
   5.0646287e-01
   8.4906660e-02
  -4.7895679e-01
  -7.0584565e-01
  -7.9345465e-01
  -1.5948073e+00
  -1.5859635e+00
  -1.3074461e+00
  -1.0044266e+00
  -7.5512516e-01
  -4.7735155e-01
  -5.8795537e-01
  -5.9227651e-01
  -6.6365033e-01
  -1.0494491e+00
  -1.1341208e+00
  -9.9749279e-01
  -1.2665190e+00
  -1.8878893e+00
  -2.3761969e+00
  -2.2847085e+00
  -1.4011816e+00
  -1.1431768e+00
  -1.5131024e+00
  -1.1984042e+00
  -5.7952845e-01
   1.1310094e-01
   7.8036082e-01
   6.2615901e-01
   1.6567946e-01
   2.2206788e-01
   3.9937124e-01
   5.2699554e-01
   1.1956010e+00
   4.6365181e-01
  -8.9330159e-01
  -9.8912698e-01
  -1.3149064e+00
  -1.5581545e+00
  -1.3522334e+00
  -1.5383525e+00
  -1.9598495e+00
  -1.9068563e+00
  -1.6346813e+00
  -1.4010994e+00
  -1.1835501e+00
  -9.9829304e-01
  -1.1012760e+00
  -1.1340264e+00
  -1.3291843e+00
  -1.4772890e+00
  -1.5418049e+00
  -1.5835662e+00
  -1.8025601e+00
  -2.3988910e+00
  -2.6762724e+00
  -2.3329163e+00
  -1.4121733e+00
  -1.4654130e+00
  -2.0303516e+00
  -1.5749606e+00
  -6.5858787e-01
   3.9866903e-01
   3.7884942e-01
  -9.6310818e-01
  -1.2862140e+00
  -9.2049026e-01
  -1.1714494e+00
  -1.1502777e+00
  -2.3788890e-01
  -8.7289703e-01
  -2.0063634e+00
  -1.8728549e+00
  -2.1496940e+00
  -2.1857097e+00
  -1.8673189e+00
  -2.0129356e+00
  -1.7902164e+00
  -1.8007666e+00
  -1.6116240e+00
  -1.4959896e+00
  -1.2788810e+00
  -1.1981863e+00
  -1.2896667e+00
  -1.3604139e+00
  -1.6405063e+00
  -1.6719092e+00
  -1.7897017e+00
  -1.8115748e+00
  -1.7777942e+00
  -2.0842278e+00
  -1.9574318e+00
  -1.5479784e+00
  -1.1897607e+00
  -1.4293712e+00
  -1.7377719e+00
  -1.3948522e+00
  -4.4720995e-01
   4.5733777e-01
  -6.5745699e-01
  -2.2957292e+00
  -1.9432328e+00
  -1.5985537e+00
  -1.9444739e+00
  -1.5437428e+00
  -9.2782336e-01
  -1.6561425e+00
  -2.2776194e+00
  -2.1390853e+00
  -2.3385553e+00
  -2.1970339e+00
  -1.9025338e+00
  -1.8558435e+00
  -1.1763957e+00
  -1.2605376e+00
  -1.1862476e+00
  -1.1785984e+00
  -1.0212265e+00
  -9.9483180e-01
  -1.0176485e+00
  -1.1274400e+00
  -1.4076657e+00
  -1.5429627e+00
  -1.8360801e+00
  -1.5748298e+00
  -1.1573778e+00
  -1.0175030e+00
  -6.0176660e-01
  -4.7746298e-01
  -5.8413487e-01
  -7.3105618e-01
  -8.7989664e-01
  -7.5934866e-01
  -7.4275838e-02
   2.2548479e-01
  -1.3475724e+00
  -2.4045945e+00
  -1.7532275e+00
  -1.6197756e+00
  -1.6776068e+00
  -1.0794976e+00
  -9.0913261e-01
  -1.5754263e+00
  -1.8511677e+00
  -1.8245328e+00
  -1.8346865e+00
  -1.5191189e+00
  -1.2781502e+00
  -1.1615168e+00
  -2.2543725e-01
  -3.9294380e-01
  -4.1823470e-01
  -4.8016471e-01
  -4.0886337e-01
  -3.7237062e-01
  -3.4712696e-01
  -4.5375532e-01
  -8.4484880e-01
  -1.1333919e+00
  -1.5304136e+00
  -9.2648035e-01
  -1.7163597e-02
   2.7222693e-01
   7.3093383e-01
   6.6483080e-01
   2.8019679e-01
  -3.0108185e-02
  -3.2856712e-01
   4.0232595e-02
   4.2052391e-01
   1.0754402e-01
  -1.0982016e+00
  -1.6119977e+00
  -1.0374293e+00
  -9.4458926e-01
  -7.0527319e-01
  -2.6052362e-01
  -3.8914278e-01
  -7.5410591e-01
  -9.9818939e-01
  -1.0638207e+00
  -8.6218624e-01
  -4.6997195e-01
  -2.5771970e-01
  -1.8788184e-01
   8.7402880e-01
   5.8703804e-01
   5.0988871e-01
   4.0922233e-01
   4.2048237e-01
   5.1796943e-01
   4.8828045e-01
   4.1303980e-01
  -2.1703374e-01
  -6.3821214e-01
  -9.5134819e-01
   3.8379598e-02
   1.4254699e+00
   1.3368963e+00
   1.6974653e+00
   1.8068700e+00
   9.7135884e-01
   6.1059456e-02
  -2.6752570e-01
   7.8599513e-01
   9.0501231e-01
   3.0580229e-01
  -2.3325928e-01
  -5.5719024e-01
  -3.9197035e-02
   1.2988178e-01
   5.1194233e-01
   7.0738953e-01
   4.0013203e-01
   3.7370977e-01
  -3.4144819e-03
  -9.3211666e-02
   2.1176939e-01
   5.7541960e-01
   8.2910132e-01
   8.5284626e-01
   1.9138734e+00
   1.4891969e+00
   1.4077471e+00
   1.2874812e+00
   1.2731316e+00
   1.4527308e+00
   1.2739918e+00
   1.2039598e+00
   3.3285403e-01
  -2.1184331e-01
  -2.9019174e-01
   1.1899676e+00
   2.9120317e+00
   2.0480480e+00
   2.2679009e+00
   2.8079371e+00
   1.1779689e+00
  -5.2632356e-01
  -3.9752349e-01
   1.3664514e+00
   1.2320448e+00
   7.3473310e-01
   7.1264982e-01
   4.3040556e-01
   1.0645584e+00
   1.2360582e+00
   1.6651119e+00
   1.7109543e+00
   1.2798440e+00
   1.4371725e+00
   9.1107142e-01
   8.6932778e-01
   1.1345807e+00
   1.4312340e+00
   1.7964115e+00
   1.8153129e+00
   2.6792785e+00
   2.1849977e+00
   2.1096849e+00
   1.9916524e+00
   1.9427290e+00
   2.1512106e+00
   1.8279206e+00
   1.6243367e+00
   7.3954713e-01
   1.1826724e-01
   3.7377676e-01
   2.4926865e+00
   4.3204150e+00
   2.6753134e+00
   2.4935115e+00
   3.2237394e+00
   4.6275486e-01
  -1.5400926e+00
  -2.7317300e-02
   1.6820093e+00
   1.1561548e+00
   1.1125759e+00
   1.3296802e+00
   1.5042262e+00
   2.1746749e+00
   2.0978111e+00
   2.6122982e+00
   2.6718993e+00
   2.2467014e+00
   2.1704081e+00
   1.5697357e+00
   1.7075584e+00
   1.8779723e+00
   2.1898459e+00
   2.6474578e+00
   2.6159398e+00
   2.5601778e+00
   2.1137941e+00
   2.0055051e+00
   1.9015856e+00
   1.7772018e+00
   1.9276806e+00
   1.5665174e+00
   1.3459695e+00
   6.4324534e-01
   2.7205396e-01
   8.9381791e-01
   2.8052301e+00
   4.7738523e+00
   3.2220033e+00
   2.2222657e+00
   2.5962210e+00
  -3.9429895e-01
  -1.4957238e+00
   6.9497335e-01
   1.5317278e+00
   8.9164042e-01
   9.4720632e-01
   1.4846783e+00
   1.9804637e+00
   2.3146210e+00
   2.2230184e+00
   2.6156378e+00
   2.8383358e+00
   2.4000091e+00
   1.9637482e+00
   1.6100519e+00
   1.9429692e+00
   2.2504144e+00
   2.5378408e+00
   2.8368749e+00
   2.6495500e+00
   2.0900667e+00
   1.6720847e+00
   1.5343202e+00
   1.4362715e+00
   1.2497840e+00
   1.3624226e+00
   9.5862120e-01
   8.4392220e-01
   3.5080707e-01
   3.3604068e-01
   1.2510121e+00
   2.6933317e+00
   4.7738547e+00
   3.3904967e+00
   1.7832968e+00
   1.9151551e+00
  -7.0389509e-01
  -8.8809186e-01
   1.0704713e+00
   1.2647064e+00
   8.2819021e-01
   7.4110234e-01
   1.4708759e+00
   1.8788712e+00
   1.9526074e+00
   2.0122607e+00
   2.2190545e+00
   2.5372801e+00
   1.9459733e+00
   1.4047471e+00
   1.4486160e+00
   1.9772589e+00
   2.3857219e+00
   2.5166442e+00
   2.6187074e+00
   2.2876210e+00
   1.4722400e+00
   1.0755993e+00
   9.2136645e-01
   8.2127315e-01
   5.9726212e-01
   6.7381608e-01
   2.4080488e-01
   2.5757299e-01
  -8.5687451e-03
   3.5053891e-01
   1.4563211e+00
   2.4696398e+00
   4.5759292e+00
   3.2825167e+00
   1.2893158e+00
   1.2774606e+00
  -6.9332753e-01
  -1.0299139e-01
   1.2330823e+00
   9.7574949e-01
   8.5760301e-01
   5.6347966e-01
   1.3168424e+00
   1.4937947e+00
   1.3944759e+00
   1.6262843e+00
   1.6636958e+00
   1.9857357e+00
   1.2419869e+00
   7.4636060e-01
   1.1849847e+00
   1.9077156e+00
   2.3520567e+00
   2.2821357e+00
   2.1919783e+00
   1.7408808e+00
   5.4136181e-01
   1.6960786e-01
   5.0546380e-02
  -7.6607161e-02
  -2.5311058e-01
  -2.4656916e-01
  -6.4548318e-01
  -5.3517974e-01
  -4.7265146e-01
   2.7739110e-01
   1.2571813e+00
   2.3307256e+00
   4.1069099e+00
   2.4349123e+00
   6.6441655e-01
   7.5394998e-01
  -3.3138505e-02
   8.4389264e-01
   9.8343053e-01
   6.8867809e-01
   1.0152030e+00
   5.3687906e-01
   7.2322742e-01
   5.7771071e-01
   5.5112986e-01
   8.3704286e-01
   8.3829077e-01
   8.3730481e-01
   1.2475987e-01
  -4.5357180e-03
   6.8470113e-01
   1.6467629e+00
   1.8849325e+00
   1.5585817e+00
   1.3066345e+00
   7.9573952e-01
  -3.4669969e-02
  -2.8452241e-01
  -2.7230573e-01
  -4.2545262e-01
  -4.7052091e-01
  -5.9448934e-01
  -8.5828805e-01
  -7.7098769e-01
  -6.9003117e-01
   1.3254744e-01
   7.4715132e-01
   2.2719178e+00
   3.7005324e+00
   1.5470482e+00
   1.9935653e-01
   4.5952487e-01
   4.3201870e-01
   1.0122933e+00
   7.2871494e-01
   6.5695786e-01
   7.8430665e-01
   3.4744793e-01
   7.5404137e-02
  -4.5515910e-02
   1.6402330e-01
   2.5388199e-01
   1.7300111e-01
  -1.3323930e-01
  -2.1051702e-01
   2.5299311e-02
   1.9666700e-01
   9.4096547e-01
   1.1169096e+00
   8.6902547e-01
   5.4961675e-01
   1.2514052e-01
  -2.8173506e-01
  -4.1483787e-01
  -2.8490910e-01
  -4.1219604e-01
  -3.8530558e-01
  -5.7064557e-01
  -7.7164358e-01
  -6.8923110e-01
  -7.3747325e-01
   1.5591279e-02
   4.3782797e-01
   1.9665385e+00
   3.3065608e+00
   1.1100619e+00
  -1.6258073e-01
   1.6403991e-01
   4.4242951e-01
   8.8567990e-01
   5.8026785e-01
   5.9733117e-01
   3.9754444e-01
  -1.3478398e-03
  -2.1700591e-01
  -3.2118499e-01
   8.6706132e-05
   4.9115624e-03
  -2.4594131e-01
  -5.7843947e-01
  -1.9070940e-01
   2.3574233e-01
  -7.5155079e-02
   2.5393069e-01
   5.2987736e-01
   4.6626943e-01
   1.3933620e-01
  -2.0132564e-01
  -4.0481423e-01
  -4.0932906e-01
  -1.5367539e-01
  -2.2764817e-01
  -1.4788382e-01
  -3.6969067e-01
  -5.3410670e-01
  -4.4869041e-01
  -7.1107790e-01
  -1.0257488e-01
   1.8479037e-01
   1.5083423e+00
   2.8703075e+00
   8.3100186e-01
  -5.2038051e-01
  -1.6801304e-01
   2.4102718e-01
   6.0537304e-01
   4.6349396e-01
   5.1734899e-01
  -1.0946714e-01
  -4.6739771e-01
  -3.7857319e-01
  -4.6764865e-01
  -7.9289935e-02
  -1.1785777e-01
  -6.0059338e-01
  -8.3182291e-01
  -2.0990514e-03
   5.5650415e-01
  -2.7884775e-01
  -5.0818243e-01
  -4.4008684e-02
   1.4873494e-01
  -1.5855606e-01
  -4.0639212e-01
  -3.0918390e-01
  -2.5281048e-01
   9.4035365e-02
   2.1960610e-01
   3.3473313e-01
   2.1311283e-01
   4.2690574e-03
  -8.9420125e-02
  -4.8595214e-01
  -2.1042256e-01
  -1.5961373e-01
   3.5782790e-01
   1.5929530e+00
   6.3625479e-01
  -7.9682183e-01
  -8.6324865e-01
  -5.0675112e-01
  -1.0928543e-01
  -7.1565442e-02
  -1.5586574e-01
  -8.6597151e-01
  -1.0052292e+00
  -4.2965364e-01
  -4.8181111e-01
  -2.9119846e-01
  -9.7407959e-02
  -3.6573622e-01
  -4.3135333e-01
   1.1475786e-01
   4.6344575e-01
  -2.9361433e-01
  -1.0275435e+00
  -6.9805670e-01
  -1.3042961e-01
  -1.7732807e-01
  -3.5365957e-01
  -3.6976227e-01
  -4.0059096e-01
  -5.7765346e-02
   1.4045390e-01
   3.5001817e-01
   3.2288370e-01
   8.7962449e-02
  -1.5300290e-01
  -5.5690205e-01
  -3.9666623e-01
  -5.3258377e-01
  -3.1625843e-01
   6.3793731e-01
   3.6425722e-01
  -7.0499533e-01
  -1.2744972e+00
  -9.1158122e-01
  -4.5065755e-01
  -6.8501234e-01
  -8.4097499e-01
  -1.1199293e+00
  -1.0543631e+00
  -7.1868420e-01
  -7.0738059e-01
  -5.5935764e-01
  -1.9092277e-01
   1.0478279e-01
  -5.1499590e-02
  -1.2112951e-01
  -1.0084612e-01
  -4.3616956e-01
  -9.0744168e-01
  -9.5525432e-01
  -3.6689967e-01
  -2.1310809e-01
  -3.7627649e-01
  -5.2874947e-01
  -6.6214514e-01
  -3.3482144e-01
  -8.8038053e-02
   2.1383139e-01
   3.1130321e-01
   3.7135795e-02
  -2.8566313e-01
  -7.6146004e-01
  -7.2225681e-01
  -9.4091499e-01
  -9.9314547e-01
  -2.3058276e-01
   8.5571304e-02
  -6.0499288e-01
  -1.6364437e+00
  -1.3612417e+00
  -7.1921411e-01
  -1.2674479e+00
  -1.5374186e+00
  -1.3600333e+00
  -1.1628906e+00
  -1.0860622e+00
  -1.0398754e+00
  -8.5433732e-01
  -3.4188405e-01
   4.5037323e-01
   2.8629780e-01
  -3.6601150e-01
  -6.8661281e-01
  -7.1079668e-01
  -8.7727195e-01
  -1.1984799e+00
  -6.6404154e-01
  -3.4301794e-01
  -5.0163448e-01
  -9.6999806e-01
  -1.2657593e+00
  -9.8441076e-01
  -7.3531719e-01
  -3.2586340e-01
   1.8968110e-03
  -3.5445111e-01
  -6.1441871e-01
  -1.3446589e+00
  -1.4746676e+00
  -1.5349223e+00
  -1.8489995e+00
  -1.0952704e+00
  -2.7458784e-01
  -4.6887047e-01
  -1.9667671e+00
  -2.0386398e+00
  -8.7668196e-01
  -1.9086850e+00
  -2.4279905e+00
  -1.6337251e+00
  -1.4578931e+00
  -1.7329449e+00
  -1.7161606e+00
  -1.2858610e+00
  -6.7095132e-01
   5.5822171e-01
   5.9904600e-01
  -6.8392461e-01
  -1.4553573e+00
  -1.3806686e+00
  -1.0808802e+00
  -1.4733586e+00
  -1.1857513e+00
  -7.4061947e-01
  -9.1398061e-01
  -1.6114604e+00
  -1.9550763e+00
  -1.8243203e+00
  -1.5704641e+00
  -1.1928421e+00
  -5.4810691e-01
  -8.7470436e-01
  -1.0870906e+00
  -1.9906359e+00
  -2.5332072e+00
  -2.4128954e+00
  -2.4217339e+00
  -1.3358932e+00
  -6.9148705e-01
  -5.8621615e-01
  -1.8663721e+00
  -2.8117563e+00
  -1.1427928e+00
  -1.9814181e+00
  -3.0037481e+00
  -2.0091515e+00
  -2.1013262e+00
  -2.5098900e+00
  -2.3743405e+00
  -1.7412009e+00
  -1.3116406e+00
  -2.6176262e-01
   4.5785981e-01
  -6.1726718e-01
  -1.8018063e+00
  -2.2554340e+00
  -1.9278036e+00
  -1.9658905e+00
  -1.8753767e+00
  -1.4170464e+00
  -1.5996914e+00
  -1.9281077e+00
  -2.2440426e+00
  -2.2677155e+00
  -2.0535233e+00
  -1.6880550e+00
  -9.0701002e-01
  -1.0369443e+00
  -1.3478791e+00
  -2.1818440e+00
  -3.0221910e+00
  -3.2167912e+00
  -2.5267506e+00
  -1.2466234e+00
  -1.2043889e+00
  -8.2917625e-01
  -1.5050794e+00
  -2.9672782e+00
  -1.5584254e+00
  -1.9141411e+00
  -3.0591159e+00
  -2.1645255e+00
  -2.3499229e+00
  -3.0443902e+00
  -2.7185071e+00
  -2.0072658e+00
  -1.8802304e+00
  -1.0877187e+00
   2.4678648e-02
  -4.6028477e-01
  -1.8122027e+00
  -2.6355169e+00
  -2.4300973e+00
  -2.3785181e+00
  -2.3047338e+00
  -1.8483305e+00
  -1.9547760e+00
  -2.0563128e+00
  -2.3292851e+00
  -2.5051973e+00
  -2.3780274e+00
  -2.0082335e+00
  -1.1720390e+00
  -1.0328144e+00
  -1.4362745e+00
  -2.1527588e+00
  -3.2221861e+00
  -3.9461811e+00
  -2.4932592e+00
  -1.0366226e+00
  -1.7663337e+00
  -1.1529224e+00
  -1.0171331e+00
  -2.7503073e+00
  -1.9833077e+00
  -1.8273636e+00
  -2.8294079e+00
  -2.1546519e+00
  -2.3682010e+00
  -3.4508584e+00
  -2.9935904e+00
  -2.1827176e+00
  -2.3975394e+00
  -1.9117986e+00
  -5.6367338e-01
  -3.3108974e-01
  -1.6484959e+00
  -2.7559397e+00
  -2.7247071e+00
  -2.6820347e+00
  -2.5804396e+00
  -2.1467502e+00
  -2.1274343e+00
  -1.7480223e+00
  -1.9960806e+00
  -2.2796929e+00
  -2.3547189e+00
  -1.9384209e+00
  -1.2004479e+00
  -7.2948172e-01
  -1.0592954e+00
  -1.7162940e+00
  -2.8126866e+00
  -4.3082618e+00
  -2.3612750e+00
  -7.1431639e-01
  -2.3018084e+00
  -1.5924555e+00
  -3.9766463e-01
  -1.7527437e+00
  -2.2218229e+00
  -1.8076392e+00
  -2.0567512e+00
  -1.7337917e+00
  -1.8814595e+00
  -3.5093146e+00
  -3.2241947e+00
  -2.1514493e+00
  -2.6766124e+00
  -2.5435728e+00
  -1.3387026e+00
  -4.0774081e-01
  -1.1738059e+00
  -2.3272079e+00
  -2.4933535e+00
  -2.5907925e+00
  -2.4588771e+00
  -2.1055607e+00
  -1.8806404e+00
  -8.4144008e-01
  -1.0540619e+00
  -1.3212991e+00
  -1.5580693e+00
  -1.2651145e+00
  -7.0353800e-01
  -1.5782037e-01
  -6.9569930e-02
  -7.9447579e-01
  -1.7494880e+00
  -3.3009014e+00
  -2.1855223e+00
  -5.5041796e-01
  -1.8601303e+00
  -1.6318839e+00
  -7.4814111e-02
  -3.2762772e-01
  -1.3294173e+00
  -1.2888770e+00
  -8.2924098e-01
  -7.8999871e-01
  -1.0308858e+00
  -2.7250347e+00
  -3.0590885e+00
  -1.7760744e+00
  -2.1430283e+00
  -2.2719140e+00
  -1.5397745e+00
  -7.0094347e-01
  -4.1590324e-01
  -1.1862352e+00
  -1.6209276e+00
  -1.6070259e+00
  -1.4748490e+00
  -1.3145382e+00
  -1.0581017e+00
   7.4979141e-03
  -5.8459900e-02
  -2.8127462e-01
  -4.9500844e-01
  -3.9547870e-01
  -1.4181152e-02
   4.3045062e-01
   6.2893724e-01
   1.1811985e-01
  -7.0945913e-01
  -1.8675296e+00
  -1.5541453e+00
  -4.2636442e-01
  -9.0594000e-01
  -1.0334829e+00
   1.7206652e-01
   5.4137880e-01
  -2.0934434e-01
  -2.3463920e-01
   2.0146908e-01
   4.3556094e-02
  -3.0213076e-01
  -1.6567971e+00
  -2.2771511e+00
  -1.2567298e+00
  -1.3297327e+00
  -1.5276860e+00
  -9.4865233e-01
  -5.5479068e-01
  -2.6393179e-02
  -1.0295344e-01
  -6.5726060e-01
  -6.7196536e-01
  -4.4575825e-01
  -3.4263349e-01
  -1.8044586e-01
   8.1219220e-01
   9.3638558e-01
   7.8226811e-01
   6.5349984e-01
   6.4587854e-01
   8.0055219e-01
   1.0828066e+00
   1.1425556e+00
   9.6082032e-01
   3.7442520e-01
  -3.4124627e-01
  -4.5762601e-01
  -2.4842406e-02
   1.1212777e-01
  -1.1743963e-01
   6.9956273e-01
   1.2619670e+00
   6.2052733e-01
   8.1894672e-01
   1.2280189e+00
   8.6400580e-01
   5.3031659e-01
  -3.3534293e-01
  -1.0479258e+00
  -4.5999822e-01
  -4.2376856e-01
  -7.5519937e-01
  -1.1934718e-02
   2.9799652e-02
   7.8672945e-02
   7.5147969e-01
   4.1709820e-01
   9.8622218e-02
   3.2195133e-01
   5.5709791e-01
   7.3116243e-01
   1.4531525e+00
   1.7214950e+00
   1.6739362e+00
   1.6422189e+00
   1.6654856e+00
   1.6130699e+00
   1.7147962e+00
   1.5504147e+00
   1.5666392e+00
   1.3132485e+00
   9.7218930e-01
   8.4280216e-01
   7.6099275e-01
   9.6184122e-01
   7.7864771e-01
   1.4510532e+00
   1.9332505e+00
   9.1175907e-01
   1.2892819e+00
   2.0689106e+00
   1.6035853e+00
   1.4190117e+00
   1.1004158e+00
   4.0491852e-01
   6.4846245e-01
   4.6636134e-01
  -2.1220246e-01
   7.8694158e-01
   8.0921284e-01
   8.1240931e-03
   1.0062380e+00
   1.3039689e+00
   6.2546352e-01
   5.4168120e-01
   1.0184332e+00
   1.4267259e+00
   1.7306439e+00
   2.0585973e+00
   2.1654388e+00
   2.2182557e+00
   2.3290708e+00
   2.2177946e+00
   2.1772424e+00
   1.9724501e+00
   1.8850117e+00
   1.8128285e+00
   1.7054648e+00
   1.7903963e+00
   1.6996273e+00
   1.5180358e+00
   1.2506154e+00
   1.9676217e+00
   2.4925909e+00
   8.6574488e-01
   8.7254619e-01
   2.3263454e+00
   2.0468122e+00
   2.0629185e+00
   2.2661717e+00
   1.6638990e+00
   1.8471787e+00
   1.2914408e+00
   1.0834428e-01
   8.8523053e-01
   1.1463237e+00
  -4.7193783e-02
   4.5553204e-01
   1.4631779e+00
   8.5752457e-01
   1.7464907e-01
   6.9409531e-01
   1.4878721e+00
   1.3279225e+00
   1.7930013e+00
   2.0985293e+00
   2.2591631e+00
   2.3822274e+00
   2.4085622e+00
   2.2803230e+00
   2.2304811e+00
   2.0264218e+00
   1.6852667e+00
   1.5774211e+00
   1.9490091e+00
   2.1359465e+00
   1.7100291e+00
   1.2394350e+00
   1.7207751e+00
   2.4671049e+00
   1.0088645e+00
   2.4023615e-01
   1.6447959e+00
   1.7555729e+00
   1.9205866e+00
   2.5360038e+00
   2.2530863e+00
   2.5372164e+00
   2.0348611e+00
   6.8309808e-01
   4.7732052e-01
   5.6824321e-01
  -2.1539502e-01
  -5.2529025e-01
   5.3306794e-01
   5.1169407e-01
  -5.1108968e-01
  -4.1206214e-01
   5.6594706e-01
   7.2477072e-02
   8.6974782e-01
   1.3946818e+00
   1.7001815e+00
   1.9030454e+00
   2.1173496e+00
   1.8853316e+00
   1.8992574e+00
   1.8506649e+00
   1.1013350e+00
   7.4760878e-01
   1.3540381e+00
   1.6448203e+00
   1.2583501e+00
   9.0295780e-01
   9.7858804e-01
   1.6050375e+00
   1.1087632e+00
   6.7250863e-02
   4.0552759e-01
   6.3741618e-01
   9.0474862e-01
   1.6322614e+00
   1.7725608e+00
   2.2423429e+00
   2.4601972e+00
   1.6646550e+00
   5.3977454e-01
  -3.3101615e-01
  -7.9278386e-01
  -1.3132025e+00
  -1.0177598e+00
  -7.7418691e-01
  -1.5102324e+00
  -1.9347939e+00
  -1.1480089e+00
  -1.7045029e+00
  -6.9465250e-01
  -3.8225941e-02
   4.6436751e-01
   1.0315161e+00
   1.4209380e+00
   1.1050973e+00
   9.3105340e-01
   9.7414339e-01
   2.9079825e-01
  -1.7055133e-01
   3.0861378e-01
   4.2879239e-01
   1.3305067e-01
   2.1759312e-01
   2.9168600e-01
   4.0948132e-01
   4.0263167e-01
  -1.9372162e-01
  -5.7189810e-01
  -4.7820383e-01
  -2.0082994e-01
   2.1223144e-01
   4.7446325e-01
   1.1489980e+00
   2.0904682e+00
   2.2149589e+00
   1.1934776e+00
  -4.3935317e-01
  -1.2798077e+00
  -1.7387896e+00
  -2.3187089e+00
  -2.5788066e+00
  -2.9377711e+00
  -3.4061184e+00
  -2.9139199e+00
  -3.0492477e+00
  -2.4399194e+00
  -1.8942857e+00
  -1.2006080e+00
  -2.2361479e-01
   4.1812858e-01
   3.0587512e-01
  -7.3869153e-02
  -3.1832969e-01
  -6.1817884e-01
  -7.9328915e-01
  -6.6005433e-01
  -7.0172447e-01
  -8.1409570e-01
  -5.3056455e-01
  -3.0749857e-01
  -4.8805472e-01
  -7.6726425e-01
  -9.6458495e-01
  -1.0048326e+00
  -7.6940030e-01
  -5.1991439e-01
  -4.1203276e-01
  -2.8283954e-01
   1.7309983e-01
   9.1307480e-01
   1.4093504e+00
   1.2036765e+00
   1.9995022e-01
  -8.5897595e-01
  -1.6614509e+00
  -2.6489550e+00
  -3.3896892e+00
  -3.7168031e+00
  -3.8888104e+00
  -3.6392910e+00
  -2.1845520e+00
  -2.1662847e+00
  -1.9715507e+00
  -1.5859507e+00
  -1.0245883e+00
  -5.5658209e-01
  -3.7357435e-01
  -4.0243080e-01
  -5.0545532e-01
  -5.5145478e-01
  -5.0135145e-01
  -3.8623473e-01
  -2.9227495e-01
  -2.1502767e-01
  -1.5935786e-01
  -1.9928594e-01
  -4.1052111e-01
  -7.0243204e-01
  -8.9127147e-01
  -9.0932470e-01
  -7.4226898e-01
  -5.0629944e-01
  -2.4059743e-01
   1.1631211e-02
   2.3999365e-01
   4.8162722e-01
   6.6614157e-01
   6.9953203e-01
   4.9811733e-01
   7.1362354e-02
  -4.3118963e-01
  -9.9765867e-01
  -1.4654651e+00
  -1.7610329e+00
  -1.9775763e+00
  -2.1170707e+00
