  -4.1980425e-01
  -4.2971838e-01
  -3.6033624e-01
  -2.8000647e-01
  -2.2157678e-01
  -1.8072027e-01
  -1.1677370e-01
   9.9216576e-03
   9.8096862e-02
   8.1112739e-03
  -2.9720261e-01
  -6.8339169e-01
  -9.7367239e-01
  -1.1642520e+00
  -1.3065791e+00
  -1.4655136e+00
  -1.5915434e+00
  -1.6117114e+00
  -1.6224122e+00
  -1.7064946e+00
  -1.8162348e+00
  -1.8552228e+00
  -1.7806264e+00
  -1.5924778e+00
  -1.3576808e+00
  -1.0759429e+00
  -7.8113157e-01
  -5.0945127e-01
  -2.7468267e-01
  -1.6431090e-01
  -1.5923963e-01
  -2.4854514e-01
  -3.9591435e-01
  -4.5597643e-01
  -4.0752761e-01
  -3.8107714e-01
  -8.4285486e-01
  -5.8063895e-01
  -2.4931462e-01
  -4.2255983e-01
  -6.4580762e-01
  -7.3568690e-01
  -1.0561647e+00
  -1.3358309e+00
  -1.3918033e+00
  -1.6331795e+00
  -2.0834279e+00
  -2.5187254e+00
  -2.8629811e+00
  -2.6779647e+00
  -2.0996957e+00
  -1.9634566e+00
  -1.8450782e+00
  -1.5254416e+00
  -1.5017771e+00
  -1.8166431e+00
  -2.2988873e+00
  -2.6255600e+00
  -2.7569580e+00
  -2.6542304e+00
  -2.3692586e+00
  -2.0940804e+00
  -1.9126678e+00
  -1.6411576e+00
  -1.2608958e+00
  -1.0811868e+00
  -7.6823258e-01
  -3.7122643e-01
  -4.7510403e-01
  -3.7164214e-01
  -1.0040461e-01
  -4.8061010e-01
   1.2345508e-02
   1.3825058e+00
   2.5204997e+00
   1.8383963e+00
   8.7353021e-01
   6.5499777e-01
   2.1788651e-01
  -3.2440513e-01
  -7.7004582e-01
  -1.0439388e+00
  -1.0286503e+00
  -9.8381829e-01
  -1.1265392e+00
  -8.6694646e-01
  -2.9317215e-01
  -2.7204582e-01
  -2.3964830e-01
  -2.7880245e-01
  -3.6349452e-01
  -2.4273507e-01
  -5.4017287e-01
  -8.4415549e-01
  -1.1496959e+00
  -1.3464419e+00
  -1.2915257e+00
  -1.2140371e+00
  -1.1432676e+00
  -1.2300559e+00
  -1.0690637e+00
  -9.9218839e-01
  -7.0664275e-01
   1.5254988e-01
   7.0831978e-01
   1.4795846e+00
   1.5880122e+00
   3.2615891e-01
  -5.7207491e-02
   1.4059615e+00
   3.7142053e+00
   3.8479004e+00
   2.3252277e+00
   1.1554432e+00
   8.2869057e-01
   6.7433453e-01
   3.4303606e-01
   5.8404274e-01
   1.2245541e+00
   1.3804970e+00
   1.2234861e+00
   1.2701763e+00
   1.3707153e+00
   1.2771653e+00
   1.3012850e+00
   1.2947514e+00
   1.5890296e+00
   2.0726590e+00
   1.9412458e+00
   1.6064970e+00
   1.0314953e+00
   5.2311254e-01
   1.9394044e-01
  -1.2828854e-01
  -1.6803442e-01
  -3.2050834e-01
  -2.2620517e-01
   1.1144543e-01
   3.6030473e-01
   1.0514971e+00
   1.7132565e+00
   1.7221281e+00
   1.1130339e+00
   2.7366573e-01
   2.1492285e-01
   8.4840578e-01
   3.2785892e+00
   4.7256837e+00
   3.3271937e+00
   1.3820269e+00
   1.4361297e+00
   1.3976405e+00
   1.6637244e+00
   2.6279821e+00
   3.4908187e+00
   4.1039886e+00
   3.7587876e+00
   3.0832448e+00
   3.0378604e+00
   2.9753215e+00
   2.8161471e+00
   3.2071486e+00
   3.6516654e+00
   3.8892231e+00
   4.0235395e+00
   3.7127385e+00
   3.2129152e+00
   2.6090717e+00
   2.0881672e+00
   1.6295854e+00
   1.0921748e+00
   8.0242109e-01
   6.0423499e-01
   8.8367820e-01
   1.0941262e+00
   1.8611135e+00
   2.7089667e+00
   1.2628105e+00
   3.4354061e-01
   7.9117393e-01
   8.9075780e-01
   1.2619469e+00
   2.2900581e+00
   4.3616810e+00
   3.6915200e+00
   1.8577602e+00
   2.7483423e+00
   2.3541434e+00
   2.9292693e+00
   4.1006436e+00
   4.2716947e+00
   5.1532755e+00
   4.9741354e+00
   4.0069656e+00
   3.7805231e+00
   3.8466618e+00
   3.7214649e+00
   4.1981936e+00
   4.4860945e+00
   4.4944239e+00
   5.0976124e+00
   5.0111113e+00
   4.9350657e+00
   4.4693012e+00
   3.9102569e+00
   3.6806350e+00
   2.8207498e+00
   2.1897149e+00
   1.2637867e+00
   1.1408219e+00
   9.5431763e-01
   1.6759512e+00
   3.4146490e+00
   1.6430898e+00
   7.0420146e-01
   1.3866370e+00
   1.1536034e+00
   1.8259287e+00
   1.3317712e+00
   3.4156849e+00
   3.5201767e+00
   2.1116107e+00
   3.8292830e+00
   3.2621361e+00
   3.3826617e+00
   4.1469536e+00
   3.4589244e+00
   3.3903288e+00
   3.3670416e+00
   3.5050126e+00
   3.0016974e+00
   3.0649185e+00
   3.2656599e+00
   3.3919000e+00
   3.7545183e+00
   3.7960346e+00
   4.7799660e+00
   5.0193896e+00
   5.1299189e+00
   5.0140940e+00
   4.4968534e+00
   4.4888744e+00
   3.8125717e+00
   2.9957905e+00
   1.4872614e+00
   1.0884692e+00
   5.2706236e-01
   6.8587182e-01
   3.2715317e+00
   2.3953924e+00
   1.2584641e+00
   1.2048177e+00
   7.1664947e-01
   1.1795357e+00
   3.7063982e-01
   2.4549541e+00
   2.9482539e+00
   1.7481092e+00
   3.5075836e+00
   3.1685176e+00
   2.5116903e+00
   2.6587801e+00
   1.7565553e+00
   3.5506093e-01
  -8.7031215e-02
   1.3936424e+00
   1.3783674e+00
   1.3218899e+00
   1.5464073e+00
   1.3976098e+00
   2.0030544e+00
   2.1663465e+00
   3.1254649e+00
   3.5408154e+00
   3.4988692e+00
   3.6994042e+00
   3.3450110e+00
   3.3744895e+00
   3.0633840e+00
   2.3912814e+00
   1.1172926e+00
   7.0186363e-01
   1.4445838e-01
  -1.3416368e-01
   2.2339107e+00
   2.2594228e+00
   9.0354627e-01
   3.7773495e-01
  -1.3560221e-01
  -5.4864961e-01
  -6.5611917e-01
   1.5496974e+00
   2.0238078e+00
   8.6466634e-01
   1.8167921e+00
   1.7809494e+00
   6.2424177e-01
   2.4981229e-01
  -3.0941805e-01
  -2.0433702e+00
  -3.0790200e+00
  -1.5044273e+00
  -3.5278332e-01
  -3.0355436e-01
  -5.0246161e-01
  -6.9962698e-01
  -8.1403986e-02
   1.3736428e-01
   6.1854070e-01
   1.0052971e+00
   8.5000628e-01
   1.0929449e+00
   1.0047767e+00
   9.6926546e-01
   9.3227911e-01
   6.2751830e-01
   2.7000779e-01
   2.6267543e-03
  -3.9940888e-01
  -5.4451364e-01
   7.9160661e-01
   1.1363393e+00
  -1.8685697e-01
  -6.2921184e-01
  -1.0730282e+00
  -2.4974868e+00
  -1.6473125e+00
   6.1929661e-01
   8.1220919e-01
  -2.8243524e-01
  -5.3220814e-01
  -4.7786894e-01
  -1.6385691e+00
  -2.3562884e+00
  -2.4194055e+00
  -3.0340712e+00
  -4.1825461e+00
  -4.0601993e+00
  -1.9020967e+00
  -1.3111660e+00
  -2.0398185e+00
  -2.2496178e+00
  -2.0091410e+00
  -1.8820788e+00
  -2.1575191e+00
  -1.8937548e+00
  -1.8766901e+00
  -1.8841594e+00
  -1.6895896e+00
  -1.7846862e+00
  -1.6780264e+00
  -1.5285925e+00
  -7.9212952e-01
  -8.6105728e-01
  -1.2779721e+00
  -8.6029965e-01
  -5.5625546e-01
  -3.4560579e-01
  -1.3769013e+00
  -1.5260347e+00
  -1.9957149e+00
  -3.4752967e+00
  -2.2226505e+00
  -6.0587880e-01
  -9.8275752e-01
  -1.7528753e+00
  -2.7799926e+00
  -3.0531839e+00
  -3.7253977e+00
  -4.6599326e+00
  -4.3766040e+00
  -2.4573955e+00
  -2.1393324e+00
  -4.3125549e+00
  -3.5160403e+00
  -1.8940708e+00
  -2.1743816e+00
  -2.8820185e+00
  -3.4173209e+00
  -3.9008955e+00
  -4.8610372e+00
  -4.5464812e+00
  -4.0864618e+00
  -4.3844531e+00
  -4.0894123e+00
  -4.1156662e+00
  -3.9056954e+00
  -3.1594971e+00
  -1.7032324e+00
  -1.7777840e+00
  -2.7195790e+00
  -1.9869732e+00
  -1.4236652e+00
  -1.2328296e+00
  -2.0029364e+00
  -2.1798177e+00
  -2.3350267e+00
  -2.9321436e+00
  -1.7312477e+00
  -1.3878366e+00
  -2.3200566e+00
  -2.5609798e+00
  -3.1287193e+00
  -3.6571148e+00
  -4.0613060e+00
  -4.8290768e+00
  -4.3959779e+00
  -1.5403011e+00
   1.8071473e-01
  -1.9130999e+00
  -3.8065016e+00
  -2.5802009e+00
  -1.4518594e+00
  -2.4379191e+00
  -3.5259502e+00
  -4.6152071e+00
  -5.3780293e+00
  -4.8809309e+00
  -4.4768147e+00
  -4.5047770e+00
  -4.3896246e+00
  -4.2635727e+00
  -3.9579513e+00
  -2.9894142e+00
  -1.3905056e+00
  -1.9462688e+00
  -3.3312047e+00
  -2.8588613e+00
  -1.5337884e+00
  -1.0173318e+00
  -1.8090273e+00
  -2.1312871e+00
  -2.4886780e+00
  -2.5328488e+00
  -1.3611844e+00
  -1.9222330e+00
  -3.0104594e+00
  -2.8152244e+00
  -2.9024546e+00
  -3.4961941e+00
  -3.7815959e+00
  -4.0612683e+00
  -3.5410774e+00
  -8.7373042e-01
   1.1496177e+00
  -1.0064679e-01
  -3.1405516e+00
  -3.1180208e+00
  -1.2375877e+00
  -2.0137634e+00
  -3.3957615e+00
  -4.4580588e+00
  -4.8966494e+00
  -4.3801088e+00
  -4.1980352e+00
  -3.9407935e+00
  -3.9310846e+00
  -3.7545054e+00
  -3.3180246e+00
  -2.4859891e+00
  -8.0713671e-01
  -1.5846497e+00
  -3.1485221e+00
  -2.8046365e+00
  -1.5022995e+00
  -9.5802605e-01
  -1.6142325e+00
  -1.9517565e+00
  -2.6667151e+00
  -2.3448833e+00
  -1.2819433e+00
  -2.4285340e+00
  -3.3595175e+00
  -2.8573394e+00
  -2.5511768e+00
  -3.1415078e+00
  -3.3220088e+00
  -2.9871008e+00
  -2.4362716e+00
  -3.3253548e-01
   1.4767735e+00
   1.1937621e+00
  -2.1374104e+00
  -3.4922085e+00
  -1.3012036e+00
  -1.7285488e+00
  -3.2289581e+00
  -3.9361987e+00
  -4.0828509e+00
  -3.6261091e+00
  -3.6858814e+00
  -3.2145555e+00
  -3.2588031e+00
  -3.0927703e+00
  -2.5152268e+00
  -1.9691157e+00
  -2.5635578e-01
  -9.9744487e-01
  -2.6329970e+00
  -2.3674034e+00
  -1.3732154e+00
  -1.0146573e+00
  -1.4907442e+00
  -1.8209980e+00
  -3.3069636e+00
  -2.8790740e+00
  -2.3689366e+00
  -3.3379392e+00
  -3.2173395e+00
  -2.7882060e+00
  -2.4269484e+00
  -2.9896101e+00
  -2.8634945e+00
  -1.6553462e+00
  -1.2334908e+00
   1.6385583e-01
   1.0044404e+00
   1.3245691e+00
  -7.8102074e-01
  -3.4298966e+00
  -1.8909447e+00
  -1.9924190e+00
  -3.2233982e+00
  -2.9285028e+00
  -3.0582705e+00
  -2.7938964e+00
  -2.9914371e+00
  -2.6086947e+00
  -2.5961948e+00
  -2.5712512e+00
  -1.8211536e+00
  -1.7772103e+00
  -1.3969470e-01
  -2.1855140e-02
  -1.6615525e+00
  -1.4682850e+00
  -9.7067894e-01
  -1.3884416e+00
  -1.6732020e+00
  -2.0950192e+00
  -4.3653436e+00
  -3.8062694e+00
  -4.0546036e+00
  -4.3384995e+00
  -3.1742313e+00
  -3.1798873e+00
  -2.9615092e+00
  -3.5511801e+00
  -3.0345902e+00
  -1.7352467e+00
  -1.5808140e+00
   3.6580718e-01
   9.1669083e-01
   8.2857394e-01
  -7.0256889e-01
  -3.2888548e+00
  -2.0458095e+00
  -2.3641379e+00
  -3.3702199e+00
  -2.7284341e+00
  -3.0781631e+00
  -2.7803581e+00
  -2.9523382e+00
  -2.8186212e+00
  -2.8141122e+00
  -2.8800848e+00
  -2.1858978e+00
  -2.4129059e+00
  -8.0787617e-01
  -3.5867095e-03
  -1.8518280e+00
  -1.6101589e+00
  -3.9072019e-01
  -1.2621837e+00
  -2.1676197e+00
  -3.1026807e+00
  -4.8953409e+00
  -4.2251992e+00
  -4.7877197e+00
  -4.7474103e+00
  -3.3417807e+00
  -3.4901545e+00
  -3.3230104e+00
  -3.8821158e+00
  -3.2404566e+00
  -2.1834667e+00
  -2.1417427e+00
   3.9794803e-01
   9.5323938e-01
   4.3070954e-01
  -9.5102602e-01
  -3.3537054e+00
  -1.9427460e+00
  -2.1773231e+00
  -3.3491864e+00
  -2.7944732e+00
  -3.2144289e+00
  -2.8612504e+00
  -3.0001316e+00
  -2.9882865e+00
  -2.9795773e+00
  -3.1106782e+00
  -2.5495448e+00
  -2.9535093e+00
  -1.3723902e+00
  -5.5097741e-01
  -2.5541930e+00
  -1.8943114e+00
  -1.2548430e-01
  -1.0625087e+00
  -2.5423913e+00
  -3.9637237e+00
  -5.2424484e+00
  -4.4571071e+00
  -5.1639863e+00
  -4.9290044e+00
  -3.6284933e+00
  -3.8001483e+00
  -3.6475498e+00
  -4.1453794e+00
  -3.4877473e+00
  -2.8589900e+00
  -2.8712377e+00
   3.5444295e-01
   1.0524927e+00
   3.0257698e-02
  -1.3829960e+00
  -3.5229496e+00
  -1.7062413e+00
  -1.7059858e+00
  -3.2469320e+00
  -2.9932657e+00
  -3.4218589e+00
  -2.9962654e+00
  -3.0944755e+00
  -3.1597985e+00
  -3.1406644e+00
  -3.3327592e+00
  -2.9570700e+00
  -3.5155485e+00
  -1.9572409e+00
  -1.4302462e+00
  -3.5822528e+00
  -2.2798203e+00
   2.4658193e-02
  -8.0405688e-01
  -2.9068500e+00
  -4.8611766e+00
  -4.0258961e+00
  -3.0372894e+00
  -3.5331116e+00
  -3.6107676e+00
  -3.4393630e+00
  -3.2241840e+00
  -3.0932326e+00
  -3.4217029e+00
  -3.2958288e+00
  -3.1598053e+00
  -2.7934525e+00
  -1.2934908e-01
   3.0238223e-01
  -1.3202280e+00
  -2.1585803e+00
  -3.3076873e+00
  -1.3110750e+00
  -2.5550666e-01
  -2.2738779e+00
  -2.6782327e+00
  -2.7583756e+00
  -2.4929793e+00
  -2.3868439e+00
  -2.4491429e+00
  -2.3407507e+00
  -2.6947625e+00
  -2.6613827e+00
  -3.2700152e+00
  -2.5731802e+00
  -2.9470732e+00
  -4.3912935e+00
  -2.1042404e+00
  -5.4770839e-01
  -1.3455167e+00
  -3.3571980e+00
  -5.1623011e+00
  -2.7544668e+00
  -1.7564356e+00
  -2.2489505e+00
  -2.4799156e+00
  -2.5972409e+00
  -2.3806469e+00
  -2.3519115e+00
  -2.6539419e+00
  -2.8001075e+00
  -2.6326480e+00
  -2.1734555e+00
  -7.0157611e-01
  -6.8192112e-01
  -2.3578308e+00
  -2.6982598e+00
  -2.7965941e+00
  -1.1964227e+00
   1.4250024e-01
  -1.4311237e+00
  -2.1877553e+00
  -2.0071392e+00
  -1.7757835e+00
  -1.5605292e+00
  -1.5942968e+00
  -1.5950024e+00
  -2.0112772e+00
  -2.1513367e+00
  -2.5870073e+00
  -2.6151075e+00
  -3.1599870e+00
  -3.7587214e+00
  -1.8220500e+00
  -1.0307684e+00
  -2.0233600e+00
  -3.6737390e+00
  -4.5000563e+00
  -1.6853828e+00
  -8.0336988e-01
  -1.2809055e+00
  -1.5878690e+00
  -1.8508458e+00
  -1.6844099e+00
  -1.7557033e+00
  -2.0369399e+00
  -2.3471721e+00
  -2.1643591e+00
  -1.7705576e+00
  -1.3474726e+00
  -1.6326509e+00
  -3.2136080e+00
  -3.1772393e+00
  -2.4493597e+00
  -1.2250369e+00
   3.0569560e-01
  -7.4010405e-01
  -1.8372525e+00
  -1.4754488e+00
  -1.1896186e+00
  -9.0189964e-01
  -9.0783243e-01
  -1.0562179e+00
  -1.5222164e+00
  -1.8035521e+00
  -2.0606072e+00
  -2.5694606e+00
  -3.1900519e+00
  -3.1281897e+00
  -1.6767439e+00
  -1.4791321e+00
  -2.5986281e+00
  -3.9398556e+00
  -3.8006756e+00
  -8.7272140e-01
  -4.4601527e-01
  -8.7092292e-01
  -1.0808010e+00
  -1.1825797e+00
  -1.1994930e+00
  -1.3873140e+00
  -1.6538098e+00
  -1.9010082e+00
  -1.7515047e+00
  -1.8308627e+00
  -2.3307765e+00
  -2.7199195e+00
  -3.8221442e+00
  -3.6226678e+00
  -2.4389047e+00
  -1.6150781e+00
  -6.0108664e-02
  -2.6386196e-01
  -1.7598714e+00
  -1.3722229e+00
  -7.9879167e-01
  -5.1155099e-01
  -4.8534999e-01
  -9.0931571e-01
  -1.4075316e+00
  -1.7865598e+00
  -1.8132463e+00
  -2.3052425e+00
  -2.7959833e+00
  -2.3851064e+00
  -1.8440887e+00
  -1.9488635e+00
  -3.0493960e+00
  -4.1453219e+00
  -2.8628881e+00
  -1.8141279e+00
  -1.7621674e+00
  -2.2389936e+00
  -2.2894506e+00
  -2.2107296e+00
  -2.2593234e+00
  -2.3428779e+00
  -2.4528462e+00
  -2.5201073e+00
  -2.6889563e+00
  -3.1061123e+00
  -3.4210367e+00
  -3.2760081e+00
  -3.5051365e+00
  -3.7012105e+00
  -3.3564415e+00
  -2.8622462e+00
  -1.2340522e+00
  -8.7069452e-01
  -2.5497972e+00
  -2.6377468e+00
  -1.9604660e+00
  -1.6977587e+00
  -1.6432121e+00
  -2.0860658e+00
  -2.5874168e+00
  -2.9470828e+00
  -2.8995390e+00
  -2.7596001e+00
  -2.8259385e+00
  -2.8677535e+00
  -2.7524630e+00
  -2.5460591e+00
  -3.2467625e+00
  -3.9212720e+00
  -2.9275703e+00
  -2.9700894e+00
  -2.8079681e+00
  -3.5924497e+00
  -3.6664474e+00
  -3.3868573e+00
  -3.4583340e+00
  -3.4067540e+00
  -3.4009604e+00
  -3.4972522e+00
  -3.7081676e+00
  -3.9076324e+00
  -4.0943942e+00
  -3.5687447e+00
  -3.2585442e+00
  -3.8210025e+00
  -3.8754096e+00
  -3.7794180e+00
  -2.4106946e+00
  -1.6595467e+00
  -3.1673417e+00
  -3.6214197e+00
  -3.2346199e+00
  -3.0269036e+00
  -2.9240661e+00
  -3.2569590e+00
  -3.6791506e+00
  -3.9929471e+00
  -3.9443774e+00
  -3.7402184e+00
  -3.2840466e+00
  -3.3105643e+00
  -3.5708654e+00
  -3.2209377e+00
  -3.5206957e+00
  -3.7862329e+00
  -3.4592028e+00
  -4.0105481e+00
  -3.6238186e+00
  -4.7540798e+00
  -4.9072700e+00
  -4.4389567e+00
  -4.5168028e+00
  -4.3603506e+00
  -4.3123984e+00
  -4.4880104e+00
  -4.5671082e+00
  -4.3898015e+00
  -4.5222960e+00
  -3.7425644e+00
  -3.0957816e+00
  -3.9071064e+00
  -4.1052685e+00
  -4.4048605e+00
  -3.4945095e+00
  -2.5048335e+00
  -3.6066127e+00
  -4.2835588e+00
  -4.3371916e+00
  -4.2240081e+00
  -4.1067281e+00
  -4.3101687e+00
  -4.6089034e+00
  -4.8516541e+00
  -4.8322048e+00
  -4.7963624e+00
  -3.7973151e+00
  -3.5815887e+00
  -4.2597589e+00
  -3.9001064e+00
  -3.7696555e+00
  -3.6797285e+00
  -4.0523648e+00
  -4.2217343e+00
  -3.6556929e+00
  -4.9773518e+00
  -5.2391273e+00
  -4.6848031e+00
  -4.7151345e+00
  -4.6128448e+00
  -4.7645850e+00
  -5.0073388e+00
  -4.5867134e+00
  -4.0091213e+00
  -4.3192661e+00
  -3.6701467e+00
  -3.2132316e+00
  -3.8170383e+00
  -3.5735054e+00
  -4.1143504e+00
  -4.0017234e+00
  -3.2154305e+00
  -3.4488070e+00
  -3.8726350e+00
  -4.4799415e+00
  -4.5582991e+00
  -4.5695605e+00
  -4.7104984e+00
  -4.8218472e+00
  -4.9402010e+00
  -4.9908017e+00
  -5.4487442e+00
  -4.0350229e+00
  -3.2034076e+00
  -4.4040118e+00
  -4.3802112e+00
  -3.8084446e+00
  -3.6245828e+00
  -4.3426618e+00
  -2.0765610e+00
  -2.0153186e+00
  -2.4596694e+00
  -2.4910102e+00
  -2.5295131e+00
  -2.2832265e+00
  -2.4768913e+00
  -3.0582716e+00
  -2.9765322e+00
  -2.3799322e+00
  -2.2614512e+00
  -2.4083090e+00
  -2.2118356e+00
  -2.5220244e+00
  -2.1444530e+00
  -1.6751752e+00
  -1.8605766e+00
  -1.9861935e+00
  -2.4475570e+00
  -1.8410031e+00
  -1.4229710e+00
  -1.9434487e+00
  -2.0176883e+00
  -2.5580487e+00
  -2.7875323e+00
  -2.8433161e+00
  -2.8145576e+00
  -2.8305826e+00
  -3.2470469e+00
  -2.3215637e+00
  -1.8123698e+00
  -2.5737784e+00
  -2.7830651e+00
  -2.4265165e+00
  -2.4290574e+00
  -2.6251388e+00
   5.8656609e-01
   3.2958162e-01
   8.1310427e-01
   9.8743862e-01
   5.4604262e-01
   8.0363655e-01
   4.1724092e-01
  -1.1278924e-01
   1.2750027e-01
   3.7275550e-01
   4.6163186e-02
   2.1388894e-01
   2.7508339e-01
  -3.0857944e-01
   5.6290787e-01
   8.7734908e-01
   9.4485039e-01
   8.8166684e-01
  -2.4260652e-01
   4.8313895e-01
   1.0814166e+00
   9.3773806e-01
   1.1345050e+00
   3.6309570e-01
   1.3654512e-01
   7.2698042e-02
   1.7621699e-01
   2.8806862e-01
   1.5679646e-01
   3.5587266e-01
   1.5784299e-01
   2.5544864e-01
   2.1672690e-01
  -6.5612912e-02
  -9.9524133e-02
   2.0898643e-01
   3.2799699e+00
   3.0478586e+00
   4.0193548e+00
   4.2194128e+00
   3.8654766e+00
   3.8163195e+00
   3.3241537e+00
   3.2366916e+00
   3.3595195e+00
   3.2840509e+00
   2.9241096e+00
   3.2273147e+00
   3.3150785e+00
   2.8929440e+00
   3.7430921e+00
   3.9007463e+00
   4.0369754e+00
   3.7982950e+00
   2.7570848e+00
   3.2808646e+00
   3.3527188e+00
   3.4034381e+00
   3.8487606e+00
   3.3438296e+00
   3.3062575e+00
   3.3149584e+00
   3.4839311e+00
   3.6419332e+00
   3.6962901e+00
   3.3718910e+00
   2.9041374e+00
   3.5634771e+00
   3.5514965e+00
   2.8448269e+00
   2.7746851e+00
   3.2704916e+00
   5.3545669e+00
   5.4092643e+00
   6.2215990e+00
   6.3382076e+00
   6.4041851e+00
   5.9237274e+00
   5.4539922e+00
   5.8818285e+00
   5.8017043e+00
   5.7286151e+00
   5.7384126e+00
   5.9474300e+00
   6.0483040e+00
   6.0265667e+00
   6.4901551e+00
   6.5473537e+00
   6.6455682e+00
   6.0411762e+00
   5.5659488e+00
   5.7582800e+00
   4.9331334e+00
   4.8146351e+00
   5.2573401e+00
   5.4152735e+00
   5.7551077e+00
   5.9604766e+00
   6.2063207e+00
   6.2985577e+00
   6.4058264e+00
   5.9824752e+00
   5.8509344e+00
   6.3964441e+00
   5.9915446e+00
   5.4405549e+00
   5.2771989e+00
   5.4772900e+00
   6.0741180e+00
   6.3979011e+00
   6.6759457e+00
   6.8016648e+00
   7.0047092e+00
   6.4016394e+00
   6.1471466e+00
   6.6410022e+00
   6.6448530e+00
   6.8765344e+00
   7.2354398e+00
   7.3047261e+00
   7.2529211e+00
   7.4470763e+00
   7.5571079e+00
   7.5226822e+00
   7.5951905e+00
   6.8447089e+00
   6.6998982e+00
   6.6361322e+00
   5.4613198e+00
   5.0029944e+00
   5.1196699e+00
   5.7583078e+00
   6.4344248e+00
   6.8893356e+00
   7.2294993e+00
   7.3063092e+00
   7.4303570e+00
   7.2386660e+00
   7.5227565e+00
   7.3283510e+00
   6.3351191e+00
   6.4180750e+00
   6.2048979e+00
   5.8439578e+00
   5.1358924e+00
   5.5543547e+00
   5.5144582e+00
   5.6705155e+00
   5.4247370e+00
   5.1897025e+00
   5.3613596e+00
   5.4917135e+00
   5.7977643e+00
   6.1206217e+00
   6.3885865e+00
   6.4553704e+00
   6.3063235e+00
   6.3969727e+00
   6.3111448e+00
   6.1699042e+00
   6.0940008e+00
   5.6299610e+00
   5.3867269e+00
   5.2224846e+00
   4.7830286e+00
   4.3778157e+00
   4.2037530e+00
   4.6045852e+00
   5.1819563e+00
   5.7271428e+00
   6.1262817e+00
   6.3922067e+00
   6.4887795e+00
   6.4472551e+00
   6.4639506e+00
   5.6010113e+00
   4.7174997e+00
   5.1520343e+00
   5.1327939e+00
   4.6274638e+00
   3.1707833e+00
   3.5051568e+00
   3.2969368e+00
   3.1041050e+00
   2.5643597e+00
   2.8242304e+00
   3.4006431e+00
   3.4181743e+00
   3.6998024e+00
   3.7865081e+00
   3.7821033e+00
   3.7747428e+00
   3.8072574e+00
   3.7837033e+00
   3.4482441e+00
   3.2787867e+00
   2.8360779e+00
   2.5482957e+00
   2.4556274e+00
   2.5162778e+00
   2.9752254e+00
   2.9870381e+00
   2.8803568e+00
   2.7944949e+00
   2.9000227e+00
   3.2374208e+00
   3.5049624e+00
   3.7510436e+00
   3.6300101e+00
   3.6565161e+00
   3.2762194e+00
   2.4553692e+00
   2.4366884e+00
   2.6588550e+00
   2.8659916e+00
   2.8671274e+00
   9.2419648e-01
   8.9515251e-01
   2.5546157e-01
  -4.0658078e-01
  -6.0298502e-01
  -1.4129810e-02
   6.4033282e-01
   8.6371803e-01
   9.6131855e-01
   9.7918332e-01
   8.8676238e-01
   6.3065046e-01
   6.9573641e-01
   5.6586736e-01
   6.6645779e-02
  -3.6936462e-02
  -5.1050144e-01
  -7.8406012e-01
  -4.9542981e-01
  -5.6348599e-02
   4.5357642e-01
   5.6369203e-01
   6.0505909e-01
   4.4868815e-01
   2.4968471e-01
   1.7409623e-01
   1.0338120e-02
  -1.8501627e-01
  -3.8091028e-01
   1.1522010e-02
   2.0874038e-02
  -1.1120520e-01
   3.9082509e-01
   3.1258976e-01
   4.1659415e-01
   8.2543105e-01
  -1.5441117e+00
  -1.9515908e+00
  -2.6633973e+00
  -3.0467322e+00
  -2.7252385e+00
  -2.1224492e+00
  -1.7785628e+00
  -1.6668644e+00
  -1.6453356e+00
  -1.5847754e+00
  -1.6923890e+00
  -2.0692480e+00
  -2.3284175e+00
  -2.6320063e+00
  -2.8850431e+00
  -2.7280114e+00
  -2.5417637e+00
  -2.4288681e+00
  -2.1662140e+00
  -1.8911476e+00
  -1.8238384e+00
  -1.9102056e+00
  -1.9694085e+00
  -2.1000218e+00
  -2.3640690e+00
  -2.7126371e+00
  -3.0500324e+00
  -3.2180891e+00
  -3.0118531e+00
  -2.4036469e+00
  -2.0107033e+00
  -1.7547291e+00
  -1.4710400e+00
  -1.5341077e+00
  -1.6075991e+00
  -1.4804138e+00
  -1.3917544e+00
  -1.4825643e+00
  -1.5321954e+00
  -1.4559615e+00
  -1.2826693e+00
  -1.1995554e+00
  -1.3096443e+00
  -1.5763772e+00
  -1.8480334e+00
  -2.0118294e+00
  -2.1005515e+00
  -2.1237693e+00
  -2.0918880e+00
  -2.0039898e+00
  -1.8473198e+00
  -1.6440557e+00
  -1.4435684e+00
  -1.3464874e+00
  -1.3303808e+00
  -1.3224209e+00
  -1.2844523e+00
  -1.2272751e+00
  -1.1813819e+00
  -1.2007676e+00
  -1.2760670e+00
  -1.3639872e+00
  -1.4063336e+00
  -1.4070582e+00
  -1.4189046e+00
  -1.4969677e+00
  -1.6188174e+00
  -1.7009309e+00
  -1.6539963e+00
  -1.5399009e+00
  -1.4194219e+00
  -1.3614253e+00
