   0.0000000e+00
   0.0000000e+00
   0.0000000e+00
   0.0000000e+00
   0.0000000e+00
   0.0000000e+00
   0.0000000e+00
   0.0000000e+00
   0.0000000e+00
   4.2874751e-03
   3.2115300e-03
   1.8766485e-03
   2.2023471e-03
   2.1051834e-03
   9.8646580e-05
  -3.3220641e-03
  -7.4650126e-03
  -1.0534162e-02
  -1.2996212e-02
  -1.6725122e-02
  -1.9339318e-02
  -1.9124860e-02
  -1.4084120e-02
  -9.8524375e-03
  -7.6538019e-03
   0.0000000e+00
   0.0000000e+00
   0.0000000e+00
   0.0000000e+00
   0.0000000e+00
   0.0000000e+00
   0.0000000e+00
   0.0000000e+00
   0.0000000e+00
   0.0000000e+00
   0.0000000e+00
   0.0000000e+00
   0.0000000e+00
   0.0000000e+00
   0.0000000e+00
   0.0000000e+00
   0.0000000e+00
   0.0000000e+00
   0.0000000e+00
   0.0000000e+00
  -0.0000000e+00
  -1.1362921e-02
  -1.6795789e-02
  -3.3778852e-02
  -3.3819545e-02
  -2.9825179e-02
  -2.8585335e-02
  -2.6797801e-02
  -2.1338946e-02
  -1.7185478e-02
  -1.9456508e-02
  -2.6549282e-02
  -2.9899353e-02
  -2.5574427e-02
  -0.0000000e+00
  -0.0000000e+00
  -1.7728505e-02
  -2.3017266e-02
  -0.0000000e+00
   0.0000000e+00
   0.0000000e+00
   0.0000000e+00
   0.0000000e+00
   0.0000000e+00
   0.0000000e+00
   0.0000000e+00
   0.0000000e+00
   0.0000000e+00
   0.0000000e+00
   0.0000000e+00
   0.0000000e+00
   0.0000000e+00
   0.0000000e+00
   0.0000000e+00
   0.0000000e+00
   0.0000000e+00
  -0.0000000e+00
  -0.0000000e+00
  -2.5204499e-02
  -3.0555071e-02
  -2.5550630e-02
  -1.2696370e-02
  -1.1482926e-02
  -1.1768281e-02
  -9.4923265e-03
  -1.0601003e-02
  -1.2873505e-02
  -1.9492004e-02
  -2.5376067e-02
  -2.8985756e-02
  -2.9673324e-02
  -2.5535605e-02
  -1.9525543e-02
  -2.3112632e-02
  -2.5717415e-02
  -1.7734994e-02
  -1.8400312e-02
   0.0000000e+00
   0.0000000e+00
   0.0000000e+00
   0.0000000e+00
   0.0000000e+00
   0.0000000e+00
   0.0000000e+00
   0.0000000e+00
   0.0000000e+00
   0.0000000e+00
   0.0000000e+00
   0.0000000e+00
   0.0000000e+00
   0.0000000e+00
   0.0000000e+00
   0.0000000e+00
   8.2873267e-03
   3.4248570e-03
  -1.8377343e-04
   2.1337243e-03
   9.1888737e-03
   8.3899628e-03
   9.7396793e-03
   7.2908341e-03
   7.3540760e-03
   1.3314369e-02
   9.8416172e-03
   5.1826858e-03
  -2.8160175e-03
  -9.9089192e-03
  -1.3072425e-02
  -1.3527036e-02
  -1.3280470e-02
  -1.9281741e-02
  -1.6827519e-02
  -1.2538465e-02
  -0.0000000e+00
   0.0000000e+00
   0.0000000e+00
   0.0000000e+00
   0.0000000e+00
   0.0000000e+00
   0.0000000e+00
   0.0000000e+00
   0.0000000e+00
   0.0000000e+00
   0.0000000e+00
   0.0000000e+00
   0.0000000e+00
   0.0000000e+00
   0.0000000e+00
   3.3535716e-02
   4.8934609e-02
   5.2758031e-02
   4.4923864e-02
   3.9317165e-02
   3.7568349e-02
   3.6152665e-02
   3.6460772e-02
   3.6641691e-02
   4.3347675e-02
   5.0208669e-02
   4.8654765e-02
   4.3635536e-02
   3.3133823e-02
   2.2605481e-02
   1.3736800e-02
   5.4158554e-03
   1.3164938e-03
  -4.0621334e-03
  -4.0532397e-03
   2.1823180e-03
   6.0311330e-03
   0.0000000e+00
   0.0000000e+00
   0.0000000e+00
   0.0000000e+00
   0.0000000e+00
   0.0000000e+00
   0.0000000e+00
   0.0000000e+00
   0.0000000e+00
   0.0000000e+00
   0.0000000e+00
   0.0000000e+00
   0.0000000e+00
   4.8481298e-02
   6.5412477e-02
   7.8577280e-02
   9.1899469e-02
   8.1761643e-02
   6.2956043e-02
   6.0443915e-02
   5.9236004e-02
   0.0000000e+00
   6.4281372e-02
   7.0000291e-02
   7.0355892e-02
   7.6587588e-02
   7.1828268e-02
   6.6128343e-02
   5.5235852e-02
   4.4641614e-02
   3.6498874e-02
   2.4226485e-02
   1.7259698e-02
   9.7799543e-03
   1.1983998e-02
   8.3475503e-03
   1.5631194e-02
   0.0000000e+00
   0.0000000e+00
   0.0000000e+00
   0.0000000e+00
   0.0000000e+00
   0.0000000e+00
   0.0000000e+00
   0.0000000e+00
   0.0000000e+00
   2.2042850e-02
   4.6436029e-02
   4.5495754e-02
   6.7883924e-02
   8.6376764e-02
   8.3693668e-02
   9.6974775e-02
   8.8768758e-02
   7.3153939e-02
   0.0000000e+00
   6.4632809e-02
   0.0000000e+00
   6.8554138e-02
   7.3950253e-02
   7.2272177e-02
   8.9531146e-02
   8.9753151e-02
   9.1122195e-02
   8.1599340e-02
   6.9187179e-02
   6.5307274e-02
   4.9724165e-02
   4.0139545e-02
   2.1553237e-02
   1.7984306e-02
   8.7436002e-03
   9.8248017e-03
   0.0000000e+00
   0.0000000e+00
   0.0000000e+00
   0.0000000e+00
   0.0000000e+00
   0.0000000e+00
   0.0000000e+00
   0.0000000e+00
   0.0000000e+00
   3.7232609e-02
   6.4275548e-02
   5.4556943e-02
   6.7269593e-02
   7.7155583e-02
   6.3907303e-02
   5.9033662e-02
   5.0827630e-02
   5.8611035e-02
   4.3950281e-02
   4.5892812e-02
   4.0854386e-02
   4.0137133e-02
   0.0000000e+00
   0.0000000e+00
   7.4121960e-02
   8.4697142e-02
   8.5254513e-02
   8.3400361e-02
   7.1357578e-02
   7.0050441e-02
   5.7947066e-02
   4.7741372e-02
   2.6067937e-02
   1.7627479e-02
   5.8920522e-03
  -7.6913275e-05
   0.0000000e+00
   0.0000000e+00
   0.0000000e+00
   0.0000000e+00
   0.0000000e+00
  -0.0000000e+00
  -7.9580509e-03
  -1.4136847e-03
   0.0000000e+00
   3.4254094e-02
   5.4086402e-02
   4.3155801e-02
   3.5745811e-02
   3.7816834e-02
   2.7349543e-02
   1.6043333e-03
  -1.2645066e-02
   1.3047115e-02
   1.3919110e-02
   1.4635505e-02
   1.7173406e-02
   0.0000000e+00
   0.0000000e+00
   0.0000000e+00
   3.6477650e-02
   4.5808740e-02
   4.2825092e-02
   4.6580754e-02
   4.1367292e-02
   3.9881662e-02
   3.5583638e-02
   2.6904007e-02
   1.7033560e-02
   0.0000000e+00
   2.2371345e-03
  -4.6688445e-03
   3.5303461e-03
   0.0000000e+00
   0.0000000e+00
   0.0000000e+00
   0.0000000e+00
  -2.8378811e-02
  -1.6128859e-02
   2.2351273e-03
   0.0000000e+00
   1.1922446e-02
   1.7279465e-02
   1.2941604e-02
  -1.8068344e-03
  -6.4320927e-03
  -1.0261685e-02
  -2.7580589e-02
  -4.0786590e-02
  -3.0661669e-02
  -1.0182180e-02
  -5.0758091e-03
  -1.1408013e-02
   0.0000000e+00
  -0.0000000e+00
  -0.0000000e+00
  -8.3761849e-03
  -1.8538102e-03
  -2.7123606e-03
  -9.6745999e-04
   2.4020561e-04
  -6.9252239e-04
  -1.0855764e-03
  -3.6315836e-03
   5.9338822e-04
   0.0000000e+00
  -6.7769643e-03
  -7.2995664e-03
  -8.9782374e-03
   0.0000000e+00
   0.0000000e+00
   0.0000000e+00
   0.0000000e+00
  -4.1118860e-02
  -2.1871001e-02
  -4.4326360e-03
  -0.0000000e+00
  -9.3095731e-03
  -1.4771019e-02
  -1.6009351e-02
  -2.7141429e-02
  -3.6625270e-02
  -3.7280273e-02
  -3.1700376e-02
  -3.5066372e-02
  -0.0000000e+00
  -0.0000000e+00
  -1.3623912e-02
  -2.1392169e-02
   0.0000000e+00
  -0.0000000e+00
  -0.0000000e+00
  -3.6910757e-02
  -3.3441596e-02
  -2.9600194e-02
  -3.1129709e-02
  -2.7464742e-02
  -2.7596574e-02
  -2.6445268e-02
  -2.2838579e-02
  -1.1207704e-02
  -0.0000000e+00
  -0.0000000e+00
  -1.3111957e-02
  -1.7504442e-02
  -0.0000000e+00
   0.0000000e+00
   0.0000000e+00
   0.0000000e+00
  -4.9177659e-02
  -2.3457948e-02
  -1.1772493e-02
  -0.0000000e+00
  -2.6225943e-02
  -3.4057017e-02
  -3.6517363e-02
  -4.1558519e-02
  -5.2119792e-02
  -4.9810980e-02
  -2.5907842e-02
  -1.4964368e-02
  -0.0000000e+00
  -0.0000000e+00
  -1.8277252e-02
  -2.0762776e-02
  -0.0000000e+00
   0.0000000e+00
  -4.3630378e-02
  -5.4381300e-02
  -5.0033994e-02
  -4.3484710e-02
  -4.5524385e-02
  -4.1597538e-02
  -4.0523440e-02
  -3.8323324e-02
  -3.0428626e-02
  -1.6364330e-02
  -1.6580607e-02
  -0.0000000e+00
  -1.9983216e-02
  -2.2168051e-02
  -0.0000000e+00
   0.0000000e+00
   0.0000000e+00
  -0.0000000e+00
  -4.5203569e-02
  -2.0550598e-02
  -0.0000000e+00
  -4.8583873e-02
  -3.8634785e-02
  -3.9861821e-02
  -4.7032189e-02
  -4.6937600e-02
  -5.2885458e-02
  -4.6567940e-02
  -1.6621206e-02
   0.0000000e+00
  -0.0000000e+00
  -0.0000000e+00
  -2.1243873e-02
  -1.5641869e-02
  -2.0482683e-02
   0.0000000e+00
  -5.0125606e-02
  -6.0223870e-02
  -5.4456577e-02
  -4.8535347e-02
  -4.6869367e-02
  -4.3562058e-02
  -4.1072305e-02
  -3.7201613e-02
  -2.7707037e-02
  -1.4242848e-02
  -1.8442404e-02
  -0.0000000e+00
  -2.5842589e-02
  -2.4123019e-02
  -2.1291405e-02
   0.0000000e+00
   0.0000000e+00
  -0.0000000e+00
  -3.4957539e-02
  -1.6507714e-02
  -4.3995707e-02
  -5.7131924e-02
  -3.4695890e-02
  -2.8464353e-02
  -3.8242642e-02
  -3.9626081e-02
  -3.4453051e-02
  -0.0000000e+00
  -9.1950796e-03
   0.0000000e+00
   0.0000000e+00
   0.0000000e+00
  -2.8089588e-02
  -1.4013119e-02
  -1.7081048e-02
  -3.5266974e-02
  -4.6284350e-02
  -4.9516696e-02
  -4.2690545e-02
  -4.1499440e-02
  -3.4265060e-02
  -3.1693097e-02
  -3.1002846e-02
  -2.4222188e-02
  -1.7940117e-02
  -1.9979912e-03
  -1.1922992e-02
  -0.0000000e+00
  -2.0192878e-02
  -2.1045608e-02
  -1.8452958e-02
   0.0000000e+00
   0.0000000e+00
  -0.0000000e+00
  -3.5507411e-02
  -2.6746327e-02
  -5.0865867e-02
  -5.0115559e-02
  -3.0544577e-02
  -2.3262739e-02
  -3.1610169e-02
  -3.2447226e-02
  -2.2921073e-02
  -0.0000000e+00
  -1.9990852e-03
   3.8814866e-03
   5.5614165e-03
   0.0000000e+00
  -0.0000000e+00
  -1.7412310e-02
  -2.0193106e-02
  -3.3562374e-02
  -3.6965840e-02
  -3.8094755e-02
  -3.2180313e-02
  -3.2593876e-02
  -2.5534816e-02
  -2.3664694e-02
  -2.3083964e-02
  -1.5166543e-02
  -1.3520159e-02
   1.2883185e-03
  -3.4964406e-03
  -0.0000000e+00
  -0.0000000e+00
  -1.6119442e-02
  -1.7606673e-02
   0.0000000e+00
   0.0000000e+00
  -0.0000000e+00
  -3.9856620e-02
  -3.8030405e-02
  -5.3682499e-02
  -4.4536367e-02
  -3.0420396e-02
  -2.3666175e-02
  -3.0618517e-02
  -2.9883405e-02
  -1.6495209e-02
  -1.2082186e-02
   1.3434447e-04
   4.0271427e-03
   5.5017666e-03
   0.0000000e+00
  -0.0000000e+00
  -1.9781658e-02
  -2.1567146e-02
  -3.5904363e-02
  -3.1401921e-02
  -3.2589473e-02
  -2.7336681e-02
  -2.8509313e-02
  -2.3200834e-02
  -2.2320056e-02
  -2.2035746e-02
  -1.3994052e-02
  -1.5355746e-02
  -9.7738334e-04
  -3.6806989e-05
  -0.0000000e+00
  -1.1857951e-02
  -1.1125735e-02
  -1.6804730e-02
   0.0000000e+00
   0.0000000e+00
  -4.8706971e-02
  -4.6225507e-02
  -5.1271923e-02
  -5.7333760e-02
  -3.8086891e-02
  -3.3826698e-02
  -2.9915603e-02
  -3.4963354e-02
  -3.0241866e-02
  -1.7796593e-02
  -1.6286829e-02
   1.1792630e-03
   4.8319749e-03
   0.0000000e+00
   0.0000000e+00
  -0.0000000e+00
  -1.9194275e-02
  -2.3631002e-02
  -3.4377724e-02
  -2.7276440e-02
  -3.1232212e-02
  -2.6371256e-02
  -2.7815271e-02
  -2.6078630e-02
  -2.7066881e-02
  -2.6927114e-02
  -2.0561341e-02
  -2.3848834e-02
  -8.9344792e-03
  -1.1745356e-03
  -0.0000000e+00
  -1.4484839e-02
  -3.9464664e-03
  -1.1093003e-02
   0.0000000e+00
   0.0000000e+00
  -4.5223661e-02
  -4.3405168e-02
  -4.8838731e-02
  -4.8551384e-02
  -3.3809051e-02
  -3.3101879e-02
  -3.1151241e-02
  -3.5096314e-02
  -2.9721728e-02
  -2.3065306e-02
  -2.2404928e-02
   1.4939776e-03
   0.0000000e+00
   0.0000000e+00
   0.0000000e+00
  -0.0000000e+00
  -1.4809052e-02
  -1.6114930e-02
  -2.6961571e-02
  -2.4229696e-02
  -2.8538344e-02
  -2.4551477e-02
  -2.5959164e-02
  -2.6190506e-02
  -2.6859608e-02
  -2.7781410e-02
  -2.4874544e-02
  -2.9194314e-02
  -1.5633261e-02
  -9.1841687e-03
  -0.0000000e+00
  -1.8235382e-02
  -1.5123625e-03
  -0.0000000e+00
   0.0000000e+00
   0.0000000e+00
  -3.5111599e-02
  -3.1718023e-02
  -3.6050886e-02
  -3.5687502e-02
  -2.7494349e-02
  -2.6403673e-02
  -2.4966223e-02
  -2.7517376e-02
  -2.4869639e-02
  -2.1025833e-02
  -1.9211708e-02
   1.0568501e-03
   0.0000000e+00
   0.0000000e+00
  -0.0000000e+00
  -0.0000000e+00
  -1.0920585e-02
  -7.2865118e-03
  -1.9055597e-02
  -2.1474713e-02
  -2.3209739e-02
  -1.9875310e-02
  -2.0435050e-02
  -2.0893935e-02
  -2.0795951e-02
  -2.2416515e-02
  -2.1748010e-02
  -2.5907950e-02
  -1.7021578e-02
  -1.3459624e-02
  -2.8550074e-02
  -1.6484009e-02
  -1.6276985e-03
  -0.0000000e+00
   0.0000000e+00
  -0.0000000e+00
  -2.8819587e-02
  -2.1321759e-02
  -2.6351353e-02
  -2.7436282e-02
  -2.5787281e-02
  -2.3770966e-02
  -2.2708634e-02
  -2.5183899e-02
  -2.5238551e-02
  -2.3367934e-02
  -1.9245435e-02
  -1.0442818e-03
   4.5837697e-03
  -1.3332335e-02
  -1.5320053e-02
  -0.0000000e+00
  -8.1772525e-03
   2.4362787e-04
  -1.3526965e-02
  -2.1169539e-02
  -1.9569339e-02
  -1.7166359e-02
  -1.6531749e-02
  -1.7342085e-02
  -1.6959939e-02
  -2.0023158e-02
  -2.1388087e-02
  -2.5836866e-02
  -2.2213316e-02
  -2.1038502e-02
  -3.2360581e-02
  -1.6400967e-02
  -3.4221974e-03
  -0.0000000e+00
   0.0000000e+00
  -3.5136059e-02
  -1.7056843e-02
  -7.4101882e-03
  -1.2021476e-02
  -1.4964706e-02
  -1.9202925e-02
  -1.6866943e-02
  -1.6328584e-02
  -1.8113093e-02
  -2.1232244e-02
  -2.1010749e-02
  -1.3765015e-02
  -6.7274608e-03
  -5.9741447e-03
  -2.6704228e-02
  -2.8344521e-02
  -2.0222055e-02
  -6.2316358e-03
   6.8578133e-03
  -3.3320384e-03
  -0.0000000e+00
  -1.1891651e-02
  -1.0246317e-02
  -7.8550205e-03
  -7.6305834e-03
  -9.1804257e-03
  -1.3714978e-02
  -1.6337367e-02
  -1.9209845e-02
  -2.6849082e-02
  -2.9791547e-02
  -2.9491472e-02
  -1.6203701e-02
  -9.8038027e-03
  -1.4368597e-02
  -2.2405668e-02
  -3.2174130e-02
  -1.0672997e-02
  -3.7528432e-03
  -7.3034475e-03
  -8.8943643e-03
  -1.1966781e-02
  -1.2078523e-02
  -1.3421084e-02
  -1.5771821e-02
  -1.8913051e-02
  -1.7239451e-02
  -1.5244495e-02
  -1.9385278e-02
  -2.0020490e-02
  -3.8705339e-02
  -3.8106203e-02
  -2.2615254e-02
  -1.2729084e-02
   3.0253676e-03
   0.0000000e+00
  -0.0000000e+00
  -1.1679400e-02
  -7.6042325e-03
  -4.2284010e-03
  -3.4024525e-03
  -7.5364439e-03
  -1.2925262e-02
  -1.6712775e-02
  -1.6794773e-02
  -2.3528418e-02
  -2.8248683e-02
  -2.3716411e-02
  -1.7367266e-02
  -1.5226489e-02
  -0.0000000e+00
  -3.4470450e-02
  -2.9924955e-02
  -1.2584792e-02
  -9.8333173e-03
  -1.3548873e-02
  -1.4204826e-02
  -1.5747821e-02
  -1.6910283e-02
  -1.8692115e-02
  -2.0591440e-02
  -2.2655835e-02
  -2.1737833e-02
  -2.4373004e-02
  -3.0388033e-02
  -2.7820433e-02
  -3.8473773e-02
  -4.0308673e-02
  -2.8311934e-02
  -2.2980019e-02
  -4.3787984e-03
   0.0000000e+00
  -0.0000000e+00
  -1.8420672e-02
  -1.3883105e-02
  -9.8999590e-03
  -8.7263286e-03
  -1.3458183e-02
  -1.9035876e-02
  -2.3483487e-02
  -2.2418946e-02
  -2.4155336e-02
  -2.6924489e-02
  -2.4499638e-02
  -2.1827912e-02
  -1.8556964e-02
  -0.0000000e+00
  -4.0511287e-02
  -3.0255202e-02
  -2.3236256e-02
  -2.5387358e-02
  -3.0983258e-02
  -3.0825268e-02
  -3.0585239e-02
  -3.2373015e-02
  -3.3379816e-02
  -3.3861164e-02
  -3.4080628e-02
  -3.5639655e-02
  -4.2360339e-02
  -4.4144023e-02
  -3.4340493e-02
  -3.4668870e-02
  -3.8418245e-02
  -3.7738204e-02
  -3.8490776e-02
  -1.8075690e-02
  -0.0000000e+00
  -0.0000000e+00
  -3.3516981e-02
  -3.0017402e-02
  -2.5409207e-02
  -2.4047865e-02
  -2.8007524e-02
  -3.3475723e-02
  -3.8197186e-02
  -3.7157241e-02
  -3.1254243e-02
  -2.8105685e-02
  -2.8788829e-02
  -3.0647172e-02
  -2.3745496e-02
   0.0000000e+00
  -4.1414147e-02
  -3.4044325e-02
  -4.3767776e-02
  -4.0327124e-02
  -5.3651251e-02
  -5.4284126e-02
  -5.0556611e-02
  -5.4152612e-02
  -5.1415369e-02
  -4.8805997e-02
  -4.9762323e-02
  -5.2115705e-02
  -5.1693782e-02
  -5.2357264e-02
  -3.9678857e-02
  -2.9827621e-02
  -4.0240273e-02
  -4.3123820e-02
  -4.8179308e-02
  -3.5661571e-02
  -0.0000000e+00
  -0.0000000e+00
  -0.0000000e+00
  -4.8241198e-02
  -4.6102803e-02
  -4.3464467e-02
  -4.6225775e-02
  -5.0525445e-02
  -5.4858990e-02
  -5.4982245e-02
  -5.1053677e-02
  -3.5978271e-02
  -3.4811792e-02
  -0.0000000e+00
  -3.5462524e-02
  -3.1818133e-02
  -3.7957026e-02
  -4.4530787e-02
  -4.7674160e-02
  -3.9432023e-02
  -5.6216657e-02
  -5.8922175e-02
  -5.0803345e-02
  -5.2276477e-02
  -5.0753105e-02
  -5.0951999e-02
  -5.3154819e-02
  -5.0261483e-02
  -4.4279628e-02
  -4.7679614e-02
  -3.8061533e-02
  -3.0537194e-02
  -4.0560488e-02
  -0.0000000e+00
  -4.3193886e-02
  -4.0598758e-02
  -0.0000000e+00
   0.0000000e+00
  -0.0000000e+00
  -4.9618576e-02
  -4.9534101e-02
  -4.9112797e-02
  -5.1008046e-02
  -5.3293817e-02
  -5.5430643e-02
  -5.6179624e-02
  -5.9929799e-02
  -3.8837120e-02
  -2.9956508e-02
  -4.5085727e-02
  -4.2425705e-02
  -3.4872769e-02
  -3.7918031e-02
  -4.8466902e-02
  -3.6487505e-02
  -2.9863078e-02
  -4.1793875e-02
  -4.4041339e-02
  -3.8304884e-02
  -3.7385322e-02
  -3.8347032e-02
  -4.2241570e-02
  -4.3077558e-02
  -3.6954224e-02
  -3.1969815e-02
  -3.4971189e-02
  -2.9926330e-02
  -2.8888766e-02
  -3.2614641e-02
  -2.8211158e-02
  -2.9017392e-02
  -3.1073866e-02
  -0.0000000e+00
  -0.0000000e+00
  -0.0000000e+00
  -3.6049072e-02
  -3.5757169e-02
  -3.9401945e-02
  -4.1522793e-02
  -4.2894140e-02
  -4.3316957e-02
  -4.3463416e-02
  -4.9816936e-02
  -3.2242492e-02
  -2.2326899e-02
  -3.9319507e-02
  -3.6148932e-02
  -3.0320345e-02
  -3.2262146e-02
  -3.9845724e-02
  -1.0869163e-02
  -9.9923173e-03
  -1.0422510e-02
  -1.0631573e-02
  -1.1706417e-02
  -8.7096123e-03
  -1.2808059e-02
  -1.9475907e-02
  -1.7438436e-02
  -1.1380196e-02
  -1.2306997e-02
  -1.2203469e-02
  -1.1512943e-02
  -1.7989019e-02
  -1.0551741e-02
  -4.5424045e-03
  -6.0067517e-03
  -6.4119459e-03
  -1.0328625e-02
  -0.0000000e+00
  -0.0000000e+00
  -6.4929117e-03
  -3.4745722e-03
  -1.2469325e-02
  -1.5585098e-02
  -1.7061336e-02
  -1.6390169e-02
  -1.5249214e-02
  -1.9861976e-02
  -1.1157984e-02
  -6.8117577e-03
  -1.2944140e-02
  -1.6330713e-02
  -1.5195178e-02
  -1.6170412e-02
  -1.6300095e-02
   2.6491307e-02
   2.4474951e-02
   3.6831882e-02
   3.7397090e-02
   3.1654954e-02
   3.4952190e-02
   2.8676495e-02
   2.3843398e-02
   2.6208872e-02
   2.7060160e-02
   2.0758783e-02
   2.4053426e-02
   2.4808824e-02
   1.6793789e-02
   2.8828371e-02
   3.0571802e-02
   3.3074982e-02
   3.4301557e-02
   1.6764220e-02
   0.0000000e+00
   0.0000000e+00
   3.3819823e-02
   4.6670958e-02
   3.4412853e-02
   3.0442083e-02
   2.8168827e-02
   2.8791105e-02
   3.1534202e-02
   2.8411487e-02
   2.7115136e-02
   2.1229237e-02
   2.4818584e-02
   2.5312671e-02
   1.8437233e-02
   1.8318428e-02
   2.4314247e-02
   6.7181155e-02
   6.7552008e-02
   8.6724907e-02
   8.5310534e-02
   8.5251518e-02
   8.0961786e-02
   7.2559953e-02
   7.8681119e-02
   7.6063581e-02
   7.3632993e-02
   6.7821734e-02
   7.2442919e-02
   7.7415839e-02
   7.3095866e-02
   8.2478419e-02
   8.2354434e-02
   8.6868756e-02
   7.9483390e-02
   6.4530969e-02
   0.0000000e+00
   5.3868445e-02
   6.6204108e-02
   8.4527440e-02
   8.0760658e-02
   8.3570540e-02
   8.2095407e-02
   8.4155731e-02
   8.4530964e-02
   8.2741797e-02
   7.6356128e-02
   6.9878705e-02
   7.9454474e-02
   7.6977588e-02
   6.5492921e-02
   6.3432187e-02
   7.0161715e-02
   9.3924530e-02
   9.7645618e-02
   1.0762765e-01
   1.0914478e-01
   1.1825489e-01
   1.0572822e-01
   9.7473383e-02
   1.1127470e-01
   1.0622537e-01
   1.0807851e-01
   1.1187685e-01
   1.1364461e-01
   1.1538315e-01
   1.1796839e-01
   1.2013093e-01
   1.1942238e-01
   1.2490127e-01
   1.0592438e-01
   1.0324488e-01
   9.9449477e-02
   7.4138016e-02
   7.5985529e-02
   8.4768817e-02
   9.5946521e-02
   1.0990200e-01
   1.1599776e-01
   1.2066479e-01
   1.1787201e-01
   1.1892377e-01
   1.1264899e-01
   1.1796343e-01
   1.1791454e-01
   9.9996842e-02
   9.9614792e-02
   9.2859335e-02
   8.9999788e-02
   9.3121588e-02
   9.9846482e-02
   9.7805031e-02
   1.0454801e-01
   1.0775740e-01
   9.9883147e-02
   9.7328298e-02
   1.0208953e-01
   1.0465988e-01
   1.1041449e-01
   1.1768392e-01
   1.1788355e-01
   1.1294603e-01
   1.1587583e-01
   1.1554886e-01
   1.1335848e-01
   1.1595285e-01
   1.0147224e-01
   9.6967876e-02
   9.0137459e-02
   7.4975148e-02
   7.0231475e-02
   7.0922494e-02
   8.2439408e-02
   9.7501904e-02
   1.0869426e-01
   1.1578956e-01
   1.1747564e-01
   1.1953717e-01
   1.1646140e-01
   1.2116273e-01
   1.0647286e-01
   8.5954420e-02
   9.6691750e-02
   9.0818010e-02
   7.9502858e-02
   6.6631801e-02
   7.3236912e-02
   7.0465975e-02
   7.4455671e-02
   6.5915540e-02
   6.8035521e-02
   7.3762022e-02
   7.0076421e-02
   7.7408850e-02
   7.9276405e-02
   8.0746330e-02
   8.2847223e-02
   8.0135696e-02
   7.9415597e-02
   7.7088676e-02
   7.4587025e-02
   7.0051350e-02
   6.5135062e-02
   5.8458894e-02
   5.3203821e-02
   5.7427168e-02
   5.5714943e-02
   5.3745270e-02
   5.5612952e-02
   6.1947212e-02
   7.1176074e-02
   7.8085408e-02
   8.4564567e-02
   8.4207550e-02
   8.3812639e-02
   7.6483794e-02
   6.0265437e-02
   5.4555859e-02
   6.1400514e-02
   6.2005848e-02
   5.6224003e-02
   2.6882706e-02
   2.9358467e-02
   2.3533747e-02
   1.6333258e-02
   1.0184970e-02
   1.7423615e-02
   2.6303001e-02
   2.6988516e-02
   3.0323209e-02
   2.9469047e-02
   2.8028846e-02
   2.5644630e-02
   2.7732776e-02
   2.7706467e-02
   2.1053478e-02
   1.8820679e-02
   8.7733688e-03
   3.8138228e-03
   6.8300157e-03
   1.2289740e-02
   2.2485971e-02
   2.3366824e-02
   2.3031916e-02
   1.9454757e-02
   1.6633272e-02
   1.9244356e-02
   2.0982604e-02
   2.1590561e-02
   1.8929223e-02
   2.2488410e-02
   1.6669318e-02
   1.0622011e-02
   1.6815154e-02
   1.5551092e-02
   2.1159273e-02
   2.6496608e-02
  -5.7640010e-03
  -8.2236882e-03
  -1.8673353e-02
  -2.9773394e-02
  -2.9157558e-02
  -1.9275093e-02
  -1.1145578e-02
  -8.7906066e-03
  -9.0989526e-03
  -7.3856111e-03
  -7.1843737e-03
  -1.2781875e-02
  -1.3994242e-02
  -1.6883453e-02
  -2.3616724e-02
  -2.3181332e-02
  -2.6204238e-02
  -2.8841719e-02
  -2.2644689e-02
  -1.5194078e-02
  -1.0730729e-02
  -1.1859800e-02
  -1.2763076e-02
  -1.5388683e-02
  -1.9296251e-02
  -2.2742588e-02
  -2.6983406e-02
  -3.0875232e-02
  -3.0076031e-02
  -2.0156229e-02
  -1.4933071e-02
  -1.2765232e-02
  -8.5388562e-03
  -1.0716949e-02
  -9.2285601e-03
  -4.9216105e-03
  -2.6710968e-02
  -3.0875532e-02
  -3.6855705e-02
  -3.8822860e-02
  -3.3860337e-02
  -2.7326176e-02
  -2.4406482e-02
  -2.5879150e-02
  -2.8697418e-02
  -2.9913215e-02
  -3.1397492e-02
  -3.4222417e-02
  -3.6601491e-02
  -3.9375797e-02
  -4.0156487e-02
  -3.6289230e-02
  -3.1311449e-02
  -2.8486749e-02
  -2.6724866e-02
  -2.5450896e-02
  -2.5452286e-02
  -2.6408503e-02
  -2.7605146e-02
  -2.9724339e-02
  -3.2920171e-02
  -3.6513671e-02
  -3.8595583e-02
  -3.8340677e-02
  -3.5092756e-02
  -2.9842276e-02
  -2.6252629e-02
  -2.4348766e-02
  -2.3041587e-02
  -2.2972817e-02
  -2.3722107e-02
  -2.4747895e-02
