  0.5398  0.5313  0.5286  0.5318  0.5381  0.5374  0.5290  0.5212  0.5165  0.5139  0.5177  0.5267  0.5339  0.5397  0.5443  0.5471  0.5475  0.5433  0.5369  0.5288  0.5240  0.5236  0.5246  0.5246  0.5234  0.5232  0.5262  0.5333  0.5398  0.5412  0.5399  0.5389  0.5395  0.5425  0.5468  0.5464
  0.4853  0.4667  0.4485  0.4490  0.4733  0.4874  0.4852  0.4704  0.4616  0.4609  0.4641  0.4652  0.4663  0.4661  0.4656  0.4657  0.4600  0.4589  0.4748  0.4698  0.4542  0.4595  0.4666  0.4711  0.4708  0.4650  0.4652  0.4709  0.4794  0.4809  0.4770  0.4697  0.4629  0.4637  0.4723  0.4853
  0.4290  0.4279  0.4196  0.4183  0.4140  0.4153  0.4244  0.4179  0.4113  0.4123  0.4138  0.4146  0.4131  0.4136  0.4146  0.4172  0.4000  0.3956  0.4079  0.3853  0.3713  0.3875  0.3807  0.3952  0.4117  0.4164  0.4187  0.4142  0.4235  0.4248  0.4210  0.4210  0.4213  0.4210  0.4213  0.4217
  0.3758  0.3762  0.3793  0.3809  0.3763  0.3779  0.3831  0.3752  0.3736  0.3765  0.3764  0.3789  0.3675  0.3575  0.3796  0.3930  0.3734  0.3525  0.3527  0.3390  0.3402  0.3582  0.3564  0.3686  0.3826  0.3818  0.3802  0.3774  0.3856  0.3908  0.3803  0.3771  0.3804  0.3793  0.3794  0.3798
  0.3448  0.3441  0.3463  0.3455  0.3473  0.3467  0.3450  0.3420  0.3437  0.3475  0.3455  0.3489  0.3394  0.3227  0.3320  0.3446  0.3439  0.3193  0.2982  0.3004  0.3149  0.3273  0.3347  0.3388  0.3450  0.3445  0.3406  0.3412  0.3461  0.3492  0.3411  0.3385  0.3436  0.3443  0.3427  0.3468
  0.3137  0.3134  0.3138  0.3134  0.3170  0.3135  0.3095  0.3095  0.3112  0.3124  0.3132  0.3155  0.3125  0.3099  0.3001  0.2951  0.2997  0.2968  0.3064  0.2986  0.2755  0.2853  0.3026  0.3064  0.3072  0.3093  0.3107  0.3105  0.3147  0.3120  0.3093  0.3111  0.3120  0.3147  0.3136  0.3141
  0.2859  0.2859  0.2877  0.2896  0.2923  0.2903  0.2898  0.2887  0.2870  0.2849  0.2839  0.2848  0.2876  0.2959  0.2881  0.2738  0.2670  0.3212  0.3592  0.3429  0.2881  0.2570  0.2771  0.2742  0.2777  0.2806  0.2847  0.2861  0.2860  0.2863  0.2898  0.2908  0.2881  0.2904  0.2892  0.2875
  0.2689  0.2689  0.2729  0.2751  0.2766  0.2777  0.2788  0.2778  0.2746  0.2733  0.2683  0.2685  0.2743  0.2765  0.2758  0.2640  0.2630  0.3376  0.3670  0.3531  0.2789  0.2368  0.2584  0.2535  0.2638  0.2629  0.2632  0.2661  0.2624  0.2676  0.2684  0.2703  0.2709  0.2699  0.2679  0.2688
  0.2630  0.2633  0.2660  0.2670  0.2694  0.2727  0.2728  0.2738  0.2722  0.2732  0.2674  0.2677  0.2696  0.2664  0.2638  0.2551  0.2575  0.2974  0.3187  0.3249  0.2364  0.2294  0.2499  0.2494  0.2608  0.2567  0.2539  0.2524  0.2516  0.2553  0.2484  0.2562  0.2586  0.2544  0.2557  0.2603
  0.2647  0.2659  0.2634  0.2625  0.2678  0.2710  0.2713  0.2743  0.2761  0.2768  0.2739  0.2751  0.2666  0.2712  0.2613  0.2516  0.2295  0.2293  0.2574  0.2946  0.2194  0.2444  0.2566  0.2560  0.2597  0.2578  0.2574  0.2468  0.2531  0.2503  0.2402  0.2539  0.2502  0.2475  0.2556  0.2621
  0.2704  0.2730  0.2722  0.2694  0.2697  0.2672  0.2730  0.2759  0.2782  0.2742  0.2713  0.2737  0.2655  0.2769  0.2735  0.2689  0.2381  0.2583  0.2332  0.2214  0.2352  0.2646  0.2663  0.2608  0.2586  0.2556  0.2650  0.2588  0.2560  0.2552  0.2589  0.2574  0.2491  0.2586  0.2699  0.2731
  0.2650  0.2655  0.2703  0.2707  0.2671  0.2638  0.2627  0.2622  0.2605  0.2590  0.2557  0.2599  0.2641  0.2640  0.2710  0.2661  0.2416  0.2389  0.2301  0.2350  0.2487  0.2572  0.2591  0.2545  0.2531  0.2522  0.2644  0.2664  0.2577  0.2651  0.2667  0.2583  0.2630  0.2676  0.2670  0.2663
  0.2636  0.2613  0.2639  0.2656  0.2658  0.2646  0.2603  0.2570  0.2551  0.2556  0.2545  0.2577  0.2640  0.2611  0.2664  0.2661  0.2514  0.2400  0.2398  0.2470  0.2490  0.2486  0.2516  0.2567  0.2594  0.2581  0.2626  0.2651  0.2664  0.2681  0.2614  0.2617  0.2670  0.2634  0.2597  0.2640
  0.2618  0.2578  0.2571  0.2598  0.2647  0.2656  0.2610  0.2565  0.2559  0.2578  0.2592  0.2606  0.2648  0.2619  0.2607  0.2651  0.2577  0.2429  0.2487  0.2529  0.2437  0.2448  0.2477  0.2618  0.2668  0.2651  0.2602  0.2609  0.2719  0.2630  0.2519  0.2613  0.2623  0.2533  0.2515  0.2622
  0.2532  0.2531  0.2524  0.2565  0.2630  0.2621  0.2655  0.2652  0.2676  0.2695  0.2717  0.2715  0.2685  0.2663  0.2514  0.2558  0.2445  0.2299  0.2418  0.2372  0.2299  0.2601  0.2571  0.2701  0.2660  0.2674  0.2563  0.2543  0.2579  0.2324  0.2387  0.2423  0.2335  0.2320  0.2435  0.2563
  0.2441  0.2497  0.2502  0.2529  0.2525  0.2568  0.2629  0.2690  0.2698  0.2683  0.2680  0.2668  0.2682  0.2601  0.2472  0.2312  0.2158  0.2146  0.2152  0.2175  0.2399  0.2452  0.2882  0.2558  0.2598  0.2565  0.2570  0.2537  0.2342  0.2169  0.2268  0.2234  0.2170  0.2170  0.2387  0.2456
  0.2368  0.2421  0.2398  0.2407  0.2371  0.2425  0.2493  0.2563  0.2547  0.2495  0.2485  0.2442  0.2514  0.2440  0.2360  0.2210  0.2025  0.1987  0.2055  0.2009  0.2270  0.2344  0.2711  0.2403  0.2455  0.2412  0.2446  0.2414  0.2197  0.2245  0.2659  0.2311  0.2082  0.2030  0.2265  0.2366
  0.2296  0.2320  0.2251  0.2240  0.2186  0.2233  0.2300  0.2356  0.2312  0.2220  0.2211  0.2125  0.2266  0.2227  0.2210  0.2165  0.1955  0.1816  0.2023  0.1845  0.2037  0.2241  0.2333  0.2230  0.2266  0.2228  0.2259  0.2234  0.2077  0.2420  0.3286  0.2503  0.2021  0.1891  0.2104  0.2276
  0.2186  0.2188  0.2068  0.2114  0.2176  0.2128  0.2061  0.2021  0.2007  0.1972  0.2020  0.1972  0.2055  0.2082  0.2154  0.3008  0.3432  0.2220  0.2720  0.2259  0.1803  0.2096  0.1997  0.2109  0.2100  0.2108  0.2120  0.2065  0.2219  0.2689  0.3399  0.2696  0.2494  0.2787  0.2013  0.2175
  0.2188  0.2234  0.2179  0.2239  0.2259  0.2230  0.2137  0.2120  0.2109  0.2113  0.2167  0.2145  0.2212  0.2081  0.2107  0.2419  0.3139  0.2978  0.2987  0.2755  0.2210  0.2033  0.2037  0.2126  0.2199  0.2171  0.2220  0.2163  0.2241  0.2910  0.3215  0.2420  0.2528  0.2874  0.2060  0.2243
  0.2213  0.2279  0.2286  0.2340  0.2311  0.2305  0.2209  0.2213  0.2198  0.2214  0.2252  0.2229  0.2332  0.2067  0.2056  0.2006  0.2682  0.3368  0.3154  0.3055  0.2483  0.2027  0.2112  0.2159  0.2285  0.2239  0.2303  0.2238  0.2201  0.3047  0.3047  0.2205  0.2457  0.2923  0.2118  0.2290
  0.2296  0.2333  0.2415  0.2419  0.2309  0.2340  0.2291  0.2321  0.2283  0.2258  0.2228  0.2147  0.2404  0.2024  0.1986  0.1860  0.1755  0.3076  0.3150  0.3016  0.2542  0.2142  0.2284  0.2234  0.2365  0.2332  0.2374  0.2282  0.2023  0.3044  0.2871  0.2063  0.2144  0.2901  0.2214  0.2306
  0.2468  0.2503  0.2479  0.2517  0.2399  0.2441  0.2442  0.2450  0.2594  0.2525  0.2631  0.2362  0.2488  0.2332  0.2336  0.2131  0.2173  0.3057  0.3221  0.3013  0.2727  0.2461  0.2460  0.2597  0.2490  0.2620  0.2464  0.2177  0.2216  0.3062  0.2775  0.1996  0.2275  0.2973  0.2546  0.2389
  0.2515  0.2573  0.2520  0.2554  0.2483  0.2536  0.2551  0.2500  0.2675  0.2564  0.2790  0.2585  0.2595  0.2428  0.2317  0.2039  0.2322  0.3002  0.3267  0.3013  0.2588  0.2560  0.2461  0.2704  0.2536  0.2695  0.2445  0.2078  0.2582  0.2941  0.2648  0.1984  0.2478  0.2960  0.2684  0.2423
  0.2510  0.2594  0.2558  0.2589  0.2571  0.2633  0.2646  0.2541  0.2682  0.2552  0.2815  0.2746  0.2661  0.2397  0.2150  0.1877  0.2467  0.2955  0.3298  0.2900  0.2381  0.2571  0.2421  0.2701  0.2553  0.2694  0.2371  0.2109  0.2953  0.2774  0.2524  0.1984  0.2645  0.2945  0.2791  0.2409
  0.2415  0.2521  0.2590  0.2650  0.2655  0.2721  0.2707  0.2600  0.2603  0.2523  0.2563  0.2677  0.2572  0.2106  0.1776  0.1747  0.2738  0.2967  0.3292  0.2450  0.2196  0.2446  0.2369  0.2511  0.2525  0.2587  0.2203  0.2541  0.3168  0.2580  0.2448  0.1989  0.2621  0.2975  0.2897  0.2279
  0.2331  0.2439  0.2578  0.2666  0.2639  0.2614  0.2601  0.2594  0.2544  0.2525  0.2468  0.2493  0.2263  0.2425  0.2311  0.2651  0.2907  0.3054  0.2746  0.2375  0.2371  0.2385  0.2407  0.2418  0.2435  0.2448  0.2363  0.2962  0.2624  0.2236  0.2503  0.2140  0.2358  0.3075  0.3089  0.2293
  0.2421  0.2546  0.2617  0.2652  0.2676  0.2638  0.2611  0.2627  0.2591  0.2590  0.2529  0.2490  0.2277  0.2805  0.2504  0.2382  0.2933  0.2969  0.2432  0.2369  0.2464  0.2500  0.2460  0.2492  0.2519  0.2502  0.2546  0.2761  0.2330  0.2316  0.2446  0.2388  0.2289  0.3103  0.3242  0.2431
  0.2662  0.2727  0.2747  0.2761  0.2801  0.2781  0.2753  0.2731  0.2724  0.2765  0.2673  0.2621  0.2666  0.3190  0.2521  0.2169  0.2922  0.2887  0.2294  0.2464  0.2585  0.2678  0.2582  0.2728  0.2682  0.2644  0.2598  0.2522  0.2354  0.2489  0.2519  0.2714  0.2604  0.3329  0.3545  0.2949
  0.3241  0.3146  0.3002  0.3016  0.3016  0.3003  0.2995  0.2920  0.2913  0.2936  0.2844  0.2817  0.2920  0.3119  0.2499  0.2467  0.3123  0.2715  0.2374  0.2620  0.2711  0.3138  0.2843  0.2892  0.2909  0.2899  0.2809  0.2648  0.2645  0.2792  0.2822  0.3127  0.3395  0.3827  0.3980  0.3601
  0.3761  0.3690  0.3440  0.3450  0.3372  0.3243  0.3244  0.3162  0.3112  0.3046  0.3021  0.2996  0.2918  0.2915  0.2914  0.3399  0.3341  0.2582  0.2652  0.2802  0.2846  0.3476  0.3167  0.3106  0.3221  0.3313  0.3506  0.3581  0.3486  0.3671  0.3752  0.4009  0.4357  0.4411  0.4461  0.4125
  0.4016  0.4055  0.3975  0.4145  0.4002  0.3509  0.3440  0.3425  0.3351  0.3251  0.3266  0.3215  0.3256  0.3803  0.4093  0.4149  0.3254  0.2925  0.3116  0.3121  0.3205  0.3339  0.3457  0.3633  0.3605  0.4081  0.4537  0.4649  0.4517  0.4701  0.4867  0.5078  0.5037  0.4914  0.4935  0.4635
  0.4651  0.4308  0.4288  0.4499  0.4833  0.4355  0.3804  0.3796  0.3740  0.3651  0.3587  0.3601  0.4065  0.4936  0.5016  0.4434  0.3871  0.3653  0.3543  0.3873  0.4245  0.3742  0.3791  0.4238  0.4620  0.5067  0.5192  0.5066  0.4945  0.5029  0.5204  0.5398  0.5482  0.5445  0.5382  0.5228
  0.5117  0.4658  0.4645  0.4665  0.4828  0.4824  0.4295  0.4298  0.4715  0.4368  0.3982  0.4113  0.4736  0.5368  0.5389  0.5100  0.4967  0.4189  0.3745  0.4738  0.5340  0.5170  0.4993  0.5255  0.5466  0.5510  0.5455  0.5519  0.5528  0.5555  0.5575  0.5558  0.5602  0.5657  0.5664  0.5617
  0.5629  0.5726  0.5703  0.5402  0.5186  0.4975  0.4882  0.4880  0.4802  0.4775  0.4463  0.4442  0.4870  0.5530  0.5722  0.5711  0.5547  0.4635  0.4954  0.5441  0.5555  0.5617  0.5647  0.5672  0.5696  0.5709  0.5629  0.5568  0.5590  0.5766  0.5870  0.5821  0.5764  0.5799  0.5810  0.5707
  0.5738  0.5662  0.5669  0.5698  0.5727  0.5766  0.5814  0.5900  0.6046  0.6230  0.6247  0.5518  0.5343  0.5384  0.5460  0.5522  0.5627  0.5628  0.5945  0.6032  0.5948  0.5943  0.5991  0.6059  0.6092  0.6069  0.5984  0.5888  0.5861  0.5931  0.6022  0.6107  0.6143  0.6133  0.6047  0.5876
