  4.009155e-01
  3.641949e-01
  3.780844e-01
  3.758017e-01
  3.654177e-01
  3.448054e-01
  3.167125e-01
  2.833109e-01
  2.466499e-01
  2.293553e-01
  2.175823e-01
  2.076776e-01
  2.048009e-01
  2.126104e-01
  2.207790e-01
  2.284337e-01
  2.347541e-01
  2.239848e-01
  2.230977e-01
  2.305530e-01
  2.232926e-01
  2.171688e-01
  2.128045e-01
  2.117339e-01
  2.154115e-01
  2.214969e-01
  2.319223e-01
  2.401103e-01
  2.728747e-01
  3.108019e-01
  3.493602e-01
  3.830445e-01
  4.024589e-01
  4.195174e-01
  4.220673e-01
  3.861765e-01
