   1.2780808e-04
  -5.2217024e-04
  -1.4821086e-03
  -2.8810630e-03
  -4.4439555e-03
  -6.3729308e-03
  -8.5142871e-03
  -1.0990093e-02
  -1.2788175e-02
  -1.3477590e-02
  -9.3711637e-03
  -3.9843521e-03
  -3.5547904e-03
  -3.6819974e-03
  -2.3631682e-03
  -1.7175617e-03
  -0.0000000e+00
  -0.0000000e+00
  -0.0000000e+00
  -0.0000000e+00
  -0.0000000e+00
  -0.0000000e+00
  -0.0000000e+00
  -0.0000000e+00
  -0.0000000e+00
  -0.0000000e+00
  -0.0000000e+00
  -0.0000000e+00
   0.0000000e+00
   0.0000000e+00
   0.0000000e+00
   0.0000000e+00
   0.0000000e+00
   0.0000000e+00
   1.2172213e-03
   8.1727772e-04
  -4.0392089e-03
  -5.0035645e-03
  -7.2990311e-03
  -9.4858194e-03
  -1.0956941e-02
  -1.1609545e-02
  -1.1367625e-02
  -1.0689319e-02
  -8.7266993e-03
  -7.5025638e-03
  -4.7477701e-03
  -0.0000000e+00
  -0.0000000e+00
  -3.8951097e-03
  -3.5074255e-03
   0.0000000e+00
   0.0000000e+00
   0.0000000e+00
   0.0000000e+00
   0.0000000e+00
   0.0000000e+00
   0.0000000e+00
   0.0000000e+00
  -0.0000000e+00
  -0.0000000e+00
  -0.0000000e+00
   0.0000000e+00
   0.0000000e+00
   0.0000000e+00
   0.0000000e+00
   0.0000000e+00
   0.0000000e+00
   0.0000000e+00
   0.0000000e+00
  -0.0000000e+00
  -3.2719870e-03
  -2.3159783e-02
  -2.0086830e-02
  -1.9037226e-02
  -1.5030133e-02
  -1.1922297e-02
  -8.8844756e-03
  -4.7086384e-03
  -1.8380603e-03
   6.4969715e-03
   9.0373373e-03
   1.0422694e-02
   1.1263814e-02
   0.0000000e+00
  -0.0000000e+00
  -0.0000000e+00
   0.0000000e+00
   0.0000000e+00
   0.0000000e+00
   0.0000000e+00
   0.0000000e+00
   0.0000000e+00
   0.0000000e+00
   0.0000000e+00
  -0.0000000e+00
  -2.2304559e-02
  -2.7070908e-02
  -0.0000000e+00
   0.0000000e+00
   0.0000000e+00
   0.0000000e+00
   0.0000000e+00
   0.0000000e+00
   0.0000000e+00
  -0.0000000e+00
  -3.2759470e-02
  -2.8472681e-02
  -7.4712513e-03
   4.3210196e-03
   1.3461806e-02
   2.4656372e-02
   3.1437825e-02
   3.5540812e-02
   3.6222920e-02
   3.0845312e-02
   3.3847909e-02
   2.8112417e-02
   2.6350288e-02
   2.4854765e-02
   0.0000000e+00
   0.0000000e+00
   0.0000000e+00
   0.0000000e+00
   0.0000000e+00
   0.0000000e+00
   0.0000000e+00
   0.0000000e+00
   0.0000000e+00
   0.0000000e+00
   0.0000000e+00
   0.0000000e+00
   1.1932748e-02
   1.6508149e-02
   1.3306756e-02
   1.9318288e-02
   0.0000000e+00
   0.0000000e+00
   0.0000000e+00
   0.0000000e+00
  -0.0000000e+00
  -3.3742906e-02
  -3.5522711e-02
  -1.8686427e-02
   3.3665661e-02
   4.8926581e-02
   6.0582396e-02
   7.2154351e-02
   7.8943931e-02
   8.3214998e-02
   8.2508415e-02
   7.2328612e-02
   6.6700011e-02
   5.5055410e-02
   4.6391875e-02
   3.5726734e-02
   0.0000000e+00
   0.0000000e+00
   0.0000000e+00
   0.0000000e+00
   0.0000000e+00
   0.0000000e+00
   0.0000000e+00
   0.0000000e+00
   0.0000000e+00
   0.0000000e+00
   0.0000000e+00
   4.6514539e-02
   6.5305792e-02
   9.2041187e-02
   8.4390976e-02
   7.1649760e-02
   5.7572779e-02
   3.9383756e-02
   0.0000000e+00
   0.0000000e+00
   8.3015026e-03
   1.4535401e-03
   5.9168837e-03
   2.0471720e-02
   7.1243130e-02
   8.2486898e-02
   9.1037892e-02
   9.8122880e-02
   1.0054891e-01
   1.0288642e-01
   1.0094520e-01
   9.5639676e-02
   8.7631874e-02
   7.8510672e-02
   6.8606496e-02
   4.6699781e-02
   0.0000000e+00
   0.0000000e+00
   0.0000000e+00
   0.0000000e+00
   0.0000000e+00
   0.0000000e+00
   0.0000000e+00
   0.0000000e+00
   0.0000000e+00
   0.0000000e+00
   0.0000000e+00
   7.0855364e-02
   1.1386606e-01
   1.3875847e-01
   1.3777219e-01
   1.3014010e-01
   1.1577000e-01
   7.8606054e-02
   4.9016461e-02
   0.0000000e+00
   5.5235092e-02
   5.3513795e-02
   5.2269287e-02
   5.7820652e-02
   8.5806504e-02
   9.0691656e-02
   9.1812722e-02
   9.4724983e-02
   9.2197910e-02
   9.1867790e-02
   8.8267229e-02
   8.6884975e-02
   8.3849892e-02
   7.8070574e-02
   7.7198260e-02
   5.2352310e-02
   2.5187310e-02
   0.0000000e+00
   0.0000000e+00
   0.0000000e+00
   0.0000000e+00
   0.0000000e+00
   0.0000000e+00
   0.0000000e+00
   0.0000000e+00
   0.0000000e+00
   0.0000000e+00
   0.0000000e+00
   1.3956828e-01
   1.3848700e-01
   1.3352592e-01
   1.3567761e-01
   1.2797472e-01
   1.1950216e-01
   8.9761972e-02
   8.8381834e-02
   9.8231442e-02
   8.5543059e-02
   7.8782797e-02
   7.8738146e-02
   7.6422058e-02
   7.7881113e-02
   7.1935661e-02
   7.1070723e-02
   6.5921716e-02
   6.3691877e-02
   6.0474414e-02
   5.7972427e-02
   5.9398219e-02
   5.4295514e-02
   6.0697228e-02
   5.0326001e-02
   2.7788535e-02
   0.0000000e+00
   0.0000000e+00
   0.0000000e+00
   0.0000000e+00
   0.0000000e+00
   0.0000000e+00
   0.0000000e+00
   0.0000000e+00
   0.0000000e+00
   6.5761976e-02
   1.0739180e-01
   1.2168166e-01
   1.1100543e-01
   9.7335750e-02
   1.0218095e-01
   9.2557662e-02
   1.1006861e-01
   1.1124306e-01
   1.0317743e-01
   1.0477515e-01
   8.8472731e-02
   8.0895156e-02
   7.8413889e-02
   5.2574083e-02
   5.2102491e-02
   4.3263339e-02
   3.8374599e-02
   3.3043914e-02
   3.0073637e-02
   2.8756958e-02
   2.4683898e-02
   2.6944665e-02
   2.3112860e-02
   2.8361240e-02
   3.5059024e-02
   2.5650539e-02
   0.0000000e+00
   0.0000000e+00
   0.0000000e+00
   0.0000000e+00
   0.0000000e+00
   0.0000000e+00
   0.0000000e+00
   0.0000000e+00
   0.0000000e+00
   6.3156761e-02
   8.3032064e-02
   7.3726550e-02
   7.1382724e-02
   5.7360750e-02
   5.6175109e-02
   4.7194473e-02
   6.7611307e-02
   9.2449941e-02
   8.3896130e-02
   7.9059713e-02
   7.0551887e-02
   6.3635238e-02
   5.9447378e-02
   2.1072853e-02
   1.7618027e-02
   1.0415100e-02
   2.5223496e-03
  -1.2629160e-03
  -4.1019316e-03
  -3.4788633e-03
  -5.9072194e-03
  -5.1545775e-03
  -5.4682083e-03
  -5.9849788e-03
   7.7218562e-03
   1.5973796e-02
   8.9727554e-03
   0.0000000e+00
   0.0000000e+00
   0.0000000e+00
   0.0000000e+00
   0.0000000e+00
   0.0000000e+00
   0.0000000e+00
   0.0000000e+00
   3.2227270e-02
   3.5008527e-02
   1.8914897e-02
   2.3935702e-02
   1.9350547e-02
   1.1995325e-02
   1.2933828e-02
   1.9735586e-02
   4.0223241e-02
   4.2927980e-02
   3.8728405e-02
   3.9567724e-02
   3.2352556e-02
   2.7052920e-02
  -1.8080590e-02
  -2.3632579e-02
  -2.7148707e-02
  -3.4714825e-02
  -3.7852664e-02
  -3.9710917e-02
  -3.8690031e-02
  -3.6877427e-02
  -3.8374115e-02
  -3.5430774e-02
  -3.8387496e-02
  -2.9946089e-02
  -9.3338424e-03
  -1.1036736e-03
   0.0000000e+00
   0.0000000e+00
   0.0000000e+00
   0.0000000e+00
   0.0000000e+00
   0.0000000e+00
   0.0000000e+00
  -0.0000000e+00
  -1.6649717e-02
  -1.6780123e-02
  -2.7963812e-02
  -2.9583544e-02
  -1.5710225e-02
  -2.1836664e-02
  -2.2735591e-02
  -2.0119498e-02
  -1.5687909e-02
  -3.3617965e-03
  -3.3090152e-03
  -6.0143447e-03
  -1.0663232e-02
  -1.5135348e-02
  -5.2644558e-02
  -5.7042096e-02
  -5.9324924e-02
  -6.3429631e-02
  -6.8194881e-02
  -6.9927603e-02
  -7.0601240e-02
  -6.6370174e-02
  -6.6183604e-02
  -6.5098718e-02
  -6.4308293e-02
  -6.1825667e-02
  -3.8186952e-02
  -1.0000764e-02
  -2.8492447e-03
   0.0000000e+00
   0.0000000e+00
   0.0000000e+00
   0.0000000e+00
   0.0000000e+00
  -0.0000000e+00
  -4.1584296e-02
  -5.5527423e-02
  -5.2450918e-02
  -6.0217790e-02
  -7.5069815e-02
  -5.2369266e-02
  -4.5049192e-02
  -5.3878225e-02
  -5.0444465e-02
  -5.0101317e-02
  -3.9055496e-02
  -3.5308223e-02
  -4.3277860e-02
  -4.5389276e-02
  -4.9422108e-02
  -7.8100555e-02
  -7.9520129e-02
  -8.2277015e-02
  -8.3498001e-02
  -8.8582367e-02
  -9.0825826e-02
  -9.1630891e-02
  -8.9511037e-02
  -8.5674405e-02
  -8.7029830e-02
  -8.3964333e-02
  -8.0297992e-02
  -4.9038179e-02
  -1.1254651e-02
  -3.0354648e-03
   0.0000000e+00
   0.0000000e+00
   0.0000000e+00
   0.0000000e+00
  -0.0000000e+00
  -3.4293238e-02
  -6.3565314e-02
  -7.3651358e-02
  -7.5473040e-02
  -8.1796207e-02
  -9.6318178e-02
  -8.2903236e-02
  -5.6194663e-02
  -6.4961404e-02
  -7.2926469e-02
  -6.7439504e-02
  -6.4509764e-02
  -6.0334675e-02
  -6.6597797e-02
  -7.0417240e-02
  -7.3987201e-02
  -9.4375134e-02
  -9.3074203e-02
  -9.6396126e-02
  -9.6452728e-02
  -1.0081986e-01
  -1.0454239e-01
  -1.0488146e-01
  -1.0636177e-01
  -9.9995233e-02
  -1.0165963e-01
  -9.7712964e-02
  -8.7572142e-02
  -4.7673173e-02
  -1.0786846e-02
   0.0000000e+00
   0.0000000e+00
   0.0000000e+00
   0.0000000e+00
   0.0000000e+00
  -0.0000000e+00
  -5.0320614e-02
  -7.9027280e-02
  -8.0206044e-02
  -8.9083642e-02
  -9.4691768e-02
  -1.0390735e-01
  -1.0430975e-01
  -6.2915818e-02
  -6.9359209e-02
  -8.7871261e-02
  -7.5688988e-02
  -8.0399536e-02
  -7.7679105e-02
  -7.9899162e-02
  -8.7087765e-02
  -8.9739010e-02
  -8.5083142e-02
  -8.4326684e-02
  -8.6769462e-02
  -9.1752522e-02
  -9.3264326e-02
  -1.0119868e-01
  -1.0055825e-01
  -1.0576895e-01
  -1.0317480e-01
  -9.6990488e-02
  -9.6312694e-02
  -6.9704384e-02
  -1.9883044e-02
   0.0000000e+00
   0.0000000e+00
   0.0000000e+00
   0.0000000e+00
   0.0000000e+00
   0.0000000e+00
  -0.0000000e+00
  -6.5256841e-02
  -7.0726603e-02
  -6.7826100e-02
  -8.4556445e-02
  -8.7231450e-02
  -8.6550608e-02
  -9.2872299e-02
  -5.5192820e-02
  -5.2349434e-02
  -8.2048461e-02
  -6.9777220e-02
  -7.0243262e-02
  -7.2282501e-02
  -7.0927784e-02
  -8.2237184e-02
  -8.1810988e-02
  -5.7082959e-02
  -5.9263311e-02
  -6.0827561e-02
  -6.9117256e-02
  -7.2176717e-02
  -8.0155827e-02
  -8.2515031e-02
  -8.3800614e-02
  -8.7278575e-02
  -7.4554607e-02
  -7.0940778e-02
  -4.3298095e-02
   1.2436468e-03
   0.0000000e+00
   0.0000000e+00
   0.0000000e+00
   0.0000000e+00
   0.0000000e+00
   0.0000000e+00
  -0.0000000e+00
  -5.8662266e-02
  -6.0561996e-02
  -5.4922890e-02
  -6.6284306e-02
  -6.2500700e-02
  -6.4523503e-02
  -6.1500050e-02
  -3.7495334e-02
  -3.9281689e-02
  -5.8481172e-02
  -5.0729271e-02
  -4.3546885e-02
  -4.7168866e-02
  -5.0469950e-02
  -5.6876313e-02
  -5.6127295e-02
  -3.7939992e-02
  -4.0234134e-02
  -4.1923176e-02
  -4.9408175e-02
  -5.4091513e-02
  -6.0522210e-02
  -6.4436175e-02
  -6.3970156e-02
  -6.8153307e-02
  -5.6292273e-02
  -4.9775425e-02
  -2.7135305e-02
   1.1504356e-02
   3.0831770e-02
   0.0000000e+00
   0.0000000e+00
   0.0000000e+00
   0.0000000e+00
   0.0000000e+00
  -0.0000000e+00
  -4.8977077e-02
  -5.5323098e-02
  -4.6598911e-02
  -5.1101986e-02
  -4.5585547e-02
  -4.7503874e-02
  -4.0862918e-02
  -2.6577944e-02
  -3.1770108e-02
  -4.0669344e-02
  -3.3532489e-02
  -2.6429035e-02
  -2.9729424e-02
  -3.4795016e-02
  -3.7956797e-02
  -3.8059812e-02
  -2.2313248e-02
  -2.3274697e-02
  -2.5563689e-02
  -3.0059010e-02
  -3.6344320e-02
  -4.0279523e-02
  -4.5007236e-02
  -4.3776032e-02
  -4.5968164e-02
  -3.8798429e-02
  -2.9194571e-02
  -1.4931055e-02
   1.6094364e-02
   2.9258996e-02
   1.8685223e-02
   0.0000000e+00
   0.0000000e+00
   0.0000000e+00
   0.0000000e+00
  -0.0000000e+00
  -3.7284762e-02
  -5.2029978e-02
  -3.9604150e-02
  -3.6420554e-02
  -3.1603128e-02
  -3.2149285e-02
  -2.4291443e-02
  -1.6089248e-02
  -2.5267449e-02
  -2.4297822e-02
  -1.5953813e-02
  -1.3359805e-02
  -1.5380341e-02
  -2.0657860e-02
  -2.1368921e-02
  -2.2987833e-02
  -2.0969581e-02
  -1.6914476e-02
  -1.8249467e-02
  -1.5749969e-02
  -1.8909885e-02
  -1.9676838e-02
  -2.1482443e-02
  -2.2909258e-02
  -2.2050079e-02
  -2.4828229e-02
  -1.9715695e-02
  -1.7829511e-02
   2.3230535e-03
   3.0829657e-02
   2.6008766e-02
   0.0000000e+00
   0.0000000e+00
   0.0000000e+00
   0.0000000e+00
  -0.0000000e+00
  -2.1156591e-02
  -3.7995201e-02
  -3.5839330e-02
  -2.5444614e-02
  -1.8506220e-02
  -1.3271934e-02
  -8.5695479e-03
  -9.6112406e-03
  -2.0732626e-02
  -1.5392873e-02
  -1.0683154e-02
  -1.6747689e-02
  -1.3491920e-02
  -1.6502649e-02
  -1.8304612e-02
  -2.0917002e-02
  -3.4992628e-02
  -2.8104277e-02
  -2.7090140e-02
  -2.0491445e-02
  -2.0078197e-02
  -1.9602645e-02
  -2.0405855e-02
  -2.3756396e-02
  -2.3512244e-02
  -3.1152617e-02
  -3.1183509e-02
  -3.1764369e-02
  -1.4857462e-02
   1.8127888e-02
   2.1148101e-02
   0.0000000e+00
   0.0000000e+00
   0.0000000e+00
   0.0000000e+00
   0.0000000e+00
  -0.0000000e+00
  -2.6633710e-02
  -3.6226086e-02
  -3.2897308e-02
  -2.0191364e-02
  -1.0391694e-02
  -4.2822370e-03
  -7.0963167e-03
  -1.8790152e-02
  -2.4078356e-02
  -2.7118577e-02
  -3.3374805e-02
  -2.6066286e-02
  -2.9055513e-02
  -3.1818762e-02
  -3.4528334e-02
  -5.2099504e-02
  -4.3908443e-02
  -3.9349087e-02
  -3.0022096e-02
  -2.6078710e-02
  -2.4332775e-02
  -2.4912467e-02
  -2.9755518e-02
  -3.1300798e-02
  -4.1919723e-02
  -4.6330109e-02
  -4.5728482e-02
  -3.0262200e-02
  -1.5116586e-04
   0.0000000e+00
   0.0000000e+00
   0.0000000e+00
   0.0000000e+00
   0.0000000e+00
   0.0000000e+00
  -0.0000000e+00
  -0.0000000e+00
  -3.5200052e-02
  -4.1809287e-02
  -2.4555681e-02
  -9.6973358e-03
  -2.9401007e-04
  -2.6226754e-03
  -1.6620606e-02
  -3.4973947e-02
  -4.7448415e-02
  -5.0761096e-02
  -4.3232977e-02
  -4.5776632e-02
  -4.8870649e-02
  -5.2218631e-02
  -7.7129677e-02
  -7.0427731e-02
  -5.9711818e-02
  -5.0151553e-02
  -4.2568255e-02
  -3.9688714e-02
  -4.1576385e-02
  -4.7217816e-02
  -5.2913230e-02
  -6.2813863e-02
  -7.0442833e-02
  -6.1060250e-02
  -4.3686189e-02
  -1.0136142e-02
   0.0000000e+00
   0.0000000e+00
   0.0000000e+00
   0.0000000e+00
   0.0000000e+00
   0.0000000e+00
   0.0000000e+00
  -0.0000000e+00
  -0.0000000e+00
  -5.4850060e-02
  -3.5340514e-02
  -1.4134464e-02
   2.9872961e-03
   2.3152001e-03
  -0.0000000e+00
  -5.1550557e-02
  -7.7161118e-02
  -7.1694113e-02
  -7.1063891e-02
  -7.2217964e-02
  -7.4723177e-02
  -7.9780251e-02
  -8.7944977e-02
  -8.4751405e-02
  -7.1978383e-02
  -6.9332972e-02
  -6.0995728e-02
  -6.1578639e-02
  -6.3837610e-02
  -6.8635240e-02
  -7.5937040e-02
  -7.3084556e-02
  -7.4786358e-02
  -5.8048978e-02
  -5.1696315e-02
  -2.2588260e-02
  -1.1774309e-03
   0.0000000e+00
   0.0000000e+00
   0.0000000e+00
   0.0000000e+00
   0.0000000e+00
   0.0000000e+00
   0.0000000e+00
  -0.0000000e+00
  -4.1056320e-02
  -3.8130973e-02
  -1.8304769e-02
   4.7554215e-03
   3.5189910e-03
  -0.0000000e+00
  -5.6298867e-02
  -8.1100784e-02
  -7.8451231e-02
  -8.9707285e-02
  -8.3104752e-02
  -8.7614559e-02
  -9.2049420e-02
  -7.7861480e-02
  -7.5701371e-02
  -6.5853879e-02
  -6.6656798e-02
  -6.1024763e-02
  -6.5295294e-02
  -6.7672201e-02
  -7.0912808e-02
  -7.4115083e-02
  -6.5253094e-02
  -6.3799798e-02
  -4.9921945e-02
  -5.3194050e-02
  -3.2834888e-02
  -3.0601732e-03
   0.0000000e+00
   0.0000000e+00
   0.0000000e+00
   0.0000000e+00
   0.0000000e+00
   0.0000000e+00
  -0.0000000e+00
  -1.5568369e-02
  -2.4780769e-02
  -2.9598182e-02
  -1.5924925e-02
   2.4841508e-03
   0.0000000e+00
  -0.0000000e+00
  -4.7460258e-02
  -6.7806765e-02
  -7.0727974e-02
  -7.7969737e-02
  -7.0373759e-02
  -7.7289402e-02
  -8.0636099e-02
  -5.9000704e-02
  -5.7199221e-02
  -5.0886925e-02
  -5.2900173e-02
  -5.1089872e-02
  -5.8033857e-02
  -6.1236702e-02
  -6.2414259e-02
  -6.1110470e-02
  -5.0113212e-02
  -4.7591008e-02
  -4.0399846e-02
  -4.9338076e-02
  -3.8511556e-02
  -6.7313476e-03
   0.0000000e+00
   0.0000000e+00
   0.0000000e+00
   0.0000000e+00
   0.0000000e+00
   0.0000000e+00
  -0.0000000e+00
  -8.1823175e-03
  -0.0000000e+00
  -0.0000000e+00
  -1.0309372e-02
  -1.9517395e-03
  -0.0000000e+00
  -2.4353033e-02
  -3.3263449e-02
  -4.8565190e-02
  -5.4665763e-02
  -5.3990990e-02
  -4.8695955e-02
  -5.6951694e-02
  -6.0073860e-02
  -2.8148180e-02
  -2.6669938e-02
  -2.1948315e-02
  -2.1631686e-02
  -2.5094885e-02
  -3.2099977e-02
  -3.8760211e-02
  -3.6497153e-02
  -3.3748407e-02
  -2.6945930e-02
  -2.7588081e-02
  -2.9381026e-02
  -3.2688517e-02
  -3.4404185e-02
  -9.6188161e-03
   0.0000000e+00
   0.0000000e+00
   0.0000000e+00
   0.0000000e+00
   0.0000000e+00
   0.0000000e+00
  -0.0000000e+00
  -3.5992944e-03
   0.0000000e+00
  -0.0000000e+00
  -3.0307687e-04
  -4.4381008e-03
  -0.0000000e+00
  -2.0548522e-02
  -1.3041146e-02
  -2.3330663e-02
  -2.3705862e-02
  -1.4662454e-02
  -1.6920442e-02
  -2.3515560e-02
  -2.9187905e-02
   1.6116988e-02
   1.6521184e-02
   2.4028856e-02
   2.4845243e-02
   1.8138554e-02
   9.5871333e-03
  -4.7009290e-04
   1.8511820e-03
   1.2665108e-03
   4.3670889e-03
  -9.7892480e-06
  -1.8506846e-03
  -2.3568752e-03
  -1.9428369e-02
  -7.8605447e-03
   0.0000000e+00
   0.0000000e+00
   0.0000000e+00
   0.0000000e+00
   0.0000000e+00
  -0.0000000e+00
  -4.8268622e-03
  -3.4825930e-03
   0.0000000e+00
   0.0000000e+00
   1.3069267e-02
   7.5735388e-03
  -0.0000000e+00
  -0.0000000e+00
   0.0000000e+00
   0.0000000e+00
   2.7946869e-02
   3.9249316e-02
   3.0506227e-02
   2.3916908e-02
   1.3894041e-02
   6.0263995e-02
   6.1332960e-02
   6.9262780e-02
   6.5525524e-02
   5.8616742e-02
   4.6010364e-02
   3.5558369e-02
   3.4835447e-02
   3.1989861e-02
   3.4619067e-02
   3.0412620e-02
   3.2707259e-02
   1.9601385e-02
  -3.3937699e-03
   1.9929448e-04
   0.0000000e+00
   0.0000000e+00
   0.0000000e+00
   0.0000000e+00
   0.0000000e+00
   0.0000000e+00
   1.2967261e-03
   0.0000000e+00
   0.0000000e+00
   0.0000000e+00
   2.0945664e-02
   2.9999667e-02
   1.3718901e-02
  -0.0000000e+00
   0.0000000e+00
   0.0000000e+00
   7.9893462e-02
   9.0600744e-02
   8.1494391e-02
   7.0459947e-02
   5.8898456e-02
   1.0128233e-01
   1.0122727e-01
   1.0345247e-01
   9.4949894e-02
   8.7741919e-02
   7.4499264e-02
   6.6528201e-02
   6.2628224e-02
   5.9633996e-02
   6.2479571e-02
   6.1723772e-02
   6.4127088e-02
   4.2780879e-02
   1.9228781e-02
   1.5926133e-02
   0.0000000e+00
   0.0000000e+00
   0.0000000e+00
   0.0000000e+00
   7.6455505e-03
   1.0608513e-02
   9.9626495e-03
   0.0000000e+00
   0.0000000e+00
   0.0000000e+00
   3.3074273e-02
   4.7652040e-02
   4.6381603e-02
   4.8250992e-02
   4.7776272e-02
   7.9831871e-02
   1.2113318e-01
   1.3043080e-01
   1.2720016e-01
   1.1420013e-01
   1.0311795e-01
   1.2642872e-01
   1.2017350e-01
   1.1409026e-01
   1.0323621e-01
   9.7154826e-02
   8.8704564e-02
   8.5311063e-02
   8.1010409e-02
   7.9794213e-02
   8.1656471e-02
   8.3106451e-02
   8.2833707e-02
   5.5325650e-02
   4.5383517e-02
   3.9926907e-02
   1.9538885e-02
   0.0000000e+00
   0.0000000e+00
   0.0000000e+00
   1.9631200e-02
   2.1223685e-02
   1.7075883e-02
   0.0000000e+00
   0.0000000e+00
   0.0000000e+00
   0.0000000e+00
   5.1442442e-02
   6.6681974e-02
   7.6168478e-02
   9.8477073e-02
   1.2426998e-01
   1.4094058e-01
   1.4385273e-01
   1.4916573e-01
   1.4082627e-01
   1.3274956e-01
   1.1526638e-01
   1.0203440e-01
   9.3021698e-02
   8.3248705e-02
   8.1222408e-02
   8.0106862e-02
   8.2372017e-02
   8.2560666e-02
   8.2669914e-02
   8.2703881e-02
   8.1667311e-02
   8.0807149e-02
   6.3963488e-02
   6.8773381e-02
   6.2854975e-02
   3.4284036e-02
   2.7150353e-02
   0.0000000e+00
   0.0000000e+00
   2.8769425e-02
   2.3267239e-02
   1.9564438e-02
   0.0000000e+00
   0.0000000e+00
   0.0000000e+00
   0.0000000e+00
   3.4990840e-02
   6.5138988e-02
   9.5020227e-02
   1.2093287e-01
   1.2611024e-01
   1.2581876e-01
   1.1944947e-01
   1.2657967e-01
   1.2569323e-01
   1.2313519e-01
   6.2427290e-02
   5.3008389e-02
   4.8750140e-02
   4.1890051e-02
   4.4523582e-02
   4.7679480e-02
   5.4844618e-02
   6.0644399e-02
   6.0602166e-02
   6.2031887e-02
   5.9310131e-02
   5.9725750e-02
   6.0297992e-02
   6.6139445e-02
   6.0369857e-02
   4.9853928e-02
   3.9876248e-02
   2.7344610e-02
   2.9272480e-02
   2.6263376e-02
   0.0000000e+00
   1.7366867e-02
   0.0000000e+00
   0.0000000e+00
   0.0000000e+00
  -0.0000000e+00
   9.1350107e-03
   2.8548697e-02
   5.6952491e-02
   7.8095153e-02
   7.2792262e-02
   7.2308145e-02
   6.5068901e-02
   6.4246237e-02
   6.2039189e-02
   6.5329798e-02
  -5.5060941e-03
  -3.6892525e-03
  -1.9112703e-03
  -3.7822565e-03
  -1.2014309e-04
   4.4277380e-03
   1.2236515e-02
   2.0407515e-02
   2.3507183e-02
   3.0229315e-02
   3.1066766e-02
   2.8669031e-02
   3.5046339e-02
   3.3291049e-02
   2.6939789e-02
   3.2135095e-02
   3.0888025e-02
   2.1219153e-02
   1.2463102e-02
   2.8851905e-03
   3.7879682e-03
   1.0121923e-02
   0.0000000e+00
   0.0000000e+00
   0.0000000e+00
  -0.0000000e+00
  -1.5580924e-02
  -1.4296396e-02
  -6.1499355e-03
   2.8720801e-03
   1.5951867e-03
   1.5271619e-03
   2.6092953e-03
  -5.3577451e-03
  -1.4561361e-02
  -9.4469041e-03
  -5.2154917e-02
  -4.4046432e-02
  -3.8028333e-02
  -3.5959903e-02
  -3.3245385e-02
  -2.8781202e-02
  -2.2332521e-02
  -1.4696878e-02
  -8.3197290e-03
  -6.3679053e-04
   1.3500104e-03
  -2.8097909e-03
   3.5521461e-04
  -4.3458282e-03
  -9.1533009e-03
  -5.0852108e-03
  -5.9156730e-03
  -6.9769016e-03
  -1.3234844e-02
  -1.3035747e-02
  -8.6898181e-03
  -0.0000000e+00
   0.0000000e+00
  -0.0000000e+00
  -0.0000000e+00
  -6.4539732e-03
  -1.9787597e-02
  -2.8620791e-02
  -3.8667019e-02
  -4.4901863e-02
  -4.6357118e-02
  -4.8462201e-02
  -4.3321710e-02
  -5.0520889e-02
  -6.1658125e-02
  -5.9849370e-02
  -4.5638699e-02
  -3.9716203e-02
  -3.5188198e-02
  -3.2977778e-02
  -3.0512586e-02
  -2.7095916e-02
  -2.3946676e-02
  -2.1832628e-02
  -2.2102900e-02
  -2.2371605e-02
  -2.2581294e-02
  -2.2532811e-02
  -2.0083608e-02
  -2.0276384e-02
  -2.0929640e-02
  -2.0391492e-02
  -2.0802869e-02
  -1.9093812e-02
  -1.7276350e-02
  -1.5739452e-02
  -1.5728835e-02
  -1.2273576e-02
  -4.2820479e-03
  -8.1423680e-04
  -1.5407864e-03
  -2.2986676e-03
  -6.9262153e-03
  -1.3869611e-02
  -2.3837581e-02
  -3.3637539e-02
  -3.8720530e-02
  -4.2878855e-02
  -4.6404622e-02
  -5.1866036e-02
  -5.5134866e-02
  -5.1871479e-02
  -1.4123426e-02
  -1.1893477e-02
  -1.0971559e-02
  -1.0917533e-02
  -1.1445433e-02
  -1.2438861e-02
  -1.3612488e-02
  -1.5039492e-02
  -1.6655492e-02
  -1.7488807e-02
  -1.7416991e-02
  -1.6787749e-02
  -1.6325336e-02
  -1.6487343e-02
  -1.6317734e-02
  -1.4750407e-02
  -1.2318813e-02
  -9.7175520e-03
  -8.3880713e-03
  -8.9415619e-03
  -9.9339178e-03
  -8.5194837e-03
  -5.2546649e-03
  -2.1353480e-03
  -6.7323493e-04
  -1.3231416e-03
  -3.9878422e-03
  -7.5249686e-03
  -1.0588378e-02
  -1.2799212e-02
  -1.4080255e-02
  -1.5590141e-02
  -1.7864561e-02
  -1.9808453e-02
  -1.9775830e-02
  -1.7365456e-02
