  5.365600e-01
  4.724554e-01
  4.278553e-01
  3.867540e-01
  3.472797e-01
  3.109171e-01
  2.816583e-01
  2.632031e-01
  2.563922e-01
  2.578142e-01
  2.571758e-01
  2.537741e-01
  2.532165e-01
  2.524977e-01
  2.475950e-01
  2.511399e-01
  2.464730e-01
  2.380787e-01
  2.267041e-01
  2.341525e-01
  2.407410e-01
  2.472107e-01
  2.556150e-01
  2.580758e-01
  2.578785e-01
  2.530673e-01
  2.546513e-01
  2.633799e-01
  2.848987e-01
  3.178315e-01
  3.615679e-01
  4.135875e-01
  4.611564e-01
  4.984297e-01
  5.320363e-01
  5.757012e-01
