  0.5081  0.5098  0.5177  0.5281  0.5381  0.5419  0.5428  0.5433  0.5428  0.5418  0.5405  0.5398  0.5405  0.5427  0.5443  0.5437  0.5413  0.5405  0.5422  0.5449  0.5442  0.5429  0.5443  0.5449  0.5417  0.5385  0.5388  0.5402  0.5416  0.5406  0.5383  0.5354  0.5321  0.5268  0.5193  0.5120
  0.4630  0.4575  0.4571  0.4620  0.4693  0.4700  0.4738  0.4759  0.4743  0.4706  0.4693  0.4700  0.4734  0.4757  0.4798  0.4815  0.4746  0.4624  0.4638  0.4792  0.4789  0.4716  0.4740  0.4771  0.4687  0.4617  0.4632  0.4730  0.4804  0.4802  0.4827  0.4865  0.4852  0.4821  0.4744  0.4658
  0.4424  0.4258  0.4190  0.4349  0.4334  0.4296  0.4285  0.4278  0.4318  0.4287  0.4288  0.4306  0.4345  0.4296  0.4283  0.4333  0.4335  0.4296  0.4243  0.4301  0.4276  0.4169  0.4150  0.4166  0.4215  0.4238  0.4254  0.4262  0.4280  0.4291  0.4294  0.4337  0.4224  0.4213  0.4298  0.4317
  0.3893  0.3847  0.3679  0.3980  0.3963  0.3817  0.3893  0.3889  0.3947  0.3951  0.3942  0.3947  0.3956  0.3929  0.3878  0.3892  0.3877  0.3974  0.3937  0.3778  0.3777  0.3759  0.3726  0.3738  0.3801  0.3859  0.3874  0.3895  0.3927  0.3910  0.3799  0.3939  0.3884  0.3714  0.3840  0.3821
  0.3463  0.3467  0.3301  0.3505  0.3541  0.3381  0.3521  0.3487  0.3529  0.3546  0.3521  0.3549  0.3522  0.3535  0.3469  0.3477  0.3481  0.3439  0.3458  0.3398  0.3359  0.3363  0.3402  0.3435  0.3448  0.3484  0.3527  0.3560  0.3593  0.3560  0.3338  0.3478  0.3609  0.3402  0.3427  0.3448
  0.3109  0.3081  0.3051  0.3135  0.3122  0.3077  0.3118  0.3112  0.3142  0.3136  0.3138  0.3155  0.3137  0.3158  0.3116  0.3112  0.3129  0.3036  0.2958  0.2970  0.3009  0.3033  0.3100  0.3123  0.3152  0.3185  0.3212  0.3230  0.3236  0.3221  0.3008  0.3015  0.3167  0.3092  0.3058  0.3096
  0.2797  0.2721  0.2808  0.2872  0.2797  0.2852  0.2817  0.2827  0.2852  0.2823  0.2859  0.2834  0.2850  0.2831  0.2830  0.2831  0.2808  0.2831  0.2680  0.2564  0.2701  0.2802  0.2855  0.2863  0.2900  0.2926  0.2925  0.2933  0.2925  0.2902  0.2759  0.2712  0.2755  0.2787  0.2795  0.2769
  0.2561  0.2504  0.2628  0.2652  0.2606  0.2675  0.2638  0.2637  0.2641  0.2639  0.2645  0.2628  0.2626  0.2598  0.2622  0.2644  0.2620  0.2488  0.2686  0.2714  0.2609  0.2647  0.2751  0.2732  0.2719  0.2729  0.2740  0.2721  0.2702  0.2649  0.2565  0.2523  0.2514  0.2588  0.2566  0.2545
  0.2431  0.2424  0.2541  0.2491  0.2517  0.2548  0.2526  0.2534  0.2508  0.2543  0.2503  0.2538  0.2485  0.2484  0.2528  0.2540  0.2527  0.2200  0.2953  0.3294  0.2825  0.2553  0.2713  0.2660  0.2629  0.2597  0.2650  0.2598  0.2573  0.2530  0.2566  0.2649  0.2388  0.2437  0.2392  0.2427
  0.2398  0.2421  0.2502  0.2424  0.2481  0.2481  0.2451  0.2490  0.2451  0.2490  0.2452  0.2527  0.2456  0.2479  0.2541  0.2495  0.2444  0.2291  0.3325  0.3790  0.3190  0.2511  0.2650  0.2575  0.2627  0.2516  0.2599  0.2528  0.2527  0.2561  0.2751  0.3090  0.2316  0.2290  0.2324  0.2370
  0.2454  0.2520  0.2476  0.2568  0.2533  0.2554  0.2537  0.2527  0.2514  0.2518  0.2521  0.2559  0.2571  0.2597  0.2594  0.2519  0.2361  0.2957  0.2909  0.3082  0.2848  0.2494  0.2666  0.2562  0.2675  0.2549  0.2597  0.2528  0.2617  0.2704  0.2360  0.2420  0.2357  0.2505  0.2423  0.2406
  0.2473  0.2482  0.2533  0.2632  0.2600  0.2606  0.2591  0.2541  0.2529  0.2557  0.2534  0.2540  0.2571  0.2580  0.2611  0.2613  0.2430  0.2499  0.2351  0.2330  0.2727  0.2538  0.2590  0.2566  0.2604  0.2563  0.2611  0.2595  0.2649  0.2521  0.2277  0.2187  0.2503  0.2981  0.2410  0.2435
  0.2404  0.2474  0.2537  0.2639  0.2637  0.2596  0.2591  0.2536  0.2547  0.2546  0.2563  0.2555  0.2525  0.2537  0.2600  0.2641  0.2459  0.2377  0.2288  0.2205  0.2514  0.2516  0.2541  0.2668  0.2679  0.2557  0.2632  0.2656  0.2593  0.2429  0.2540  0.2225  0.2626  0.2991  0.2326  0.2409
  0.2338  0.2469  0.2510  0.2603  0.2627  0.2554  0.2559  0.2520  0.2552  0.2518  0.2588  0.2572  0.2480  0.2487  0.2564  0.2636  0.2465  0.2349  0.2367  0.2288  0.2333  0.2481  0.2509  0.2719  0.2722  0.2540  0.2643  0.2693  0.2550  0.2395  0.2729  0.2280  0.2689  0.2907  0.2301  0.2361
  0.2368  0.2444  0.2419  0.2450  0.2460  0.2449  0.2448  0.2475  0.2504  0.2479  0.2580  0.2561  0.2482  0.2427  0.2448  0.2579  0.2425  0.2301  0.2462  0.2495  0.2347  0.2462  0.2498  0.2460  0.2473  0.2501  0.2607  0.2652  0.2646  0.2479  0.2259  0.2095  0.2552  0.2972  0.2591  0.2280
  0.2420  0.2341  0.2354  0.2395  0.2363  0.2419  0.2404  0.2455  0.2466  0.2528  0.2545  0.2497  0.2892  0.2675  0.2306  0.2340  0.2382  0.2482  0.2537  0.2613  0.2517  0.2506  0.2460  0.2519  0.2556  0.2516  0.2527  0.2427  0.2722  0.2708  0.2447  0.2203  0.2549  0.3136  0.2978  0.2225
  0.2335  0.2270  0.2313  0.2353  0.2307  0.2365  0.2321  0.2386  0.2355  0.2423  0.2399  0.2371  0.3002  0.2928  0.2326  0.2319  0.2340  0.2488  0.2480  0.2557  0.2514  0.2407  0.2332  0.2452  0.2392  0.2373  0.2353  0.2220  0.2585  0.2696  0.2363  0.2230  0.2743  0.3212  0.3063  0.2160
  0.2186  0.2205  0.2278  0.2313  0.2262  0.2298  0.2215  0.2290  0.2205  0.2248  0.2196  0.2209  0.3001  0.3202  0.2410  0.2380  0.2294  0.2420  0.2361  0.2424  0.2439  0.2241  0.2158  0.2328  0.2114  0.2154  0.2125  0.2002  0.2350  0.2589  0.2167  0.2227  0.3033  0.3258  0.3037  0.2088
  0.1993  0.2177  0.2364  0.2375  0.2377  0.2305  0.2203  0.2241  0.2152  0.2144  0.2090  0.2133  0.2750  0.2846  0.2321  0.2253  0.2247  0.1819  0.1815  0.2011  0.1965  0.1994  0.1960  0.1990  0.1944  0.2039  0.2014  0.2161  0.2095  0.2538  0.2269  0.2241  0.3109  0.3290  0.3101  0.2289
  0.2191  0.2239  0.2324  0.2372  0.2393  0.2362  0.2322  0.2346  0.2314  0.2318  0.2297  0.2282  0.2514  0.2516  0.2252  0.2288  0.2202  0.1904  0.2002  0.2174  0.2095  0.2323  0.2251  0.2148  0.2117  0.2215  0.2130  0.2283  0.2012  0.2453  0.2429  0.2190  0.3039  0.3250  0.3115  0.2632
  0.2329  0.2275  0.2275  0.2362  0.2383  0.2406  0.2411  0.2428  0.2438  0.2453  0.2466  0.2423  0.2411  0.2334  0.2261  0.2413  0.2166  0.2132  0.2372  0.2297  0.2222  0.2465  0.2386  0.2280  0.2257  0.2352  0.2214  0.2332  0.1944  0.2385  0.2566  0.2164  0.2922  0.3177  0.3105  0.2860
  0.2377  0.2265  0.2196  0.2332  0.2315  0.2431  0.2463  0.2482  0.2512  0.2542  0.2599  0.2585  0.2562  0.2420  0.2439  0.2757  0.2140  0.2724  0.3228  0.2367  0.2374  0.2245  0.2224  0.2388  0.2363  0.2442  0.2252  0.2238  0.1891  0.2337  0.2687  0.2186  0.2675  0.3013  0.3044  0.2903
  0.2686  0.2410  0.2546  0.2504  0.2447  0.2529  0.2522  0.2580  0.2566  0.2553  0.2602  0.2455  0.2459  0.2268  0.2592  0.2875  0.2205  0.2924  0.3278  0.3088  0.2437  0.2471  0.2404  0.2509  0.2493  0.2533  0.2487  0.2345  0.1941  0.2419  0.2651  0.2100  0.2324  0.2884  0.2951  0.2983
  0.2746  0.2433  0.2656  0.2665  0.2530  0.2576  0.2547  0.2602  0.2580  0.2562  0.2587  0.2483  0.2420  0.2208  0.2540  0.2773  0.2268  0.2789  0.3184  0.3227  0.2446  0.2542  0.2505  0.2591  0.2553  0.2592  0.2595  0.2442  0.1972  0.2544  0.2670  0.2071  0.2314  0.2854  0.2895  0.2944
  0.2757  0.2386  0.2631  0.2708  0.2577  0.2604  0.2567  0.2600  0.2576  0.2566  0.2562  0.2538  0.2395  0.2308  0.2518  0.2624  0.2313  0.2498  0.2920  0.3139  0.2457  0.2590  0.2577  0.2654  0.2579  0.2638  0.2649  0.2534  0.2015  0.2616  0.2645  0.2035  0.2427  0.2860  0.2868  0.2907
  0.2765  0.2199  0.2330  0.2380  0.2529  0.2604  0.2590  0.2573  0.2542  0.2552  0.2525  0.2569  0.2377  0.2837  0.2724  0.2493  0.2296  0.1977  0.2254  0.2711  0.2505  0.2650  0.2598  0.2667  0.2541  0.2651  0.2605  0.2600  0.2101  0.2482  0.2453  0.1946  0.2694  0.2915  0.2910  0.2961
  0.3165  0.2543  0.2113  0.2602  0.2436  0.2391  0.2546  0.2550  0.2530  0.2527  0.2519  0.2509  0.2671  0.2665  0.2407  0.2467  0.2228  0.2409  0.2774  0.2533  0.2414  0.2573  0.2536  0.2581  0.2538  0.2595  0.2506  0.2576  0.2277  0.2147  0.2056  0.2039  0.2959  0.3060  0.3092  0.3141
  0.3430  0.3293  0.2699  0.2386  0.2317  0.2301  0.2518  0.2604  0.2600  0.2614  0.2590  0.2550  0.2495  0.2451  0.2379  0.2349  0.2788  0.2726  0.2455  0.2352  0.2397  0.2544  0.2584  0.2589  0.2560  0.2567  0.2516  0.2547  0.2461  0.2424  0.2125  0.2513  0.3181  0.3252  0.3298  0.3357
  0.3750  0.3873  0.3435  0.3005  0.3014  0.2548  0.2605  0.2720  0.2713  0.2775  0.2727  0.2706  0.2574  0.2610  0.2862  0.2460  0.2751  0.2633  0.2362  0.2437  0.2490  0.2634  0.2675  0.2687  0.2629  0.2627  0.2603  0.2605  0.2657  0.2682  0.2531  0.3085  0.3455  0.3495  0.3528  0.3620
  0.4158  0.4342  0.4067  0.3832  0.3930  0.3377  0.3331  0.3153  0.2905  0.3030  0.3019  0.3034  0.2956  0.2957  0.3088  0.2635  0.2596  0.2558  0.2557  0.2658  0.2697  0.2812  0.2796  0.2845  0.2790  0.2799  0.2778  0.2779  0.2857  0.2867  0.3180  0.3709  0.3768  0.3770  0.3827  0.3961
  0.4655  0.4782  0.4543  0.4323  0.4514  0.4484  0.4485  0.4130  0.3604  0.3464  0.3530  0.3534  0.3472  0.3293  0.3062  0.2908  0.2892  0.2895  0.2876  0.2916  0.3018  0.3061  0.3011  0.3045  0.3049  0.3054  0.3046  0.3050  0.3085  0.3214  0.3946  0.4323  0.4092  0.4125  0.4260  0.4421
  0.5121  0.5121  0.5030  0.4873  0.5035  0.5206  0.5193  0.5170  0.4827  0.4239  0.4155  0.4064  0.3921  0.3704  0.3606  0.3486  0.3427  0.3371  0.3239  0.3334  0.3409  0.3397  0.3390  0.3323  0.3325  0.3343  0.3394  0.3427  0.3456  0.3827  0.4673  0.4803  0.4498  0.4689  0.4830  0.4985
  0.5403  0.5392  0.5413  0.5351  0.5425  0.5553  0.5628  0.5741  0.5657  0.5040  0.4636  0.4446  0.4291  0.4143  0.4029  0.3958  0.3905  0.3781  0.3767  0.3833  0.3803  0.3789  0.3761  0.3653  0.3616  0.3667  0.3717  0.3884  0.4416  0.4789  0.5199  0.5111  0.5090  0.5315  0.5365  0.5450
  0.5451  0.5558  0.5632  0.5658  0.5671  0.5720  0.5925  0.6129  0.5928  0.5201  0.4920  0.4731  0.4628  0.4498  0.4264  0.4242  0.4311  0.4352  0.4449  0.4347  0.4315  0.4257  0.4018  0.3941  0.4395  0.4859  0.4555  0.4321  0.5188  0.5569  0.5386  0.5270  0.5392  0.5436  0.5437  0.5480
  0.5485  0.5657  0.5871  0.5949  0.5892  0.5993  0.6264  0.6440  0.6137  0.6019  0.5502  0.5208  0.5016  0.4870  0.4758  0.4791  0.4894  0.4917  0.4835  0.4685  0.4639  0.4500  0.4220  0.4503  0.5108  0.5480  0.5536  0.5373  0.5139  0.5615  0.5480  0.5329  0.5348  0.5346  0.5338  0.5397
  0.5910  0.5963  0.6029  0.6027  0.6039  0.6144  0.6312  0.6048  0.6009  0.6043  0.5764  0.5699  0.5641  0.5585  0.5558  0.5562  0.5566  0.5497  0.5394  0.5279  0.5169  0.5055  0.5251  0.5717  0.5750  0.5744  0.5752  0.5780  0.5787  0.5792  0.5817  0.5877  0.5926  0.5942  0.5925  0.5900
