   0.0000000e+00
   0.0000000e+00
   0.0000000e+00
   0.0000000e+00
   0.0000000e+00
   0.0000000e+00
   0.0000000e+00
   0.0000000e+00
   0.0000000e+00
   0.0000000e+00
   0.0000000e+00
   0.0000000e+00
   0.0000000e+00
   0.0000000e+00
   0.0000000e+00
   0.0000000e+00
   0.0000000e+00
   0.0000000e+00
   0.0000000e+00
   0.0000000e+00
   0.0000000e+00
   0.0000000e+00
   0.0000000e+00
   0.0000000e+00
   0.0000000e+00
   0.0000000e+00
   0.0000000e+00
   0.0000000e+00
   0.0000000e+00
   0.0000000e+00
   1.0042103e-02
  -3.0425297e-03
  -2.4807008e-02
   0.0000000e+00
   0.0000000e+00
   0.0000000e+00
  -9.9926951e-02
  -1.0833628e-01
  -9.6974514e-02
  -7.6897628e-02
  -1.1426842e-01
   0.0000000e+00
  -8.9019380e-02
  -6.1230282e-02
  -8.8513361e-02
   0.0000000e+00
   0.0000000e+00
   0.0000000e+00
   0.0000000e+00
   0.0000000e+00
  -6.4240441e-02
  -6.8522430e-02
  -4.4172791e-02
  -8.0402588e-03
   8.1474899e-03
   1.3961285e-02
   1.3737719e-02
   3.7502781e-03
   4.3283535e-03
  -3.0251584e-04
  -3.4456180e-03
   5.6534251e-04
  -6.7273294e-03
   3.9456035e-03
  -3.2719996e-03
   0.0000000e+00
   2.7098692e-03
  -2.4901236e-03
  -3.7167846e-03
  -1.5851697e-02
  -3.7596234e-02
  -6.9421705e-02
   2.3019812e-02
   2.0535864e-02
   2.1534994e-02
   1.5449863e-02
  -2.4981220e-03
  -1.7503611e-02
  -1.8384759e-02
  -6.2571808e-03
  -2.2397933e-02
  -4.8017695e-02
  -5.6266334e-02
  -4.7364564e-02
  -4.5050685e-02
  -3.8914821e-02
  -6.6136090e-04
   3.0583939e-02
   5.9718781e-02
   8.2052607e-02
   9.4104411e-02
   9.2673718e-02
   8.2297123e-02
   7.1213536e-02
   6.2318196e-02
   5.6300062e-02
   5.3173319e-02
   5.1136082e-02
   5.1743880e-02
   5.2690416e-02
   5.1139749e-02
   5.9197451e-02
   4.6920354e-02
   4.9260267e-02
   4.6829943e-02
   4.2594047e-02
   3.7342070e-02
   3.0195326e-02
   1.0967104e-01
   1.1601093e-01
   1.2246923e-01
   1.2752139e-01
   1.3142651e-01
   1.3333991e-01
   1.3407674e-01
   1.3237977e-01
   1.2466244e-01
   1.0989097e-01
   1.0110695e-01
   1.0132627e-01
   1.0516623e-01
   1.1082816e-01
   1.2221672e-01
   1.3647019e-01
   1.4359641e-01
   1.4344627e-01
   1.4808962e-01
   1.4436940e-01
   1.3214138e-01
   1.1929127e-01
   1.1005065e-01
   1.0388865e-01
   1.0118439e-01
   9.8996302e-02
   9.7404721e-02
   9.9312232e-02
   1.0372679e-01
   9.0886490e-02
   8.6101167e-02
   9.4863392e-02
   9.8971885e-02
   9.7226056e-02
   9.7844094e-02
   1.0246775e-01
   1.5518656e-01
   1.6315867e-01
   1.6862590e-01
   1.6618511e-01
   1.7114837e-01
   1.8579572e-01
   1.9256933e-01
   1.9687324e-01
   2.0381311e-01
   1.9670203e-01
   1.8358694e-01
   1.7667479e-01
   1.7033641e-01
   1.6157190e-01
   1.5624676e-01
   1.5173992e-01
   1.4749393e-01
   1.3480489e-01
   1.3848795e-01
   1.4564363e-01
   1.4433143e-01
   1.4019648e-01
   1.3660236e-01
   1.3339735e-01
   1.3103002e-01
   1.2811260e-01
   1.2521211e-01
   1.2151988e-01
   1.1416654e-01
   9.5138820e-02
   8.9842968e-02
   1.1170659e-01
   1.2804529e-01
   1.3528165e-01
   1.3947692e-01
   1.4618055e-01
   1.6825659e-01
   1.7077586e-01
   1.6725311e-01
   1.4870932e-01
   1.4546847e-01
   1.6618325e-01
   1.8475679e-01
   2.0280501e-01
   2.2107910e-01
   2.2140678e-01
   2.1075902e-01
   1.9847163e-01
   1.7803117e-01
   1.5528339e-01
   1.3716100e-01
   1.1744942e-01
   1.0747617e-01
   8.1947739e-02
   9.3089606e-02
   1.1083391e-01
   1.2141337e-01
   1.2659500e-01
   1.2879170e-01
   1.2918494e-01
   1.2746453e-01
   1.2404198e-01
   1.1994573e-01
   1.1066319e-01
   9.0806231e-02
   5.5139131e-02
   6.8675012e-02
   9.8356255e-02
   1.1990815e-01
   1.3943008e-01
   1.5182837e-01
   1.6130267e-01
   1.4401069e-01
   1.4054009e-01
   1.3463138e-01
   1.1345349e-01
   1.0397930e-01
   1.1977656e-01
   1.4416457e-01
   1.6989313e-01
   1.8771678e-01
   1.9165946e-01
   1.8269603e-01
   1.6275053e-01
   1.3363294e-01
   1.0933104e-01
   9.1352339e-02
   6.8439216e-02
   5.2046956e-02
   4.3878272e-02
   5.7223961e-02
   7.3447456e-02
   8.6524038e-02
   9.3939342e-02
   9.7250349e-02
   9.7510724e-02
   9.6751722e-02
   9.5954351e-02
   9.3454304e-02
   8.4152499e-02
   6.3978481e-02
   0.0000000e+00
   4.4721640e-02
   7.0125327e-02
   8.9830046e-02
   1.1499949e-01
   1.3201567e-01
   1.4185861e-01
   9.1005153e-02
   8.2570195e-02
   8.2748547e-02
   7.0978492e-02
   5.6359606e-02
   6.3822066e-02
   8.5360547e-02
   1.0591868e-01
   1.1939791e-01
   1.2259814e-01
   1.1172803e-01
   8.8731030e-02
   6.6457102e-02
   5.6256556e-02
   0.0000000e+00
   2.8468513e-02
   2.2213451e-02
   2.3111091e-02
   3.1875851e-02
   3.9683045e-02
   4.8082466e-02
   5.3251562e-02
   5.5047216e-02
   5.4773582e-02
   5.6348005e-02
   5.9748129e-02
   5.9978043e-02
   5.1287521e-02
   3.3008525e-02
   0.0000000e+00
   2.6558631e-02
   4.0289100e-02
   5.4883920e-02
   7.7391260e-02
   9.1894350e-02
   9.7297866e-02
   3.4532049e-02
   2.5190155e-02
   0.0000000e+00
   2.3449083e-02
   8.7934769e-03
   1.2067458e-02
   2.6990940e-02
   3.9436417e-02
   4.8362286e-02
   4.9095518e-02
   4.0034229e-02
   0.0000000e+00
   0.0000000e+00
   0.0000000e+00
   0.0000000e+00
   3.0876836e-04
  -2.9515312e-03
   1.2530205e-03
   3.5845851e-03
   6.8843344e-03
   1.1957823e-02
   1.5393765e-02
   1.7079722e-02
   1.8861194e-02
   2.2687641e-02
   2.7529728e-02
   2.9238410e-02
   2.2434069e-02
   9.1034247e-03
   0.0000000e+00
   0.0000000e+00
   1.2700629e-02
   2.3205923e-02
   3.9694953e-02
   4.8266134e-02
   4.8211252e-02
  -1.6355429e-02
  -2.5515518e-02
   0.0000000e+00
  -1.2960709e-02
  -2.4208485e-02
  -2.4798230e-02
  -1.8927314e-02
  -1.4337107e-02
  -1.0803267e-02
  -1.2734514e-02
  -1.8912582e-02
  -0.0000000e+00
   0.0000000e+00
   0.0000000e+00
   0.0000000e+00
  -2.1170334e-02
  -2.6248390e-02
  -2.5099838e-02
  -2.4733907e-02
  -2.3772015e-02
  -2.1108278e-02
  -1.7689069e-02
  -1.4242097e-02
  -9.8556919e-03
  -4.6455095e-03
  -2.2047141e-04
   6.1013689e-04
  -4.3262995e-03
  -4.9682950e-03
   0.0000000e+00
   0.0000000e+00
  -9.1873032e-03
  -2.9298438e-03
   6.6905843e-03
   8.9860522e-03
   3.0936986e-03
  -5.0983266e-02
  -0.0000000e+00
   0.0000000e+00
  -0.0000000e+00
  -3.4915720e-02
  -4.4108853e-02
  -4.8210880e-02
  -5.1724321e-02
  -5.4406836e-02
  -5.7429997e-02
  -5.4468544e-02
  -0.0000000e+00
   0.0000000e+00
   0.0000000e+00
   0.0000000e+00
  -4.0590148e-02
  -4.6615116e-02
  -4.7726093e-02
  -4.7708896e-02
  -4.6725761e-02
  -4.4068362e-02
  -3.9141332e-02
  -3.2750149e-02
  -2.5991859e-02
  -2.1420646e-02
  -2.0741054e-02
  -2.3606307e-02
  -2.5460667e-02
  -9.5017034e-03
   0.0000000e+00
   0.0000000e+00
  -2.5340266e-02
  -1.9472909e-02
  -1.6737839e-02
  -2.1198484e-02
  -3.2692342e-02
  -6.4287530e-02
  -0.0000000e+00
   0.0000000e+00
  -0.0000000e+00
  -3.4838548e-02
  -5.3451091e-02
  -6.8694583e-02
  -7.9311417e-02
  -8.6879192e-02
  -8.8254441e-02
  -7.1303548e-02
  -4.8886929e-02
   0.0000000e+00
   0.0000000e+00
   0.0000000e+00
  -5.5609917e-02
  -6.0850418e-02
  -6.3414625e-02
  -6.3281940e-02
  -6.0909262e-02
  -5.5860397e-02
  -4.7518298e-02
  -3.8317616e-02
  -3.1925850e-02
  -3.2854788e-02
  -3.9036091e-02
  -4.5668945e-02
  -4.3251713e-02
  -1.6747493e-02
   0.0000000e+00
   0.0000000e+00
  -0.0000000e+00
  -3.2539692e-02
  -3.8814999e-02
  -4.8898955e-02
  -6.1838604e-02
  -5.2761796e-02
  -0.0000000e+00
   0.0000000e+00
  -0.0000000e+00
  -1.7343186e-02
  -5.8421366e-02
  -7.9095799e-02
  -9.3043958e-02
  -1.0268401e-01
  -9.9847334e-02
  -7.2497226e-02
  -4.2197747e-02
   0.0000000e+00
   0.0000000e+00
   0.0000000e+00
  -6.1642515e-02
  -6.3206840e-02
  -6.5561429e-02
  -6.4981873e-02
  -6.0853235e-02
  -5.3296460e-02
  -4.3186240e-02
  -3.5641871e-02
  -3.5279455e-02
  -4.4199793e-02
  -5.4360840e-02
  -6.0747102e-02
  -5.7011466e-02
  -3.1374770e-02
   0.0000000e+00
   0.0000000e+00
   0.0000000e+00
  -4.6092595e-02
  -5.8649821e-02
  -6.9058290e-02
  -7.4947705e-02
  -3.4205932e-02
  -0.0000000e+00
   0.0000000e+00
   0.0000000e+00
  -1.3747640e-02
  -6.0694486e-02
  -7.9261510e-02
  -9.2213618e-02
  -9.9079524e-02
  -8.9624127e-02
  -5.9625820e-02
  -3.3384297e-02
  -2.3789559e-02
   0.0000000e+00
  -6.6735083e-02
  -5.3751604e-02
  -4.8762337e-02
  -4.9755849e-02
  -4.9968865e-02
  -4.5243905e-02
  -3.7695884e-02
  -3.1737056e-02
  -3.3399689e-02
  -4.4039094e-02
  -5.9199153e-02
  -6.8755865e-02
  -7.1136614e-02
  -5.9761419e-02
  -0.0000000e+00
   0.0000000e+00
   0.0000000e+00
   0.0000000e+00
  -5.9012851e-02
  -7.4791614e-02
  -7.9479581e-02
  -7.1440745e-02
  -2.0101059e-02
  -0.0000000e+00
   0.0000000e+00
   0.0000000e+00
  -2.4422048e-02
  -5.4628781e-02
  -6.7767329e-02
  -7.3326374e-02
  -7.1639179e-02
  -5.8105674e-02
  -3.4669985e-02
  -2.4421977e-02
  -3.1531205e-02
  -5.2921297e-02
  -5.8466408e-02
  -3.2884757e-02
  -2.4536887e-02
  -2.4811914e-02
  -2.7015304e-02
  -2.4590918e-02
  -2.1144954e-02
  -2.4328020e-02
  -3.7319331e-02
  -5.4638555e-02
  -6.8802277e-02
  -7.3858810e-02
  -7.0288764e-02
  -4.4406408e-02
  -0.0000000e+00
   0.0000000e+00
   0.0000000e+00
   0.0000000e+00
  -6.4822550e-02
  -7.8672147e-02
  -7.5442814e-02
  -5.6935579e-02
  -9.9474860e-03
   0.0000000e+00
   0.0000000e+00
   0.0000000e+00
  -3.4948272e-02
  -4.5369165e-02
  -4.8983646e-02
  -4.4963940e-02
  -3.5200389e-02
  -2.1520578e-02
  -9.5513969e-03
  -1.5222946e-02
  -3.6734064e-02
  -4.4715353e-02
  -0.0000000e+00
  -1.9149494e-02
  -1.4414459e-02
  -1.4929314e-02
  -1.6230847e-02
  -1.5529704e-02
  -1.6708303e-02
  -2.6426789e-02
  -4.3857429e-02
  -6.0388788e-02
  -6.9428023e-02
  -6.8575252e-02
  -5.8727714e-02
  -3.4429551e-02
  -0.0000000e+00
   0.0000000e+00
   0.0000000e+00
   0.0000000e+00
  -6.3459802e-02
  -7.1564951e-02
  -6.2801815e-02
  -4.0402302e-02
  -6.1895709e-04
   0.0000000e+00
   0.0000000e+00
   0.0000000e+00
  -3.3159525e-02
  -2.8877140e-02
  -2.4211003e-02
  -1.3298994e-02
   1.0311971e-03
   9.8450432e-03
   3.0892990e-03
  -6.1152666e-03
  -2.3870629e-02
  -2.6315698e-02
  -3.6188925e-02
  -2.4240664e-02
  -2.8990443e-02
  -3.1117011e-02
  -3.0866771e-02
  -3.0145537e-02
  -3.1764631e-02
  -3.8142789e-02
  -4.8061953e-02
  -5.6109905e-02
  -5.8211487e-02
  -5.2513894e-02
  -3.8960975e-02
  -1.6661845e-02
   0.0000000e+00
   0.0000000e+00
   0.0000000e+00
   0.0000000e+00
  -5.3143405e-02
  -5.3847209e-02
  -4.3979027e-02
  -2.2985809e-02
   6.7108032e-03
   0.0000000e+00
   0.0000000e+00
   0.0000000e+00
  -2.8763249e-02
  -1.3902950e-02
  -3.4637169e-03
   1.0730475e-02
   2.5643413e-02
   2.6589884e-02
   0.0000000e+00
   0.0000000e+00
  -1.0888724e-02
  -1.0148695e-02
  -4.3895285e-02
  -4.5872402e-02
  -5.4373871e-02
  -5.7046479e-02
  -5.6082764e-02
  -5.3554614e-02
  -5.0664076e-02
  -4.8022959e-02
  -4.6528712e-02
  -4.4465696e-02
  -3.9885297e-02
  -3.1567268e-02
  -1.7604057e-02
   4.6104766e-04
   0.0000000e+00
   0.0000000e+00
   0.0000000e+00
  -4.8719030e-02
  -3.9679864e-02
  -3.0345503e-02
  -2.1593298e-02
  -5.3413571e-03
   1.4680460e-02
   0.0000000e+00
   0.0000000e+00
   0.0000000e+00
  -0.0000000e+00
  -8.8800486e-03
   5.0137312e-03
   2.1009334e-02
   3.4842878e-02
   2.9138100e-02
   9.4242514e-03
   0.0000000e+00
  -1.5324343e-02
  -3.2910009e-02
  -5.4619803e-02
  -5.4566602e-02
  -6.0461423e-02
  -6.2807928e-02
  -6.2049942e-02
  -5.8879769e-02
  -5.4038288e-02
  -4.8177516e-02
  -4.3132485e-02
  -3.7975130e-02
  -3.0702978e-02
  -2.0273369e-02
  -5.3074792e-03
   8.5845943e-03
   0.0000000e+00
   0.0000000e+00
   0.0000000e+00
  -5.0990702e-02
  -3.5504064e-02
  -1.6218042e-02
  -5.0021391e-03
   9.1772937e-03
   0.0000000e+00
   0.0000000e+00
   0.0000000e+00
   0.0000000e+00
  -0.0000000e+00
  -4.7470311e-03
   8.3192557e-03
   2.6566939e-02
   3.9669971e-02
   2.7487072e-02
   4.7933620e-03
   0.0000000e+00
  -2.0208660e-02
  -4.2692341e-02
  -5.2065987e-02
  -5.5792107e-02
  -6.2396891e-02
  -6.5959252e-02
  -6.5662154e-02
  -6.2361031e-02
  -5.6930936e-02
  -4.9839358e-02
  -4.2587347e-02
  -3.4557767e-02
  -2.3891552e-02
  -1.1028597e-02
   1.5605727e-03
   8.6488925e-03
   0.0000000e+00
   0.0000000e+00
   0.0000000e+00
  -5.0767938e-02
  -3.0704038e-02
  -7.2059078e-03
   8.6002710e-03
   0.0000000e+00
   0.0000000e+00
   0.0000000e+00
   0.0000000e+00
   0.0000000e+00
  -0.0000000e+00
   6.0789439e-03
   1.0173563e-02
   3.2856868e-02
   4.4477419e-02
   2.2860497e-02
  -2.4865578e-03
  -3.6378587e-03
  -2.6994318e-02
  -4.0802500e-02
  -5.3574174e-02
  -6.7101713e-02
  -8.0184509e-02
  -8.8191749e-02
  -8.9484209e-02
  -8.3738040e-02
  -7.2706845e-02
  -5.7680219e-02
  -4.2608446e-02
  -2.8312774e-02
  -1.5061019e-02
  -6.6804285e-03
  -1.6241229e-03
   4.9954157e-04
   0.0000000e+00
   0.0000000e+00
  -6.1397510e-02
  -5.2420321e-02
  -3.2545040e-02
  -4.4687859e-03
   1.3586587e-02
   0.0000000e+00
   0.0000000e+00
   0.0000000e+00
   0.0000000e+00
   0.0000000e+00
   0.0000000e+00
   1.7374035e-02
   1.7671053e-02
   3.0881605e-02
   3.6083578e-02
   1.8672017e-02
  -0.0000000e+00
  -6.0174188e-03
  -3.0315704e-02
  -4.1589743e-02
  -5.9570940e-02
  -8.0293059e-02
  -9.9711303e-02
  -1.1424101e-01
  -1.2174536e-01
  -1.1971254e-01
  -1.0925720e-01
  -9.0273896e-02
  -6.6825455e-02
  -4.0754951e-02
  -1.7517469e-02
  -1.2511330e-02
  -1.0455413e-02
  -8.4471805e-03
   0.0000000e+00
   0.0000000e+00
  -6.6564816e-02
  -5.9730951e-02
  -4.3954420e-02
  -1.1960255e-02
   1.4436688e-02
   0.0000000e+00
   0.0000000e+00
   0.0000000e+00
   0.0000000e+00
   0.0000000e+00
   0.0000000e+00
   2.2783656e-02
   2.9613548e-02
   0.0000000e+00
   2.8112714e-02
   1.6433685e-02
   0.0000000e+00
  -1.0175581e-02
  -3.3872139e-02
  -4.2344255e-02
  -5.8937561e-02
  -7.9901621e-02
  -1.0009572e-01
  -1.1655482e-01
  -1.2699700e-01
  -1.2838334e-01
  -1.2217389e-01
  -1.0715531e-01
  -8.4305494e-02
  -5.3698988e-02
  -1.9520704e-02
  -1.0836672e-02
  -1.7776057e-02
  -0.0000000e+00
  -8.1272218e-02
  -7.4072349e-02
  -7.1590781e-02
  -6.9880522e-02
  -5.8722858e-02
  -2.7897579e-02
  -0.0000000e+00
   0.0000000e+00
   0.0000000e+00
   0.0000000e+00
   0.0000000e+00
   0.0000000e+00
   0.0000000e+00
   3.3749659e-02
   4.2476014e-02
   0.0000000e+00
   2.6151346e-02
   1.9362577e-02
  -0.0000000e+00
  -3.2738824e-02
  -4.2378723e-02
  -4.4654465e-02
  -5.3224860e-02
  -6.8786834e-02
  -8.6152585e-02
  -1.0142661e-01
  -1.1141252e-01
  -1.1374281e-01
  -1.1028940e-01
  -1.0053949e-01
  -8.2467828e-02
  -5.3747193e-02
  -1.6052123e-02
   9.1453453e-04
  -0.0000000e+00
  -5.8083183e-02
  -7.5624890e-02
  -7.0629784e-02
  -7.0673961e-02
  -7.2896808e-02
  -6.8848198e-02
  -4.8345421e-02
  -0.0000000e+00
   0.0000000e+00
   0.0000000e+00
   0.0000000e+00
   0.0000000e+00
   0.0000000e+00
   0.0000000e+00
   0.0000000e+00
   0.0000000e+00
   0.0000000e+00
   0.0000000e+00
   0.0000000e+00
  -0.0000000e+00
  -5.2899582e-02
  -5.3007556e-02
  -4.5686635e-02
  -4.5704626e-02
  -5.3625963e-02
  -6.5821502e-02
  -7.7876532e-02
  -8.6233405e-02
  -8.9317323e-02
  -8.8595807e-02
  -8.3688831e-02
  -7.0524751e-02
  -4.4380613e-02
  -1.0124490e-02
   0.0000000e+00
   0.0000000e+00
  -4.7219255e-02
  -4.3262483e-02
  -5.8413463e-02
  -6.2173641e-02
  -6.7139015e-02
  -7.0874136e-02
  -6.5792765e-02
  -0.0000000e+00
   0.0000000e+00
   0.0000000e+00
   0.0000000e+00
   0.0000000e+00
   0.0000000e+00
   0.0000000e+00
   0.0000000e+00
   0.0000000e+00
   0.0000000e+00
   0.0000000e+00
   0.0000000e+00
   0.0000000e+00
  -0.0000000e+00
  -5.3030530e-02
  -4.0571915e-02
  -3.5713663e-02
  -3.8200323e-02
  -4.5759227e-02
  -5.4727086e-02
  -6.2271504e-02
  -6.6484392e-02
  -6.8238205e-02
  -6.7390322e-02
  -5.7475682e-02
  -3.0735509e-02
  -8.6372820e-05
   0.0000000e+00
  -0.0000000e+00
  -4.5292785e-02
  -4.2450772e-02
  -4.4985777e-02
  -4.8170802e-02
  -5.4685516e-02
  -6.3428232e-02
  -6.9902243e-02
  -6.5916179e-02
   0.0000000e+00
   0.0000000e+00
   0.0000000e+00
   0.0000000e+00
   0.0000000e+00
   0.0000000e+00
   0.0000000e+00
   0.0000000e+00
   0.0000000e+00
   0.0000000e+00
   0.0000000e+00
   0.0000000e+00
   0.0000000e+00
  -3.9988382e-02
  -2.8260506e-02
  -1.5966540e-02
  -1.4615560e-02
  -1.9372663e-02
  -2.5841157e-02
  -3.1527952e-02
  -3.5020292e-02
  -3.8104393e-02
  -4.1433514e-02
  -3.7035956e-02
  -9.7274515e-03
   1.1813074e-02
   0.0000000e+00
  -0.0000000e+00
  -3.3262187e-02
  -2.3654211e-02
  -2.2583912e-02
  -2.4301823e-02
  -3.1410081e-02
  -4.2841074e-02
  -5.5990902e-02
  -5.0216225e-02
   0.0000000e+00
   0.0000000e+00
   0.0000000e+00
   0.0000000e+00
   0.0000000e+00
   0.0000000e+00
   0.0000000e+00
   0.0000000e+00
   0.0000000e+00
   0.0000000e+00
   0.0000000e+00
   0.0000000e+00
   0.0000000e+00
  -2.2391047e-02
  -1.5648584e-02
   5.6026328e-03
   1.2785025e-02
   9.3821759e-03
   5.0815546e-03
   2.1996771e-03
   7.8628914e-04
  -2.3349399e-03
  -9.0033956e-03
  -1.0999413e-02
   1.3523885e-02
   0.0000000e+00
   0.0000000e+00
   0.0000000e+00
   0.0000000e+00
   6.0091141e-03
   8.1551153e-03
   3.4900629e-03
  -5.1953730e-03
  -1.7156122e-02
  -3.0827146e-02
  -3.1239576e-02
   0.0000000e+00
   0.0000000e+00
   0.0000000e+00
   0.0000000e+00
   0.0000000e+00
   0.0000000e+00
   0.0000000e+00
   0.0000000e+00
   0.0000000e+00
   0.0000000e+00
   0.0000000e+00
   0.0000000e+00
   0.0000000e+00
  -0.0000000e+00
  -0.0000000e+00
   2.5419933e-02
   3.3589215e-02
   3.4113171e-02
   3.6074771e-02
   3.8836167e-02
   4.0041216e-02
   3.7700463e-02
   2.8919117e-02
   1.8762024e-02
   2.5092777e-02
   0.0000000e+00
   0.0000000e+00
   0.0000000e+00
   0.0000000e+00
   2.9865661e-02
   3.6601924e-02
   3.0102374e-02
   2.0797710e-02
   1.0041913e-02
  -2.1275477e-03
  -8.3033046e-03
   0.0000000e+00
   0.0000000e+00
   0.0000000e+00
   0.0000000e+00
   0.0000000e+00
   0.0000000e+00
   0.0000000e+00
   0.0000000e+00
   0.0000000e+00
   0.0000000e+00
   0.0000000e+00
   0.0000000e+00
   0.0000000e+00
  -0.0000000e+00
   1.3762920e-02
   3.4823883e-02
   3.3906899e-02
   4.1613575e-02
   5.3887292e-02
   6.5401147e-02
   7.1802743e-02
   7.1866929e-02
   6.2611449e-02
   4.3965249e-02
   3.2486026e-02
   0.0000000e+00
   0.0000000e+00
   0.0000000e+00
   0.0000000e+00
   0.0000000e+00
   4.5118592e-02
   4.2449389e-02
   3.7130836e-02
   3.1823853e-02
   2.4522799e-02
   1.5964865e-02
   0.0000000e+00
   0.0000000e+00
   0.0000000e+00
   0.0000000e+00
  -0.0000000e+00
   0.0000000e+00
   0.0000000e+00
   0.0000000e+00
   0.0000000e+00
   0.0000000e+00
   0.0000000e+00
   0.0000000e+00
   0.0000000e+00
   0.0000000e+00
   2.5171765e-02
   3.3767767e-02
   2.9276358e-02
   4.0271481e-02
   5.8158037e-02
   7.6358297e-02
   8.8165150e-02
   9.1296059e-02
   8.1985038e-02
   5.8173948e-02
   0.0000000e+00
   0.0000000e+00
   0.0000000e+00
   0.0000000e+00
   0.0000000e+00
   0.0000000e+00
   3.4173287e-02
   3.5963819e-02
   4.0855181e-02
   4.6183349e-02
   4.5093473e-02
   3.3747997e-02
   0.0000000e+00
   0.0000000e+00
   0.0000000e+00
   0.0000000e+00
  -0.0000000e+00
   0.0000000e+00
   0.0000000e+00
   0.0000000e+00
   0.0000000e+00
   0.0000000e+00
   0.0000000e+00
   0.0000000e+00
   0.0000000e+00
   0.0000000e+00
   0.0000000e+00
   1.3208695e-02
   1.1718990e-02
   2.2913767e-02
   4.3210949e-02
   6.2963714e-02
   7.7843225e-02
   8.3941464e-02
   7.6158294e-02
   5.3409771e-02
   0.0000000e+00
   0.0000000e+00
   0.0000000e+00
   0.0000000e+00
   0.0000000e+00
   0.0000000e+00
   0.0000000e+00
   2.8421526e-02
   3.8612984e-02
   5.0290291e-02
   5.3140587e-02
   4.4603991e-02
   3.3482070e-02
   0.0000000e+00
   0.0000000e+00
   0.0000000e+00
   0.0000000e+00
   0.0000000e+00
   0.0000000e+00
   0.0000000e+00
   0.0000000e+00
   0.0000000e+00
   0.0000000e+00
   0.0000000e+00
   0.0000000e+00
   0.0000000e+00
   0.0000000e+00
  -4.9530748e-03
  -1.0206195e-02
  -1.2047763e-02
   2.2450916e-03
   2.2222811e-02
   4.0000124e-02
   4.8888842e-02
   4.3681251e-02
   2.7393379e-02
   0.0000000e+00
   0.0000000e+00
   0.0000000e+00
   0.0000000e+00
   0.0000000e+00
   0.0000000e+00
   0.0000000e+00
   1.8457829e-02
   2.9797495e-02
   4.2614521e-02
   4.9558194e-02
   4.6777763e-02
   0.0000000e+00
   4.8644369e-03
  -0.0000000e+00
  -0.0000000e+00
   0.0000000e+00
   0.0000000e+00
   0.0000000e+00
   0.0000000e+00
   0.0000000e+00
   0.0000000e+00
   0.0000000e+00
   0.0000000e+00
   0.0000000e+00
   0.0000000e+00
   0.0000000e+00
  -0.0000000e+00
  -2.5239055e-02
  -4.2129202e-02
  -4.6911549e-02
  -2.5066277e-02
  -6.3426419e-03
   0.0000000e+00
  -0.0000000e+00
  -0.0000000e+00
   0.0000000e+00
   0.0000000e+00
   0.0000000e+00
   0.0000000e+00
   0.0000000e+00
   0.0000000e+00
   0.0000000e+00
   2.1618764e-04
   6.1086221e-03
   1.9652527e-02
   2.7705516e-02
   2.8501521e-02
   1.7664972e-02
   2.8292422e-03
  -0.0000000e+00
  -0.0000000e+00
   0.0000000e+00
   0.0000000e+00
   0.0000000e+00
   0.0000000e+00
   0.0000000e+00
   0.0000000e+00
   0.0000000e+00
   0.0000000e+00
   0.0000000e+00
   0.0000000e+00
   0.0000000e+00
   0.0000000e+00
   0.0000000e+00
  -0.0000000e+00
  -0.0000000e+00
  -3.8428058e-02
  -2.4311262e-02
   0.0000000e+00
   0.0000000e+00
   0.0000000e+00
   0.0000000e+00
   0.0000000e+00
   0.0000000e+00
   0.0000000e+00
  -0.0000000e+00
   6.6088981e-04
   4.3233044e-04
  -4.5885096e-03
  -0.0000000e+00
  -4.7046323e-02
  -3.7238848e-02
  -1.5673641e-02
  -2.0700074e-03
  -1.6791151e-02
  -2.5541360e-02
  -2.4407171e-02
  -9.9651357e-03
  -4.1292082e-03
  -6.1410572e-03
  -9.3050155e-03
  -1.3294896e-02
  -1.8417293e-02
   0.0000000e+00
   0.0000000e+00
  -1.5043387e-02
  -1.7984834e-02
  -1.6469392e-02
  -1.7159615e-02
  -1.8285879e-02
  -2.0427973e-02
  -2.2924008e-02
  -3.1901814e-02
  -5.0526907e-02
  -5.0133093e-02
  -4.6356109e-02
  -4.1434736e-02
  -2.7658962e-02
  -1.6282619e-03
  -1.4774632e-03
  -3.2871078e-03
   0.0000000e+00
   7.5637948e-03
   5.5957304e-03
  -0.0000000e+00
   0.0000000e+00
   0.0000000e+00
  -0.0000000e+00
  -1.9390512e-02
  -1.8460062e-02
