   1.2302636e+00
   1.3327927e+00
   1.2720195e+00
   1.0573691e+00
   7.4364761e-01
   4.8908874e-01
   3.4795618e-01
   2.3018246e-01
   1.5897575e-01
   2.1812122e-01
   4.9121687e-01
   9.4250381e-01
   1.3444884e+00
   1.5686194e+00
   1.5017159e+00
   1.2021893e+00
   6.8660978e-01
   1.3033935e-01
  -2.7836108e-01
  -5.5859142e-01
  -6.6190863e-01
  -6.1897510e-01
  -4.4539828e-01
  -1.7085585e-01
   9.7683541e-02
   3.5918515e-01
   5.9381229e-01
   7.7183604e-01
   9.0405805e-01
   9.7165191e-01
   9.9047810e-01
   9.8073447e-01
   9.5065188e-01
   9.2697471e-01
   9.5669216e-01
   1.0780984e+00
   8.9134234e-01
   1.1646311e+00
   1.2712995e+00
   1.0562712e+00
   4.9624169e-01
   3.2600485e-02
   6.6536941e-02
   3.9406639e-02
  -2.8610033e-01
  -7.2418165e-01
  -1.1928163e+00
  -7.0167983e-01
   4.3017536e-01
   1.4216696e+00
   1.9416952e+00
   1.8563035e+00
   1.2041318e+00
   5.5835438e-01
   3.2893297e-01
   1.6502367e-01
   8.1235811e-02
   1.4819445e-01
   2.4711102e-01
   5.0626487e-01
   6.3329464e-01
   8.7296766e-01
   1.5064211e+00
   1.9423151e+00
   2.0720997e+00
   1.8812951e+00
   1.6552156e+00
   1.5345302e+00
   1.2388737e+00
   7.9420537e-01
   4.9547318e-01
   6.1981744e-01
  -3.7618095e-01
  -2.3568635e-01
  -1.0110340e-01
  -4.7768734e-02
  -3.0321163e-01
  -1.2168267e+00
  -1.4983010e+00
  -1.2957071e+00
  -1.2108366e+00
  -1.2042606e+00
  -1.5958148e+00
  -1.2377053e+00
  -2.0354059e-01
   7.5787765e-01
   1.4805167e+00
   1.4950429e+00
   8.6309683e-01
   2.5412413e-01
  -8.3614096e-02
  -5.0114900e-01
  -7.1251673e-01
  -6.0263491e-01
  -3.3315003e-01
  -1.2104478e-01
  -2.1073154e-01
   2.8074703e-01
   8.6833006e-01
   8.5923016e-01
   9.0926832e-01
   4.8175904e-01
   1.6054255e-01
   3.7252370e-01
   1.1433950e-01
  -4.7092390e-01
  -6.8904948e-01
  -4.6514225e-01
  -1.3267001e+00
  -1.2297302e+00
  -1.2369678e+00
  -1.0013639e+00
  -7.6462889e-01
  -1.5571582e+00
  -2.3490866e+00
  -2.1115117e+00
  -2.1787004e+00
  -2.3431569e+00
  -1.4390967e+00
  -6.9531131e-01
  -2.2432458e-01
   2.7359793e-01
   4.1066688e-01
   2.0374530e-01
  -3.5047913e-01
  -6.7653525e-01
  -1.2255041e+00
  -1.5871590e+00
  -1.4640731e+00
  -1.3560142e+00
  -8.3906841e-01
  -1.1074204e+00
  -1.1209691e+00
  -3.0411807e-01
  -5.0073022e-01
  -5.6485111e-01
  -3.6227086e-01
  -6.7076266e-01
  -7.8463415e-01
  -7.3588502e-01
  -9.0613067e-01
  -1.2800637e+00
  -1.3789687e+00
  -1.3238996e+00
  -1.8104053e+00
  -1.7332059e+00
  -1.8045577e+00
  -1.5117954e+00
  -1.2656009e+00
  -1.5282588e+00
  -2.4085674e+00
  -2.0962274e+00
  -2.2595348e+00
  -3.0876486e+00
  -1.3922763e+00
  -3.5905519e-01
  -3.2644954e-01
  -1.4444356e-01
  -8.2169449e-01
  -1.2641275e+00
  -1.7707225e+00
  -1.8685138e+00
  -2.1378510e+00
  -2.1725404e+00
  -1.7095810e+00
  -1.5246147e+00
  -1.0591885e+00
  -1.5652373e+00
  -1.3386928e+00
  -9.5567626e-01
  -1.5655154e+00
  -1.0533168e+00
  -1.1449685e+00
  -1.4343159e+00
  -1.3944139e+00
  -1.7565415e+00
  -1.6422758e+00
  -1.7056844e+00
  -1.8446623e+00
  -1.9533973e+00
  -1.8678982e+00
  -1.8639957e+00
  -1.8511944e+00
  -1.6122831e+00
  -1.6463656e+00
  -1.5286109e+00
  -2.2246075e+00
  -2.0203559e+00
  -1.8780922e+00
  -2.7241564e+00
  -1.0784370e+00
  -2.1668637e-01
  -6.8180543e-01
  -6.6716933e-01
  -1.5398564e+00
  -1.9572804e+00
  -2.3685637e+00
  -2.4578142e+00
  -2.1032259e+00
  -1.8439403e+00
  -1.3998098e+00
  -1.3815465e+00
  -1.3394245e+00
  -1.3138025e+00
  -1.2248250e+00
  -1.5922555e+00
  -1.7812846e+00
  -1.1338795e+00
  -1.3990309e+00
  -1.6866932e+00
  -1.8292269e+00
  -2.0376303e+00
  -1.7421405e+00
  -1.8694787e+00
  -2.0631537e+00
  -2.1173973e+00
  -1.5255786e+00
  -1.5879610e+00
  -1.5150034e+00
  -1.3113959e+00
  -1.5052471e+00
  -1.2843572e+00
  -1.7876792e+00
  -1.9678608e+00
  -1.5633394e+00
  -1.6943011e+00
  -1.7558015e-01
   2.1356180e-01
  -9.0876567e-01
  -9.9794346e-01
  -1.3843576e+00
  -1.7968550e+00
  -2.1842882e+00
  -1.9967531e+00
  -1.1035780e+00
  -6.9804058e-01
  -6.9336029e-01
  -1.2449781e+00
  -1.3535895e+00
  -7.3924133e-01
  -1.0938138e+00
  -1.7355951e+00
  -1.5133171e+00
  -1.1099648e+00
  -9.8968631e-01
  -1.1479207e+00
  -1.4900696e+00
  -1.3418165e+00
  -1.2523996e+00
  -1.6882424e+00
  -1.8091274e+00
  -1.7335410e+00
  -8.3682436e-01
  -9.4611233e-01
  -8.7735646e-01
  -6.6047800e-01
  -7.8429627e-01
  -6.8555466e-01
  -1.0615169e+00
  -1.5842196e+00
  -1.1157754e+00
  -4.0946522e-01
   9.8357165e-01
   8.5557698e-01
  -7.4199802e-01
  -7.8463191e-01
  -6.7300520e-01
  -1.4519780e+00
  -1.7892089e+00
  -8.8625329e-01
   5.0363135e-01
   6.9989055e-01
  -2.7092345e-01
  -1.0646687e+00
  -7.3112273e-01
  -1.0614843e-02
  -7.2347200e-01
  -1.3792248e+00
  -9.8729467e-01
  -5.1313508e-01
   3.4642182e-02
  -7.1774636e-02
  -3.9846194e-01
  -2.8046706e-01
  -6.2637041e-01
  -1.1315084e+00
  -1.0773990e+00
  -9.1072237e-01
   2.2177741e-02
  -1.2072822e-01
  -2.0143032e-02
   1.4445151e-01
   2.1194197e-01
   2.8236404e-02
  -3.3819035e-01
  -7.9761100e-01
  -2.4601468e-01
   9.7510493e-01
   2.0218279e+00
   1.3482802e+00
  -3.5932529e-01
  -1.3986121e-01
   7.2892457e-03
  -1.2587385e+00
  -1.3491796e+00
   3.1288919e-01
   2.2774134e+00
   1.6673297e+00
  -4.7264087e-01
  -6.5416133e-01
   3.1192070e-01
   9.5870030e-01
  -1.8956378e-02
  -7.8499538e-01
  -5.2755535e-02
   6.9078916e-01
   1.3903817e+00
   1.0196027e+00
   6.6340023e-01
   5.5742317e-01
  -1.5912910e-01
  -3.4173617e-01
  -7.4955180e-02
   1.1148912e-01
   8.5675168e-01
   6.9944149e-01
   9.1438556e-01
   8.9737701e-01
   1.1472385e+00
   5.9338707e-01
   1.0254094e-01
   2.1691908e-01
   1.0056787e+00
   2.3170168e+00
   2.8045325e+00
   1.4858637e+00
  -2.6483582e-02
   6.0205162e-01
   3.1348526e-01
  -1.1322097e+00
  -7.8845567e-01
   1.3307562e+00
   3.8606625e+00
   1.8517179e+00
  -1.1287453e+00
   4.5120113e-02
   1.3847070e+00
   2.1301892e+00
   8.7483549e-01
  -1.1480757e-01
   1.2908696e+00
   2.1044257e+00
   2.7490118e+00
   1.7829171e+00
   1.1054854e+00
   9.4762003e-01
   1.0995630e-01
   5.1378500e-01
   9.6784294e-01
   1.0847338e+00
   1.5093579e+00
   1.3931798e+00
   1.6927208e+00
   1.4079475e+00
   1.6551308e+00
   6.2603789e-01
   2.5948606e-02
   1.3459718e+00
   2.3600135e+00
   3.4106442e+00
   3.3223400e+00
   1.0178622e+00
   4.1735129e-02
   9.1578671e-01
   1.2156439e-01
  -4.2797575e-01
   2.6178836e-01
   2.4045534e+00
   4.8505743e+00
   8.5932180e-01
  -1.6612034e+00
   1.2462973e+00
   2.2483626e+00
   3.1089899e+00
   1.8552065e+00
   8.6197719e-01
   2.6890787e+00
   3.1587538e+00
   3.6758173e+00
   1.9417025e+00
   5.7615377e-01
   6.4501630e-01
   3.6121489e-01
   1.5128654e+00
   1.8647683e+00
   1.6973440e+00
   1.4050639e+00
   1.3716615e+00
   1.4858487e+00
   1.1601989e+00
   1.3221656e+00
  -4.8878826e-02
  -2.8336868e-02
   1.6139417e+00
   2.3908758e+00
   3.6490319e+00
   2.6318893e+00
   2.6229024e-01
   8.7672316e-02
   5.4240465e-01
   3.0126849e-01
   4.9568275e-01
   1.2093301e+00
   3.1493311e+00
   4.5340061e+00
   2.5027081e-01
  -1.2579958e+00
   2.1551032e+00
   2.3662545e+00
   2.5927274e+00
   2.2167540e+00
   1.1669686e+00
   2.2844064e+00
   2.9313424e+00
   3.2549778e+00
   1.6280183e+00
   2.0447192e-01
   1.3638374e-02
   6.5276879e-01
   2.0497184e+00
   1.7523210e+00
   1.4795611e+00
   9.4192994e-01
   9.9902827e-01
   9.1194922e-01
   6.2020552e-01
   7.3707563e-01
  -6.0237074e-01
   1.2573890e-01
   1.2665037e+00
   2.1728690e+00
   3.6195176e+00
   1.2852509e+00
  -3.4548852e-01
   1.6152027e-01
   3.5450956e-01
   6.9414377e-01
   9.3276262e-01
   1.8017795e+00
   3.3909700e+00
   4.0496025e+00
   3.6652094e-01
  -5.8037448e-01
   2.5024614e+00
   1.9648174e+00
   1.8873992e+00
   1.9043320e+00
   6.7259645e-01
   1.3731974e+00
   2.1965528e+00
   2.6741211e+00
   1.4015312e+00
   7.7690870e-02
  -2.5028971e-01
   8.3302528e-01
   1.9778647e+00
   1.2422591e+00
   1.0892414e+00
   3.5688934e-01
   5.0138208e-01
   2.2808754e-01
   1.0043968e-02
   7.1040202e-02
  -9.8521179e-01
   3.2146031e-01
   6.7499606e-01
   2.0069733e+00
   3.4477196e+00
  -1.8513096e-01
  -8.3414024e-01
   1.6489762e-01
   2.7170189e-01
   1.0217562e+00
   1.1048930e+00
   2.1827773e+00
   3.3613019e+00
   3.5749240e+00
   7.1609245e-01
   1.7983723e-01
   2.5182121e+00
   1.3014988e+00
   1.2158370e+00
   1.2167265e+00
  -1.2131817e-01
   4.1062072e-01
   1.3073739e+00
   2.1485838e+00
   1.2091240e+00
  -1.4244354e-02
  -3.1120165e-01
   9.0358800e-01
   1.5656097e+00
   6.1126868e-01
   6.4557248e-01
  -3.9689281e-01
  -1.6778372e-01
  -5.8217253e-01
  -6.3638855e-01
  -7.6216844e-01
  -8.5763441e-01
   4.3657903e-01
  -2.5759572e-01
   2.4403405e+00
   2.9800311e+00
  -1.6042102e+00
  -1.1288627e+00
  -2.1033166e-01
   3.6883796e-01
   7.8967637e-01
   8.4338713e-01
   2.2323986e+00
   2.8380682e+00
   3.2825669e+00
   1.1126649e+00
   1.1056357e+00
   1.8596398e+00
   3.8878793e-02
   8.1997937e-01
  -3.6828807e-01
  -1.2823052e+00
  -2.5448074e-01
   2.4780621e-01
   1.9954155e+00
   9.8575629e-01
  -3.5758763e-01
  -1.1467831e-02
   6.5032571e-01
   3.9360935e-01
  -1.3463306e-01
   1.0059164e-01
  -4.8657903e-01
  -2.7820131e-01
  -6.6646194e-01
  -5.9119105e-01
  -7.7509642e-01
  -4.4292429e-01
   2.4176121e-01
  -1.1601627e-01
   2.7007456e+00
   2.3266792e+00
  -9.9204391e-01
  -1.0435536e+00
  -1.1728506e+00
  -4.3136412e-01
  -2.9707754e-01
   5.3906310e-01
   2.0079830e+00
   2.5761354e+00
   3.0259562e+00
   6.3158381e-01
   1.1066965e+00
   1.3109446e+00
  -5.2582276e-01
   2.5031742e-01
  -1.0193185e+00
  -1.0398530e+00
  -2.6387960e-02
   4.1878927e-01
   1.8447104e+00
   3.9465708e-01
  -6.6286576e-01
  -2.7522314e-01
   1.3138734e-02
  -2.5700748e-01
  -4.6755785e-01
  -2.4429667e-01
  -3.7576351e-01
  -1.7789790e-01
  -4.3866757e-01
  -3.6597288e-01
  -4.4566235e-01
  -2.0787157e-01
   1.6691622e-01
   3.4018317e-01
   2.2355924e+00
   1.6174409e+00
  -2.8184244e-01
  -1.0734123e+00
  -2.0266399e+00
  -1.3522962e+00
  -1.0119765e+00
   2.4875484e-01
   1.8499506e+00
   2.5308971e+00
   2.6550817e+00
   2.3767212e-01
   6.9888908e-01
   1.1562103e+00
  -4.7999448e-01
  -3.3545414e-01
  -8.4875429e-01
  -5.1147479e-01
   1.7880082e-01
   7.7102804e-01
   1.2438126e+00
  -2.2441682e-01
  -7.2931844e-01
  -7.1299213e-01
  -4.6728805e-01
  -3.9829206e-01
  -6.3546884e-01
  -4.1307485e-01
  -1.5746945e-01
   3.3389307e-02
  -3.6829559e-02
  -2.8907443e-02
   8.4410780e-02
  -2.8308266e-02
   1.3915109e-01
   9.9949704e-01
   1.3736753e+00
   7.9543525e-01
   5.6099409e-01
  -1.1608808e+00
  -2.9337077e+00
  -2.4422230e+00
  -1.6399038e+00
  -7.0425274e-02
   1.7037313e+00
   2.5816744e+00
   2.1853918e+00
  -1.6348082e-01
   4.9711704e-02
   1.1671881e+00
  -1.4249066e-01
  -1.0002824e+00
  -2.7238744e-01
   2.1538389e-01
   3.9830571e-01
   1.2511988e+00
   3.5860900e-01
  -9.3217258e-01
  -6.9197501e-01
  -1.2857408e+00
  -9.3290871e-01
  -3.1816223e-01
  -7.4655556e-01
  -5.1993529e-01
  -1.9084105e-01
   1.5751019e-01
   4.9185064e-01
   4.3689698e-01
   4.7343341e-01
   3.6613226e-01
   3.0951825e-01
   9.0450907e-01
  -5.7413816e-01
  -1.4807830e+00
  -2.9503763e-01
  -2.0707498e+00
  -3.8211803e+00
  -2.7625821e+00
  -1.8386631e+00
  -7.7576816e-01
   1.3418889e+00
   2.2244799e+00
   1.4930420e+00
   4.5271598e-02
  -4.6226740e-01
   1.1299694e+00
   9.2720336e-01
  -6.5571952e-01
   5.7835370e-01
   4.8490500e-01
   7.7874660e-02
   5.8102989e-01
  -1.5792196e+00
  -1.9123157e+00
  -8.0447900e-01
  -1.3141922e+00
  -9.7744840e-01
  -4.8421907e-01
  -7.4243301e-01
  -5.8773237e-01
  -6.2226909e-01
  -1.3146199e-01
   2.7543479e-01
   3.7946555e-01
   1.8630941e-01
   4.0702778e-01
   2.4700797e-01
   1.1493601e-03
  -1.2645981e+00
  -2.8031523e+00
  -1.9701887e+00
  -2.6380258e+00
  -3.7479098e+00
  -2.3753042e+00
  -2.0206652e+00
  -1.3109984e+00
   9.4228089e-01
   1.6537795e+00
   1.1100154e+00
   3.1757191e-01
  -1.3852286e-01
   8.7844855e-01
   1.4037960e+00
   1.8037055e-01
   4.3337843e-01
   2.7890691e-01
  -5.1161528e-01
  -4.9965334e-01
  -2.1929600e+00
  -2.4280066e+00
  -1.1119257e+00
  -8.8830906e-01
  -7.8009897e-01
  -9.2167115e-01
  -9.3996334e-01
  -8.1312466e-01
  -1.1329388e+00
  -5.1199853e-01
  -8.5943985e-02
   1.4410354e-01
  -1.1531240e-01
   1.7555002e-01
   1.0882997e-01
  -7.8204650e-01
  -1.8831832e+00
  -3.7151734e+00
  -3.3865852e+00
  -2.9752203e+00
  -3.5335354e+00
  -2.2407236e+00
  -2.3554569e+00
  -1.9769886e+00
   4.8855484e-01
   1.1120086e+00
   6.3053240e-01
   3.8968825e-01
   8.6462180e-02
   6.4917167e-01
   1.7322539e+00
   8.3139811e-01
   2.4103399e-01
   2.0121060e-01
  -9.4758230e-01
  -1.3968968e+00
  -2.5687966e+00
  -2.9357098e+00
  -1.4386071e+00
  -6.0794044e-01
  -6.8689742e-01
  -1.2840364e+00
  -1.2852682e+00
  -1.1355568e+00
  -1.9558821e+00
  -1.2045269e+00
  -8.8180368e-01
  -5.8378136e-01
  -5.1005961e-01
  -7.8927393e-01
  -2.4763696e-01
  -1.4308156e+00
  -2.4963042e+00
  -3.8320621e+00
  -4.4699453e+00
  -2.8207819e+00
  -2.9342647e+00
  -2.7266441e+00
  -3.1552661e+00
  -3.1348179e+00
  -2.0870305e-01
   5.1891647e-01
  -2.1309322e-01
  -2.6773016e-02
   9.7403437e-02
   4.2616118e-01
   1.7790865e+00
   1.1601614e+00
  -9.4030891e-02
   4.3894682e-01
  -1.0945391e+00
  -2.0364173e+00
  -2.4645948e+00
  -3.5546439e+00
  -1.8871483e+00
  -6.3763020e-01
  -8.3932566e-01
  -1.5374149e+00
  -2.0805455e+00
  -1.7756911e+00
  -2.6570425e+00
  -1.9171705e+00
  -1.5567147e+00
  -1.5708334e+00
  -8.9775516e-01
  -2.0595868e+00
  -7.1336377e-01
  -6.5931330e-01
  -2.8084650e+00
  -2.6045618e+00
  -2.7055670e+00
  -1.8238995e+00
  -2.3527234e+00
  -3.6599591e+00
  -4.3085155e+00
  -4.7775307e+00
  -1.5398145e+00
   2.0596287e-01
  -1.0108260e+00
  -1.5245431e+00
  -1.2034351e+00
  -1.0004759e-01
   1.1567850e+00
   7.3379028e-01
  -1.6171303e-01
   9.8105312e-01
   3.2404193e-01
  -1.1182032e+00
  -1.9473964e+00
  -3.7943025e+00
  -2.5726614e+00
  -1.2492398e+00
  -1.3929678e+00
  -1.5731423e+00
  -2.6547479e+00
  -2.4654675e+00
  -2.9128830e+00
  -2.2669446e+00
  -1.8047973e+00
  -2.0011394e+00
  -1.3285028e+00
  -2.4477291e+00
  -9.2310643e-01
   1.7078543e-01
  -2.4091227e+00
  -1.8378706e+00
  -8.6324644e-01
  -9.6317333e-01
  -1.8389651e+00
  -3.4712610e+00
  -4.7583213e+00
  -5.7149897e+00
  -2.9830866e+00
  -2.8069881e-01
  -1.0899225e+00
  -2.5841289e+00
  -2.5612342e+00
  -9.4267261e-01
   4.7342834e-01
   3.8081270e-01
  -2.1639492e-01
   9.8701066e-01
   1.3754258e+00
   9.3035519e-02
  -1.4062674e+00
  -3.7290230e+00
  -3.0821886e+00
  -1.5402185e+00
  -1.6214569e+00
  -1.6855822e+00
  -2.5469420e+00
  -2.6661167e+00
  -2.9537334e+00
  -2.4186499e+00
  -1.8863773e+00
  -2.1634135e+00
  -1.7455686e+00
  -2.5239789e+00
  -9.6427548e-01
   9.4427979e-01
  -1.6436114e+00
  -1.2454373e+00
   7.5499701e-01
  -4.9390674e-02
  -1.1811986e+00
  -2.6965005e+00
  -4.7463851e+00
  -6.2452478e+00
  -4.4811921e+00
  -1.0164661e+00
  -8.6310542e-01
  -3.3484988e+00
  -3.9294353e+00
  -1.9253502e+00
  -2.8325897e-01
  -7.2693661e-02
  -3.5882401e-01
   7.3722303e-01
   2.0256348e+00
   1.3604932e+00
  -7.4627054e-01
  -3.5434105e+00
  -3.4082313e+00
  -1.7142166e+00
  -1.6737200e+00
  -1.7252591e+00
  -2.1607816e+00
  -2.5911505e+00
  -2.5831258e+00
  -2.1260723e+00
  -1.7079226e+00
  -1.7896602e+00
  -1.9851035e+00
  -2.2000441e+00
  -6.0171145e-01
   1.2931768e+00
  -3.2027895e-01
  -1.0241948e+00
   1.1392467e+00
   9.7253392e-01
  -8.7071563e-02
  -9.1608310e-01
  -3.6578121e+00
  -5.7797140e+00
  -5.7551700e+00
  -2.3480845e+00
  -1.8534137e-01
  -3.2456806e+00
  -4.9874946e+00
  -2.9327519e+00
  -1.0886802e+00
  -8.5418924e-01
  -7.9967834e-01
   6.8749566e-02
   1.3886963e+00
   2.3058178e+00
   1.8046919e-01
  -3.2204147e+00
  -3.1461284e+00
  -1.6975935e+00
  -1.3507555e+00
  -1.4269569e+00
  -1.4275268e+00
  -1.9471643e+00
  -1.6072617e+00
  -1.1004143e+00
  -9.9077815e-01
  -8.5876054e-01
  -1.5356778e+00
  -1.9099793e+00
   7.0821345e-03
   7.7522177e-01
   5.3380942e-01
  -6.6973823e-01
  -3.0199178e-02
   1.7377605e+00
   1.0773058e+00
   5.8515376e-01
  -1.6252110e+00
  -3.7617230e+00
  -4.9503932e+00
  -3.2963257e+00
   5.3514004e-02
  -2.0559640e+00
  -4.3624086e+00
  -2.8348093e+00
  -1.4534407e+00
  -1.9207677e+00
  -1.8567996e+00
  -2.1292987e-01
  -4.9727216e-02
   1.3573021e+00
   6.9483268e-01
  -2.4449763e+00
  -2.0570717e+00
  -1.6806730e+00
  -8.8666904e-01
  -3.7687266e-01
  -6.7250842e-01
  -8.4604585e-01
  -5.3449559e-01
  -1.0794747e-01
   3.3031270e-02
   2.7066708e-02
  -9.5400590e-01
  -1.3120077e+00
   1.5638345e-01
   1.6041103e-01
   7.1268374e-01
  -5.0318837e-03
  -2.4591681e-01
   1.7648002e+00
   1.5345005e+00
   1.2007905e+00
  -2.5969294e-01
  -1.8953882e+00
  -3.1194942e+00
  -2.8077140e+00
  -1.9921036e-01
  -1.1129214e+00
  -2.9121623e+00
  -2.0956264e+00
  -1.1653252e+00
  -2.0363405e+00
  -2.3463988e+00
  -1.2468979e-02
  -7.2992608e-02
   3.5047397e-02
   1.8108463e-01
  -1.5392972e+00
  -1.3378439e+00
  -1.4759388e+00
  -6.3389301e-01
   2.7048984e-01
   3.3598442e-02
  -6.5537542e-03
   5.6299561e-01
   8.1917294e-01
   1.1555927e+00
   9.4774067e-01
  -1.4521534e-01
  -2.2216387e-01
   1.6907136e-01
  -3.3150001e-01
   7.7350676e-01
   7.4047399e-01
   1.7336518e-01
   1.4423807e+00
   1.7176062e+00
   1.7061259e+00
   8.1941026e-01
  -2.9270995e-01
  -1.1434563e+00
  -1.5088360e+00
  -2.5894177e-01
  -3.0113592e-01
  -1.3437010e+00
  -1.0721070e+00
  -4.6197999e-01
  -1.2666979e+00
  -1.7170157e+00
   3.5412438e-01
   5.7971674e-01
  -5.9187013e-01
  -7.5379625e-01
  -9.4658464e-01
  -8.6512947e-01
  -1.0259081e+00
  -4.0361753e-01
   5.1006150e-01
   7.2883836e-01
   7.5734317e-01
   1.4073637e+00
   1.5856209e+00
   2.0559222e+00
   1.8429238e+00
   1.0542477e+00
   1.1923973e+00
   3.3405825e-01
  -5.1713330e-01
   7.8249024e-01
   1.1712102e+00
   6.5638836e-01
   1.0139731e+00
   1.7581591e+00
   2.2166381e+00
   1.6569112e+00
   9.6476143e-01
   5.4760469e-01
   1.3627290e-01
   2.5576828e-01
   4.2054283e-01
   2.0004408e-02
   9.9875836e-02
   4.5434462e-01
   1.8423706e-01
   8.8258763e-02
   9.3709689e-01
   1.2815516e+00
  -2.0931761e-01
  -1.4672064e+00
  -9.9873382e-01
  -6.5221141e-01
  -4.8405686e-01
  -1.6453860e-01
   4.5237201e-01
   1.2082320e+00
   1.3475840e+00
   1.6905600e+00
   2.1111243e+00
   2.5213505e+00
   2.6375798e+00
   2.5779810e+00
   2.4363224e+00
   8.2676106e-01
  -3.3536246e-01
   6.2180851e-01
   8.8709759e-01
   5.0466180e-01
   6.4388088e-01
   1.6185872e+00
   2.4886227e+00
   2.2029926e+00
   1.9936553e+00
   1.8378685e+00
   1.5237151e+00
   1.3136875e+00
   1.1129767e+00
   1.0691361e+00
   1.1631125e+00
   1.2189063e+00
   1.5377396e+00
   2.0023280e+00
   1.8169894e+00
   1.5160383e+00
   5.5388603e-01
  -1.3371040e+00
  -1.5343278e+00
  -7.8666185e-01
  -2.9465637e-01
  -6.6083539e-02
   3.3925011e-01
   1.2407522e+00
   1.5316103e+00
   1.3434155e+00
   2.2531991e+00
   2.7880988e+00
   3.2523665e+00
   3.7330205e+00
   2.9814947e+00
   1.2287679e+00
   1.2704697e-02
   1.3682523e-01
   1.3623598e-01
  -5.9889592e-02
  -3.1900257e-03
   8.4351742e-01
   1.8640389e+00
   2.0141764e+00
   2.5563772e+00
   2.7955043e+00
   2.4623215e+00
   2.1342614e+00
   1.5901914e+00
   1.7314947e+00
   1.6974511e+00
   1.5812156e+00
   1.9651966e+00
   2.4264884e+00
   2.6765523e+00
   1.7987388e+00
   6.7489213e-01
  -7.9104483e-01
  -1.8429003e+00
  -1.4646484e+00
  -9.4181228e-01
  -5.8798015e-01
  -4.1664101e-02
   6.3766259e-01
   9.7573185e-01
   4.8292029e-01
   1.8333044e+00
   2.9838285e+00
   3.5910144e+00
   3.8317213e+00
   2.6477883e+00
   1.1265163e+00
   2.7896205e-01
  -3.3854532e-01
  -3.4637132e-01
  -4.6571124e-01
  -1.0716109e+00
  -5.1814592e-01
   4.1724104e-01
   8.2319790e-01
   1.7113451e+00
   2.5713546e+00
   2.6096315e+00
   2.0696642e+00
   1.4569886e+00
   1.4744905e+00
   1.4112707e+00
   1.4880846e+00
   1.5714935e+00
   1.6287705e+00
   2.6877830e+00
   2.4148626e+00
   6.8172669e-01
  -6.9217008e-01
  -1.9084936e+00
  -2.3748879e+00
  -2.2317650e+00
  -1.9393026e+00
  -1.3061585e+00
  -9.0940231e-01
  -4.4083712e-01
  -1.0408885e+00
   6.8501401e-01
   2.4880641e+00
   3.3101170e+00
   3.0326152e+00
   1.8150574e+00
   9.0796596e-01
   4.3733349e-01
  -5.3444505e-01
  -7.6883245e-01
  -9.8172772e-01
  -1.5564929e+00
  -9.6348411e-01
  -3.1725162e-01
  -4.9604785e-01
  -5.0751621e-01
   2.6941419e-01
   1.0793139e+00
   1.0547714e+00
   6.6524601e-01
   4.0664607e-01
   5.1491714e-01
   8.7085050e-01
   1.0069389e+00
   9.2488050e-01
   1.5909046e+00
   2.2478020e+00
   1.1944476e+00
  -6.1173671e-01
  -1.9631588e+00
  -2.6639571e+00
  -2.9645288e+00
  -3.1289330e+00
  -3.0807047e+00
  -3.2139518e+00
  -2.5391228e+00
  -2.9890571e+00
  -1.2312693e+00
   6.4363563e-01
   1.7184578e+00
   1.7244475e+00
   1.1424067e+00
   7.4342215e-01
   1.0592550e-01
  -1.0813498e+00
  -1.7214055e+00
  -1.4668980e+00
  -4.5095274e-01
   7.6123059e-01
   1.1136261e+00
   2.4488956e-02
  -1.3059074e+00
  -1.7065962e+00
  -9.4677156e-01
  -1.6729185e-01
   9.9774647e-02
  -9.7984880e-02
  -2.2250590e-01
  -1.4493021e-01
   4.0330388e-02
  -1.9566119e-03
   2.6501854e-02
   7.3501277e-01
   9.6149862e-01
  -3.7740070e-02
  -1.1801001e+00
  -1.6590927e+00
  -1.9658489e+00
  -2.5477586e+00
  -3.4216866e+00
  -4.3488779e+00
  -4.1882572e+00
  -2.5031068e+00
  -1.8279691e+00
  -1.0019534e+00
  -3.8441119e-01
  -5.2025642e-02
  -7.0123091e-02
  -3.2899874e-01
  -8.2488351e-01
  -1.3333499e+00
  -1.4561453e+00
  -9.6031326e-01
   1.1889501e-02
   8.7497693e-01
   1.3036877e+00
   1.0973157e+00
   6.4307666e-01
   3.2581903e-01
   3.8734090e-01
   6.1965400e-01
   7.5657027e-01
   6.3561559e-01
   3.7715039e-01
   1.1493195e-01
  -2.1170368e-02
  -4.8795149e-02
   2.8424786e-02
   2.1881385e-01
   3.1556383e-01
   1.3035143e-01
  -2.4894232e-01
  -5.8279568e-01
  -9.3406218e-01
  -1.4049200e+00
  -1.9734282e+00
  -2.5512978e+00
  -2.7634878e+00
