   1.1118020e-02
   1.0381038e-02
   1.0285975e-02
   0.0000000e+00
   0.0000000e+00
   0.0000000e+00
   0.0000000e+00
   0.0000000e+00
   0.0000000e+00
   0.0000000e+00
   0.0000000e+00
   0.0000000e+00
   2.0082241e-02
   2.0670826e-02
   1.7327982e-02
   1.3243803e-02
   0.0000000e+00
   0.0000000e+00
   0.0000000e+00
   0.0000000e+00
   0.0000000e+00
   0.0000000e+00
   0.0000000e+00
   0.0000000e+00
   0.0000000e+00
   0.0000000e+00
   0.0000000e+00
   0.0000000e+00
   0.0000000e+00
   0.0000000e+00
   0.0000000e+00
   0.0000000e+00
   0.0000000e+00
   0.0000000e+00
   0.0000000e+00
   1.1261587e-02
   1.5044183e-02
   1.7836628e-02
   1.8702932e-02
   1.5734796e-02
   1.0010893e-02
   5.9668442e-03
   5.4191709e-03
   3.5540910e-03
  -9.9461716e-04
  -3.4049891e-03
  -3.0495376e-03
   9.1008528e-03
   1.9223131e-02
   2.5781346e-02
   2.4669966e-02
   2.0857430e-02
   1.3635888e-02
   5.7116543e-03
   2.2220464e-03
   8.8778296e-04
  -2.9823783e-04
   1.3602392e-03
   3.3339384e-03
   7.3051955e-03
   9.9047842e-03
   1.2269306e-02
   1.8014220e-02
   2.3330389e-02
   0.0000000e+00
   0.0000000e+00
   0.0000000e+00
   2.4654432e-02
   2.0336337e-02
   1.3984318e-02
   1.1172436e-02
   1.3387665e-02
   4.4931797e-03
   8.2163326e-03
   1.1631769e-02
   1.0155932e-02
   2.1051960e-03
  -9.1947168e-03
  -8.8100480e-03
  -5.7527944e-03
  -7.5887316e-03
  -1.0321104e-02
  -1.9034598e-02
  -1.3417091e-02
   7.0544607e-03
   2.3197342e-02
   3.1833086e-02
   2.9658014e-02
   1.7291650e-02
   6.4771031e-03
   3.5350947e-03
  -8.1175362e-04
  -4.1263360e-03
  -1.9717396e-03
   1.1540372e-03
   5.6416858e-03
   6.5311086e-03
   9.9690966e-03
   1.9859817e-02
   2.3253035e-02
   2.3563515e-02
   1.9260135e-02
   1.4630759e-02
   1.4803676e-02
   9.8558161e-03
   1.7291348e-03
  -1.6659527e-03
   1.6424643e-03
  -8.1873545e-03
  -6.5463856e-03
  -5.5432227e-03
  -3.2033096e-03
  -3.4470772e-03
  -2.2056621e-02
  -3.2688994e-02
  -2.7824178e-02
  -2.7339835e-02
  -2.4146771e-02
  -2.0507307e-02
  -1.2524609e-02
  -1.2943137e-03
   1.0531642e-02
   1.9458905e-02
   1.8750269e-02
   9.5492378e-03
   1.1636409e-03
  -7.5086304e-03
  -1.5092603e-02
  -1.6696274e-02
  -1.4121897e-02
  -7.2746826e-03
  -6.1357967e-03
  -7.5547234e-03
   3.7447133e-03
   7.7025676e-03
   2.8002383e-03
   5.9650494e-03
   8.7456574e-04
  -5.1035360e-03
  -1.7886158e-03
  -4.0146192e-03
  -1.1135292e-02
  -1.3130288e-02
  -9.5956158e-03
  -2.0259202e-02
  -1.8447880e-02
  -2.1124328e-02
  -1.7706485e-02
  -1.2603909e-02
  -2.1589547e-02
  -4.0248986e-02
  -3.5951868e-02
  -4.0601101e-02
  -5.0543919e-02
  -2.4233577e-02
   1.3704309e-03
   1.6000324e-03
   3.4179208e-03
  -3.3121158e-03
  -9.3296599e-03
  -1.7097531e-02
  -1.8745106e-02
  -2.8024392e-02
  -3.2814324e-02
  -2.5126861e-02
  -2.2263169e-02
  -1.3545712e-02
  -2.3697643e-02
  -2.2186728e-02
  -6.7840382e-03
  -1.5960185e-02
  -1.2252343e-02
  -1.0273770e-02
  -1.6464552e-02
  -1.6873945e-02
  -2.0146836e-02
  -1.9516839e-02
  -2.2299467e-02
  -2.3935569e-02
  -2.2426270e-02
  -2.6004493e-02
  -2.5252346e-02
  -2.7148327e-02
  -2.4198052e-02
  -2.4741050e-02
  -2.4337320e-02
  -3.9237689e-02
  -3.4690268e-02
  -3.4940425e-02
  -5.3487904e-02
  -2.3398184e-02
   0.0000000e+00
   1.3658496e-03
   1.0064726e-03
  -1.7951209e-02
  -2.9587444e-02
  -3.9779395e-02
  -4.1398190e-02
  -3.6704883e-02
  -3.1773705e-02
  -2.1703403e-02
  -1.9885391e-02
  -1.8487275e-02
  -2.7237900e-02
  -2.5341215e-02
  -2.7254749e-02
  -3.4040093e-02
  -1.5944049e-02
  -1.8959463e-02
  -2.5169818e-02
  -2.4440898e-02
  -3.1252034e-02
  -2.7265934e-02
  -2.7806379e-02
  -3.1362629e-02
  -2.9912550e-02
  -2.6608549e-02
  -2.7478030e-02
  -2.6416665e-02
  -2.4468971e-02
  -2.9812640e-02
  -2.7006540e-02
  -3.6956713e-02
  -3.5466611e-02
  -2.8326940e-02
  -3.8442072e-02
  -1.6305317e-02
  -0.0000000e+00
  -4.9221888e-03
  -6.9696177e-03
  -2.4134275e-02
  -3.4000549e-02
  -4.1649256e-02
  -4.3637089e-02
  -2.8572951e-02
  -1.6689733e-02
  -1.0171737e-02
  -1.5571414e-02
  -2.3384327e-02
  -1.9271880e-02
  -2.1356367e-02
  -3.7118256e-02
  -3.6747243e-02
  -2.2938307e-02
  -2.2304710e-02
  -2.2958362e-02
  -2.6633682e-02
  -2.7883558e-02
  -2.2804493e-02
  -2.6641492e-02
  -3.3496016e-02
  -3.0702537e-02
  -2.0941690e-02
  -2.1439329e-02
  -1.9953381e-02
  -1.7783897e-02
  -2.2466136e-02
  -1.9355174e-02
  -2.6177224e-02
  -3.2054134e-02
  -2.3796475e-02
  -1.9732445e-02
  -1.9211256e-03
  -0.0000000e+00
  -1.0001890e-02
  -1.3014995e-02
  -1.9758133e-02
  -2.6086252e-02
  -3.0032795e-02
  -2.3408260e-02
  -8.5932370e-03
   8.5674558e-04
   1.7296628e-03
  -1.2452725e-02
  -1.9686772e-02
  -1.0577785e-02
  -1.5619635e-02
  -2.6368933e-02
  -2.6734488e-02
  -2.2011092e-02
  -1.3418275e-02
  -9.0064341e-03
  -1.3306567e-02
  -1.2702487e-02
  -0.0000000e+00
  -1.9131640e-02
  -2.6250089e-02
  -2.3737249e-02
  -7.7083516e-03
  -8.1113782e-03
  -7.0651220e-03
  -4.5500076e-03
  -5.9750322e-03
  -4.8010503e-03
  -9.6292989e-03
  -1.9173980e-02
  -1.1516935e-02
   3.0541746e-04
   1.1628380e-02
   0.0000000e+00
  -0.0000000e+00
  -6.2082005e-03
  -8.9959912e-03
  -2.0002358e-02
  -1.9903259e-02
  -3.4045037e-03
   1.3139091e-02
   1.4667794e-02
   0.0000000e+00
  -8.1281886e-03
  -5.1341085e-03
  -4.8129959e-04
  -6.7789722e-03
  -1.1847124e-02
  -1.1533650e-02
  -5.6568268e-03
   3.7516230e-03
   4.5354139e-03
   0.0000000e+00
   0.0000000e+00
  -0.0000000e+00
  -9.1556584e-03
  -1.1389996e-02
  -8.2482453e-03
   6.2759286e-03
   5.1298337e-03
   7.1925987e-03
   7.8005167e-03
   9.3536926e-03
   6.3025681e-03
   7.4911903e-04
  -2.7927563e-03
   5.7998863e-03
   1.8794280e-02
   2.1039613e-02
   0.0000000e+00
   0.0000000e+00
   4.4959898e-03
  -1.8548684e-03
  -1.4910836e-02
  -1.0234466e-02
   1.0061455e-02
   3.2658719e-02
   2.1134135e-02
  -0.0000000e+00
   1.4716617e-03
   1.0106157e-02
   1.5194179e-02
   5.0595524e-03
  -2.2824712e-03
   7.7076624e-03
   1.3566015e-02
   1.9981502e-02
   1.6655286e-02
   0.0000000e+00
   0.0000000e+00
   0.0000000e+00
   3.9485063e-03
   5.7638846e-03
   7.9148719e-03
   1.4056843e-02
   1.2900452e-02
   1.5863067e-02
   1.4132130e-02
   1.6825229e-02
   9.0915840e-03
   3.0565585e-03
   8.7504806e-03
   1.8342244e-02
   3.2036487e-02
   2.7490233e-02
   0.0000000e+00
   0.0000000e+00
   9.6997718e-03
   7.5313536e-04
  -6.7796023e-03
  -5.2755402e-04
   2.0817271e-02
   4.4011544e-02
   0.0000000e+00
   0.0000000e+00
   1.4212103e-02
   1.9178673e-02
   2.6398094e-02
   1.4538707e-02
   6.9342828e-03
   2.3587631e-02
   2.5864834e-02
   3.0271495e-02
   0.0000000e+00
   0.0000000e+00
   0.0000000e+00
   0.0000000e+00
   1.4823138e-02
   1.6513275e-02
   1.6374126e-02
   1.6999422e-02
   1.6634924e-02
   1.9023210e-02
   1.5743013e-02
   1.8152708e-02
   6.3098129e-03
   2.8432491e-03
   1.5086661e-02
   2.4160534e-02
   3.8121924e-02
   2.7664104e-02
   0.0000000e+00
   0.0000000e+00
   0.0000000e+00
   3.5780179e-03
   2.6494879e-03
   8.8234022e-03
   2.9604968e-02
   4.6825003e-02
   0.0000000e+00
   0.0000000e+00
   2.7545318e-02
   2.4258500e-02
   3.0994419e-02
   2.1451440e-02
   1.3768136e-02
   3.0591385e-02
   3.0956704e-02
   3.3986982e-02
   2.0071799e-02
   0.0000000e+00
   0.0000000e+00
   0.0000000e+00
   2.2313953e-02
   2.0636629e-02
   1.9028151e-02
   1.5764927e-02
   1.6897980e-02
   1.6623311e-02
   1.2986725e-02
   1.3863829e-02
  -1.1094633e-03
   2.4775192e-03
   1.6055821e-02
   2.3536522e-02
   3.6531262e-02
   1.9633210e-02
   0.0000000e+00
   0.0000000e+00
   0.0000000e+00
   8.8555143e-03
   1.2422919e-02
   1.8221240e-02
   3.6950395e-02
   4.1786443e-02
   0.0000000e+00
   0.0000000e+00
   3.2973412e-02
   2.3998801e-02
   2.8646605e-02
   2.5660153e-02
   1.6607391e-02
   2.6802193e-02
   2.9177401e-02
   3.0913340e-02
   1.3285715e-02
   0.0000000e+00
   0.0000000e+00
   0.0000000e+00
   2.5496492e-02
   1.8282274e-02
   1.7120857e-02
   7.8474684e-03
   9.8415315e-03
   6.1445795e-03
   4.2623035e-03
   3.0046136e-03
  -8.5692210e-03
   2.7376176e-03
   8.6793546e-03
   1.9129679e-02
   2.8980765e-02
   0.0000000e+00
   0.0000000e+00
   0.0000000e+00
   0.0000000e+00
   1.5602063e-02
   1.5416129e-02
   2.5314430e-02
   3.7165482e-02
   3.2485176e-02
   0.0000000e+00
   0.0000000e+00
   0.0000000e+00
   1.9300429e-02
   1.9702023e-02
   1.8405229e-02
   6.2644905e-03
   9.8470040e-03
   1.8627077e-02
   2.3363519e-02
   9.2223501e-03
   2.5751408e-03
   0.0000000e+00
   0.0000000e+00
   2.0497134e-02
   9.6385507e-03
   1.0177525e-02
  -3.3966688e-04
   1.7822735e-03
  -2.5878111e-03
  -3.5202105e-03
  -5.7088523e-03
  -1.0080127e-02
   1.9794607e-03
   9.2258694e-04
   2.0267082e-02
   2.4238518e-02
   0.0000000e+00
   0.0000000e+00
   0.0000000e+00
   0.0000000e+00
   1.2591330e-02
   1.2734662e-02
   2.4506673e-02
   3.1473156e-02
   2.7836477e-02
   0.0000000e+00
   0.0000000e+00
   0.0000000e+00
   8.3474387e-03
   1.3490430e-02
   4.2276545e-03
  -8.1359604e-03
  -1.1869929e-03
   7.2067906e-03
   2.0664714e-02
   8.0556180e-03
  -3.1861135e-03
  -3.9319831e-03
   0.0000000e+00
   8.7011252e-03
   1.1058489e-03
   3.1878802e-03
  -4.2184787e-03
  -1.8739818e-03
  -6.2681506e-03
  -6.3516456e-03
  -8.8220425e-03
  -8.0235992e-03
   2.0951512e-03
  -2.1346195e-03
   2.1580763e-02
   2.0204816e-02
   0.0000000e+00
   0.0000000e+00
   0.0000000e+00
   0.0000000e+00
   0.0000000e+00
   9.8809432e-03
   2.2111446e-02
   2.6725547e-02
   2.4963295e-02
   0.0000000e+00
   0.0000000e+00
   0.0000000e+00
   1.7112610e-03
   8.7983795e-03
  -5.2925041e-03
  -1.4221878e-02
  -4.9367631e-03
   1.8144299e-03
   1.6123744e-02
   4.8866175e-03
  -5.5973511e-03
  -1.2139880e-03
   0.0000000e+00
   7.4175635e-04
  -3.7215948e-03
  -8.3033391e-04
  -4.3009254e-03
  -1.5982251e-03
  -5.4503977e-03
  -4.6170373e-03
  -6.7132725e-03
  -2.5748860e-03
   2.7443222e-03
  -3.2561575e-04
   2.2892280e-02
   1.6727641e-02
   0.0000000e+00
   0.0000000e+00
   0.0000000e+00
   0.0000000e+00
  -3.3485063e-03
   6.0518729e-03
   1.7221535e-02
   2.1136306e-02
   2.0884253e-02
   0.0000000e+00
   0.0000000e+00
   0.0000000e+00
  -5.4355827e-03
   3.2086060e-03
  -1.0965546e-02
  -1.1501502e-02
  -2.2077223e-03
   2.0373862e-03
   0.0000000e+00
  -0.0000000e+00
  -7.6427273e-03
  -4.6710786e-03
  -0.0000000e+00
  -4.4569019e-03
  -5.9135202e-03
  -2.8693760e-03
  -2.5847349e-03
  -2.5153445e-04
  -1.9023505e-03
  -1.3042237e-03
  -9.4455027e-04
  -1.2093739e-03
   7.9888693e-04
   6.2038894e-03
   1.1577043e-02
   7.7647269e-03
   0.0000000e+00
   0.0000000e+00
   0.0000000e+00
  -0.0000000e+00
  -1.1707594e-02
   1.0191964e-03
   1.3395363e-02
   1.8039599e-02
   1.5848550e-02
   0.0000000e+00
   0.0000000e+00
   0.0000000e+00
  -4.6280362e-03
  -9.6694659e-03
  -5.5053625e-03
  -2.3302773e-03
   1.2591395e-03
   7.1010194e-03
   0.0000000e+00
  -0.0000000e+00
  -7.4075791e-03
  -8.4964118e-03
  -6.2627931e-03
  -4.1996450e-03
  -7.2549987e-03
  -4.8785321e-03
  -2.7107296e-03
   1.6381525e-04
   7.4767251e-04
   9.6908415e-04
   1.4888636e-03
   5.4833014e-04
   1.1363843e-03
   7.0640757e-03
   4.4560460e-03
  -2.2731716e-03
  -0.0000000e+00
   0.0000000e+00
  -0.0000000e+00
  -1.8598446e-02
  -1.4485850e-02
  -3.8625377e-03
   9.7837225e-03
   1.6329035e-02
   1.2938884e-02
   0.0000000e+00
   0.0000000e+00
   0.0000000e+00
  -2.5831178e-03
  -1.1616294e-02
  -1.6603634e-03
  -5.0278858e-04
  -7.3102310e-05
   6.9978995e-03
  -0.0000000e+00
  -0.0000000e+00
  -8.8153770e-03
  -1.1694966e-02
  -9.1113858e-03
  -5.4325699e-03
  -7.5643226e-03
  -5.8511696e-03
  -4.8835124e-03
  -4.6496693e-04
   2.3606003e-03
   2.6925248e-03
   2.4150780e-03
   2.0008679e-03
   8.4421400e-04
   4.2631426e-03
  -5.9514130e-03
  -1.1652089e-02
  -0.0000000e+00
   0.0000000e+00
  -0.0000000e+00
  -2.1912705e-02
  -1.7050762e-02
  -6.5863337e-03
   9.0608066e-03
   1.4145044e-02
   9.8763958e-03
   0.0000000e+00
   0.0000000e+00
   0.0000000e+00
   0.0000000e+00
  -9.6175531e-03
   5.6985460e-05
  -2.2952282e-03
  -4.4595478e-03
   2.3265642e-03
  -0.0000000e+00
  -2.2274299e-02
  -1.1652372e-02
  -1.2702553e-02
  -1.0237060e-02
  -8.3948784e-03
  -9.3511390e-03
  -8.0506783e-03
  -1.2778524e-02
  -5.1084035e-03
  -3.8098858e-04
   1.3952885e-03
  -1.7255517e-03
   1.4090820e-03
  -1.0817040e-03
  -9.7927265e-03
  -1.8719323e-02
  -2.7129639e-02
  -0.0000000e+00
   0.0000000e+00
  -2.7880827e-02
  -2.0950133e-02
  -2.1598922e-02
  -1.3600792e-02
   4.9207477e-03
   0.0000000e+00
   0.0000000e+00
   0.0000000e+00
   0.0000000e+00
   0.0000000e+00
   0.0000000e+00
   3.1038634e-03
  -1.2053130e-03
  -4.8780205e-03
  -1.4974095e-02
  -1.3739288e-02
  -0.0000000e+00
  -3.4763000e-02
  -1.7402612e-02
  -1.0499101e-02
  -9.9338703e-03
  -1.5014325e-02
  -1.3963019e-02
  -1.3026235e-02
  -2.0195289e-02
  -1.0549049e-02
  -5.9315818e-03
  -2.9370263e-03
  -3.9079376e-03
  -4.3380717e-03
  -1.7662890e-03
  -1.6055848e-02
  -2.7710751e-02
  -3.0935853e-02
  -0.0000000e+00
  -2.5089897e-02
  -2.9992134e-02
  -2.6604915e-02
  -2.7933843e-02
  -2.2911584e-02
  -0.0000000e+00
   0.0000000e+00
   0.0000000e+00
   0.0000000e+00
   0.0000000e+00
   0.0000000e+00
   0.0000000e+00
   1.1216293e-02
  -5.3663913e-05
  -2.7542653e-03
  -1.6176471e-02
  -2.0154821e-02
  -0.0000000e+00
  -5.1453471e-02
  -2.5714567e-02
  -1.1384320e-02
  -1.0466235e-02
  -1.7671483e-02
  -2.2646472e-02
  -1.9337894e-02
  -2.6184747e-02
  -1.6047813e-02
  -1.1753138e-02
  -8.9882165e-03
  -6.4063906e-03
  -1.1353826e-02
  -3.3802819e-03
  -1.4945220e-02
  -3.1609108e-02
  -0.0000000e+00
  -3.0821732e-02
  -2.0843442e-02
  -2.9243650e-02
  -3.3614859e-02
  -3.5974268e-02
  -3.2883018e-02
  -0.0000000e+00
   0.0000000e+00
   0.0000000e+00
   0.0000000e+00
   0.0000000e+00
   0.0000000e+00
   0.0000000e+00
   1.1571237e-02
   6.2955037e-04
  -0.0000000e+00
  -1.0669749e-02
  -1.8291777e-02
  -0.0000000e+00
  -6.5740466e-02
  -3.4250364e-02
  -1.5100578e-02
  -1.3688115e-02
  -1.8686919e-02
  -2.8605804e-02
  -2.4787724e-02
  -3.3592213e-02
  -2.3616757e-02
  -1.9377591e-02
  -1.8044144e-02
  -1.0741600e-02
  -2.0734955e-02
  -6.3381577e-03
  -8.2045130e-03
  -0.0000000e+00
  -1.8516085e-02
  -2.0237420e-02
  -1.5661269e-02
  -2.5194105e-02
  -4.1760091e-02
  -4.7855653e-02
  -4.7313601e-02
  -0.0000000e+00
   0.0000000e+00
   0.0000000e+00
   0.0000000e+00
   0.0000000e+00
   0.0000000e+00
   0.0000000e+00
   4.1907685e-03
   9.8698458e-04
   0.0000000e+00
   9.9986323e-04
  -9.6343170e-03
  -0.0000000e+00
  -7.9686642e-02
  -4.6102386e-02
  -2.2649059e-02
  -2.0738687e-02
  -2.0202661e-02
  -3.4102056e-02
  -3.1728227e-02
  -3.8821910e-02
  -3.0666439e-02
  -2.4948511e-02
  -2.5655951e-02
  -1.8175108e-02
  -2.4397697e-02
  -8.5999696e-03
   0.0000000e+00
  -2.7951392e-02
  -1.0763631e-02
  -2.0503967e-04
  -7.1105612e-03
  -1.7009636e-02
  -3.5871677e-02
  -5.7231653e-02
  -6.5684550e-02
  -0.0000000e+00
   0.0000000e+00
   0.0000000e+00
   0.0000000e+00
   0.0000000e+00
   0.0000000e+00
   0.0000000e+00
  -0.0000000e+00
  -0.0000000e+00
   0.0000000e+00
   0.0000000e+00
   0.0000000e+00
  -0.0000000e+00
  -7.8699841e-02
  -5.6381334e-02
  -2.8137621e-02
  -2.6611704e-02
  -2.3485662e-02
  -3.0435396e-02
  -3.4488287e-02
  -3.5645422e-02
  -2.9810535e-02
  -2.4621850e-02
  -2.4099134e-02
  -2.1715224e-02
  -2.1560891e-02
  -6.8126389e-03
   0.0000000e+00
  -2.1536386e-02
  -1.8104771e-02
   5.2462467e-03
   2.3360359e-03
  -6.6504749e-03
  -1.8680530e-02
  -4.7224406e-02
  -6.7550696e-02
  -0.0000000e+00
   0.0000000e+00
   0.0000000e+00
   0.0000000e+00
   0.0000000e+00
   0.0000000e+00
   0.0000000e+00
  -0.0000000e+00
  -0.0000000e+00
  -0.0000000e+00
   0.0000000e+00
   0.0000000e+00
   0.0000000e+00
  -0.0000000e+00
  -5.4171026e-02
  -2.8940139e-02
  -2.3599682e-02
  -2.0534329e-02
  -2.2477692e-02
  -2.8427603e-02
  -2.8381146e-02
  -2.3302207e-02
  -1.9621292e-02
  -1.7204115e-02
  -1.9274998e-02
  -1.8269014e-02
  -0.0000000e+00
   0.0000000e+00
  -1.3521967e-02
  -1.7498071e-02
  -1.8489106e-04
   1.0938017e-02
   3.8314268e-03
  -4.0695262e-03
  -3.1584609e-02
  -5.6754317e-02
  -4.8428570e-02
   0.0000000e+00
   0.0000000e+00
   0.0000000e+00
   0.0000000e+00
   0.0000000e+00
   0.0000000e+00
  -0.0000000e+00
  -0.0000000e+00
   0.0000000e+00
   0.0000000e+00
   0.0000000e+00
   0.0000000e+00
  -0.0000000e+00
  -4.4840337e-02
  -2.8922914e-02
  -1.9157298e-02
  -1.3283976e-02
  -1.5025630e-02
  -1.9804964e-02
  -1.6840095e-02
  -1.1584435e-02
  -9.0681594e-03
  -5.2763778e-03
  -1.1507262e-02
  -1.3325469e-02
  -0.0000000e+00
   0.0000000e+00
  -0.0000000e+00
  -0.0000000e+00
  -9.5348293e-03
   1.7952114e-02
   1.4116539e-02
   7.8362199e-03
  -1.2316600e-02
  -3.5397321e-02
  -4.2117319e-02
   0.0000000e+00
   0.0000000e+00
  -0.0000000e+00
  -0.0000000e+00
  -0.0000000e+00
   0.0000000e+00
   0.0000000e+00
   0.0000000e+00
   0.0000000e+00
   0.0000000e+00
   0.0000000e+00
   0.0000000e+00
   0.0000000e+00
  -3.3629023e-02
  -2.8972158e-02
  -1.4996611e-02
  -3.4475354e-03
  -7.0014116e-03
  -8.9899329e-03
  -5.7366211e-04
   4.2423001e-03
   8.7613007e-03
   1.1150553e-02
   2.9512582e-04
  -2.5129324e-03
   0.0000000e+00
   0.0000000e+00
   0.0000000e+00
  -0.0000000e+00
  -1.0452794e-02
   1.9487418e-02
   2.1688696e-02
   1.6572852e-02
   4.7592446e-03
  -1.0653394e-02
  -2.2018466e-02
  -2.2286612e-02
  -5.9124736e-03
  -9.9167979e-03
  -0.0000000e+00
  -0.0000000e+00
   0.0000000e+00
   0.0000000e+00
   0.0000000e+00
   0.0000000e+00
   0.0000000e+00
   0.0000000e+00
   0.0000000e+00
   0.0000000e+00
  -2.5833243e-02
  -2.7546417e-02
  -1.3567440e-02
   4.3530227e-03
   3.5596776e-03
   3.2981094e-03
   1.9581469e-02
   2.2736147e-02
   3.1118613e-02
   2.9232789e-02
   1.4774800e-02
   1.6469294e-02
   0.0000000e+00
   0.0000000e+00
   0.0000000e+00
   0.0000000e+00
  -0.0000000e+00
   1.3092506e-02
   2.5416175e-02
   2.5558941e-02
   1.6594227e-02
   7.0603965e-03
   1.4102922e-03
  -0.0000000e+00
  -5.9661623e-03
   9.1705749e-04
  -0.0000000e+00
  -0.0000000e+00
   0.0000000e+00
   0.0000000e+00
   0.0000000e+00
   0.0000000e+00
   0.0000000e+00
   0.0000000e+00
   0.0000000e+00
   0.0000000e+00
  -0.0000000e+00
  -2.5827535e-02
  -1.5539881e-02
   1.3225649e-03
   1.5848899e-02
   1.7770099e-02
   3.1474914e-02
   3.6202304e-02
   4.3558858e-02
   4.2050913e-02
   3.6217906e-02
   4.2900422e-02
   0.0000000e+00
   0.0000000e+00
   0.0000000e+00
   0.0000000e+00
   0.0000000e+00
   6.8961247e-03
   2.7028177e-02
   3.6713086e-02
   2.9257808e-02
   2.3470609e-02
   2.2000328e-02
   1.7919586e-02
   0.0000000e+00
   0.0000000e+00
   0.0000000e+00
   0.0000000e+00
   0.0000000e+00
   0.0000000e+00
   0.0000000e+00
   0.0000000e+00
   0.0000000e+00
   0.0000000e+00
   0.0000000e+00
   0.0000000e+00
  -0.0000000e+00
  -2.0514322e-02
  -1.7577469e-02
  -5.7377019e-03
   1.9672235e-02
   2.6752844e-02
   2.7375989e-02
   3.9828423e-02
   4.5277245e-02
   5.1158201e-02
   6.0327977e-02
   0.0000000e+00
   0.0000000e+00
   0.0000000e+00
   0.0000000e+00
   0.0000000e+00
  -0.0000000e+00
  -5.8812378e-04
   1.7988732e-02
   3.5140216e-02
   3.5324804e-02
   4.1929971e-02
   4.2220365e-02
   2.9201035e-02
   0.0000000e+00
   0.0000000e+00
   0.0000000e+00
   0.0000000e+00
   0.0000000e+00
   0.0000000e+00
   0.0000000e+00
   0.0000000e+00
   0.0000000e+00
   0.0000000e+00
   0.0000000e+00
   0.0000000e+00
   0.0000000e+00
  -0.0000000e+00
  -1.9498048e-02
  -5.4627219e-03
   1.5124242e-02
   2.2391420e-02
   1.4266425e-02
   3.3569243e-02
   4.6639819e-02
   6.0306240e-02
   6.9908257e-02
   0.0000000e+00
   0.0000000e+00
   0.0000000e+00
   0.0000000e+00
  -0.0000000e+00
  -0.0000000e+00
  -0.0000000e+00
  -7.5741976e-04
   1.4731554e-02
   2.4732271e-02
   4.3986432e-02
   5.2280798e-02
   0.0000000e+00
   0.0000000e+00
   0.0000000e+00
   0.0000000e+00
   0.0000000e+00
   0.0000000e+00
   0.0000000e+00
   0.0000000e+00
   0.0000000e+00
   0.0000000e+00
   0.0000000e+00
   0.0000000e+00
   0.0000000e+00
   0.0000000e+00
  -0.0000000e+00
  -2.5651505e-02
  -1.0359972e-02
  -9.8881316e-04
   4.3845586e-03
  -1.0430221e-02
   0.0000000e+00
   0.0000000e+00
   0.0000000e+00
   0.0000000e+00
   0.0000000e+00
   0.0000000e+00
   0.0000000e+00
  -0.0000000e+00
  -0.0000000e+00
  -0.0000000e+00
  -1.7722219e-02
  -1.5338544e-02
  -4.9453890e-03
  -2.9901095e-04
   8.4104789e-03
   2.2915195e-02
   2.2072008e-02
   1.8770378e-02
   0.0000000e+00
   0.0000000e+00
   0.0000000e+00
   0.0000000e+00
   0.0000000e+00
   0.0000000e+00
   0.0000000e+00
   0.0000000e+00
   0.0000000e+00
   0.0000000e+00
   0.0000000e+00
   0.0000000e+00
   0.0000000e+00
  -0.0000000e+00
  -0.0000000e+00
  -0.0000000e+00
  -3.5130713e-02
  -0.0000000e+00
  -0.0000000e+00
   0.0000000e+00
   0.0000000e+00
   0.0000000e+00
   0.0000000e+00
   0.0000000e+00
   0.0000000e+00
  -0.0000000e+00
  -0.0000000e+00
  -0.0000000e+00
  -1.0220104e-02
  -3.5309647e-03
  -0.0000000e+00
  -0.0000000e+00
  -2.0408224e-02
  -1.4826072e-02
  -2.1533268e-03
   3.8522227e-03
   0.0000000e+00
   0.0000000e+00
   0.0000000e+00
   0.0000000e+00
   0.0000000e+00
   0.0000000e+00
   0.0000000e+00
   0.0000000e+00
   0.0000000e+00
   0.0000000e+00
   0.0000000e+00
   0.0000000e+00
   0.0000000e+00
   0.0000000e+00
   0.0000000e+00
  -0.0000000e+00
  -0.0000000e+00
  -2.7406640e-02
  -1.7270574e-02
  -7.3672701e-03
  -1.2880733e-03
   2.0474592e-03
   2.3971070e-03
   0.0000000e+00
   0.0000000e+00
   0.0000000e+00
  -0.0000000e+00
  -4.3840999e-03
   1.8682993e-03
   0.0000000e+00
   0.0000000e+00
  -0.0000000e+00
  -0.0000000e+00
  -8.9316481e-03
  -5.9485198e-03
  -3.7286012e-04
   2.0479045e-03
   1.6095619e-03
   6.2008563e-05
  -6.5505294e-04
  -3.6203789e-04
  -7.9564375e-04
   1.3225019e-04
   9.2067933e-04
   1.0841937e-03
   0.0000000e+00
  -1.0122712e-03
  -2.0574921e-03
  -3.4961092e-03
  -1.0051020e-02
  -1.4715794e-02
  -2.5256665e-02
  -2.9550128e-02
