   1.4335071e-02
   1.4603912e-02
   1.5501487e-02
   0.0000000e+00
   0.0000000e+00
   0.0000000e+00
   0.0000000e+00
   0.0000000e+00
  -0.0000000e+00
   0.0000000e+00
   0.0000000e+00
   0.0000000e+00
   2.3367680e-02
   2.2467176e-02
   1.8616955e-02
   1.3975532e-02
   0.0000000e+00
   0.0000000e+00
  -0.0000000e+00
  -0.0000000e+00
  -0.0000000e+00
   0.0000000e+00
   0.0000000e+00
   0.0000000e+00
   0.0000000e+00
   0.0000000e+00
   0.0000000e+00
   0.0000000e+00
   0.0000000e+00
   0.0000000e+00
   0.0000000e+00
   0.0000000e+00
   0.0000000e+00
   0.0000000e+00
   0.0000000e+00
   1.3769899e-02
   1.2884848e-02
   1.6963301e-02
   1.7236160e-02
   1.1073443e-02
   3.1063897e-03
   5.0873111e-04
   2.8002176e-03
  -8.1120765e-05
  -4.7597396e-03
  -9.7677149e-03
  -1.1765942e-02
   6.3735797e-03
   2.1915708e-02
   2.9495882e-02
   2.9637929e-02
   2.2023249e-02
   1.1008841e-02
   4.3612826e-03
   2.6305647e-03
  -2.1307644e-04
  -7.9710837e-05
   1.9620542e-03
   5.0788157e-03
   8.9164604e-03
   1.0345479e-02
   1.5822821e-02
   2.4023880e-02
   2.8375975e-02
   0.0000000e+00
   0.0000000e+00
   0.0000000e+00
   1.9889959e-02
   1.2538547e-02
   6.2487029e-03
   6.5136762e-03
   9.1501260e-03
  -8.4803515e-04
   2.0726752e-03
   3.2383129e-03
   2.5916323e-03
  -8.5180514e-03
  -2.2371897e-02
  -1.8979922e-02
  -1.7127007e-02
  -1.5612567e-02
  -1.8299747e-02
  -2.1023858e-02
  -7.1775112e-03
   1.0184595e-02
   2.2728335e-02
   2.8545253e-02
   2.0489713e-02
   9.4578555e-03
   1.8432295e-03
  -3.9314409e-03
  -9.2954161e-03
  -9.2142737e-03
  -5.1963502e-03
  -5.6186150e-04
   4.1126809e-04
   2.0791581e-03
   1.1482438e-02
   1.4437066e-02
   1.4097697e-02
   1.3940901e-02
   5.6294505e-03
   4.7899215e-03
   5.5646356e-03
  -1.5854344e-03
  -8.0363601e-03
  -6.1089797e-03
  -2.5300058e-03
  -1.3865279e-02
  -1.3813304e-02
  -1.3918262e-02
  -7.7893692e-03
  -1.1740405e-02
  -3.2965440e-02
  -3.8038637e-02
  -3.3381924e-02
  -3.9578650e-02
  -2.9769890e-02
  -1.2286645e-02
  -2.8746123e-03
   3.0492733e-03
   7.0415032e-03
   6.9571822e-03
   3.9403170e-04
  -5.0832313e-03
  -1.2023961e-02
  -2.3663962e-02
  -2.3736285e-02
  -2.1734998e-02
  -1.4798302e-02
  -1.1202219e-02
  -1.9233482e-02
  -7.5117433e-03
  -3.9684403e-04
  -7.1910270e-03
  -4.4188728e-03
  -5.2931393e-03
  -1.1337675e-02
  -1.2123537e-02
  -1.1190923e-02
  -1.4505112e-02
  -1.9133013e-02
  -1.7554825e-02
  -1.5646134e-02
  -2.1913383e-02
  -2.4054095e-02
  -2.3185018e-02
  -1.9711716e-02
  -1.8180035e-02
  -3.1137297e-02
  -4.1229565e-02
  -3.2149956e-02
  -4.9723733e-02
  -4.1681610e-02
  -2.0068339e-03
   1.6616054e-03
   3.4002438e-03
  -3.0825392e-03
  -1.6718617e-02
  -2.5445646e-02
  -3.1213224e-02
  -3.1021846e-02
  -3.5520598e-02
  -2.8552292e-02
  -2.3406820e-02
  -1.7798193e-02
  -1.9556006e-02
  -2.9930105e-02
  -1.7943457e-02
  -2.2741707e-02
  -2.1767141e-02
  -1.1063928e-02
  -1.9924728e-02
  -1.9941960e-02
  -2.4085579e-02
  -2.6038606e-02
  -2.3717782e-02
  -2.7599877e-02
  -2.7454563e-02
  -2.5879622e-02
  -2.5808498e-02
  -2.8308066e-02
  -2.4714727e-02
  -2.6881462e-02
  -2.6307568e-02
  -3.0650150e-02
  -4.0803388e-02
  -2.9012848e-02
  -4.1097235e-02
  -3.5320409e-02
  -1.3807586e-02
  -0.0000000e+00
  -1.3814570e-03
  -1.0685390e-02
  -2.9535668e-02
  -3.7191182e-02
  -4.5409374e-02
  -3.9060283e-02
  -2.8622460e-02
  -1.9755932e-02
  -1.5546867e-02
  -2.0023892e-02
  -2.2673022e-02
  -2.3412473e-02
  -2.7423179e-02
  -3.8613468e-02
  -2.7996112e-02
  -1.7877432e-02
  -2.4407675e-02
  -2.4231499e-02
  -2.9722873e-02
  -2.8402112e-02
  -2.5390582e-02
  -3.1400904e-02
  -3.3139179e-02
  -2.9362122e-02
  -2.3731969e-02
  -2.5165947e-02
  -2.0809872e-02
  -2.4374211e-02
  -2.5050357e-02
  -2.5211632e-02
  -3.6012821e-02
  -2.8444814e-02
  -2.8577035e-02
  -1.9588364e-02
  -4.8465353e-03
  -0.0000000e+00
  -8.8352198e-03
  -1.5184835e-02
  -2.7403744e-02
  -3.2782461e-02
  -3.6944039e-02
  -2.6246147e-02
  -1.1755277e-02
  -4.6935352e-03
  -6.4271661e-03
  -2.0809397e-02
  -1.8677276e-02
  -1.4285753e-02
  -2.6115291e-02
  -3.3903498e-02
  -2.6938891e-02
  -2.0025440e-02
  -1.6464191e-02
  -1.7640341e-02
  -2.1497559e-02
  -1.8178502e-02
  -1.8707192e-02
  -2.8105717e-02
  -2.9558630e-02
  -2.5886140e-02
  -1.4767240e-02
  -1.5419516e-02
  -1.1941185e-02
  -1.3201450e-02
  -1.3954901e-02
  -1.3139343e-02
  -2.4293669e-02
  -2.2878207e-02
  -1.4483102e-02
  -2.0710360e-03
   6.7985286e-03
  -0.0000000e+00
  -9.3669101e-03
  -1.1292391e-02
  -1.9303374e-02
  -2.5642371e-02
  -2.1381076e-02
  -5.5131973e-03
   6.6179885e-03
   6.0618392e-03
  -3.0513776e-03
  -1.5034597e-02
  -8.6536640e-03
  -7.1186032e-03
  -1.6980221e-02
  -2.0233070e-02
  -1.7526273e-02
  -9.8214075e-03
  -2.5739123e-03
  -5.3202478e-03
  -6.1343918e-03
  -1.0611073e-02
  -0.0000000e+00
  -1.8343462e-02
  -1.7964033e-02
  -1.5025933e-02
  -2.4855002e-03
  -2.1802916e-03
  -1.3986816e-04
   9.2011341e-04
   4.4124492e-04
  -1.2967895e-03
  -9.9843061e-03
  -1.0352402e-02
   2.2678871e-03
   1.3703044e-02
   1.5892777e-02
   0.0000000e+00
  -0.0000000e+00
  -1.7087215e-03
  -1.2629268e-02
  -1.9800697e-02
  -8.6096227e-03
   1.3432606e-02
   2.2459339e-02
   1.6976820e-02
  -0.0000000e+00
  -2.7381177e-03
   5.0334823e-03
   3.0951833e-03
  -6.4857374e-03
  -6.3366159e-03
  -1.2980668e-03
   7.3074298e-03
   1.1167754e-02
   7.3631081e-03
   0.0000000e+00
   0.0000000e+00
  -0.0000000e+00
  -4.7465926e-03
  -2.8711373e-03
  -1.3096679e-03
   8.9549040e-03
   1.0842736e-02
   1.1231956e-02
   1.2743354e-02
   1.2651361e-02
   5.2667367e-03
   2.0243463e-03
   5.3821807e-03
   1.8907385e-02
   2.7133768e-02
   2.2640506e-02
   0.0000000e+00
   0.0000000e+00
   6.8146908e-03
  -8.4063495e-03
  -1.1784266e-02
   1.0077257e-03
   2.8832456e-02
   3.4353074e-02
   1.7798439e-02
  -0.0000000e+00
   1.1493817e-02
   1.8797524e-02
   1.7611807e-02
   1.4691134e-03
   7.4778353e-03
   1.7577793e-02
   2.3022473e-02
   2.2628235e-02
   2.0006455e-02
   0.0000000e+00
   0.0000000e+00
   0.0000000e+00
   1.0273458e-02
   1.2101009e-02
   1.2441776e-02
   1.5476730e-02
   1.8923474e-02
   1.7655140e-02
   1.7982215e-02
   1.6814003e-02
   3.1121955e-03
   8.2565024e-03
   1.8277651e-02
   3.1214213e-02
   3.7939899e-02
   2.5797894e-02
   0.0000000e+00
   0.0000000e+00
   7.9204720e-03
  -2.5484066e-03
   1.4628647e-03
   1.1105465e-02
   4.2204570e-02
   3.5440889e-02
   0.0000000e+00
   0.0000000e+00
   2.3648310e-02
   2.8884242e-02
   2.9890828e-02
   1.0337712e-02
   2.2577919e-02
   3.2048088e-02
   3.2933071e-02
   2.9017983e-02
   0.0000000e+00
   0.0000000e+00
   0.0000000e+00
   0.0000000e+00
   2.2591094e-02
   1.9908790e-02
   1.9470703e-02
   1.5838817e-02
   1.9172313e-02
   1.4797146e-02
   1.5878415e-02
   1.0012497e-02
  -2.1182483e-03
   1.0956561e-02
   1.8463649e-02
   3.1640198e-02
   3.3560809e-02
   1.8855049e-02
   0.0000000e+00
   0.0000000e+00
   0.0000000e+00
   7.4154432e-03
   1.1973706e-02
   2.1877555e-02
   4.4648170e-02
   2.7656128e-02
   0.0000000e+00
   0.0000000e+00
   2.7752029e-02
   2.6001790e-02
   3.2145854e-02
   1.6874274e-02
   2.3182673e-02
   2.9840982e-02
   3.2153260e-02
   2.4359181e-02
   1.1410863e-02
   0.0000000e+00
   0.0000000e+00
   0.0000000e+00
   2.4105232e-02
   1.7793523e-02
   1.8462917e-02
   1.1633141e-02
   1.3991392e-02
   8.0917943e-03
   1.0065218e-02
   1.6433905e-03
  -4.9304590e-03
   1.0086061e-02
   1.4010198e-02
   3.0514646e-02
   2.3662811e-02
   8.9573376e-03
   0.0000000e+00
   0.0000000e+00
   0.0000000e+00
   1.2854553e-02
   1.6959855e-02
   2.8389009e-02
   4.1204423e-02
   3.2993415e-02
   0.0000000e+00
   0.0000000e+00
   2.6540778e-02
   2.1027288e-02
   2.7281102e-02
   1.4296552e-02
   1.4306928e-02
   2.0838981e-02
   2.7073789e-02
   2.0434903e-02
   5.3931958e-03
   0.0000000e+00
   0.0000000e+00
   0.0000000e+00
   1.9268749e-02
   1.2920416e-02
   1.3621442e-02
   5.2917143e-03
   6.4675151e-03
  -1.6300977e-05
   2.5138124e-03
  -6.7257718e-03
  -5.7940301e-03
   7.1547842e-03
   8.5731056e-03
   2.9307112e-02
   1.4353894e-02
  -0.0000000e+00
   0.0000000e+00
   0.0000000e+00
   0.0000000e+00
   1.4929017e-02
   1.9409500e-02
   3.1665813e-02
   3.5615955e-02
   2.3306157e-02
   0.0000000e+00
   0.0000000e+00
   0.0000000e+00
   1.3862779e-02
   1.9219933e-02
   5.8157342e-03
   2.1830022e-03
   9.3405796e-03
   2.0294134e-02
   1.7312104e-02
   2.9807715e-03
  -2.9921973e-03
   0.0000000e+00
   0.0000000e+00
   1.1213835e-02
   6.8516498e-03
   6.9912691e-03
  -3.4241863e-03
  -2.9924503e-03
  -8.2272254e-03
  -6.4591863e-03
  -1.2754182e-02
  -2.9355295e-03
   3.8492752e-04
   5.3445357e-03
   2.9999889e-02
   1.3104920e-02
   0.0000000e+00
   0.0000000e+00
   0.0000000e+00
   0.0000000e+00
   8.7876823e-03
   1.7772343e-02
   2.6419882e-02
   2.9165821e-02
   1.7560209e-02
   0.0000000e+00
   0.0000000e+00
   0.0000000e+00
   7.8890178e-03
   7.4284673e-03
  -1.2468769e-02
  -1.0020548e-02
  -3.1647431e-03
   1.2041452e-02
   1.6417056e-02
  -1.2978979e-03
  -4.5889318e-03
   2.7221891e-03
   0.0000000e+00
  -1.4873229e-03
  -7.3760713e-04
  -1.8637885e-03
  -3.1531174e-03
  -3.2865868e-03
  -6.8062209e-03
  -5.4551824e-03
  -8.8892533e-03
   1.6498493e-03
  -4.7194478e-04
   9.1101099e-03
   2.6799649e-02
   9.3300521e-03
   0.0000000e+00
   0.0000000e+00
   0.0000000e+00
   0.0000000e+00
   0.0000000e+00
   1.5309957e-02
   2.0365119e-02
   2.5359290e-02
   1.4764345e-02
   0.0000000e+00
   0.0000000e+00
  -0.0000000e+00
   1.9411417e-03
   4.7543968e-04
  -1.5213290e-02
  -6.8561258e-03
  -2.6767387e-03
   8.7693315e-03
   1.0706551e-02
  -4.8907203e-03
  -5.7260995e-03
  -1.5853562e-03
   0.0000000e+00
  -5.4434752e-03
  -2.8958286e-03
  -3.5657228e-03
  -2.1483880e-03
  -2.1756601e-03
  -4.3678451e-03
  -2.9680782e-03
  -4.6820627e-03
   1.6051219e-03
   1.1273132e-03
   1.0184627e-02
   1.8449472e-02
   6.9586987e-03
   0.0000000e+00
   0.0000000e+00
   0.0000000e+00
  -0.0000000e+00
  -3.6854355e-03
   1.2410969e-02
   1.7303046e-02
   2.1708058e-02
   1.5772903e-02
   0.0000000e+00
   0.0000000e+00
  -0.0000000e+00
  -3.9929445e-03
  -4.5225765e-03
  -1.0147694e-02
  -3.6974696e-03
   7.8815414e-04
   7.4795609e-03
   0.0000000e+00
  -0.0000000e+00
  -7.0216535e-03
  -6.4011275e-03
  -0.0000000e+00
  -6.4929551e-03
  -4.9441932e-03
  -3.9057173e-03
  -4.1789870e-04
   1.3377175e-04
  -9.4495009e-04
   7.7835919e-04
   1.2323914e-04
   4.3395997e-04
   4.7700214e-03
   1.1480253e-02
   8.9618927e-03
   5.2395842e-03
   0.0000000e+00
   0.0000000e+00
   0.0000000e+00
  -0.0000000e+00
  -7.7153565e-03
   7.4953530e-03
   1.4784761e-02
   1.8086180e-02
   1.2079638e-02
   0.0000000e+00
   0.0000000e+00
  -0.0000000e+00
  -1.0485427e-02
  -7.9382341e-03
  -1.2727868e-04
   5.9020036e-04
   6.6514248e-03
   1.0189589e-02
   0.0000000e+00
  -0.0000000e+00
  -7.8810454e-03
  -1.0183135e-02
  -3.7729281e-03
  -5.4170820e-03
  -6.2537557e-03
  -3.0321137e-03
  -1.6991353e-03
   1.1907517e-03
   2.4597230e-03
   2.0055715e-03
   2.4638842e-03
  -1.1914146e-04
   3.4580177e-03
   3.0838447e-03
  -9.9025732e-03
  -7.9696909e-03
   0.0000000e+00
   0.0000000e+00
  -0.0000000e+00
  -2.0025995e-02
  -1.2283979e-02
   2.1363727e-03
   1.3552394e-02
   1.3370183e-02
   7.7654909e-03
   0.0000000e+00
   0.0000000e+00
   0.0000000e+00
  -7.2150547e-03
  -8.1571285e-03
   2.4681548e-03
  -5.8404114e-03
   3.1165937e-03
  -2.4957396e-03
  -0.0000000e+00
  -0.0000000e+00
  -1.1285951e-02
  -1.3248888e-02
  -7.9663824e-03
  -8.0440212e-03
  -8.5124047e-03
  -5.6624711e-03
  -6.1424784e-03
  -1.0333001e-03
   2.0433278e-03
   1.0082822e-03
   7.8670547e-04
   1.5636520e-03
  -2.2481969e-03
  -6.9650649e-03
  -1.8752081e-02
  -1.8569755e-02
   0.0000000e+00
  -0.0000000e+00
  -0.0000000e+00
  -2.0095145e-02
  -1.7467145e-02
  -2.2807173e-04
   1.0572511e-02
   9.7036249e-03
   7.3562301e-03
   0.0000000e+00
   0.0000000e+00
   0.0000000e+00
   0.0000000e+00
  -3.4147040e-03
  -3.8943213e-04
  -8.9440671e-03
  -7.6982439e-03
  -1.8133025e-02
  -0.0000000e+00
  -1.9659325e-02
  -1.1603443e-02
  -1.0679549e-02
  -1.0446021e-02
  -1.2953747e-02
  -1.1106365e-02
  -1.0883902e-02
  -1.1611485e-02
  -4.5513650e-03
  -9.4481651e-04
  -1.0328947e-03
  -2.5746580e-03
   8.4793236e-04
  -7.0066992e-03
  -1.7171733e-02
  -2.6983587e-02
  -2.6397204e-02
   0.0000000e+00
  -0.0000000e+00
  -2.6876746e-02
  -2.1960214e-02
  -2.4026325e-02
  -5.0832797e-03
   6.3414222e-03
   0.0000000e+00
   0.0000000e+00
   0.0000000e+00
   0.0000000e+00
   0.0000000e+00
   0.0000000e+00
   7.8697235e-04
  -2.1145248e-03
  -1.0650567e-02
  -1.6249727e-02
  -1.8447888e-02
  -0.0000000e+00
  -3.0299264e-02
  -1.2613357e-02
  -9.5229363e-03
  -1.2307352e-02
  -1.8183911e-02
  -1.5414345e-02
  -1.6443674e-02
  -1.8428994e-02
  -9.3463669e-03
  -7.4918158e-03
  -3.2148790e-03
  -7.2789574e-03
  -3.4784833e-03
  -7.7190390e-03
  -2.5954848e-02
  -2.8979737e-02
  -3.7001236e-02
  -0.0000000e+00
  -2.5644921e-02
  -3.2064326e-02
  -2.7576825e-02
  -3.2465026e-02
  -1.5098164e-02
   0.0000000e+00
   0.0000000e+00
   0.0000000e+00
   0.0000000e+00
   0.0000000e+00
   0.0000000e+00
   0.0000000e+00
   5.1128361e-03
  -6.4246044e-04
  -9.7744527e-03
  -2.1863060e-02
  -2.0153854e-02
  -0.0000000e+00
  -4.5550685e-02
  -1.5120321e-02
  -1.0526331e-02
  -1.2449371e-02
  -2.4145188e-02
  -2.2951318e-02
  -2.2492364e-02
  -2.7889960e-02
  -1.6818622e-02
  -1.8854067e-02
  -9.6524768e-03
  -1.4604928e-02
  -1.4254928e-02
  -2.8437108e-03
  -2.6008463e-02
  -3.0831566e-02
  -0.0000000e+00
  -2.1606063e-02
  -1.8521188e-02
  -3.6643326e-02
  -4.0936556e-02
  -4.7393236e-02
  -3.0569042e-02
   0.0000000e+00
   0.0000000e+00
   0.0000000e+00
   0.0000000e+00
   0.0000000e+00
   0.0000000e+00
   0.0000000e+00
   3.3980163e-03
   1.1908537e-03
   0.0000000e+00
  -9.7359670e-03
  -1.5012919e-02
  -0.0000000e+00
  -6.4544588e-02
  -2.3866303e-02
  -2.0124961e-02
  -1.6373459e-02
  -2.7525550e-02
  -3.2103214e-02
  -2.9961495e-02
  -3.3449534e-02
  -2.2286171e-02
  -2.4678217e-02
  -1.6476355e-02
  -1.9166728e-02
  -1.8870104e-02
   2.2268864e-04
  -9.7591569e-03
  -0.0000000e+00
  -1.1949735e-02
  -1.3162820e-02
  -1.3846392e-02
  -3.1068495e-02
  -4.4279639e-02
  -5.9115894e-02
  -4.5218303e-02
   0.0000000e+00
   0.0000000e+00
   0.0000000e+00
   0.0000000e+00
   0.0000000e+00
   0.0000000e+00
   0.0000000e+00
   1.9336605e-04
   1.0097930e-03
   0.0000000e+00
   2.5980384e-03
  -9.0152554e-03
  -0.0000000e+00
  -7.2285712e-02
  -3.0963834e-02
  -2.4818152e-02
  -2.1136351e-02
  -2.6874421e-02
  -3.3070572e-02
  -3.4049697e-02
  -3.6066297e-02
  -2.5970647e-02
  -2.7124997e-02
  -2.1757625e-02
  -2.2323310e-02
  -1.9455846e-02
   1.6260353e-03
  -0.0000000e+00
  -2.4860936e-02
  -2.4982650e-03
   1.8469717e-03
  -8.5754208e-03
  -2.1236954e-02
  -4.0810633e-02
  -6.5609723e-02
  -5.6646879e-02
   0.0000000e+00
   0.0000000e+00
   0.0000000e+00
   0.0000000e+00
   0.0000000e+00
   0.0000000e+00
   0.0000000e+00
  -0.0000000e+00
  -0.0000000e+00
   0.0000000e+00
   0.0000000e+00
   0.0000000e+00
  -0.0000000e+00
  -7.3698126e-02
  -3.6122028e-02
  -2.6883084e-02
  -2.3985667e-02
  -2.4381327e-02
  -3.0076016e-02
  -3.5359725e-02
  -3.2856118e-02
  -2.5968486e-02
  -2.3990307e-02
  -2.2585129e-02
  -2.3282453e-02
  -1.3949337e-02
   2.5947674e-04
  -0.0000000e+00
  -2.3828452e-02
  -5.5244318e-03
   9.4355782e-03
   2.9361525e-04
  -5.0950125e-03
  -2.2828186e-02
  -5.9086792e-02
  -6.3697517e-02
  -0.0000000e+00
   0.0000000e+00
   0.0000000e+00
   0.0000000e+00
   0.0000000e+00
   0.0000000e+00
   0.0000000e+00
  -0.0000000e+00
  -0.0000000e+00
   0.0000000e+00
   0.0000000e+00
   0.0000000e+00
   0.0000000e+00
  -0.0000000e+00
  -3.7431438e-02
  -2.4912281e-02
  -2.0059299e-02
  -1.8682642e-02
  -2.1027170e-02
  -3.0735038e-02
  -2.0980643e-02
  -1.5069546e-02
  -1.3666530e-02
  -1.0667982e-02
  -1.9558765e-02
  -7.4794206e-03
   0.0000000e+00
  -0.0000000e+00
  -1.1365301e-02
  -1.4387589e-02
   6.8044327e-03
   1.5433252e-02
   7.0603965e-03
  -3.6285883e-03
  -3.4536570e-02
  -4.8508514e-02
  -4.6844689e-02
   0.0000000e+00
   0.0000000e+00
   0.0000000e+00
   0.0000000e+00
   0.0000000e+00
   0.0000000e+00
   0.0000000e+00
   0.0000000e+00
   0.0000000e+00
   0.0000000e+00
   0.0000000e+00
   0.0000000e+00
  -0.0000000e+00
  -3.1030500e-02
  -2.4913106e-02
  -8.0256015e-03
  -8.7844059e-03
  -1.0523630e-02
  -1.8418614e-02
  -6.2951786e-03
  -4.4357067e-04
   2.1342561e-03
   1.6144603e-03
  -1.0243810e-02
  -7.8378144e-04
   0.0000000e+00
   0.0000000e+00
   0.0000000e+00
  -0.0000000e+00
   4.7740871e-03
   2.3318386e-02
   1.4788248e-02
   8.5465955e-03
  -1.3626949e-02
  -2.7308827e-02
  -3.0951571e-02
  -0.0000000e+00
  -0.0000000e+00
  -0.0000000e+00
  -0.0000000e+00
  -0.0000000e+00
   0.0000000e+00
   0.0000000e+00
   0.0000000e+00
   0.0000000e+00
   0.0000000e+00
   0.0000000e+00
   0.0000000e+00
  -0.0000000e+00
  -2.7659513e-02
  -2.4823461e-02
  -2.0669326e-03
   1.3934805e-03
  -5.9703848e-04
  -5.0695231e-03
   1.1342718e-02
   1.6800949e-02
   2.2482326e-02
   1.4012360e-02
   5.3662471e-03
   7.9395447e-03
   0.0000000e+00
   0.0000000e+00
   0.0000000e+00
  -0.0000000e+00
   3.4861360e-03
   2.3114024e-02
   2.2941079e-02
   1.8544823e-02
   3.5919060e-03
  -5.9389099e-03
  -1.3652039e-02
  -1.1514354e-02
  -3.0568409e-03
  -8.4878011e-03
  -0.0000000e+00
  -0.0000000e+00
   0.0000000e+00
   0.0000000e+00
   0.0000000e+00
   0.0000000e+00
   0.0000000e+00
   0.0000000e+00
   0.0000000e+00
  -0.0000000e+00
  -2.5592832e-02
  -2.3345328e-02
  -4.1316203e-03
   8.1836311e-03
   1.0971015e-02
   1.0175193e-02
   2.7890800e-02
   3.2704070e-02
   3.9916866e-02
   2.8251626e-02
   2.7188957e-02
   2.7531610e-02
   0.0000000e+00
   0.0000000e+00
   0.0000000e+00
  -0.0000000e+00
   0.0000000e+00
   1.9153681e-02
   3.1346239e-02
   2.8187620e-02
   1.7795814e-02
   1.3130202e-02
   8.6760313e-03
  -0.0000000e+00
   3.1526415e-03
   3.5484241e-03
  -0.0000000e+00
   0.0000000e+00
   0.0000000e+00
   0.0000000e+00
   0.0000000e+00
   0.0000000e+00
   0.0000000e+00
   0.0000000e+00
   0.0000000e+00
   0.0000000e+00
  -0.0000000e+00
  -2.0998261e-02
  -1.1485054e-02
   9.8990798e-03
   2.1166651e-02
   2.3486396e-02
   3.5213217e-02
   4.1752648e-02
   4.7212522e-02
   4.6714723e-02
   5.0084651e-02
   5.0146893e-02
   0.0000000e+00
   0.0000000e+00
   0.0000000e+00
   0.0000000e+00
  -0.0000000e+00
   1.1945480e-02
   3.3240397e-02
   3.5753228e-02
   3.1457260e-02
   3.3694275e-02
   2.9357746e-02
   1.9418767e-02
   0.0000000e+00
   0.0000000e+00
   0.0000000e+00
   0.0000000e+00
   0.0000000e+00
   0.0000000e+00
   0.0000000e+00
   0.0000000e+00
   0.0000000e+00
   0.0000000e+00
   0.0000000e+00
   0.0000000e+00
  -0.0000000e+00
  -1.9750400e-02
  -1.4963814e-02
   7.6653324e-03
   2.3248339e-02
   2.7024621e-02
   2.9810734e-02
   4.2425957e-02
   5.0030757e-02
   6.4704612e-02
   6.1856116e-02
   0.0000000e+00
   0.0000000e+00
   0.0000000e+00
   0.0000000e+00
   0.0000000e+00
  -0.0000000e+00
  -1.6889942e-03
   1.8432774e-02
   2.8725481e-02
   3.6471583e-02
   5.0449688e-02
   4.2824785e-02
   3.1107163e-02
   0.0000000e+00
   0.0000000e+00
   0.0000000e+00
   0.0000000e+00
   0.0000000e+00
   0.0000000e+00
   0.0000000e+00
   0.0000000e+00
   0.0000000e+00
   0.0000000e+00
   0.0000000e+00
   0.0000000e+00
   0.0000000e+00
  -0.0000000e+00
  -1.5788455e-02
   2.1389094e-03
   1.2059352e-02
   1.6560892e-02
   1.5632048e-02
   3.4778699e-02
   5.2433761e-02
   6.4829655e-02
   6.2776630e-02
   0.0000000e+00
   0.0000000e+00
   0.0000000e+00
  -0.0000000e+00
  -0.0000000e+00
   0.0000000e+00
  -0.0000000e+00
  -4.6116579e-03
   7.9013435e-03
   2.0434763e-02
   3.9479181e-02
   4.0692639e-02
   0.0000000e+00
   0.0000000e+00
   0.0000000e+00
   0.0000000e+00
   0.0000000e+00
   0.0000000e+00
   0.0000000e+00
   0.0000000e+00
   0.0000000e+00
   0.0000000e+00
   0.0000000e+00
   0.0000000e+00
   0.0000000e+00
   0.0000000e+00
  -0.0000000e+00
  -2.9233872e-02
  -1.3393450e-02
  -1.7345771e-02
  -4.9426323e-03
  -1.0997126e-02
   0.0000000e+00
   0.0000000e+00
   0.0000000e+00
   0.0000000e+00
   0.0000000e+00
   0.0000000e+00
   0.0000000e+00
  -0.0000000e+00
  -0.0000000e+00
  -0.0000000e+00
  -1.4534402e-02
  -7.0468582e-03
  -5.4323524e-03
  -1.1178814e-02
  -5.8090864e-03
   6.8592057e-03
   1.0901793e-02
   1.0554561e-02
   0.0000000e+00
   0.0000000e+00
   0.0000000e+00
   0.0000000e+00
   0.0000000e+00
   0.0000000e+00
   0.0000000e+00
   0.0000000e+00
   0.0000000e+00
   0.0000000e+00
   0.0000000e+00
   0.0000000e+00
  -0.0000000e+00
  -0.0000000e+00
  -0.0000000e+00
  -0.0000000e+00
  -3.8771805e-02
  -0.0000000e+00
  -0.0000000e+00
  -0.0000000e+00
   0.0000000e+00
   0.0000000e+00
   0.0000000e+00
   0.0000000e+00
   0.0000000e+00
  -0.0000000e+00
  -0.0000000e+00
  -0.0000000e+00
   1.9254155e-03
   6.2710560e-03
  -0.0000000e+00
  -0.0000000e+00
  -1.7623177e-02
  -1.5395467e-02
  -3.8074125e-03
   1.9529223e-03
   0.0000000e+00
  -0.0000000e+00
  -0.0000000e+00
  -0.0000000e+00
  -0.0000000e+00
  -0.0000000e+00
   0.0000000e+00
   0.0000000e+00
   0.0000000e+00
   0.0000000e+00
   0.0000000e+00
   0.0000000e+00
   0.0000000e+00
   0.0000000e+00
  -0.0000000e+00
  -0.0000000e+00
  -0.0000000e+00
  -1.6431212e-02
  -1.0245321e-02
  -4.5714546e-03
  -8.2008151e-04
   4.6074566e-04
  -1.4161066e-03
  -0.0000000e+00
  -0.0000000e+00
  -0.0000000e+00
  -0.0000000e+00
  -2.1733943e-03
   2.4975622e-03
  -0.0000000e+00
  -0.0000000e+00
   0.0000000e+00
  -0.0000000e+00
  -1.0825004e-04
   1.3708642e-03
   2.8190794e-03
   2.9309128e-03
   2.4129793e-03
   1.5893996e-03
   1.6036793e-03
   1.1875361e-03
   1.3479011e-03
   1.8238565e-03
   1.6095971e-03
   9.9431530e-04
  -5.4214750e-05
  -1.2769870e-03
  -2.8012488e-03
  -4.2719044e-03
  -7.1140992e-03
  -1.2700763e-02
  -1.9472346e-02
  -1.9632829e-02
