0.000000 
0.000000 
0.000000 
0.000000 
0.000000 
0.000000 
0.000000 
0.000000 
0.000000 
0.000000 
0.000000 
0.000000 
0.000000 
0.000000 
0.000000 
0.000000 
0.000000 
0.000000 
0.000000 
0.000000 
0.000000 
0.000000 
0.000000 
0.000000 
0.000000 
0.000000 
0.000000 
0.000000 
0.000000 
0.000000 
0.000000 
0.000000 
0.000000 
0.000000 
0.000000 
0.000000 
0.000182 
0.000324 
0.000420 
0.000573 
0.006627 
0.005358 
0.010890 
0.008111 
0.002883 
0.007713 
0.002407 
-0.005515 
-0.006120 
0.003341 
-0.000104 
-0.005112 
-0.009337 
-0.005112 
-0.005354 
0.000000 
0.000000 
0.000744 
0.001066 
0.010752 
0.003379 
0.002788 
-0.000290 
0.000047 
-0.002500 
-0.004458 
-0.000337 
0.000378 
0.000770 
0.000578 
0.000017 
0.000351 
-0.001563 
-0.008559 
-0.021505 
-0.013704 
-0.027455 
-0.025639 
-0.026337 
-0.023136 
-0.004213 
-0.002560 
-0.005962 
-0.001957 
-0.013901 
-0.017582 
-0.018845 
-0.013008 
-0.014166 
-0.023059 
-0.017469 
-0.012309 
0.008455 
0.011578 
0.000276 
-0.004840 
0.006829 
0.000337 
-0.003059 
-0.008771 
-0.016615 
-0.025383 
-0.024569 
-0.014212 
-0.005956 
-0.010276 
-0.008254 
-0.009026 
-0.026509 
-0.052931 
-0.055691 
-0.043790 
-0.023424 
-0.020858 
-0.029831 
-0.020494 
0.001016 
-0.009402 
-0.005496 
-0.018119 
-0.011690 
-0.025486 
-0.030462 
-0.023445 
-0.029286 
-0.049550 
0.000000 
-0.005515 
0.001190 
0.008466 
0.005441 
-0.014362 
-0.035155 
-0.042280 
-0.023946 
-0.033399 
-0.050403 
-0.047388 
-0.040958 
-0.036036 
-0.031210 
-0.021432 
0.000441 
-0.018605 
-0.036578 
-0.042657 
-0.041065 
-0.038806 
-0.016815 
-0.006280 
-0.012208 
0.009429 
0.006639 
-0.002936 
-0.008475 
-0.013136 
-0.002306 
-0.017970 
-0.026300 
-0.015291 
-0.031128 
-0.047196 
0.000000 
-0.012882 
0.012720 
0.005803 
0.006332 
-0.003438 
-0.041727 
-0.052808 
-0.026428 
-0.012214 
-0.014185 
-0.051429 
-0.038587 
-0.019929 
-0.018157 
0.004871 
-0.012101 
-0.021158 
-0.036106 
-0.032763 
-0.029651 
-0.020878 
0.000906 
0.010626 
0.000000 
0.011616 
0.019243 
0.001685 
-0.005228 
-0.012912 
0.005787 
-0.018248 
-0.015021 
-0.007849 
-0.022020 
-0.014953 
0.000000 
-0.015676 
0.007223 
0.012641 
0.002242 
0.008316 
-0.022326 
-0.041479 
-0.017796 
0.000895 
-0.002140 
-0.021060 
-0.010434 
0.004920 
0.005986 
-0.000172 
-0.004505 
-0.010405 
-0.009480 
-0.007488 
-0.010874 
0.006581 
0.012785 
0.027640 
0.020512 
0.010035 
0.010694 
0.014140 
0.012909 
0.001413 
0.006906 
-0.010544 
-0.014690 
0.004088 
-0.009103 
0.016119 
0.000000 
-0.008283 
0.001472 
0.002275 
0.005640 
-0.005407 
-0.014548 
-0.021907 
-0.001273 
0.016813 
0.014147 
-0.005917 
-0.003635 
0.002386 
0.000925 
0.003282 
0.006689 
0.007412 
0.032301 
0.015421 
0.011334 
0.003079 
0.013126 
0.022925 
0.018576 
0.017836 
0.012199 
0.013343 
0.017681 
0.003766 
0.001848 
-0.003953 
-0.015018 
0.001023 
0.005762 
0.032484 
0.000000 
0.000000 
0.009765 
-0.002082 
0.006575 
-0.004612 
-0.012188 
-0.002725 
0.022767 
0.017838 
0.000676 
0.002104 
0.002060 
0.008214 
0.001392 
0.018723 
0.011779 
0.023856 
0.060797 
0.000000 
0.006006 
0.000000 
0.000000 
0.025188 
0.015913 
0.020265 
0.019531 
0.019157 
0.019776 
0.009642 
0.000291 
-0.001086 
-0.001552 
-0.002649 
0.016828 
0.047996 
0.000000 
0.000000 
-0.000416 
-0.005374 
-0.004629 
-0.000070 
-0.006036 
0.013875 
0.053941 
0.000000 
0.005559 
0.004482 
0.011354 
0.009456 
0.009170 
0.020216 
0.025726 
0.027190 
0.082453 
0.000000 
0.000000 
0.000000 
0.000000 
0.024291 
0.022861 
0.023087 
0.023645 
0.022847 
0.020047 
0.008094 
-0.000265 
0.001954 
0.003065 
0.003201 
0.017284 
0.052728 
0.000000 
0.000000 
0.000000 
-0.007934 
-0.001697 
-0.007396 
0.001763 
0.022770 
0.080065 
0.000000 
0.000000 
0.023724 
-0.001925 
0.009997 
0.021212 
0.017371 
0.026613 
0.038013 
0.087531 
0.000000 
0.000000 
0.000000 
0.000000 
0.031515 
0.027436 
0.024408 
0.025327 
0.027054 
0.020690 
0.008953 
0.000684 
-0.003066 
0.001016 
0.008258 
0.023018 
0.054720 
0.000000 
0.000000 
0.000000 
-0.020748 
-0.003627 
-0.003721 
0.011216 
0.036563 
0.090657 
0.000000 
0.000000 
0.033052 
-0.007907 
0.013487 
0.026916 
0.026163 
0.033224 
0.051599 
0.077149 
0.000000 
0.000000 
0.000000 
0.040251 
0.036631 
0.035721 
0.029754 
0.030135 
0.026836 
0.015876 
0.008048 
0.000109 
-0.004363 
0.002097 
0.014669 
0.028055 
0.050781 
0.013502 
0.000000 
0.000000 
-0.017919 
-0.005545 
-0.000714 
0.021239 
0.043828 
0.080803 
0.000000 
0.000000 
0.034582 
0.009252 
0.023892 
0.031268 
0.041526 
0.049310 
0.057087 
0.056705 
0.013669 
0.000000 
0.000000 
0.041161 
0.040591 
0.035364 
0.025012 
0.024076 
0.016420 
0.013249 
0.007864 
0.001370 
0.002832 
0.007950 
0.020836 
0.035312 
0.053397 
0.003097 
0.000000 
0.000000 
0.000000 
-0.001793 
0.008810 
0.026602 
0.046049 
0.073407 
0.000000 
0.000000 
0.030401 
0.029259 
0.037384 
0.040163 
0.048114 
0.062729 
0.057742 
0.038861 
0.009423 
0.000055 
0.016667 
0.042217 
0.040212 
0.032563 
0.024188 
0.013580 
0.009172 
0.007016 
0.004109 
0.006367 
0.009588 
0.017122 
0.030794 
0.043001 
0.058388 
0.000000 
0.000000 
0.000000 
0.000000 
0.006803 
0.021053 
0.034910 
0.047173 
0.049244 
0.000000 
0.000000 
0.000387 
0.030280 
0.039845 
0.042875 
0.053286 
0.059632 
0.055628 
0.022854 
0.009592 
0.004801 
0.014533 
0.027297 
0.027245 
0.021658 
0.013366 
0.002818 
0.000470 
0.000155 
0.000090 
0.011233 
0.019860 
0.026134 
0.039398 
0.047524 
0.050075 
0.000000 
0.000000 
0.000000 
0.000000 
0.017349 
0.031708 
0.040574 
0.045406 
0.028198 
0.000000 
0.000000 
0.014268 
0.065455 
0.035679 
0.037524 
0.047790 
0.042588 
0.034229 
0.006472 
0.004840 
0.012394 
0.003643 
0.023206 
0.012480 
0.006147 
0.000113 
-0.006818 
-0.010233 
-0.002579 
0.000052 
0.013043 
0.024201 
0.032911 
0.042985 
0.047123 
0.026744 
0.000000 
0.000000 
0.000000 
0.000000 
0.026314 
0.041359 
0.043014 
0.041626 
0.024462 
0.000000 
0.000000 
0.020837 
0.047988 
0.028014 
0.024285 
0.028357 
0.023428 
0.023822 
0.006148 
0.001679 
0.015522 
0.000000 
0.009743 
0.001421 
-0.004162 
-0.007367 
-0.012841 
-0.012313 
-0.002570 
0.001288 
0.012358 
0.022888 
0.031065 
0.035802 
0.036508 
0.000000 
0.000000 
0.000000 
0.000000 
0.000000 
0.030910 
0.043059 
0.039784 
0.042003 
0.022557 
0.000000 
0.000000 
0.015245 
0.029107 
0.018616 
0.011809 
0.013787 
0.011157 
0.007900 
0.002089 
0.000000 
0.009533 
-0.004638 
0.001930 
-0.003099 
-0.005974 
-0.007779 
-0.011694 
-0.006574 
0.002197 
0.009103 
0.012888 
0.018293 
0.021501 
0.024629 
0.026142 
0.000000 
0.000000 
0.000000 
0.000000 
0.019166 
0.027748 
0.035300 
0.034910 
0.040679 
0.000996 
0.000000 
0.000000 
0.001463 
0.020877 
0.007601 
0.003765 
0.006792 
0.006649 
-0.007958 
-0.000790 
0.000094 
0.004007 
-0.006744 
-0.000658 
-0.005306 
-0.004888 
-0.003802 
-0.003633 
0.006461 
0.009146 
0.023029 
0.020004 
0.027379 
0.023934 
0.032051 
0.038217 
0.029377 
0.000000 
0.000000 
-0.009791 
0.009868 
0.019865 
0.029314 
0.037612 
0.036391 
0.013161 
0.000000 
0.000000 
0.000000 
0.022427 
0.002782 
-0.001175 
0.003752 
0.008960 
0.000020 
-0.014102 
-0.003778 
0.001055 
-0.009526 
-0.006622 
-0.012275 
-0.012332 
-0.012195 
-0.009184 
0.000370 
0.001964 
0.021540 
0.020403 
0.033588 
0.033056 
0.032372 
0.033567 
0.003959 
0.000000 
0.000000 
-0.023584 
-0.012601 
-0.002504 
0.014533 
0.025748 
0.020438 
0.000000 
0.000000 
0.000000 
0.000000 
0.034348 
0.003740 
-0.005665 
-0.001238 
0.014263 
-0.010780 
-0.028023 
-0.010112 
-0.005410 
-0.010781 
-0.013524 
-0.020118 
-0.021497 
-0.029415 
-0.030826 
-0.022940 
-0.021475 
-0.008906 
-0.003012 
0.011207 
0.015797 
0.005869 
-0.003812 
-0.013351 
0.000000 
-0.003200 
-0.028170 
-0.033598 
-0.028632 
-0.007745 
0.000000 
0.000000 
0.000000 
0.000000 
0.000000 
0.000000 
0.030327 
0.011020 
-0.009963 
-0.004815 
0.018387 
0.001529 
-0.033957 
-0.012097 
-0.011630 
-0.010765 
-0.013155 
-0.019717 
-0.027197 
-0.033714 
-0.036314 
-0.038897 
-0.036507 
-0.032895 
-0.033072 
-0.024138 
-0.007888 
-0.006378 
-0.011344 
-0.038330 
0.000000 
-0.015420 
-0.029559 
-0.040046 
-0.043808 
-0.033531 
0.000000 
0.000000 
0.000000 
0.000000 
0.000000 
0.000000 
0.017480 
0.030505 
-0.012252 
0.006902 
0.020175 
-0.004141 
-0.023125 
-0.003648 
-0.018370 
-0.013681 
-0.010476 
-0.015759 
-0.024109 
-0.025241 
-0.030736 
-0.039498 
-0.036260 
-0.047212 
-0.045982 
-0.042971 
-0.022839 
-0.003032 
-0.000043 
-0.029268 
-0.008975 
-0.012229 
-0.025247 
-0.036625 
-0.050808 
-0.057388 
0.000000 
0.000000 
0.000000 
0.000000 
0.000000 
0.000000 
0.002734 
0.042519 
-0.012401 
0.004069 
0.019640 
0.000000 
-0.020904 
-0.029301 
-0.024022 
-0.014525 
-0.008202 
-0.013330 
-0.020557 
-0.023485 
-0.028039 
-0.021961 
-0.030663 
-0.045236 
-0.048711 
-0.051437 
-0.027306 
0.000000 
0.000000 
-0.013517 
-0.007869 
-0.007119 
-0.017193 
-0.025740 
-0.047864 
-0.077355 
0.000000 
0.000000 
0.000000 
0.000000 
0.000000 
-0.011561 
0.000000 
0.042325 
-0.009617 
0.000000 
0.021609 
0.000000 
0.000000 
-0.067536 
-0.025570 
-0.013276 
-0.005790 
-0.009284 
-0.014405 
-0.021244 
-0.025725 
-0.022041 
-0.022198 
-0.034560 
-0.043276 
-0.050319 
-0.027690 
0.000000 
-0.007832 
-0.012458 
0.000260 
-0.002161 
-0.009974 
-0.018401 
-0.037121 
-0.078775 
0.000000 
0.000000 
0.000000 
0.000000 
0.000000 
-0.006847 
0.000000 
0.036952 
-0.002404 
0.000000 
0.022928 
0.000000 
0.000000 
-0.065606 
-0.023860 
-0.009232 
-0.004685 
-0.010770 
-0.011408 
-0.021318 
-0.021013 
-0.016329 
-0.015850 
-0.022738 
-0.036354 
-0.053491 
-0.025355 
0.000000 
-0.006064 
-0.008307 
-0.000581 
0.000895 
-0.002514 
-0.012774 
-0.025993 
-0.059625 
0.000000 
0.000000 
0.000000 
0.000000 
0.000000 
0.000000 
0.000000 
0.009015 
0.000000 
0.000000 
0.000000 
0.000000 
0.000000 
0.000000 
-0.030677 
-0.005486 
-0.003074 
0.000439 
-0.004661 
-0.010877 
-0.015103 
-0.012083 
-0.008776 
-0.014779 
-0.039500 
-0.054011 
0.000000 
0.000000 
-0.006214 
-0.003177 
-0.000682 
0.004353 
0.003431 
-0.003317 
-0.018488 
-0.049236 
0.000000 
0.000000 
0.000000 
0.000000 
0.000000 
0.000000 
-0.028650 
0.000000 
0.000000 
0.000000 
0.000000 
0.000000 
0.000000 
0.000000 
-0.023791 
-0.011829 
-0.001685 
0.003813 
0.005012 
0.002228 
-0.002323 
-0.001462 
0.000263 
-0.008723 
-0.045388 
-0.050683 
0.000000 
0.000000 
0.000000 
-0.006596 
0.000387 
0.011888 
0.010441 
0.002237 
-0.010354 
-0.036061 
-0.040351 
0.000000 
0.000000 
-0.014859 
-0.025479 
0.000000 
0.000000 
0.000000 
0.000000 
0.000000 
0.000000 
0.000000 
0.000000 
-0.009599 
-0.012960 
-0.012936 
-0.018956 
-0.003807 
0.002952 
0.007882 
0.004146 
0.005263 
0.008303 
0.000400 
-0.047934 
0.000000 
0.000000 
0.000000 
0.000000 
0.000000 
-0.009390 
0.018571 
0.021237 
0.011247 
-0.000877 
-0.029617 
-0.045698 
-0.000904 
0.000000 
-0.014685 
-0.014430 
0.000000 
0.000000 
0.000000 
0.000000 
0.000000 
0.000000 
0.000000 
0.000000 
-0.007284 
-0.023824 
-0.009987 
-0.024667 
-0.015073 
-0.002083 
0.003333 
0.010507 
0.019124 
0.025293 
0.013398 
-0.039270 
0.000000 
0.000000 
0.000000 
0.000000 
0.000000 
-0.027414 
-0.001538 
0.015867 
0.022280 
0.012460 
-0.013792 
-0.047600 
-0.003988 
-0.005967 
-0.005899 
0.000000 
0.000000 
0.000000 
0.000000 
0.000000 
0.000000 
0.000000 
0.000000 
0.000000 
0.000000 
0.000000 
-0.015773 
-0.020002 
-0.011522 
0.003269 
0.008588 
0.020487 
0.022586 
0.026216 
0.022775 
-0.011688 
0.000000 
0.000000 
0.000000 
0.000000 
0.000000 
-0.004270 
-0.011834 
0.000361 
0.018571 
0.021149 
0.003180 
-0.010949 
0.000000 
-0.000715 
0.000000 
0.000000 
0.000000 
0.000000 
0.000000 
0.000000 
0.000000 
0.000000 
0.000000 
0.000000 
0.000000 
0.000000 
-0.008657 
-0.015013 
-0.012531 
0.000747 
0.014204 
0.017080 
0.022876 
0.031708 
0.031337 
0.012908 
0.000000 
0.000000 
0.000000 
0.000000 
0.000000 
0.000000 
-0.003711 
0.005632 
0.024171 
0.030220 
0.015745 
0.005280 
0.000000 
0.000000 
0.000000 
0.000000 
0.000000 
0.000000 
0.000000 
0.000000 
0.000000 
0.000000 
0.000000 
0.000000 
0.000000 
0.000000 
-0.001415 
-0.015012 
-0.022886 
-0.010789 
-0.006506 
-0.002006 
0.005266 
0.033047 
0.046712 
0.019355 
0.000000 
0.000000 
0.000000 
0.000000 
-0.010289 
0.000000 
0.000000 
-0.018213 
-0.002316 
0.016084 
0.029804 
0.018752 
0.001165 
0.001960 
0.000000 
0.000000 
0.000000 
0.000000 
0.000000 
0.000000 
0.000000 
0.000000 
0.000000 
0.000000 
0.000000 
0.000000 
0.000000 
-0.000755 
0.000000 
-0.034169 
-0.047665 
-0.021331 
0.000000 
-0.009160 
0.023440 
0.000000 
0.000000 
0.000000 
0.000000 
-0.003936 
-0.009077 
-0.004331 
-0.025554 
-0.043913 
-0.041003 
0.031559 
0.039064 
0.038703 
0.036507 
0.000928 
0.008858 
0.000000 
0.000000 
0.000000 
0.000000 
0.000000 
0.000000 
0.000000 
0.000000 
0.000000 
0.000000 
0.000000 
0.000000 
0.000000 
0.000000 
0.000000 
0.000000 
-0.000647 
0.000000 
0.000000 
0.000000 
0.000000 
0.000000 
0.000000 
0.000000 
0.000000 
-0.000938 
0.000000 
-0.004324 
0.000000 
0.000000 
-0.066484 
-0.036743 
-0.012635 
0.006420 
0.024936 
0.000000 
0.000000 
0.000000 
0.000000 
0.000000 
0.000000 
0.000000 
0.000000 
0.000000 
0.000000 
0.000808 
0.000044 
-0.001385 
-0.001508 
0.000000 
0.000000 
0.000000 
0.000000 
0.000000 
0.000000 
0.000000 
0.000000 
0.000000 
0.000000 
0.000000 
0.000000 
-0.000876 
-0.000119 
0.000000 
0.000000 
0.000000 
0.000000 
0.000000 
-0.009368 
-0.012778 
-0.010630 
-0.011129 
-0.009755 
-0.008540 
-0.001765 
-0.000928 
-0.001872 
-0.002372 
-0.001250 
0.000000 
