0.000000 
0.000000 
0.000000 
0.000000 
0.000000 
0.000000 
0.000104 
-0.005583 
0.000354 
0.007555 
0.002736 
0.004174 
0.002003 
-0.002335 
-0.000989 
0.000199 
0.000000 
0.000000 
0.000000 
0.000000 
0.000000 
0.000000 
-0.000580 
-0.001057 
0.000000 
0.000000 
0.000000 
0.000000 
0.000000 
0.000000 
0.000000 
0.000000 
0.000000 
0.000000 
0.000000 
0.000000 
0.007934 
0.002397 
0.000536 
0.016125 
0.038628 
0.053980 
0.083379 
0.087050 
0.087842 
0.085151 
0.072137 
0.072117 
0.079550 
0.076196 
0.078160 
0.082003 
0.085501 
0.094100 
0.081786 
0.011921 
0.003993 
0.007094 
0.007834 
0.005496 
0.011625 
0.003168 
0.012684 
0.015282 
0.016433 
0.017112 
0.010510 
0.022465 
0.026558 
0.012824 
0.004191 
0.005684 
0.144463 
0.138732 
0.140526 
0.131090 
0.143958 
0.127171 
0.122682 
0.133722 
0.141967 
0.138741 
0.121840 
0.117767 
0.122448 
0.134161 
0.140329 
0.148745 
0.142751 
0.137238 
0.187256 
0.097687 
0.094564 
0.084632 
0.050480 
0.058041 
0.058017 
0.090722 
0.095767 
0.126417 
0.152995 
0.170056 
0.194945 
0.199978 
0.194418 
0.173960 
0.184199 
0.156815 
0.172180 
0.152199 
0.137360 
0.130486 
0.124898 
0.111312 
0.098008 
0.094750 
0.125355 
0.123818 
0.106577 
0.090495 
0.104162 
0.115286 
0.123758 
0.133416 
0.132737 
0.139608 
0.000000 
0.064133 
0.094682 
0.089021 
0.117591 
0.132348 
0.112595 
0.141255 
0.148812 
0.156327 
0.172827 
0.172020 
0.184644 
0.207789 
0.198532 
0.181769 
0.206210 
0.188652 
0.154306 
0.136844 
0.120635 
0.116503 
0.092650 
0.081997 
0.040237 
0.048041 
0.068057 
0.080967 
0.074916 
0.069384 
0.074395 
0.082141 
0.092825 
0.097064 
0.110190 
0.101229 
0.000000 
0.047680 
0.110717 
0.096734 
0.110269 
0.119799 
0.097149 
0.136692 
0.123171 
0.105654 
0.123292 
0.137281 
0.137362 
0.169900 
0.170448 
0.183444 
0.200779 
0.181332 
0.113631 
0.095984 
0.079997 
0.082027 
0.065598 
0.048208 
0.035669 
0.038281 
0.028288 
0.047135 
0.043940 
0.054059 
0.053355 
0.055528 
0.067924 
0.070958 
0.067322 
0.067852 
0.000000 
0.029954 
0.075330 
0.073371 
0.090511 
0.086107 
0.081147 
0.106205 
0.087761 
0.079936 
0.067952 
0.071326 
0.089313 
0.124999 
0.134472 
0.144234 
0.154859 
0.133885 
0.075340 
0.056461 
0.046823 
0.031092 
0.027134 
0.027106 
0.036176 
0.037815 
0.020932 
0.013850 
0.032644 
0.023965 
0.031951 
0.042693 
0.044697 
0.045465 
0.042366 
0.033787 
0.000000 
0.000000 
0.039874 
0.044641 
0.060247 
0.065812 
0.061905 
0.069834 
0.059128 
0.054141 
0.038113 
0.031484 
0.045826 
0.066181 
0.076671 
0.079111 
0.097127 
0.092610 
0.042217 
0.003125 
0.025686 
0.000000 
0.000000 
0.011269 
0.007388 
0.011766 
0.007118 
0.002443 
0.008408 
0.012541 
0.010136 
0.015252 
0.021257 
0.020598 
0.016410 
0.009495 
0.000000 
0.000000 
0.002661 
0.014766 
0.028095 
0.038588 
0.037434 
0.033971 
0.025630 
0.000000 
0.008030 
-0.003865 
-0.001228 
0.018655 
0.024633 
0.031742 
0.046540 
0.038226 
-0.003937 
0.000000 
0.000000 
0.000000 
0.000000 
-0.012163 
-0.012648 
-0.013734 
-0.007186 
-0.012675 
-0.008928 
-0.014237 
-0.005339 
-0.013480 
-0.003495 
-0.002899 
-0.008875 
-0.010472 
0.000000 
0.000000 
-0.002879 
-0.010131 
0.001075 
0.005299 
0.009774 
0.003463 
-0.026309 
0.000000 
-0.001964 
-0.029766 
-0.037764 
-0.022795 
-0.016070 
-0.009472 
0.002363 
0.012347 
-0.023795 
0.000000 
0.000000 
0.000000 
0.000000 
-0.037346 
-0.036556 
-0.033277 
-0.029354 
-0.031990 
-0.028865 
-0.030702 
-0.028580 
-0.030322 
-0.032904 
-0.029605 
-0.033125 
-0.027895 
0.000000 
0.000000 
0.000000 
-0.029319 
-0.012934 
-0.013309 
-0.020286 
-0.036714 
-0.048692 
0.000000 
0.000000 
-0.042527 
-0.062038 
-0.057441 
-0.061099 
-0.052095 
-0.043055 
-0.042229 
-0.027848 
0.000000 
0.000000 
0.000000 
0.000000 
-0.046281 
-0.056615 
-0.051726 
-0.050237 
-0.045446 
-0.041720 
-0.037560 
-0.042471 
-0.043504 
-0.044852 
-0.050523 
-0.052588 
-0.038258 
0.003456 
0.000000 
0.000000 
-0.027862 
-0.032137 
-0.030849 
-0.047080 
-0.053668 
-0.046042 
0.000000 
0.000000 
-0.032184 
-0.048382 
-0.070317 
-0.084433 
-0.088423 
-0.084682 
-0.068978 
-0.029906 
-0.009584 
0.000000 
0.000000 
-0.055572 
-0.056086 
-0.060940 
-0.052937 
-0.053227 
-0.050257 
-0.047050 
-0.051693 
-0.048147 
-0.063158 
-0.064621 
-0.067898 
-0.063626 
-0.044929 
-0.002005 
0.000000 
0.000000 
-0.010245 
-0.042912 
-0.044348 
-0.060856 
-0.055916 
-0.035554 
0.000000 
0.000000 
-0.016175 
-0.034985 
-0.086435 
-0.103820 
-0.114344 
-0.108547 
-0.082957 
-0.036148 
-0.000116 
0.000000 
-0.044964 
-0.059523 
-0.059555 
-0.056071 
-0.051701 
-0.048344 
-0.045266 
-0.045344 
-0.055079 
-0.057880 
-0.073393 
-0.081908 
-0.077871 
-0.067607 
-0.047290 
0.000000 
0.000000 
0.000000 
0.000000 
-0.054914 
-0.062246 
-0.065932 
-0.050637 
-0.016397 
0.000000 
0.000000 
-0.002966 
-0.013203 
-0.080423 
-0.097878 
-0.107869 
-0.111162 
-0.083018 
-0.033909 
-0.003566 
-0.003449 
-0.033941 
-0.044736 
-0.045918 
-0.045074 
-0.046783 
-0.041068 
-0.045647 
-0.041715 
-0.056268 
-0.069758 
-0.074405 
-0.083583 
-0.084037 
-0.065023 
-0.041267 
0.000000 
0.000000 
0.000000 
0.000000 
-0.063291 
-0.071607 
-0.065824 
-0.042659 
-0.000137 
0.000000 
0.000000 
-0.001948 
-0.040957 
-0.060520 
-0.074002 
-0.082103 
-0.087189 
-0.073139 
-0.026536 
-0.007184 
-0.017771 
-0.032725 
-0.012121 
-0.023191 
-0.026699 
-0.030407 
-0.028861 
-0.044731 
-0.048464 
-0.062621 
-0.064108 
-0.072493 
-0.075514 
-0.077933 
-0.055198 
-0.023912 
0.000000 
0.000000 
0.000000 
0.000000 
-0.068779 
-0.073902 
-0.056314 
-0.031026 
0.002078 
0.000000 
0.000000 
-0.014759 
-0.055522 
-0.039333 
-0.043558 
-0.047514 
-0.050036 
-0.053187 
-0.004939 
-0.004741 
-0.015659 
0.000000 
-0.014141 
-0.008288 
-0.012448 
-0.018798 
-0.027030 
-0.047514 
-0.052567 
-0.061335 
-0.059230 
-0.060377 
-0.060610 
-0.058724 
-0.041124 
0.000000 
0.000000 
0.000000 
0.000000 
0.000000 
-0.064150 
-0.069119 
-0.042966 
-0.019703 
0.002504 
0.000000 
0.000000 
-0.020698 
-0.029121 
-0.021666 
-0.014533 
-0.008765 
-0.016604 
-0.022184 
-0.007116 
-0.001496 
-0.004323 
0.000989 
-0.001756 
0.000176 
-0.007848 
-0.023926 
-0.033495 
-0.049571 
-0.053671 
-0.057940 
-0.057794 
-0.051301 
-0.038291 
-0.031219 
-0.021749 
0.000000 
0.000000 
0.000000 
0.000000 
-0.026526 
-0.055077 
-0.049236 
-0.027818 
-0.010083 
0.001466 
0.000000 
0.000000 
-0.009478 
-0.012630 
-0.004235 
0.003231 
0.012307 
0.010623 
0.002963 
0.000000 
0.000636 
0.002848 
0.006925 
0.000802 
-0.004252 
-0.015895 
-0.031686 
-0.041357 
-0.047111 
-0.050659 
-0.050370 
-0.049537 
-0.038085 
-0.023677 
-0.013861 
-0.008072 
0.006617 
0.000000 
0.000000 
-0.009613 
-0.070177 
-0.041246 
-0.028995 
-0.014205 
-0.001204 
0.000000 
0.000000 
0.000000 
0.000000 
-0.001549 
0.005433 
0.011728 
0.024240 
0.024051 
0.006404 
-0.002125 
-0.001368 
0.010348 
-0.000671 
-0.006217 
-0.017269 
-0.025947 
-0.037559 
-0.045022 
-0.048960 
-0.054367 
-0.051121 
-0.041458 
-0.033017 
-0.023832 
-0.007830 
0.007717 
0.019673 
0.000000 
0.000000 
-0.043539 
-0.057049 
-0.032597 
-0.013174 
-0.001908 
0.011105 
0.008501 
0.000000 
0.000000 
0.000000 
0.011374 
0.013670 
0.017273 
0.032731 
0.025060 
-0.000113 
-0.003824 
-0.005094 
0.000465 
-0.015440 
-0.025715 
-0.044749 
-0.044403 
-0.056067 
-0.058316 
-0.065209 
-0.061097 
-0.051629 
-0.044896 
-0.026217 
-0.018214 
-0.011208 
0.007079 
0.009382 
0.000000 
0.000000 
-0.059793 
-0.060103 
-0.033020 
-0.003284 
0.000437 
0.001879 
0.000000 
0.000000 
0.000000 
0.000000 
0.019171 
0.024246 
0.024042 
0.021455 
0.021440 
-0.000389 
-0.005030 
-0.008704 
-0.013775 
-0.030884 
-0.045155 
-0.062101 
-0.058091 
-0.076638 
-0.075107 
-0.082788 
-0.076443 
-0.061153 
-0.054012 
-0.028243 
-0.013323 
-0.017601 
-0.021941 
-0.013860 
0.000000 
-0.066391 
-0.086029 
-0.073457 
-0.044596 
-0.003464 
0.000000 
0.000000 
0.000000 
0.000000 
0.000000 
0.000000 
0.000000 
0.041961 
0.032708 
0.016611 
0.016804 
-0.008329 
-0.008608 
-0.011425 
-0.031404 
-0.044367 
-0.058875 
-0.074054 
-0.074541 
-0.085300 
-0.093033 
-0.099965 
-0.093241 
-0.082888 
-0.065549 
-0.041922 
-0.014356 
-0.012776 
-0.018431 
-0.079281 
-0.115244 
-0.079670 
-0.091358 
-0.085009 
-0.058138 
-0.012210 
0.000000 
0.000000 
0.000000 
0.000000 
0.000000 
0.000000 
-0.016360 
0.054688 
0.040941 
0.002623 
0.017447 
-0.006547 
-0.028044 
-0.009868 
-0.041742 
-0.054385 
-0.063923 
-0.076743 
-0.076791 
-0.080863 
-0.086546 
-0.094791 
-0.097503 
-0.094140 
-0.072350 
-0.041251 
-0.006981 
0.005627 
0.000000 
-0.075138 
-0.103232 
-0.082512 
-0.086367 
-0.083771 
-0.072950 
-0.024562 
0.000000 
0.000000 
0.000000 
0.000000 
0.000000 
-0.000386 
0.000000 
0.049191 
0.042195 
0.000567 
0.020293 
0.000000 
-0.000512 
-0.073229 
-0.046005 
-0.050890 
-0.055950 
-0.060647 
-0.068427 
-0.074596 
-0.072304 
-0.061949 
-0.083738 
-0.088932 
-0.068596 
-0.031282 
0.003071 
0.000000 
-0.026108 
-0.050204 
-0.028584 
-0.068743 
-0.073781 
-0.072082 
-0.069182 
-0.042264 
0.000000 
0.000000 
0.000000 
0.000000 
0.000000 
0.013285 
0.000000 
0.034757 
0.037139 
0.000000 
0.016533 
0.000000 
0.000000 
-0.040605 
-0.038027 
-0.036534 
-0.039796 
-0.046596 
-0.048160 
-0.052103 
-0.056761 
-0.060091 
-0.070653 
-0.071554 
-0.050791 
-0.015680 
0.015208 
0.000000 
-0.042754 
-0.017979 
-0.055905 
-0.047567 
-0.052399 
-0.055077 
-0.058747 
-0.049913 
0.000000 
0.000000 
0.000000 
0.000000 
0.000000 
0.000000 
0.000000 
0.009264 
0.000000 
0.000000 
0.000000 
0.000000 
0.000000 
-0.025060 
-0.017795 
-0.013311 
-0.010731 
-0.014211 
-0.019779 
-0.028950 
-0.032503 
-0.033116 
-0.053111 
-0.051016 
-0.033238 
-0.001973 
0.018940 
0.000000 
-0.029781 
-0.010248 
-0.025492 
-0.026215 
-0.029825 
-0.033002 
-0.039832 
-0.041929 
0.000000 
0.000000 
0.000000 
0.000000 
0.000000 
0.000000 
0.007023 
0.000128 
0.000000 
0.000000 
0.000000 
0.000000 
0.000000 
0.000000 
0.005902 
0.023783 
0.027410 
0.027665 
0.016792 
0.006681 
0.008980 
0.004037 
-0.014639 
-0.025173 
-0.016571 
0.029436 
0.000000 
0.000000 
0.000000 
-0.000544 
0.005245 
0.006742 
-0.002468 
-0.008037 
-0.016989 
-0.027221 
-0.012090 
0.000000 
0.000000 
0.001909 
0.000000 
0.000000 
0.005293 
0.000000 
0.000000 
0.000000 
0.000000 
0.000000 
0.000000 
-0.000474 
0.003087 
0.036431 
0.048052 
0.055510 
0.060133 
0.050168 
0.041647 
0.029751 
0.021462 
0.006161 
0.007654 
0.037140 
0.000000 
0.000000 
0.000000 
0.000000 
0.037662 
0.043076 
0.026717 
0.016397 
0.004069 
-0.008715 
-0.002544 
0.000000 
0.000000 
0.010911 
0.038216 
0.000000 
0.000000 
0.000000 
0.000000 
0.000000 
0.000000 
0.000000 
0.000000 
0.003906 
0.010993 
0.000000 
0.044336 
0.065279 
0.086186 
0.082524 
0.073738 
0.054541 
0.041508 
0.029852 
0.021459 
0.000000 
0.000000 
0.000000 
0.000000 
0.000000 
0.045248 
0.080360 
0.067324 
0.048562 
0.029662 
0.013641 
0.010533 
0.006430 
0.033883 
0.012802 
0.000000 
0.000000 
0.000000 
0.000000 
0.000000 
0.000000 
0.000000 
0.000000 
0.000000 
0.000000 
0.003186 
0.027720 
0.046623 
0.060613 
0.077791 
0.082979 
0.076295 
0.066043 
0.055132 
0.046158 
0.030999 
0.000000 
0.000000 
0.000000 
0.000000 
0.000000 
0.016069 
0.066265 
0.051067 
0.086369 
0.057072 
0.045799 
0.013358 
0.000000 
0.023420 
0.000000 
0.000000 
0.000000 
0.000000 
0.000000 
0.000000 
0.000000 
0.000000 
0.000000 
0.000000 
0.000000 
0.000000 
0.024865 
0.046405 
0.072739 
0.058972 
0.062042 
0.067018 
0.066947 
0.065291 
0.060831 
0.045046 
0.000000 
0.000000 
0.000000 
0.000000 
0.000000 
0.000000 
0.027724 
0.064408 
0.110356 
0.093312 
0.070455 
0.050152 
0.000000 
0.000000 
0.000000 
0.000000 
0.000000 
0.000000 
0.000000 
0.000000 
0.000000 
0.000000 
0.000000 
0.000000 
0.000000 
0.000000 
0.000000 
0.022541 
0.038976 
0.041090 
0.040408 
0.044316 
0.042761 
0.056082 
0.054100 
0.015208 
0.000000 
0.000000 
0.000000 
0.000000 
0.000000 
0.000000 
0.004494 
0.082452 
0.116718 
0.098763 
0.085144 
0.065464 
0.000000 
0.000000 
0.000000 
0.000000 
0.000000 
0.000000 
0.000000 
0.000000 
0.000000 
0.000000 
0.000000 
0.000000 
0.000000 
0.000000 
0.000963 
-0.002430 
0.000000 
-0.017816 
-0.029750 
-0.006325 
0.001097 
0.021543 
0.007533 
0.000000 
0.000000 
0.000000 
0.000000 
0.000000 
0.017858 
0.000000 
0.020799 
0.050196 
0.095217 
0.100716 
0.095845 
0.070423 
0.054463 
0.041659 
0.035226 
0.000000 
0.000000 
0.000000 
0.000000 
0.000000 
0.000000 
0.000000 
0.000000 
0.000000 
0.000000 
0.000000 
0.000000 
0.000000 
0.000000 
0.000000 
-0.013179 
-0.006785 
0.000000 
0.000000 
0.000000 
0.000000 
0.000000 
0.000000 
0.000000 
0.002904 
0.003183 
0.006039 
0.006187 
0.000000 
-0.018673 
-0.002789 
0.002159 
0.024701 
0.038190 
0.000000 
0.008829 
0.000000 
0.000000 
0.000000 
0.000000 
0.000000 
0.000000 
0.000000 
0.000000 
0.000000 
0.000000 
0.000000 
0.000000 
0.000000 
-0.001982 
-0.010579 
-0.000445 
-0.003150 
-0.002010 
-0.004068 
0.000062 
-0.001427 
-0.001546 
0.000000 
0.000000 
0.000000 
0.000000 
0.000185 
-0.000145 
0.000000 
0.000000 
0.000000 
-0.001562 
-0.003528 
0.007815 
0.014127 
0.023287 
0.027650 
0.013788 
-0.000905 
-0.004322 
0.000000 
0.000000 
0.000000 
0.000000 
0.000000 
0.000000 
0.000000 
0.000000 
0.000000 
-0.123939 
0.009647 
-0.037090 
-0.012015 
-0.125695 
0.050516 
-0.005565 
-0.006351 
0.041558 
0.000000 
0.000000 
0.000000 
0.000000 
0.011542 
-0.023404 
0.000000 
0.000000 
0.000000 
0.007476 
-0.235765 
-0.115654 
-0.130029 
-0.256787 
-0.230339 
-0.193189 
-0.040277 
-0.040805 
0.000000 
0.000000 
0.000000 
0.000000 
