  0.5102  0.5105  0.5122  0.5124  0.5112  0.5099  0.5080  0.5079  0.5105  0.5119  0.5135  0.5173  0.5218  0.5216  0.5154  0.5100  0.5099  0.5143  0.5167  0.5165  0.5163  0.5169  0.5173  0.5164  0.5164  0.5180  0.5185  0.5140  0.5034  0.4915  0.4824  0.4771  0.4805  0.4906  0.5032  0.5100
  0.4165  0.4122  0.4280  0.4432  0.4411  0.4296  0.4292  0.4391  0.4406  0.4349  0.4314  0.4302  0.4286  0.4381  0.4329  0.4195  0.4362  0.4501  0.4432  0.4368  0.4393  0.4479  0.4472  0.4420  0.4427  0.4464  0.4534  0.4584  0.4570  0.4435  0.4296  0.4234  0.4195  0.4210  0.4291  0.4299
  0.3739  0.3655  0.3722  0.3800  0.3886  0.3824  0.3753  0.3829  0.3899  0.3911  0.3851  0.3833  0.3680  0.3709  0.3785  0.3657  0.3826  0.3849  0.3927  0.4219  0.4132  0.4111  0.4047  0.3968  0.4008  0.3969  0.3964  0.3935  0.3996  0.3957  0.3829  0.3905  0.3772  0.3624  0.3716  0.3848
  0.3560  0.3365  0.3378  0.3534  0.3643  0.3684  0.3576  0.3515  0.3594  0.3584  0.3506  0.3558  0.3537  0.3429  0.3402  0.3371  0.3317  0.3309  0.3511  0.3859  0.3780  0.3665  0.3683  0.3661  0.3677  0.3664  0.3673  0.3603  0.3601  0.3619  0.3417  0.3502  0.3624  0.3498  0.3489  0.3623
  0.3318  0.3182  0.3120  0.3285  0.3291  0.3402  0.3412  0.3328  0.3379  0.3322  0.3286  0.3251  0.3305  0.3310  0.3154  0.3158  0.3062  0.3121  0.3209  0.3186  0.3246  0.3280  0.3344  0.3411  0.3428  0.3456  0.3456  0.3445  0.3384  0.3327  0.3137  0.3026  0.3209  0.3282  0.3233  0.3269
  0.3002  0.2947  0.2937  0.2978  0.2950  0.2944  0.3020  0.3097  0.3095  0.3059  0.3058  0.3023  0.2924  0.3030  0.2999  0.2945  0.2980  0.2949  0.3011  0.3098  0.2695  0.2806  0.2937  0.3043  0.3139  0.3133  0.3158  0.3156  0.3160  0.3031  0.2925  0.2784  0.2769  0.2979  0.2940  0.2903
  0.2713  0.2651  0.2737  0.2739  0.2791  0.2652  0.2643  0.2805  0.2762  0.2800  0.2788  0.2788  0.2697  0.2664  0.2689  0.2664  0.2720  0.2591  0.2701  0.3257  0.2616  0.2388  0.2633  0.2735  0.2853  0.2822  0.2870  0.2841  0.2870  0.2808  0.2706  0.2635  0.2610  0.2784  0.2684  0.2664
  0.2487  0.2436  0.2567  0.2642  0.2669  0.2540  0.2475  0.2583  0.2530  0.2577  0.2576  0.2530  0.2568  0.2435  0.2347  0.2363  0.2337  0.2301  0.2281  0.2927  0.2880  0.2237  0.2441  0.2543  0.2602  0.2642  0.2630  0.2640  0.2623  0.2549  0.2509  0.2463  0.2536  0.2573  0.2486  0.2530
  0.2337  0.2334  0.2521  0.2606  0.2539  0.2507  0.2462  0.2496  0.2459  0.2436  0.2441  0.2394  0.2398  0.2347  0.2251  0.2208  0.2117  0.2201  0.2045  0.2529  0.2973  0.2253  0.2325  0.2440  0.2476  0.2574  0.2497  0.2543  0.2519  0.2301  0.2543  0.2441  0.2390  0.2344  0.2366  0.2452
  0.2282  0.2312  0.2585  0.2543  0.2461  0.2516  0.2496  0.2509  0.2508  0.2412  0.2362  0.2441  0.2201  0.2310  0.2429  0.2285  0.2160  0.2206  0.2154  0.2574  0.2708  0.2274  0.2305  0.2424  0.2520  0.2560  0.2502  0.2489  0.2544  0.2191  0.2840  0.2613  0.2211  0.2207  0.2315  0.2404
  0.2479  0.2450  0.2551  0.2463  0.2585  0.2545  0.2494  0.2545  0.2595  0.2611  0.2448  0.2538  0.2250  0.2291  0.2384  0.2583  0.2330  0.2033  0.2462  0.2936  0.2506  0.2319  0.2442  0.2524  0.2625  0.2571  0.2624  0.2441  0.2555  0.2417  0.2836  0.2543  0.2276  0.2413  0.2312  0.2351
  0.2491  0.2366  0.2396  0.2504  0.2530  0.2453  0.2431  0.2476  0.2538  0.2655  0.2541  0.2520  0.2588  0.2302  0.2184  0.2350  0.2176  0.2047  0.2674  0.2994  0.2514  0.2379  0.2511  0.2525  0.2516  0.2526  0.2563  0.2473  0.2554  0.2917  0.2491  0.2575  0.2874  0.2919  0.2390  0.2433
  0.2350  0.2300  0.2344  0.2471  0.2432  0.2410  0.2461  0.2455  0.2479  0.2548  0.2543  0.2554  0.2634  0.2389  0.2122  0.2169  0.2185  0.2035  0.2630  0.2861  0.2369  0.2434  0.2494  0.2494  0.2466  0.2477  0.2506  0.2502  0.2485  0.2644  0.2386  0.2449  0.2782  0.3175  0.2575  0.2421
  0.2192  0.2270  0.2333  0.2410  0.2358  0.2396  0.2511  0.2465  0.2441  0.2429  0.2535  0.2572  0.2618  0.2516  0.2157  0.2142  0.2274  0.2046  0.2588  0.2747  0.2248  0.2476  0.2434  0.2455  0.2434  0.2433  0.2456  0.2511  0.2413  0.2236  0.2336  0.2319  0.2493  0.3169  0.2651  0.2344
  0.2106  0.2356  0.2364  0.2309  0.2415  0.2437  0.2542  0.2540  0.2480  0.2407  0.2592  0.2462  0.2696  0.2745  0.2432  0.2667  0.2516  0.2180  0.2838  0.2907  0.2373  0.2479  0.2290  0.2408  0.2399  0.2404  0.2423  0.2443  0.2391  0.2096  0.2211  0.2325  0.2146  0.2408  0.2185  0.2091
  0.2295  0.2403  0.2416  0.2522  0.2603  0.2624  0.2542  0.2651  0.2652  0.2593  0.2565  0.2298  0.2585  0.2433  0.2297  0.2897  0.2460  0.2197  0.2690  0.2620  0.2340  0.2397  0.2375  0.2471  0.2447  0.2466  0.2371  0.2331  0.2297  0.2226  0.2262  0.2212  0.2048  0.2134  0.2016  0.1998
  0.2267  0.2389  0.2366  0.2522  0.2545  0.2556  0.2405  0.2480  0.2526  0.2511  0.2429  0.2200  0.2715  0.2642  0.2557  0.3049  0.2332  0.2197  0.2452  0.2365  0.2281  0.2303  0.2398  0.2424  0.2402  0.2415  0.2301  0.2247  0.2207  0.2181  0.2180  0.2140  0.2180  0.2468  0.2370  0.2066
  0.2150  0.2349  0.2270  0.2435  0.2382  0.2378  0.2202  0.2183  0.2271  0.2313  0.2237  0.2125  0.2951  0.3075  0.2997  0.3179  0.2166  0.2190  0.2159  0.2103  0.2207  0.2197  0.2396  0.2328  0.2315  0.2313  0.2217  0.2166  0.2113  0.2067  0.2044  0.2079  0.2415  0.3069  0.2960  0.2210
  0.2007  0.2217  0.2155  0.2052  0.2145  0.2071  0.2187  0.2052  0.2015  0.2080  0.1992  0.2507  0.2972  0.3355  0.3251  0.2688  0.2194  0.2271  0.2005  0.2252  0.2229  0.2261  0.2176  0.2147  0.2204  0.2020  0.2204  0.2183  0.2277  0.2429  0.2628  0.2184  0.2422  0.2989  0.3163  0.2909
  0.2190  0.2205  0.2191  0.2142  0.2185  0.2217  0.2340  0.2283  0.2201  0.2143  0.2065  0.2329  0.2377  0.2864  0.3254  0.2738  0.2121  0.2319  0.2089  0.2292  0.2309  0.2260  0.2257  0.2184  0.2316  0.2154  0.2351  0.2393  0.2362  0.2501  0.2694  0.2161  0.2298  0.2749  0.3230  0.3108
  0.2452  0.2211  0.2231  0.2218  0.2236  0.2351  0.2417  0.2451  0.2306  0.2271  0.2248  0.2171  0.2002  0.2456  0.3277  0.2826  0.2051  0.2339  0.2172  0.2326  0.2375  0.2261  0.2356  0.2232  0.2408  0.2295  0.2446  0.2517  0.2383  0.2555  0.2825  0.2244  0.2257  0.2619  0.3281  0.3261
  0.2952  0.2255  0.2290  0.2283  0.2327  0.2493  0.2352  0.2526  0.2268  0.2568  0.2715  0.2012  0.1996  0.2119  0.3349  0.3016  0.1969  0.2306  0.2278  0.2354  0.2428  0.2265  0.2518  0.2317  0.2483  0.2487  0.2455  0.2489  0.2269  0.2584  0.3132  0.2576  0.2383  0.2692  0.3312  0.3354
  0.2930  0.2466  0.2882  0.2684  0.2493  0.2677  0.2471  0.2450  0.2284  0.2438  0.3132  0.2653  0.2813  0.3131  0.3629  0.3138  0.2255  0.2558  0.2685  0.2357  0.2414  0.2442  0.2505  0.2493  0.2542  0.2540  0.2477  0.2398  0.2175  0.2438  0.3024  0.2372  0.2132  0.2507  0.3220  0.3226
  0.3080  0.2501  0.2691  0.2789  0.2572  0.2631  0.2623  0.2499  0.2435  0.2350  0.2768  0.2503  0.2492  0.3126  0.3575  0.2820  0.2272  0.2882  0.3098  0.2446  0.2429  0.2506  0.2475  0.2518  0.2545  0.2588  0.2510  0.2455  0.2185  0.2406  0.2879  0.2289  0.2052  0.2516  0.3183  0.3232
  0.3271  0.2499  0.2345  0.2790  0.2685  0.2502  0.2712  0.2566  0.2570  0.2345  0.2395  0.2246  0.2158  0.3038  0.3348  0.2456  0.2228  0.3172  0.3409  0.2605  0.2459  0.2509  0.2446  0.2499  0.2505  0.2621  0.2519  0.2521  0.2196  0.2463  0.2712  0.2230  0.2047  0.2621  0.3180  0.3265
  0.3453  0.2493  0.2065  0.2655  0.2939  0.2279  0.2571  0.2599  0.2543  0.2574  0.2543  0.2187  0.2560  0.3337  0.2824  0.2288  0.2162  0.3255  0.3343  0.2907  0.2512  0.2395  0.2433  0.2435  0.2371  0.2600  0.2443  0.2510  0.2140  0.2722  0.2524  0.2185  0.2166  0.2890  0.3248  0.3295
  0.3411  0.2853  0.2003  0.2541  0.3091  0.2435  0.2510  0.2496  0.2514  0.2693  0.2705  0.2206  0.2367  0.2485  0.2179  0.2206  0.2489  0.3135  0.2707  0.2937  0.2402  0.2366  0.2395  0.2368  0.2326  0.2413  0.2420  0.2251  0.2034  0.2884  0.2298  0.2166  0.2258  0.3218  0.3432  0.3249
  0.3452  0.3439  0.2657  0.2944  0.3479  0.2919  0.2754  0.2535  0.2732  0.2636  0.2590  0.2533  0.2365  0.2457  0.2310  0.2180  0.2783  0.2967  0.2689  0.2832  0.2411  0.2463  0.2452  0.2428  0.2433  0.2408  0.2453  0.2237  0.2105  0.2763  0.2629  0.2285  0.2518  0.3394  0.3617  0.3397
  0.3575  0.3797  0.3536  0.3579  0.3664  0.3305  0.3071  0.2714  0.3016  0.2807  0.2625  0.2733  0.2505  0.2646  0.2738  0.2573  0.2909  0.2694  0.2694  0.2774  0.2480  0.2586  0.2593  0.2576  0.2554  0.2545  0.2512  0.2465  0.2318  0.2709  0.2661  0.2390  0.3147  0.3564  0.3763  0.3638
  0.3805  0.4003  0.4219  0.4172  0.3955  0.3952  0.3921  0.3227  0.3367  0.3288  0.3073  0.3020  0.2921  0.2982  0.3217  0.3175  0.3221  0.2628  0.2743  0.2787  0.2688  0.2744  0.2792  0.2779  0.2704  0.2742  0.2648  0.2757  0.2553  0.2767  0.2781  0.2753  0.3772  0.3749  0.3918  0.3945
  0.4138  0.4219  0.4530  0.4538  0.4503  0.4898  0.4991  0.4299  0.3915  0.3883  0.3818  0.3636  0.3491  0.3260  0.3350  0.3378  0.3538  0.2945  0.2978  0.3035  0.3021  0.3016  0.3028  0.3007  0.2948  0.2948  0.2905  0.2928  0.2801  0.2896  0.3041  0.3480  0.4217  0.4047  0.4170  0.4281
  0.4487  0.4508  0.4784  0.4839  0.5058  0.5527  0.5444  0.5429  0.4840  0.4448  0.4386  0.4242  0.3936  0.3633  0.3554  0.3402  0.3563  0.3418  0.3443  0.3547  0.3394  0.3455  0.3333  0.3303  0.3271  0.3203  0.3194  0.3067  0.3115  0.2982  0.3322  0.4296  0.4716  0.4582  0.4590  0.4592
  0.4775  0.4926  0.5124  0.5244  0.5486  0.5628  0.5644  0.5884  0.5655  0.5321  0.4904  0.4409  0.4381  0.4375  0.4286  0.4099  0.4030  0.4009  0.3978  0.3910  0.3830  0.3843  0.3660  0.3576  0.3442  0.3388  0.3362  0.3227  0.3348  0.3171  0.4077  0.4779  0.4940  0.5177  0.5182  0.4851
  0.5158  0.5422  0.5605  0.5597  0.5423  0.5463  0.5751  0.6070  0.6156  0.5742  0.5553  0.4582  0.4733  0.4630  0.4524  0.4655  0.4487  0.4491  0.4405  0.4190  0.4160  0.3983  0.3782  0.3600  0.3474  0.3546  0.3462  0.3649  0.3727  0.3845  0.4528  0.4669  0.4811  0.5257  0.5538  0.5171
  0.5735  0.5922  0.5900  0.5675  0.5576  0.5796  0.6006  0.6143  0.6335  0.6030  0.5493  0.5486  0.4909  0.4586  0.4573  0.4772  0.4733  0.4865  0.4828  0.4691  0.4413  0.4430  0.4441  0.4349  0.4306  0.4081  0.3947  0.4488  0.4713  0.4888  0.4911  0.4901  0.4966  0.5164  0.5468  0.5606
  0.5836  0.5852  0.5892  0.5955  0.6095  0.6246  0.6334  0.6381  0.6263  0.6035  0.5821  0.5831  0.5624  0.5441  0.5422  0.5438  0.5371  0.5283  0.5227  0.5044  0.4931  0.4852  0.4744  0.4593  0.5110  0.5593  0.5735  0.5755  0.5768  0.5799  0.5824  0.5839  0.5830  0.5808  0.5808  0.5822
