   0.0000000e+00
   0.0000000e+00
   0.0000000e+00
   0.0000000e+00
   0.0000000e+00
   0.0000000e+00
   0.0000000e+00
   0.0000000e+00
   0.0000000e+00
   3.3961464e-03
   2.2112693e-03
   8.8887214e-04
  -3.2655546e-04
  -1.2168772e-03
  -2.1781775e-03
  -3.9105696e-03
  -6.4120366e-03
  -8.3290181e-03
  -1.0377644e-02
  -1.4296204e-02
  -1.7359752e-02
  -1.8071781e-02
  -1.4459250e-02
  -1.1268126e-02
  -8.7134182e-03
   0.0000000e+00
   0.0000000e+00
   0.0000000e+00
   0.0000000e+00
   0.0000000e+00
   0.0000000e+00
   0.0000000e+00
   0.0000000e+00
   0.0000000e+00
   0.0000000e+00
   0.0000000e+00
   0.0000000e+00
   0.0000000e+00
   0.0000000e+00
   0.0000000e+00
   0.0000000e+00
   0.0000000e+00
   0.0000000e+00
   0.0000000e+00
   0.0000000e+00
  -0.0000000e+00
  -1.2581617e-02
  -1.8532327e-02
  -3.5496996e-02
  -3.6085352e-02
  -3.2794729e-02
  -3.1038335e-02
  -2.8261492e-02
  -2.2214816e-02
  -1.8932690e-02
  -2.0729234e-02
  -2.6704300e-02
  -2.9243722e-02
  -2.5603212e-02
  -0.0000000e+00
  -0.0000000e+00
  -1.9428048e-02
  -2.3418039e-02
  -0.0000000e+00
   0.0000000e+00
   0.0000000e+00
   0.0000000e+00
   0.0000000e+00
   0.0000000e+00
   0.0000000e+00
   0.0000000e+00
   0.0000000e+00
   0.0000000e+00
   0.0000000e+00
   0.0000000e+00
   0.0000000e+00
   0.0000000e+00
   0.0000000e+00
   0.0000000e+00
   0.0000000e+00
   0.0000000e+00
  -0.0000000e+00
  -0.0000000e+00
  -2.7055871e-02
  -3.1057566e-02
  -2.6213216e-02
  -1.4439663e-02
  -1.2770162e-02
  -1.1239040e-02
  -7.2608246e-03
  -9.0091536e-03
  -1.2835885e-02
  -1.8736186e-02
  -2.3052452e-02
  -2.6518076e-02
  -2.8600436e-02
  -2.6344018e-02
  -2.1745653e-02
  -2.3859215e-02
  -2.5515317e-02
  -1.7871667e-02
  -1.7326634e-02
   0.0000000e+00
   0.0000000e+00
   0.0000000e+00
   0.0000000e+00
   0.0000000e+00
   0.0000000e+00
   0.0000000e+00
   0.0000000e+00
   0.0000000e+00
   0.0000000e+00
   0.0000000e+00
   0.0000000e+00
   0.0000000e+00
   0.0000000e+00
   0.0000000e+00
   0.0000000e+00
   6.5457373e-03
   5.9210026e-05
  -1.8891896e-03
   2.4405182e-03
   9.2546605e-03
   8.2584824e-03
   9.9316109e-03
   9.8861009e-03
   1.1027352e-02
   1.4264066e-02
   9.9874958e-03
   6.8251262e-03
   9.0412470e-04
  -6.4062402e-03
  -1.1519013e-02
  -1.4414012e-02
  -1.3290535e-02
  -1.7469667e-02
  -1.4465080e-02
  -1.0566567e-02
  -0.0000000e+00
   0.0000000e+00
   0.0000000e+00
   0.0000000e+00
   0.0000000e+00
   0.0000000e+00
   0.0000000e+00
   0.0000000e+00
   0.0000000e+00
   0.0000000e+00
   0.0000000e+00
   0.0000000e+00
   0.0000000e+00
   0.0000000e+00
   0.0000000e+00
   3.4099932e-02
   4.8926380e-02
   5.0743334e-02
   4.3777473e-02
   4.0069897e-02
   3.7733264e-02
   3.5333138e-02
   3.5194963e-02
   3.6188930e-02
   4.4680186e-02
   5.1359143e-02
   4.9293447e-02
   4.5284946e-02
   3.6598749e-02
   2.6776109e-02
   1.7293880e-02
   8.1149116e-03
   3.0699915e-03
  -1.0713551e-03
  -9.1454154e-04
   3.4435067e-03
   6.3885884e-03
   0.0000000e+00
   0.0000000e+00
   0.0000000e+00
   0.0000000e+00
   0.0000000e+00
   0.0000000e+00
   0.0000000e+00
   0.0000000e+00
   0.0000000e+00
   0.0000000e+00
   0.0000000e+00
   0.0000000e+00
   0.0000000e+00
   4.7808779e-02
   6.6763185e-02
   8.0716081e-02
   9.2455253e-02
   8.2298905e-02
   6.4435564e-02
   6.0725860e-02
   5.7234739e-02
   0.0000000e+00
   6.1089698e-02
   6.7716986e-02
   6.9955572e-02
   7.7181146e-02
   7.3323272e-02
   6.9112569e-02
   5.9104327e-02
   4.8629582e-02
   3.9940126e-02
   2.7039893e-02
   1.9089581e-02
   1.0737991e-02
   1.1899091e-02
   7.6480488e-03
   1.4178631e-02
   0.0000000e+00
   0.0000000e+00
   0.0000000e+00
   0.0000000e+00
   0.0000000e+00
   0.0000000e+00
   0.0000000e+00
   0.0000000e+00
   0.0000000e+00
   2.1971943e-02
   4.5948746e-02
   4.3642588e-02
   6.5725751e-02
   8.7894708e-02
   8.5970618e-02
   9.9470161e-02
   9.1638498e-02
   7.4490656e-02
   0.0000000e+00
   6.2263088e-02
   0.0000000e+00
   6.4786080e-02
   7.0637673e-02
   7.0292667e-02
   8.8657431e-02
   9.0097584e-02
   9.3007877e-02
   8.3981983e-02
   7.2408333e-02
   6.8294749e-02
   5.0793551e-02
   3.8939524e-02
   1.8939968e-02
   1.6862471e-02
   8.6800828e-03
   8.9738247e-03
   0.0000000e+00
   0.0000000e+00
   0.0000000e+00
   0.0000000e+00
   0.0000000e+00
   0.0000000e+00
   0.0000000e+00
   0.0000000e+00
   0.0000000e+00
   3.5346551e-02
   6.2128372e-02
   5.1156271e-02
   6.4094037e-02
   7.6752603e-02
   6.5954313e-02
   6.1977137e-02
   5.4433476e-02
   5.9990365e-02
   4.2961799e-02
   4.2988058e-02
   3.6901281e-02
   3.6697526e-02
   0.0000000e+00
   0.0000000e+00
   7.1368724e-02
   8.2201749e-02
   8.4176183e-02
   8.2676403e-02
   7.0502557e-02
   6.8910331e-02
   5.5829387e-02
   4.3524288e-02
   2.1338332e-02
   1.6541457e-02
   6.5009719e-03
   7.2595000e-04
   0.0000000e+00
   0.0000000e+00
   0.0000000e+00
   0.0000000e+00
   0.0000000e+00
  -0.0000000e+00
  -7.3555479e-03
  -1.5174894e-03
   0.0000000e+00
   3.0428211e-02
   4.9846672e-02
   3.9874170e-02
   3.2930817e-02
   3.6319654e-02
   2.8136721e-02
   3.0572640e-03
  -1.0315476e-02
   1.3611828e-02
   1.2350802e-02
   1.2530619e-02
   1.4409951e-02
   0.0000000e+00
   0.0000000e+00
   0.0000000e+00
   3.3903738e-02
   4.1948285e-02
   3.8995266e-02
   4.3235641e-02
   3.7882093e-02
   3.5661630e-02
   3.1067945e-02
   2.2607222e-02
   1.3399603e-02
   0.0000000e+00
   2.3248323e-03
  -3.2672195e-03
   4.2929167e-03
   0.0000000e+00
   0.0000000e+00
   0.0000000e+00
   0.0000000e+00
  -2.8335660e-02
  -1.5771389e-02
   1.3539697e-03
   0.0000000e+00
   7.9320570e-03
   1.2959242e-02
   1.0498310e-02
  -3.3061816e-03
  -7.2972765e-03
  -1.0008268e-02
  -2.6730303e-02
  -3.9657958e-02
  -3.0486470e-02
  -1.1752188e-02
  -6.2200977e-03
  -1.1805128e-02
   0.0000000e+00
  -0.0000000e+00
  -0.0000000e+00
  -9.8159433e-03
  -4.5344965e-03
  -6.2835757e-03
  -4.2550461e-03
  -3.0900240e-03
  -4.3585151e-03
  -4.9402984e-03
  -6.4284815e-03
  -7.6523708e-04
   0.0000000e+00
  -7.2305032e-03
  -6.6442617e-03
  -7.9797085e-03
   0.0000000e+00
   0.0000000e+00
   0.0000000e+00
   0.0000000e+00
  -4.1517471e-02
  -2.2548307e-02
  -5.6967831e-03
  -0.0000000e+00
  -1.2846295e-02
  -1.7908512e-02
  -1.7441906e-02
  -2.8371247e-02
  -3.7484720e-02
  -3.7283581e-02
  -3.1389657e-02
  -3.4627945e-02
  -0.0000000e+00
  -0.0000000e+00
  -1.4218327e-02
  -2.1060948e-02
   0.0000000e+00
  -0.0000000e+00
  -0.0000000e+00
  -3.7643518e-02
  -3.4640424e-02
  -3.2011788e-02
  -3.3362564e-02
  -2.9909119e-02
  -3.0075142e-02
  -2.8761050e-02
  -2.4300411e-02
  -1.1907752e-02
  -0.0000000e+00
  -0.0000000e+00
  -1.2956567e-02
  -1.6303273e-02
  -0.0000000e+00
   0.0000000e+00
   0.0000000e+00
   0.0000000e+00
  -5.0028328e-02
  -2.5011314e-02
  -1.3472654e-02
  -0.0000000e+00
  -2.8713563e-02
  -3.5830073e-02
  -3.7254423e-02
  -4.2732239e-02
  -5.3149093e-02
  -5.0019562e-02
  -2.5866013e-02
  -1.5058785e-02
  -0.0000000e+00
  -0.0000000e+00
  -1.8496890e-02
  -2.0456922e-02
  -0.0000000e+00
   0.0000000e+00
  -4.4106121e-02
  -5.4527804e-02
  -4.9973357e-02
  -4.4538982e-02
  -4.6736479e-02
  -4.3250196e-02
  -4.1887302e-02
  -3.9165672e-02
  -3.1107666e-02
  -1.7140986e-02
  -1.7965103e-02
  -0.0000000e+00
  -2.0174854e-02
  -2.0740502e-02
  -0.0000000e+00
   0.0000000e+00
   0.0000000e+00
  -0.0000000e+00
  -4.6253684e-02
  -2.2564762e-02
  -0.0000000e+00
  -4.9733855e-02
  -3.9460912e-02
  -4.0517479e-02
  -4.7686007e-02
  -4.7872063e-02
  -5.3940281e-02
  -4.7030576e-02
  -1.6648985e-02
   0.0000000e+00
  -0.0000000e+00
  -0.0000000e+00
  -2.1215244e-02
  -1.5541585e-02
  -2.1122722e-02
   0.0000000e+00
  -5.0290991e-02
  -5.9821598e-02
  -5.3365216e-02
  -4.8025943e-02
  -4.7367863e-02
  -4.4802457e-02
  -4.1570004e-02
  -3.6968585e-02
  -2.8224353e-02
  -1.5416255e-02
  -1.9796465e-02
  -0.0000000e+00
  -2.6304347e-02
  -2.2446807e-02
  -1.8758160e-02
   0.0000000e+00
   0.0000000e+00
  -0.0000000e+00
  -3.5480112e-02
  -1.8003750e-02
  -4.5871830e-02
  -5.8475088e-02
  -3.5039183e-02
  -2.9207425e-02
  -3.8960975e-02
  -3.9878245e-02
  -3.4804381e-02
  -0.0000000e+00
  -9.3940866e-03
   0.0000000e+00
   0.0000000e+00
   0.0000000e+00
  -2.7918813e-02
  -1.4130051e-02
  -1.7367563e-02
  -3.5686656e-02
  -4.6403291e-02
  -4.8506491e-02
  -4.1154269e-02
  -4.0321864e-02
  -3.4867883e-02
  -3.3102583e-02
  -3.1470675e-02
  -2.4061508e-02
  -1.8475266e-02
  -3.3932137e-03
  -1.2825975e-02
  -0.0000000e+00
  -2.0487747e-02
  -1.9464069e-02
  -1.6419167e-02
   0.0000000e+00
   0.0000000e+00
  -0.0000000e+00
  -3.5413213e-02
  -2.7224030e-02
  -5.2165637e-02
  -5.1419131e-02
  -3.1250264e-02
  -2.4521926e-02
  -3.1911347e-02
  -3.2085184e-02
  -2.2721722e-02
  -0.0000000e+00
  -1.6616146e-03
   4.6941592e-03
   6.0479092e-03
   0.0000000e+00
  -0.0000000e+00
  -1.7379681e-02
  -1.9926247e-02
  -3.3992106e-02
  -3.7071943e-02
  -3.6888786e-02
  -3.0998008e-02
  -3.2038495e-02
  -2.6692234e-02
  -2.4837401e-02
  -2.3358518e-02
  -1.4922839e-02
  -1.3471121e-02
   8.2430290e-04
  -3.7169680e-03
  -0.0000000e+00
  -0.0000000e+00
  -1.5089443e-02
  -1.6127180e-02
   0.0000000e+00
   0.0000000e+00
  -0.0000000e+00
  -3.9418530e-02
  -3.7927672e-02
  -5.4587137e-02
  -4.5554038e-02
  -3.1166615e-02
  -2.4927052e-02
  -3.0332390e-02
  -2.8899718e-02
  -1.5694682e-02
  -1.1586153e-02
   4.5661494e-04
   4.9736290e-03
   5.9198972e-03
   0.0000000e+00
  -0.0000000e+00
  -1.9731734e-02
  -2.1110708e-02
  -3.6215956e-02
  -3.1365834e-02
  -3.1348005e-02
  -2.6594535e-02
  -2.8525200e-02
  -2.4482965e-02
  -2.3035510e-02
  -2.1917822e-02
  -1.3496289e-02
  -1.4737059e-02
  -7.4020308e-04
   3.5127476e-04
  -0.0000000e+00
  -1.1182023e-02
  -1.0586152e-02
  -1.5611174e-02
   0.0000000e+00
   0.0000000e+00
  -4.8408635e-02
  -4.5846883e-02
  -5.1097188e-02
  -5.7938471e-02
  -3.8452510e-02
  -3.4109380e-02
  -3.0471876e-02
  -3.3860248e-02
  -2.8614739e-02
  -1.6436288e-02
  -1.5465666e-02
   1.3198361e-03
   5.6061447e-03
   0.0000000e+00
   0.0000000e+00
  -0.0000000e+00
  -1.9411316e-02
  -2.3341144e-02
  -3.4434386e-02
  -2.6790068e-02
  -3.0189503e-02
  -2.6292233e-02
  -2.8251322e-02
  -2.6861975e-02
  -2.6914265e-02
  -2.6180521e-02
  -1.9662896e-02
  -2.2682553e-02
  -8.2858857e-03
  -2.7144124e-06
  -0.0000000e+00
  -1.3555251e-02
  -4.0220465e-03
  -1.0452361e-02
   0.0000000e+00
   0.0000000e+00
  -4.5744093e-02
  -4.3647151e-02
  -4.9151048e-02
  -4.8848182e-02
  -3.3649877e-02
  -3.3135682e-02
  -3.0840304e-02
  -3.3817161e-02
  -2.8432079e-02
  -2.1775164e-02
  -2.1938888e-02
   1.3734933e-03
   0.0000000e+00
   0.0000000e+00
   0.0000000e+00
  -0.0000000e+00
  -1.5295022e-02
  -1.6164731e-02
  -2.6826128e-02
  -2.3554437e-02
  -2.8078679e-02
  -2.4914771e-02
  -2.6463490e-02
  -2.6566807e-02
  -2.6709840e-02
  -2.7268428e-02
  -2.3519231e-02
  -2.8024860e-02
  -1.5223637e-02
  -7.7154958e-03
  -0.0000000e+00
  -1.7281026e-02
  -1.2558748e-03
  -0.0000000e+00
   0.0000000e+00
   0.0000000e+00
  -3.5929448e-02
  -3.2254886e-02
  -3.6300004e-02
  -3.5556618e-02
  -2.6821276e-02
  -2.6013641e-02
  -2.4524141e-02
  -2.6415292e-02
  -2.3856932e-02
  -2.0095991e-02
  -1.8936837e-02
   9.9390384e-04
   0.0000000e+00
   0.0000000e+00
  -0.0000000e+00
  -0.0000000e+00
  -1.1492968e-02
  -7.4910638e-03
  -1.8781934e-02
  -2.0831112e-02
  -2.3129115e-02
  -2.0449353e-02
  -2.1123780e-02
  -2.1438636e-02
  -2.1083411e-02
  -2.2366796e-02
  -2.0552855e-02
  -2.4914537e-02
  -1.6705204e-02
  -1.2253755e-02
  -2.7147580e-02
  -1.5719675e-02
  -1.3357339e-03
  -0.0000000e+00
   0.0000000e+00
  -0.0000000e+00
  -3.0050216e-02
  -2.2245631e-02
  -2.6653985e-02
  -2.7068507e-02
  -2.4751639e-02
  -2.3099568e-02
  -2.2334209e-02
  -2.4287302e-02
  -2.4275459e-02
  -2.2510000e-02
  -1.8938437e-02
  -8.6748513e-04
   5.3466464e-03
  -1.1766874e-02
  -1.3828703e-02
  -0.0000000e+00
  -8.7015237e-03
  -5.1623501e-06
  -1.3174373e-02
  -2.0526457e-02
  -1.9735053e-02
  -1.7920740e-02
  -1.7501272e-02
  -1.8298905e-02
  -1.7841849e-02
  -2.0568909e-02
  -2.0388657e-02
  -2.4851952e-02
  -2.1684691e-02
  -1.9723307e-02
  -3.0817497e-02
  -1.5590952e-02
  -2.9756752e-03
  -0.0000000e+00
   0.0000000e+00
  -3.5645127e-02
  -1.8982016e-02
  -8.9792153e-03
  -1.2561779e-02
  -1.4152740e-02
  -1.7561125e-02
  -1.5865449e-02
  -1.6098198e-02
  -1.7525833e-02
  -2.0470604e-02
  -2.0508425e-02
  -1.3064230e-02
  -5.5215210e-03
  -4.3795303e-03
  -2.4477057e-02
  -2.6654108e-02
  -1.9196816e-02
  -5.9867000e-03
   7.1678017e-03
  -2.8425012e-03
  -0.0000000e+00
  -1.2192070e-02
  -1.1298790e-02
  -9.6291536e-03
  -9.9041359e-03
  -1.1255956e-02
  -1.4755414e-02
  -1.6000692e-02
  -1.8148946e-02
  -2.5784783e-02
  -2.8702086e-02
  -2.8407137e-02
  -1.5310112e-02
  -9.0135625e-03
  -1.3711222e-02
  -2.2136837e-02
  -3.3156139e-02
  -1.2092526e-02
  -4.6846652e-03
  -7.8750644e-03
  -8.6042145e-03
  -1.0761462e-02
  -1.1350079e-02
  -1.3283199e-02
  -1.5701767e-02
  -1.8520182e-02
  -1.6432730e-02
  -1.3675366e-02
  -1.7253106e-02
  -1.7681136e-02
  -3.5776434e-02
  -3.5994325e-02
  -2.1336878e-02
  -1.1098352e-02
   4.8277159e-03
   0.0000000e+00
  -0.0000000e+00
  -1.1075729e-02
  -8.4046964e-03
  -5.6719608e-03
  -5.8730408e-03
  -9.2858300e-03
  -1.2993799e-02
  -1.5928496e-02
  -1.5582354e-02
  -2.2185501e-02
  -2.6357232e-02
  -2.2492761e-02
  -1.5889881e-02
  -1.3771126e-02
  -0.0000000e+00
  -3.3355702e-02
  -2.9874993e-02
  -1.2955698e-02
  -1.0243374e-02
  -1.4057525e-02
  -1.4241281e-02
  -1.5234429e-02
  -1.6643569e-02
  -1.8593313e-02
  -2.0510593e-02
  -2.2105284e-02
  -2.0454563e-02
  -2.2603452e-02
  -2.8013214e-02
  -2.4883308e-02
  -3.5324237e-02
  -3.7786689e-02
  -2.6295806e-02
  -2.0403761e-02
  -1.6177654e-03
   0.0000000e+00
  -0.0000000e+00
  -1.7457027e-02
  -1.4259506e-02
  -1.0600879e-02
  -1.0124564e-02
  -1.4062384e-02
  -1.8062314e-02
  -2.1957349e-02
  -2.0722289e-02
  -2.2507910e-02
  -2.4635974e-02
  -2.2694247e-02
  -1.9882623e-02
  -1.6623020e-02
  -0.0000000e+00
  -3.8479047e-02
  -2.9074658e-02
  -2.1886364e-02
  -2.5292169e-02
  -3.1405825e-02
  -3.1187588e-02
  -3.1002894e-02
  -3.2634486e-02
  -3.3194896e-02
  -3.3262692e-02
  -3.2897796e-02
  -3.3759218e-02
  -4.0933423e-02
  -4.1950375e-02
  -3.0925702e-02
  -3.1539980e-02
  -3.5438925e-02
  -3.4873269e-02
  -3.5212327e-02
  -1.4755094e-02
  -0.0000000e+00
  -0.0000000e+00
  -3.2562271e-02
  -2.9692259e-02
  -2.4772422e-02
  -2.3154510e-02
  -2.6612643e-02
  -3.1201977e-02
  -3.5532355e-02
  -3.4434572e-02
  -2.9041180e-02
  -2.5716521e-02
  -2.6345909e-02
  -2.8379718e-02
  -2.1647281e-02
   0.0000000e+00
  -3.8614333e-02
  -3.1415328e-02
  -4.0587313e-02
  -3.9563265e-02
  -5.4214999e-02
  -5.5113822e-02
  -5.1240657e-02
  -5.3867895e-02
  -5.0105169e-02
  -4.7008380e-02
  -4.7452718e-02
  -5.0425742e-02
  -5.1066592e-02
  -4.9887195e-02
  -3.6042504e-02
  -2.7105257e-02
  -3.7073817e-02
  -4.0344451e-02
  -4.5847523e-02
  -3.3104289e-02
  -0.0000000e+00
  -0.0000000e+00
  -0.0000000e+00
  -4.6072260e-02
  -4.3256097e-02
  -4.0223654e-02
  -4.3480139e-02
  -4.7906011e-02
  -5.1516909e-02
  -5.0462767e-02
  -4.7357615e-02
  -3.4301819e-02
  -3.3098105e-02
  -0.0000000e+00
  -3.3628973e-02
  -2.9112136e-02
  -3.5072795e-02
  -4.0777594e-02
  -4.5779243e-02
  -3.8975857e-02
  -5.6462243e-02
  -5.9044220e-02
  -5.0837275e-02
  -5.1064134e-02
  -4.8248079e-02
  -4.8114911e-02
  -5.0176349e-02
  -4.8881516e-02
  -4.3914884e-02
  -4.5611661e-02
  -3.5096232e-02
  -2.7983772e-02
  -3.7729748e-02
  -0.0000000e+00
  -4.2764549e-02
  -3.9566282e-02
  -0.0000000e+00
   0.0000000e+00
  -0.0000000e+00
  -4.7444455e-02
  -4.6085797e-02
  -4.5150079e-02
  -4.7633048e-02
  -5.0429683e-02
  -5.2067075e-02
  -5.1356725e-02
  -5.5968542e-02
  -3.7442699e-02
  -2.8666081e-02
  -4.3463635e-02
  -4.0589612e-02
  -3.2638400e-02
  -3.5151884e-02
  -4.5575988e-02
  -3.6125954e-02
  -2.9671194e-02
  -4.1594751e-02
  -4.3610692e-02
  -3.7658203e-02
  -3.5747644e-02
  -3.5693407e-02
  -3.9554704e-02
  -4.0770836e-02
  -3.5988599e-02
  -3.1239145e-02
  -3.3478409e-02
  -2.8106410e-02
  -2.7032023e-02
  -3.0904945e-02
  -2.7555203e-02
  -2.9765045e-02
  -3.1364925e-02
  -0.0000000e+00
  -0.0000000e+00
  -0.0000000e+00
  -3.5306479e-02
  -3.4096628e-02
  -3.6875226e-02
  -3.8918376e-02
  -4.0518906e-02
  -4.0623229e-02
  -3.9966077e-02
  -4.6863113e-02
  -3.0918386e-02
  -2.1292456e-02
  -3.7823631e-02
  -3.4566226e-02
  -2.8644872e-02
  -2.9969122e-02
  -3.8481891e-02
  -1.1914468e-02
  -1.0110307e-02
  -9.8984437e-03
  -9.8476410e-03
  -1.0498184e-02
  -7.1535651e-03
  -1.0883955e-02
  -1.7973464e-02
  -1.6853074e-02
  -1.1137115e-02
  -1.1330176e-02
  -1.1504974e-02
  -1.1310918e-02
  -1.7807368e-02
  -1.1153590e-02
  -6.0423099e-03
  -7.8308247e-03
  -8.2242554e-03
  -1.1584949e-02
  -0.0000000e+00
  -0.0000000e+00
  -8.3091968e-03
  -5.5072196e-03
  -1.3193037e-02
  -1.5304828e-02
  -1.6358851e-02
  -1.5481239e-02
  -1.4696743e-02
  -1.9047268e-02
  -1.0209749e-02
  -5.9642032e-03
  -1.1788769e-02
  -1.5228376e-02
  -1.4098018e-02
  -1.4919416e-02
  -1.6786154e-02
   2.4880178e-02
   2.3881363e-02
   3.7165970e-02
   3.8333975e-02
   3.2861173e-02
   3.5865832e-02
   2.9245280e-02
   2.3644868e-02
   2.5016926e-02
   2.5852965e-02
   2.0399017e-02
   2.3754623e-02
   2.2955518e-02
   1.3518861e-02
   2.4815917e-02
   2.6920939e-02
   2.9506827e-02
   3.0476004e-02
   1.3924063e-02
   0.0000000e+00
   0.0000000e+00
   2.9710669e-02
   4.0494867e-02
   2.9411396e-02
   2.6599865e-02
   2.5233645e-02
   2.6188586e-02
   2.8090978e-02
   2.6547378e-02
   2.6804263e-02
   2.1857738e-02
   2.5571238e-02
   2.5904449e-02
   1.9251302e-02
   1.7863428e-02
   2.2595426e-02
   6.5854527e-02
   6.6447116e-02
   8.6484179e-02
   8.5908949e-02
   8.7025113e-02
   8.2496718e-02
   7.2578587e-02
   7.7463247e-02
   7.4446358e-02
   7.1598276e-02
   6.6449195e-02
   7.1316153e-02
   7.3824085e-02
   6.7297928e-02
   7.6175645e-02
   7.6656610e-02
   8.1117824e-02
   7.3584542e-02
   5.9272751e-02
   0.0000000e+00
   5.0525987e-02
   6.2107399e-02
   7.7745229e-02
   7.3010795e-02
   7.5233474e-02
   7.4738130e-02
   7.8157917e-02
   7.9419151e-02
   7.9163261e-02
   7.4437760e-02
   6.9176659e-02
   7.8980334e-02
   7.7718444e-02
   6.6386372e-02
   6.2304318e-02
   6.8599261e-02
   9.3259223e-02
   9.7468257e-02
   1.0812733e-01
   1.1054593e-01
   1.2116022e-01
   1.0849068e-01
   9.9061392e-02
   1.1188816e-01
   1.0668379e-01
   1.0754234e-01
   1.1015512e-01
   1.0985417e-01
   1.0979970e-01
   1.1210285e-01
   1.1449467e-01
   1.1434177e-01
   1.2008316e-01
   1.0174981e-01
   9.9321738e-02
   9.6112772e-02
   7.2304755e-02
   7.4814543e-02
   8.1605315e-02
   8.9158848e-02
   1.0101487e-01
   1.0777688e-01
   1.1435038e-01
   1.1302347e-01
   1.1414564e-01
   1.0862684e-01
   1.1516616e-01
   1.1634967e-01
   9.9880785e-02
   9.8847471e-02
   9.2143968e-02
   9.0045847e-02
   9.3886085e-02
   1.0083741e-01
   9.8427437e-02
   1.0624142e-01
   1.1049518e-01
   1.0303788e-01
   1.0012262e-01
   1.0376677e-01
   1.0576292e-01
   1.1139170e-01
   1.1656948e-01
   1.1469033e-01
   1.1009950e-01
   1.1382087e-01
   1.1333252e-01
   1.1136386e-01
   1.1522706e-01
   1.0272598e-01
   9.9220604e-02
   9.2087163e-02
   7.6454356e-02
   7.1016155e-02
   6.9507226e-02
   7.9076417e-02
   9.3572244e-02
   1.0385596e-01
   1.0955968e-01
   1.1097746e-01
   1.1318583e-01
   1.1174176e-01
   1.1787104e-01
   1.0471698e-01
   8.4775373e-02
   9.5063336e-02
   9.0317823e-02
   7.9918198e-02
   6.7282341e-02
   7.2793655e-02
   6.9547981e-02
   7.4934691e-02
   6.5952666e-02
   6.7341812e-02
   7.3733225e-02
   7.0330195e-02
   7.8874074e-02
   8.1497133e-02
   8.1113093e-02
   8.2732320e-02
   8.1719778e-02
   8.1013143e-02
   7.8641281e-02
   7.7172630e-02
   7.3881447e-02
   7.0080213e-02
   6.4124919e-02
   5.7950936e-02
   6.0426645e-02
   5.6586772e-02
   5.2716956e-02
   5.5162083e-02
   6.2689736e-02
   7.0335351e-02
   7.3399596e-02
   7.7914551e-02
   7.8936033e-02
   8.0735832e-02
   7.5680062e-02
   6.0000144e-02
   5.3584181e-02
   6.0966033e-02
   6.2023811e-02
   5.6547403e-02
   2.5258582e-02
   2.6456587e-02
   2.0078694e-02
   1.1825932e-02
   3.7959027e-03
   1.0500766e-02
   2.1145139e-02
   2.4530796e-02
   3.0223187e-02
   2.9220412e-02
   2.7525967e-02
   2.7467070e-02
   3.0326560e-02
   2.9632054e-02
   2.4078131e-02
   2.4365362e-02
   1.5792936e-02
   1.0382960e-02
   1.2094633e-02
   1.5192668e-02
   2.3219785e-02
   2.3517884e-02
   2.2244757e-02
   1.9324843e-02
   1.7803524e-02
   1.9462328e-02
   1.9064194e-02
   2.0115640e-02
   1.8109856e-02
   2.1113735e-02
   1.5903344e-02
   1.0463261e-02
   1.8013563e-02
   1.7767286e-02
   2.2940606e-02
   2.6607525e-02
  -9.8768370e-03
  -1.2442390e-02
  -2.4009397e-02
  -3.7054069e-02
  -3.8029931e-02
  -2.7322400e-02
  -1.7323403e-02
  -1.3200308e-02
  -1.2271728e-02
  -1.0301611e-02
  -9.2532719e-03
  -1.3129809e-02
  -1.3534162e-02
  -1.6233357e-02
  -2.1513477e-02
  -1.9488186e-02
  -2.1874024e-02
  -2.5441214e-02
  -2.1475174e-02
  -1.5528299e-02
  -1.1478496e-02
  -1.2057290e-02
  -1.3155055e-02
  -1.5592291e-02
  -1.9589890e-02
  -2.2578133e-02
  -2.5492344e-02
  -2.7774893e-02
  -2.7839372e-02
  -2.0480797e-02
  -1.6642539e-02
  -1.4364162e-02
  -9.3429750e-03
  -1.1250411e-02
  -9.9287201e-03
  -7.5088385e-03
  -2.9556390e-02
  -3.2776099e-02
  -3.7731349e-02
  -3.9258279e-02
  -3.3756878e-02
  -2.6640121e-02
  -2.3847472e-02
  -2.5715383e-02
  -2.9041858e-02
  -3.0282317e-02
  -3.1411972e-02
  -3.4360424e-02
  -3.7334375e-02
  -4.0588535e-02
  -4.1742433e-02
  -3.8804635e-02
  -3.4959961e-02
  -3.2696292e-02
  -3.0874800e-02
  -2.8574772e-02
  -2.7503511e-02
  -2.7984153e-02
  -2.8554367e-02
  -2.9839234e-02
  -3.2417472e-02
  -3.5028953e-02
  -3.6507521e-02
  -3.6897764e-02
  -3.5210148e-02
  -3.1486966e-02
  -2.8840430e-02
  -2.7270952e-02
  -2.6347507e-02
  -2.6742497e-02
  -2.7417535e-02
  -2.8022109e-02
