   0.0000000e+00
   0.0000000e+00
   0.0000000e+00
   0.0000000e+00
   0.0000000e+00
   0.0000000e+00
   0.0000000e+00
   0.0000000e+00
   0.0000000e+00
   7.9878852e-03
   1.0035053e-02
   1.1382889e-02
   1.4954341e-02
   2.0734228e-02
   2.5991796e-02
   2.9799612e-02
   3.0587129e-02
   2.8283406e-02
   2.8109074e-02
   2.7538641e-02
   2.2134274e-02
   1.5710652e-02
   7.7087642e-03
   1.7853088e-03
  -8.8847449e-04
   0.0000000e+00
   0.0000000e+00
   0.0000000e+00
   0.0000000e+00
   0.0000000e+00
   0.0000000e+00
   0.0000000e+00
   0.0000000e+00
   0.0000000e+00
   0.0000000e+00
   0.0000000e+00
   0.0000000e+00
   0.0000000e+00
   0.0000000e+00
   0.0000000e+00
   0.0000000e+00
   0.0000000e+00
   0.0000000e+00
   0.0000000e+00
   0.0000000e+00
   0.0000000e+00
   2.2767117e-02
   2.4813681e-02
   4.0288203e-02
   3.7356753e-02
   3.1654038e-02
   2.5696946e-02
   2.0200348e-02
   1.9993909e-02
   2.1436025e-02
   2.1871739e-02
   1.9370265e-02
   1.4123652e-02
   7.9544839e-03
   0.0000000e+00
  -0.0000000e+00
  -2.5663630e-04
  -1.4612631e-03
  -0.0000000e+00
   0.0000000e+00
   0.0000000e+00
   0.0000000e+00
   0.0000000e+00
   0.0000000e+00
   0.0000000e+00
   0.0000000e+00
   0.0000000e+00
   0.0000000e+00
   0.0000000e+00
   0.0000000e+00
   0.0000000e+00
   0.0000000e+00
   0.0000000e+00
   0.0000000e+00
   0.0000000e+00
   0.0000000e+00
   0.0000000e+00
   0.0000000e+00
   3.5892887e-02
   2.4897242e-02
   1.5232130e-02
   1.0209105e-02
   6.1056237e-03
   5.9133833e-03
   1.3741890e-02
   2.0291291e-02
   2.1728441e-02
   2.0202992e-02
   1.5142307e-02
   6.6651371e-03
  -2.0943381e-03
  -5.5174762e-03
  -4.3045784e-03
  -1.7948590e-03
  -4.3852614e-03
   2.2213199e-03
   7.1829634e-04
   0.0000000e+00
   0.0000000e+00
   0.0000000e+00
   0.0000000e+00
   0.0000000e+00
   0.0000000e+00
   0.0000000e+00
   0.0000000e+00
   0.0000000e+00
   0.0000000e+00
   0.0000000e+00
   0.0000000e+00
   0.0000000e+00
   0.0000000e+00
   0.0000000e+00
   0.0000000e+00
   2.3370598e-02
   1.6163845e-02
  -4.8080371e-03
  -6.5426133e-03
  -3.2160978e-03
  -2.6333327e-03
   5.0189216e-03
   8.5357260e-03
   1.1002467e-02
   1.6564878e-02
   1.5892925e-02
   9.4217649e-03
  -2.0495954e-04
  -8.0416379e-03
  -1.0613537e-02
  -1.1866772e-02
  -1.1050634e-02
  -1.2506717e-02
  -5.9800515e-03
  -8.9540290e-03
  -0.0000000e+00
   0.0000000e+00
   0.0000000e+00
   0.0000000e+00
   0.0000000e+00
   0.0000000e+00
   0.0000000e+00
   0.0000000e+00
   0.0000000e+00
   0.0000000e+00
   0.0000000e+00
   0.0000000e+00
   0.0000000e+00
   0.0000000e+00
   0.0000000e+00
   1.0122017e-02
   6.3595804e-03
  -2.6222465e-03
  -1.4011522e-02
  -1.4013812e-02
  -9.8115802e-03
  -7.2721979e-03
  -1.8713403e-03
  -5.1912917e-03
  -3.8610937e-04
   1.0618770e-02
   9.1076149e-03
   1.0434279e-03
  -7.7682901e-03
  -1.2651791e-02
  -1.5196119e-02
  -1.4019703e-02
  -1.5386979e-02
  -2.0382119e-02
  -1.6316127e-02
  -1.7160387e-02
  -1.9109293e-02
  -0.0000000e+00
   0.0000000e+00
   0.0000000e+00
   0.0000000e+00
   0.0000000e+00
   0.0000000e+00
   0.0000000e+00
   0.0000000e+00
   0.0000000e+00
   0.0000000e+00
   0.0000000e+00
   0.0000000e+00
   0.0000000e+00
   4.6959751e-03
  -2.7675566e-03
  -1.2267901e-02
  -1.5615194e-02
  -1.0767312e-02
  -1.4933182e-02
  -1.4590631e-02
  -1.0603109e-02
  -0.0000000e+00
  -1.0764636e-02
  -1.6170624e-03
   1.6909122e-03
   6.5113720e-04
  -5.1328852e-03
  -1.1125503e-02
  -1.4231361e-02
  -1.8142354e-02
  -1.4000121e-02
  -1.5433221e-02
  -1.9809598e-02
  -1.9877361e-02
  -1.3566613e-02
  -1.3829274e-02
  -2.1559189e-02
   0.0000000e+00
   0.0000000e+00
   0.0000000e+00
   0.0000000e+00
   0.0000000e+00
   0.0000000e+00
   0.0000000e+00
   0.0000000e+00
   0.0000000e+00
   7.0636097e-03
   2.7394464e-03
   1.9226885e-02
  -1.0631762e-02
  -1.6044853e-02
  -1.8189467e-02
  -1.7848827e-02
  -1.0565088e-02
  -1.5969189e-02
  -0.0000000e+00
  -1.4054231e-02
  -0.0000000e+00
  -8.8550343e-03
  -1.0282085e-03
  -6.4020175e-03
  -5.6804367e-03
  -7.9854447e-03
  -1.2511681e-02
  -1.3425682e-02
  -1.8407729e-02
  -1.6117690e-02
  -1.6048968e-02
  -1.5989142e-02
  -1.4472962e-02
  -4.4782478e-03
  -1.7290828e-03
  -1.4414025e-02
  -0.0000000e+00
   0.0000000e+00
   0.0000000e+00
   0.0000000e+00
   0.0000000e+00
   0.0000000e+00
   0.0000000e+00
   0.0000000e+00
   0.0000000e+00
   1.2116857e-02
  -5.2278121e-03
  -2.9766781e-03
  -2.3767199e-02
  -1.7921703e-02
  -1.2251206e-02
  -6.5243179e-03
  -5.8152601e-03
  -1.1841299e-02
  -1.0675249e-02
  -1.1156608e-02
  -8.4579812e-03
  -5.3274364e-03
  -0.0000000e+00
  -0.0000000e+00
  -4.5247143e-03
  -6.4896876e-03
  -1.0298427e-02
  -1.0854418e-02
  -1.5143301e-02
  -1.3999855e-02
  -1.3134680e-02
  -1.0510293e-02
  -5.5621839e-03
   9.6160337e-04
   1.6160804e-03
  -5.4289191e-03
   0.0000000e+00
   0.0000000e+00
   0.0000000e+00
   0.0000000e+00
   0.0000000e+00
   0.0000000e+00
   1.2152668e-02
   8.8292561e-03
   0.0000000e+00
   1.1314896e-02
  -5.1877145e-03
  -1.0314437e-02
  -2.2260927e-02
  -1.0224093e-02
  -4.1639994e-04
   1.3389096e-02
   1.1648751e-02
  -1.3262585e-03
   1.1888136e-03
  -1.8733549e-03
  -3.9198877e-03
   0.0000000e+00
   0.0000000e+00
   0.0000000e+00
   2.8309067e-03
   3.7762278e-04
  -2.0259328e-03
  -4.4976962e-03
  -7.1678194e-03
  -5.3058509e-03
  -3.1792228e-03
   2.1686004e-03
   2.8154240e-03
  -0.0000000e+00
  -1.0009243e-03
   1.2196525e-03
   2.7806608e-03
   0.0000000e+00
   0.0000000e+00
   0.0000000e+00
   0.0000000e+00
   1.4845515e-02
   1.9652290e-02
   8.8173548e-03
   0.0000000e+00
   1.3812148e-02
   6.5238951e-03
  -1.4412408e-03
  -1.0363152e-02
  -1.8301307e-03
   1.5125453e-02
   3.3131495e-02
   2.2378808e-02
   8.6901449e-03
   1.1002783e-02
   5.4758447e-03
   4.6203462e-03
   0.0000000e+00
   0.0000000e+00
   0.0000000e+00
   1.3208307e-02
   1.0872575e-02
   7.9231746e-03
   5.2814828e-03
   4.3737032e-03
   5.4159090e-03
   9.3488349e-03
   1.8397933e-02
   8.6520491e-03
  -0.0000000e+00
   6.7791552e-04
   6.2726772e-03
   4.5385232e-03
   0.0000000e+00
   0.0000000e+00
   0.0000000e+00
   0.0000000e+00
   2.2850111e-02
   2.5572170e-02
   7.4056018e-03
   0.0000000e+00
   2.2962112e-02
   1.5904237e-02
   7.4465522e-03
   3.2577030e-03
   6.8334891e-03
   3.0014977e-02
   4.4044644e-02
   2.3348031e-02
   0.0000000e+00
   0.0000000e+00
   1.0447306e-02
   1.5066177e-02
   0.0000000e+00
   0.0000000e+00
   0.0000000e+00
   2.0861477e-02
   2.0437613e-02
   1.4830820e-02
   1.4034232e-02
   1.3934614e-02
   1.4015181e-02
   1.8238233e-02
   2.6375227e-02
   1.2086716e-02
  -0.0000000e+00
   0.0000000e+00
   1.0480445e-02
   6.6828635e-03
   0.0000000e+00
   0.0000000e+00
   0.0000000e+00
   0.0000000e+00
   3.1149736e-02
   2.6783234e-02
   5.6624693e-03
   0.0000000e+00
   3.4181155e-02
   2.0784887e-02
   1.3962335e-02
   1.3520169e-02
   1.5299234e-02
   3.9326936e-02
   4.4698365e-02
   1.5683702e-02
   0.0000000e+00
   0.0000000e+00
   1.5571536e-02
   2.3166598e-02
   0.0000000e+00
   0.0000000e+00
   2.3530099e-02
   2.6180837e-02
   2.6471147e-02
   1.9496137e-02
   2.0138321e-02
   1.9531086e-02
   1.9501347e-02
   2.2580855e-02
   2.6844615e-02
   1.3370701e-02
  -3.3482810e-03
   0.0000000e+00
   1.4211810e-02
   9.3766041e-03
   0.0000000e+00
   0.0000000e+00
   0.0000000e+00
   0.0000000e+00
   3.4228444e-02
   2.1998695e-02
   0.0000000e+00
   4.0457895e-02
   4.5038879e-02
   2.0875145e-02
   1.7660256e-02
   1.8761097e-02
   2.2995040e-02
   4.0533308e-02
   3.4791388e-02
   0.0000000e+00
   0.0000000e+00
   0.0000000e+00
   2.4965392e-02
   2.8490597e-02
   1.0860293e-02
   0.0000000e+00
   2.7509890e-02
   2.9003490e-02
   2.8218845e-02
   2.2464536e-02
   2.2902582e-02
   2.0388637e-02
   2.1493290e-02
   2.2083312e-02
   2.0577062e-02
   1.2258704e-02
   2.7789476e-03
   0.0000000e+00
   1.6093408e-02
   1.3366461e-02
   1.1030734e-02
   0.0000000e+00
   0.0000000e+00
   0.0000000e+00
   2.7261235e-02
   1.6006230e-02
   1.8924401e-02
   4.9744580e-02
   3.7032660e-02
   1.3951516e-02
   1.3733230e-02
   1.4554832e-02
   2.0443885e-02
   0.0000000e+00
   2.0772969e-02
   0.0000000e+00
  -0.0000000e+00
   0.0000000e+00
   3.6393520e-02
   2.6037963e-02
   1.1029296e-02
   2.1819494e-02
   2.8606708e-02
   2.7155075e-02
   2.1738263e-02
   1.9643063e-02
   1.6967133e-02
   1.3565046e-02
   1.6635835e-02
   1.4680711e-02
   1.1632720e-02
   6.4322948e-03
   6.5727634e-03
   0.0000000e+00
   1.2563785e-02
   1.7037698e-02
   1.1716072e-02
   0.0000000e+00
   0.0000000e+00
   0.0000000e+00
   2.2517117e-02
   1.5737772e-02
   2.6395680e-02
   4.2661082e-02
   2.4376761e-02
   1.0158261e-02
   8.6035402e-03
   1.1300702e-02
   1.4718189e-02
   0.0000000e+00
   1.5477642e-02
   9.9920496e-03
  -1.5510786e-03
  -0.0000000e+00
   0.0000000e+00
   2.6164006e-02
   1.2255951e-02
   1.9157652e-02
   2.4624726e-02
   2.0506350e-02
   1.4927006e-02
   1.2201599e-02
   9.4132759e-03
   6.8715545e-03
   8.1299394e-03
   5.7254480e-03
   4.7263303e-03
   2.6399288e-03
   2.9801712e-03
   0.0000000e+00
   0.0000000e+00
   1.7118466e-02
   8.7035435e-03
   0.0000000e+00
   0.0000000e+00
   0.0000000e+00
   2.0870328e-02
   1.7417753e-02
   2.8476259e-02
   3.5253290e-02
   1.6582891e-02
   9.2767002e-03
   6.3391384e-03
   1.0957218e-02
   1.0715681e-02
   6.0314074e-03
   1.4136757e-02
   1.0086184e-02
  -4.4164576e-04
  -0.0000000e+00
   0.0000000e+00
   2.7058698e-02
   1.3005567e-02
   1.9768025e-02
   2.0430891e-02
   1.5102662e-02
   1.0855841e-02
   7.4626403e-03
   5.8612265e-03
   4.1659167e-03
   4.3287314e-03
   1.2427474e-03
   1.5898300e-03
   1.0263891e-03
  -7.1733398e-04
  -0.0000000e+00
   1.2223485e-02
   1.5224052e-02
   7.5589841e-03
   0.0000000e+00
   0.0000000e+00
   9.0816242e-03
   2.0841533e-02
   1.8723803e-02
   2.8932832e-02
   2.5201080e-02
   1.2089678e-02
   1.0841058e-02
   6.8581942e-03
   1.3025524e-02
   7.5212079e-03
   1.7019341e-03
   1.3154220e-02
   9.0426654e-03
   0.0000000e+00
   0.0000000e+00
   0.0000000e+00
   2.6517553e-02
   1.2793112e-02
   1.8459307e-02
   1.3272931e-02
   9.1914581e-03
   7.9761501e-03
   4.6282387e-03
   5.7724924e-03
   4.9733496e-03
   4.7293310e-03
   6.3103967e-04
   1.1031954e-03
   2.8961428e-04
  -4.8769680e-03
  -0.0000000e+00
   9.6886200e-03
   1.0382527e-02
   4.4769362e-03
   0.0000000e+00
   0.0000000e+00
   1.7198472e-02
   2.2253547e-02
   1.4352202e-02
   2.1890551e-02
   1.9034782e-02
   1.2956412e-02
   1.0036388e-02
   9.1657909e-03
   1.2122909e-02
   8.5601779e-03
   7.5839888e-03
   5.7812631e-03
   0.0000000e+00
   0.0000000e+00
   0.0000000e+00
   0.0000000e+00
   1.8563187e-02
   1.0314316e-02
   1.5881147e-02
   5.3976355e-03
   5.9160874e-03
   4.3622903e-03
   6.0462146e-03
   7.6573286e-03
   6.1913738e-03
   7.8910822e-03
   2.2928084e-03
   5.3923810e-04
  -3.8973684e-03
  -5.2196342e-03
  -0.0000000e+00
   6.4832163e-03
   3.9929845e-03
  -0.0000000e+00
   0.0000000e+00
   0.0000000e+00
   1.8344838e-02
   1.9540478e-02
   1.3421606e-02
   1.8566314e-02
   1.6494371e-02
   1.4052454e-02
   1.0279091e-02
   1.1401161e-02
   1.2660992e-02
   9.4697401e-03
   1.1905060e-02
   4.1001048e-03
   0.0000000e+00
   0.0000000e+00
  -0.0000000e+00
   0.0000000e+00
   1.4403699e-02
   8.7131662e-03
   1.4353803e-02
   3.6473628e-03
   5.4716785e-03
   5.0529568e-03
   8.1067635e-03
   1.0305189e-02
   8.0257347e-03
   1.0107774e-02
   4.9912259e-03
   3.1231975e-03
  -2.7794954e-03
  -3.9927689e-03
   2.0422534e-03
   5.6494507e-03
   1.4022465e-03
  -0.0000000e+00
   0.0000000e+00
   0.0000000e+00
   1.5349572e-02
   1.3704650e-02
   1.1674266e-02
   1.5411350e-02
   1.3667951e-02
   1.3568362e-02
   1.0814959e-02
   1.3373990e-02
   1.3670688e-02
   9.4154207e-03
   1.2722405e-02
   2.8072800e-03
  -2.4335867e-03
  -1.2917825e-02
  -2.0237904e-02
  -0.0000000e+00
   9.2773883e-03
   5.8305967e-03
   1.0676801e-02
   7.2121291e-04
   3.3245024e-03
   4.7466164e-03
   8.3937021e-03
   1.1116822e-02
   8.6200563e-03
   1.0180144e-02
   5.9106844e-03
   4.2754379e-03
  -3.7715277e-03
  -5.5161687e-03
   6.2993768e-04
   3.8293859e-03
  -2.6751557e-03
  -0.0000000e+00
   0.0000000e+00
   3.5504082e-03
   7.3236967e-03
   4.8078820e-03
   1.2486704e-02
   1.4625408e-02
   8.9503136e-03
   8.1547359e-03
   1.0216299e-02
   1.1384461e-02
   1.1639046e-02
   2.7636017e-03
   5.3500766e-03
   1.1152752e-03
  -1.2068498e-02
  -1.6677018e-02
  -2.4835071e-02
  -1.7704474e-02
   4.8416985e-03
   3.3122161e-03
   6.3137498e-03
   0.0000000e+00
   1.8344312e-03
   6.2836306e-03
   6.7812195e-03
   1.0605686e-02
   8.5948361e-03
   7.3334230e-03
   5.1752259e-03
   6.5644123e-03
  -1.6530000e-03
  -1.2807122e-02
  -5.0319762e-04
   8.9314382e-04
  -7.9055028e-03
  -1.2464770e-02
  -9.0921019e-03
   4.7555042e-03
   9.8292110e-04
  -2.6382871e-03
   6.8087988e-03
   1.0414680e-02
   5.0462601e-03
   1.4933675e-03
   4.8901080e-03
   6.0550589e-03
   5.3890985e-03
  -1.8151436e-03
  -5.8525810e-03
  -6.7894738e-03
  -1.5072880e-02
  -2.1252174e-02
  -2.6966365e-02
  -2.0916534e-02
  -8.6409626e-03
  -2.2307755e-03
   0.0000000e+00
   0.0000000e+00
  -1.7667275e-03
  -2.1195880e-04
   2.0094719e-03
   5.4956302e-03
   4.2487062e-03
   2.3925253e-03
   7.0811016e-05
   3.0130162e-03
  -7.7956024e-04
  -1.0527720e-02
  -4.7708257e-03
  -5.6304410e-03
  -8.5110823e-03
  -0.0000000e+00
  -1.0691257e-02
   2.1595301e-03
  -3.2397097e-03
  -7.7141435e-03
  -1.6417438e-03
   2.6321737e-03
  -2.3883606e-04
  -5.0453995e-03
  -3.2845100e-03
  -1.6407050e-03
  -2.4893943e-03
  -6.3019348e-03
  -1.3613950e-02
  -1.4232012e-02
  -1.3646853e-02
  -2.0709076e-02
  -2.3682939e-02
  -2.0466933e-02
  -2.0656674e-02
  -1.0070162e-02
  -0.0000000e+00
  -0.0000000e+00
  -7.0903790e-03
  -9.0283453e-03
  -4.5501064e-03
  -1.2608619e-03
  -1.4326215e-03
  -2.8306721e-03
  -5.8960686e-03
  -3.9592911e-03
  -3.5563908e-03
  -7.5765778e-03
  -8.7650811e-03
  -1.2207766e-02
  -9.4111513e-03
  -0.0000000e+00
  -1.3176327e-02
  -3.6462995e-03
  -8.1668785e-03
  -1.2435094e-02
  -1.3755653e-02
  -1.0281732e-02
  -8.5687721e-03
  -1.3614044e-02
  -1.5781699e-02
  -1.3431106e-02
  -1.3706681e-02
  -1.2846178e-02
  -2.0922583e-02
  -2.3032440e-02
  -1.4879588e-02
  -1.7611485e-02
  -1.5651636e-02
  -1.7106043e-02
  -3.2656044e-02
  -2.2489555e-02
  -0.0000000e+00
  -0.0000000e+00
  -1.6218701e-02
  -2.1668809e-02
  -1.4438838e-02
  -1.0986501e-02
  -9.6492916e-03
  -9.9297082e-03
  -1.4147297e-02
  -1.5115265e-02
  -1.0637755e-02
  -5.6425398e-03
  -1.0637020e-02
  -2.0069445e-02
  -1.2433223e-02
   0.0000000e+00
  -1.7427835e-02
  -1.2751015e-02
  -1.9277809e-02
  -1.3781478e-02
  -1.8535711e-02
  -2.2773355e-02
  -1.6024914e-02
  -1.9334925e-02
  -2.2735333e-02
  -2.0185519e-02
  -1.8721925e-02
  -1.8179119e-02
  -1.9655338e-02
  -2.3066599e-02
  -2.0670403e-02
  -9.4928034e-03
  -8.4264809e-03
  -1.5666839e-02
  -3.0068084e-02
  -3.5099316e-02
  -0.0000000e+00
  -0.0000000e+00
  -0.0000000e+00
  -2.7362270e-02
  -2.3165939e-02
  -1.7469361e-02
  -1.5175743e-02
  -1.4944101e-02
  -1.9393969e-02
  -2.1515999e-02
  -1.9275768e-02
  -1.2009892e-02
  -1.0948846e-02
  -0.0000000e+00
  -2.2787206e-02
  -1.3093529e-02
  -1.8116404e-02
  -1.9806771e-02
  -2.7326174e-02
  -1.4518829e-02
  -1.1338232e-02
  -2.4608007e-02
  -1.8606847e-02
  -1.6923530e-02
  -1.8917885e-02
  -1.6872745e-02
  -1.6695298e-02
  -1.7908892e-02
  -1.5524432e-02
  -1.9090403e-02
  -2.2257261e-02
  -5.5320226e-03
  -5.1475568e-03
  -0.0000000e+00
  -2.3139957e-02
  -3.3583034e-02
  -0.0000000e+00
   0.0000000e+00
  -0.0000000e+00
  -2.4968978e-02
  -2.3328302e-02
  -1.7475884e-02
  -1.4788369e-02
  -1.3301509e-02
  -1.7572401e-02
  -1.6768714e-02
  -2.1037031e-02
  -2.0629872e-02
  -8.5408558e-03
  -2.1259702e-02
  -2.6087322e-02
  -1.5743108e-02
  -1.5450753e-02
  -1.8379644e-02
  -2.5021398e-02
  -1.3256405e-02
  -3.4157096e-03
  -1.7814083e-02
  -1.5359969e-02
  -1.1024421e-02
  -1.2160827e-02
  -1.1055761e-02
  -1.2534617e-02
  -1.4169944e-02
  -1.1224986e-02
  -1.4366829e-02
  -1.8585460e-02
  -5.3089014e-03
  -4.0873687e-03
  -1.4920535e-02
  -1.6900044e-02
  -2.5777580e-02
  -0.0000000e+00
  -0.0000000e+00
  -0.0000000e+00
  -1.7997880e-02
  -1.7530870e-02
  -1.3305850e-02
  -1.0728483e-02
  -7.7233748e-03
  -1.1887699e-02
  -9.5746759e-03
  -1.6786590e-02
  -2.2553815e-02
  -9.1808376e-03
  -1.6544518e-02
  -2.0915434e-02
  -1.3977053e-02
  -1.0510541e-02
  -1.2259168e-02
  -1.3404139e-02
  -8.2714204e-03
   4.1499054e-03
  -4.1365935e-03
  -5.3493772e-03
  -1.5886615e-03
  -2.6627046e-03
  -3.1606327e-03
  -5.6146341e-03
  -6.7572659e-03
  -5.4665445e-03
  -7.4748280e-03
  -1.0640768e-02
  -6.2076636e-03
  -3.5814600e-03
  -9.4631164e-03
  -1.1415241e-02
  -1.3942015e-02
  -1.3850316e-02
  -0.0000000e+00
  -0.0000000e+00
  -6.4521740e-03
  -5.9827478e-03
  -4.0530227e-03
  -2.2120811e-03
   1.6782110e-03
  -2.2609504e-03
  -6.5501442e-04
  -6.7914664e-03
  -1.5667507e-02
  -6.7558232e-03
  -3.9070328e-03
  -1.0091536e-02
  -7.4326731e-03
  -3.0384590e-03
  -2.3255879e-03
   3.1661917e-03
   3.2252518e-03
   1.0282785e-02
   1.2557228e-02
   1.2373636e-02
   1.0650615e-02
   9.4561186e-03
   6.7484225e-03
   5.4031704e-03
   4.5173611e-03
   3.9295540e-03
   4.0222262e-03
  -4.7026767e-04
  -2.6445896e-03
   2.5210102e-06
   1.4658913e-03
  -1.1703952e-03
  -1.4996211e-03
   9.3682087e-04
   0.0000000e+00
  -0.0000000e+00
   4.7632807e-03
   9.7065074e-03
   1.1965525e-02
   1.2337582e-02
   1.4091656e-02
   1.1017364e-02
   9.8108081e-03
   7.8714006e-03
   1.9086467e-03
   3.9152952e-03
   8.2219308e-03
   6.6624121e-03
   3.4611865e-03
   6.8375370e-03
   9.7183520e-03
   1.2371071e-02
   1.6218567e-02
   2.0795843e-02
   2.6099851e-02
   2.9014606e-02
   1.9497510e-02
   2.1154946e-02
   1.9583916e-02
   1.8477321e-02
   1.8168060e-02
   1.6582295e-02
   1.7729126e-02
   1.0935779e-02
   1.0897425e-02
   1.0985020e-02
   1.5106452e-02
   1.6260363e-02
   1.3676872e-02
   2.5921211e-02
   0.0000000e+00
  -2.6790831e-03
   4.4391616e-03
   1.7237447e-02
   2.6602291e-02
   2.7541228e-02
   2.5066881e-02
   2.3018245e-02
   2.3351751e-02
   2.3657769e-02
   2.1943482e-02
   2.1908605e-02
   1.9955015e-02
   2.0353314e-02
   1.4387322e-02
   1.5489474e-02
   2.0448327e-02
   1.3825129e-02
   1.7265785e-02
   2.7674694e-02
   2.9891698e-02
   3.2129049e-02
   2.3114484e-02
   2.8631961e-02
   3.2640111e-02
   2.7441224e-02
   2.8791847e-02
   2.6064720e-02
   2.4611782e-02
   2.4951251e-02
   2.5710914e-02
   2.1166844e-02
   2.5774356e-02
   2.8746776e-02
   2.9908171e-02
   4.7735602e-02
   3.0807252e-02
  -1.7248808e-03
  -6.5378583e-04
   1.1352004e-02
   2.5724845e-02
   2.9959459e-02
   2.9473351e-02
   3.0096253e-02
   3.3935875e-02
   3.3524819e-02
   3.1369399e-02
   3.3021148e-02
   2.1986095e-02
   2.5063889e-02
   2.4546890e-02
   1.4272041e-02
   2.0701002e-02
   1.5048774e-02
   5.6814798e-03
   1.7051414e-02
   2.1027269e-02
   2.7763667e-02
   3.0876283e-02
   2.9311620e-02
   3.2555085e-02
   2.7067842e-02
   2.7164111e-02
   2.6288740e-02
   2.4577551e-02
   2.9005526e-02
   2.6250595e-02
   2.0942401e-02
   2.3769978e-02
   2.7732143e-02
   3.3920102e-02
   4.6430439e-02
   3.2362363e-02
   7.1063940e-03
   1.5520374e-03
   3.6341837e-03
   1.3243233e-02
   1.9640099e-02
   2.4370730e-02
   2.9153802e-02
   3.0181751e-02
   3.3561137e-02
   2.9024567e-02
   2.4302732e-02
   1.8977527e-02
   2.7007330e-02
   3.0920997e-02
   1.0168852e-02
   1.4223774e-02
   8.2922215e-03
  -8.9273425e-03
  -2.6652704e-03
   8.7633245e-03
   2.3993729e-02
   3.3943851e-02
   2.0526024e-02
   1.8797820e-02
   1.7035594e-02
   1.1932553e-02
   1.7154703e-02
   1.8307608e-02
   1.5569408e-02
   1.4639066e-02
   1.3000513e-02
   1.0424838e-02
   1.6855711e-02
   2.3177972e-02
   2.7659964e-02
   2.5828714e-02
   1.4147300e-02
   8.0668870e-03
   2.3923203e-06
  -1.9632382e-05
   6.0818740e-03
   1.1049571e-02
   1.7558958e-02
   1.5338002e-02
   2.4523424e-02
   2.0291364e-02
   1.2626483e-02
   2.3602894e-02
   2.6107823e-02
   2.5662940e-02
   1.4267277e-02
   9.2922701e-03
  -1.1081267e-02
  -1.8418085e-02
  -9.4726812e-03
   3.6156205e-03
   1.2061622e-02
   1.1469094e-02
  -5.6737388e-04
  -4.7161971e-05
   1.4172934e-03
  -5.1823780e-03
   1.2737949e-04
   1.8606575e-03
  -2.6817459e-03
   1.7233455e-03
   2.1656619e-03
  -4.2284424e-03
   2.8773241e-03
   8.7357052e-03
   9.8650632e-03
   1.2493547e-02
   7.7285767e-03
   5.7135117e-03
  -2.2090722e-03
  -9.3544452e-03
  -8.7986793e-03
  -7.8091552e-03
  -1.3748519e-03
  -1.4709533e-04
   7.5930385e-03
   6.3014850e-03
   7.7686212e-03
   2.5452502e-02
   1.4392348e-02
   9.4434991e-03
   1.8765083e-02
   3.3916761e-03
  -2.1186192e-02
  -1.8891724e-02
  -6.7513594e-03
  -2.3373310e-04
  -4.5138518e-03
  -1.4605706e-02
  -1.8129561e-02
  -1.2515055e-02
  -9.1882357e-03
  -1.1543246e-02
  -1.0401484e-02
  -8.1924228e-03
  -6.3709533e-03
  -3.4670720e-03
  -4.8486940e-03
  -8.2463995e-03
  -3.6868646e-03
   1.9972189e-03
   3.5867288e-03
   2.8249251e-03
  -1.6063796e-03
  -3.0199823e-03
  -6.8633771e-03
  -1.4248171e-02
  -1.8015325e-02
  -1.7037207e-02
  -1.1320437e-02
  -9.1013974e-03
  -8.7609086e-03
  -9.7169448e-03
  -3.3480483e-03
   8.1341621e-03
   1.6923187e-03
  -3.0669625e-04
   7.7872211e-03
  -6.1788885e-03
  -9.9803228e-03
  -9.1062430e-03
  -4.7632307e-03
  -3.6034530e-03
  -9.1024991e-03
  -1.7954845e-02
  -2.1464443e-02
  -1.8932300e-02
  -1.4220856e-02
  -1.0428773e-02
  -6.8791420e-03
  -4.1818097e-03
  -3.4315563e-03
  -4.7091353e-03
  -6.8654828e-03
  -7.7988422e-03
  -6.7956378e-03
  -4.5608664e-03
  -1.7573297e-03
  -1.0367201e-04
  -1.6626601e-04
  -1.3260230e-03
  -4.5158663e-03
  -9.1096330e-03
  -1.2101223e-02
  -1.2492241e-02
  -1.1622779e-02
  -1.2730928e-02
  -1.6119741e-02
  -1.7180409e-02
  -1.2581339e-02
  -4.7017192e-03
   4.9365521e-04
   2.5639918e-03
   1.4613715e-03
  -4.7786776e-03
