   0.0000000e+00
   0.0000000e+00
   0.0000000e+00
   0.0000000e+00
   0.0000000e+00
   0.0000000e+00
   0.0000000e+00
   0.0000000e+00
   0.0000000e+00
   0.0000000e+00
   0.0000000e+00
   0.0000000e+00
   0.0000000e+00
   0.0000000e+00
   0.0000000e+00
   0.0000000e+00
   0.0000000e+00
   0.0000000e+00
   0.0000000e+00
   0.0000000e+00
   1.1159525e-02
   1.1084911e-02
   6.2705290e-03
   0.0000000e+00
   0.0000000e+00
   0.0000000e+00
   0.0000000e+00
   0.0000000e+00
   0.0000000e+00
   0.0000000e+00
   0.0000000e+00
   0.0000000e+00
   0.0000000e+00
   0.0000000e+00
   0.0000000e+00
   0.0000000e+00
   0.0000000e+00
   0.0000000e+00
   0.0000000e+00
   0.0000000e+00
  -1.6408493e-02
  -1.2102604e-02
   4.2506603e-03
   1.4979312e-02
   4.2201493e-03
   5.8017137e-03
   5.9424523e-03
   2.9093244e-03
   3.0673446e-03
   5.0095105e-03
   4.6120147e-03
   4.2985530e-03
   1.9741709e-03
   2.4708870e-03
  -1.4954113e-02
   0.0000000e+00
   1.5276629e-02
   7.5665559e-03
   8.7285379e-03
   1.0821409e-02
   6.6981881e-03
   2.9627040e-03
  -1.5950962e-03
  -1.5020673e-03
  -7.5803545e-03
  -2.8477989e-03
  -1.1534286e-02
   0.0000000e+00
   2.5354432e-02
   1.8373932e-02
   1.2279157e-02
   0.0000000e+00
   1.1610021e-02
   2.2269266e-03
  -9.8872719e-03
  -1.8725826e-02
  -2.1884204e-02
  -1.6781284e-02
  -1.0759500e-02
  -4.0130466e-03
   3.6906828e-03
   8.2544861e-03
   9.3901921e-03
   8.3102584e-03
   5.3730088e-03
   1.8781937e-03
  -9.2310621e-04
  -2.3537047e-03
  -3.2093967e-03
  -3.4461578e-03
  -5.3853862e-03
  -6.3377183e-03
  -3.0385596e-03
   2.3324994e-03
   8.1953090e-03
   1.0618850e-02
   9.3868187e-03
   4.5719100e-03
  -1.0216958e-03
  -5.2240550e-03
  -7.7484008e-03
  -6.8705021e-03
  -5.7152859e-03
   3.2478367e-03
   1.4593616e-02
   1.6279790e-02
   1.6310799e-02
   1.4894300e-02
  -2.5493728e-03
  -1.3908645e-02
  -2.4776852e-02
  -3.1176990e-02
  -2.9855506e-02
  -2.2220317e-02
  -1.4610061e-02
  -6.0375440e-03
   2.8914870e-03
   6.7248849e-03
   5.4179435e-03
   2.5546192e-03
  -1.5160600e-03
  -6.0512228e-03
  -9.5810052e-03
  -1.1646441e-02
  -1.3275621e-02
  -1.4566354e-02
  -1.4568961e-02
  -5.7796368e-03
  -5.4132733e-03
  -2.3915364e-03
   6.2286798e-03
   8.6195823e-03
   4.4304439e-03
  -3.5856017e-03
  -1.2217825e-02
  -1.9610071e-02
  -2.3432342e-02
  -2.1925727e-02
  -1.4816165e-02
  -3.2728792e-03
   6.2452029e-03
   1.0528112e-02
   1.3368300e-02
   7.9012047e-03
  -1.8720020e-02
  -3.1896822e-02
  -4.1605812e-02
  -4.4699904e-02
  -3.8205396e-02
  -2.4734311e-02
  -1.7887775e-02
  -7.9499092e-03
  -3.2180597e-04
   1.0627377e-03
  -3.6660202e-03
  -9.7555909e-03
  -1.4772768e-02
  -1.9488528e-02
  -2.3853349e-02
  -2.6872545e-02
  -2.8596435e-02
  -3.1778820e-02
  -4.3509886e-02
  -6.0961636e-03
  -1.5304364e-02
  -9.8091736e-03
   6.2566111e-04
   2.7185092e-03
  -2.2809568e-03
  -1.2345998e-02
  -2.3692712e-02
  -3.2919269e-02
  -3.6579791e-02
  -3.3663072e-02
  -2.5281727e-02
  -1.3240129e-02
  -2.2636037e-03
   4.5004259e-03
   6.9454652e-03
  -4.1512125e-03
  -2.8623138e-02
  -3.9313390e-02
  -4.5142664e-02
  -4.5263851e-02
  -3.7879642e-02
  -1.3167655e-02
  -1.6264615e-02
  -0.0000000e+00
   2.1298739e-03
  -2.3055961e-03
  -1.0231701e-02
  -1.7344374e-02
  -2.2074818e-02
  -2.6331023e-02
  -3.0396290e-02
  -3.2816343e-02
  -3.2910533e-02
  -3.2382138e-02
  -3.8994181e-02
  -1.5602297e-02
  -2.0625730e-02
  -1.1796258e-02
  -3.9792247e-03
  -3.3771082e-03
  -8.7538072e-03
  -1.8902927e-02
  -3.0265894e-02
  -3.7312950e-02
  -3.5770572e-02
  -2.6782759e-02
  -1.8899308e-02
  -9.4535684e-03
  -1.1715463e-03
   3.9337720e-03
   7.1597091e-04
  -1.4155310e-02
  -2.7963245e-02
  -2.9913861e-02
  -3.2360744e-02
  -3.0676963e-02
  -2.8677934e-02
  -1.9542794e-03
  -7.3674504e-03
  -1.5410474e-02
   3.9622374e-03
  -9.1390321e-03
  -1.4595916e-02
  -1.8494759e-02
  -2.1506241e-02
  -2.4864836e-02
  -2.7593838e-02
  -2.8518049e-02
  -2.7341660e-02
  -2.0391729e-02
  -1.7065270e-02
  -0.0000000e+00
  -1.6359564e-02
  -6.1452207e-03
  -2.8031510e-03
  -4.8326715e-03
  -1.1065348e-02
  -1.9562224e-02
  -2.7164102e-02
  -2.7768077e-02
  -1.6882746e-02
   3.6037591e-04
   2.1587554e-03
   4.4246665e-03
   5.4419348e-03
   3.9307857e-03
  -5.7577947e-03
  -1.8626766e-02
  -9.7184626e-03
  -1.5501863e-03
  -9.4274441e-03
  -9.5457494e-03
   0.0000000e+00
   7.1379767e-03
  -5.8412815e-03
  -6.2098806e-03
  -6.6237524e-03
  -1.3339823e-02
  -1.2868471e-02
  -1.3149098e-02
  -1.4383243e-02
  -1.6464587e-02
  -1.8391350e-02
  -1.9074900e-02
  -1.6557889e-02
  -2.8870336e-03
   1.0383094e-02
   0.0000000e+00
  -8.3643787e-03
  -8.5928357e-04
  -2.9622586e-03
  -6.4813253e-03
  -1.0541293e-02
  -1.4015729e-02
  -1.3382615e-02
  -3.7011211e-03
   6.9874022e-03
   1.1107611e-02
   2.3844826e-03
  -7.7877456e-04
  -4.5571066e-03
  -6.5391815e-03
  -1.0558159e-02
  -1.2866382e-02
   1.8662158e-02
   0.0000000e+00
   0.0000000e+00
   0.0000000e+00
   0.0000000e+00
   5.2799106e-03
  -3.1779150e-03
   9.2971244e-04
  -3.4417331e-03
  -5.2655390e-03
  -3.3183051e-03
  -3.1792123e-03
  -4.3706899e-03
  -6.5151341e-03
  -9.5869480e-03
  -1.1119900e-02
  -6.8124617e-03
   1.3166782e-02
   3.6045488e-02
   0.0000000e+00
  -0.0000000e+00
  -5.0488376e-03
  -1.0366730e-02
  -8.1320312e-03
  -6.4140595e-03
  -4.3801367e-03
   6.7766914e-03
   2.3373972e-02
   0.0000000e+00
   6.4179926e-03
   1.3710338e-03
  -5.4836837e-03
  -7.1761808e-03
  -4.4972566e-03
  -1.7140260e-03
   3.4456854e-03
   4.6397466e-02
   0.0000000e+00
   0.0000000e+00
   0.0000000e+00
   0.0000000e+00
   3.6792349e-03
   3.4057018e-03
   8.0414871e-03
   5.4963655e-03
   6.9027524e-03
   7.7648670e-03
   7.3934719e-03
   5.1570958e-03
   1.7843791e-03
  -3.3337718e-03
  -5.0290613e-03
   1.5038651e-03
   2.7370758e-02
   5.3062942e-02
   0.0000000e+00
   0.0000000e+00
  -1.5431377e-02
  -1.8991923e-02
  -6.4742877e-03
  -5.9768982e-04
   6.1296141e-03
   3.1294376e-02
   6.4317003e-02
   0.0000000e+00
   5.4543920e-03
   4.5861993e-03
  -4.3706223e-03
   7.2002405e-04
   6.8758386e-03
   1.3084869e-02
   2.2961112e-02
   6.6023655e-02
   0.0000000e+00
   0.0000000e+00
   0.0000000e+00
   0.0000000e+00
   1.0767179e-02
   1.3990620e-02
   1.6354907e-02
   1.5786074e-02
   1.6547535e-02
   1.6247315e-02
   1.4757130e-02
   1.1090908e-02
   5.8979942e-03
  -5.0652720e-04
  -6.2337260e-04
   9.2594465e-03
   3.7628278e-02
   4.5550149e-02
   0.0000000e+00
   0.0000000e+00
  -2.6926451e-02
  -2.5288578e-02
  -3.6453907e-03
   4.3103015e-03
   1.6677983e-02
   5.5670317e-02
   0.0000000e+00
   0.0000000e+00
   1.2584239e-02
   6.3530646e-03
   6.5985863e-04
   1.0861035e-02
   1.8186511e-02
   2.5658453e-02
   3.8430382e-02
   7.6407731e-02
   7.7629983e-02
   0.0000000e+00
   0.0000000e+00
   0.0000000e+00
   2.2378004e-02
   2.3746306e-02
   2.4199892e-02
   2.4075149e-02
   2.3519946e-02
   2.1647854e-02
   1.8008046e-02
   1.2428168e-02
   5.5728555e-03
   3.8473494e-04
   4.2035170e-03
   1.8484589e-02
   4.6684764e-02
   4.9225892e-02
   0.0000000e+00
   0.0000000e+00
  -0.0000000e+00
  -2.5147914e-02
  -9.5549598e-04
   9.8153735e-03
   2.9382404e-02
   7.7344209e-02
   0.0000000e+00
   0.0000000e+00
   0.0000000e+00
   9.5900658e-03
   6.9116676e-03
   1.8944120e-02
   2.7718762e-02
   3.7166256e-02
   5.2951191e-02
   7.3986068e-02
   4.7120975e-02
   0.0000000e+00
   0.0000000e+00
   0.0000000e+00
   2.9300826e-02
   2.9286580e-02
   2.8984407e-02
   2.7756648e-02
   2.5753332e-02
   2.1911848e-02
   1.6109677e-02
   9.2283702e-03
   2.8523032e-03
   1.9418451e-03
   1.0931574e-02
   2.9045785e-02
   5.4902658e-02
   4.8763339e-02
   0.0000000e+00
   0.0000000e+00
   0.0000000e+00
  -1.4354952e-02
   3.6313618e-03
   1.7843395e-02
   4.2323146e-02
   8.2724832e-02
   0.0000000e+00
   0.0000000e+00
   0.0000000e+00
   0.0000000e+00
   1.6289180e-02
   2.5962489e-02
   3.6579527e-02
   4.8860103e-02
   6.4298362e-02
   6.0832374e-02
   2.4906883e-02
  -7.2148640e-04
   0.0000000e+00
   3.4677643e-02
   3.2647751e-02
   3.0554552e-02
   2.7807059e-02
   2.4638681e-02
   2.1124303e-02
   1.5867917e-02
   9.0256492e-03
   2.8137332e-03
   5.6605798e-04
   7.1183285e-03
   2.1622818e-02
   4.1901104e-02
   6.4792976e-02
   0.0000000e+00
   0.0000000e+00
   0.0000000e+00
   0.0000000e+00
  -9.1410646e-04
   1.4152456e-02
   3.0533109e-02
   5.3177517e-02
   6.8788365e-02
   0.0000000e+00
   0.0000000e+00
   0.0000000e+00
   2.9467268e-03
   2.9527177e-02
   3.4624930e-02
   4.6919134e-02
   6.0255736e-02
   6.7948662e-02
   4.3989379e-02
   1.7754434e-02
   3.6872111e-03
   1.5405169e-02
   2.7475835e-02
   2.6293792e-02
   2.2566598e-02
   1.7094858e-02
   1.3355734e-02
   1.0028357e-02
   5.4508890e-03
   4.7934178e-04
  -1.2806178e-03
   3.4762789e-03
   1.5423772e-02
   3.1112483e-02
   4.9256060e-02
   6.4315617e-02
   0.0000000e+00
   0.0000000e+00
   0.0000000e+00
   0.0000000e+00
   1.1524318e-02
   2.5589947e-02
   3.9352667e-02
   5.3453721e-02
   5.2675825e-02
   0.0000000e+00
   0.0000000e+00
   0.0000000e+00
   1.2173606e-02
   3.8929402e-02
   4.0388599e-02
   5.1827263e-02
   6.0883000e-02
   5.8189154e-02
   2.8181205e-02
   1.3819210e-02
   1.1197837e-02
   1.8406776e-02
   0.0000000e+00
   1.3559626e-02
   7.0408862e-03
   9.7211060e-04
  -2.0440603e-03
  -4.2691194e-03
  -6.2286179e-03
  -5.6232843e-03
  -4.6865811e-05
   1.0409902e-02
   2.3652360e-02
   3.6266632e-02
   4.7356892e-02
   5.2680388e-02
   0.0000000e+00
   0.0000000e+00
   0.0000000e+00
   0.0000000e+00
   2.7769675e-02
   3.5167333e-02
   4.3489151e-02
   4.8775662e-02
   4.0112022e-02
   0.0000000e+00
   0.0000000e+00
   0.0000000e+00
   2.4401175e-02
   4.0639851e-02
   4.0674642e-02
   4.7912087e-02
   5.0644577e-02
   4.0848512e-02
   1.4269930e-02
   6.8706123e-03
   8.8256496e-03
   1.2668997e-02
   3.7897731e-03
  -9.2492322e-04
  -1.0092706e-02
  -1.4876854e-02
  -1.6992720e-02
  -1.7348379e-02
  -1.5472054e-02
  -9.3189534e-03
   9.0056431e-04
   1.3351246e-02
   2.5662636e-02
   3.4245957e-02
   3.7717197e-02
   3.3863552e-02
   0.0000000e+00
   0.0000000e+00
   0.0000000e+00
   0.0000000e+00
   4.3893248e-02
   4.0790774e-02
   4.3643475e-02
   4.2896159e-02
   3.0282290e-02
   0.0000000e+00
   0.0000000e+00
   0.0000000e+00
   3.2127299e-02
   3.4946673e-02
   3.4150612e-02
   3.6530238e-02
   3.3990391e-02
   2.1281512e-02
   0.0000000e+00
   0.0000000e+00
  -3.0608755e-05
  -1.1896086e-04
   3.9449595e-03
  -8.3445068e-03
  -1.6447620e-02
  -1.9208344e-02
  -1.9797824e-02
  -1.8144929e-02
  -1.3997369e-02
  -6.9015706e-03
   2.1459380e-03
   1.2124364e-02
   2.1233773e-02
   2.6679255e-02
   2.6393473e-02
   1.5764923e-02
   0.0000000e+00
   0.0000000e+00
   0.0000000e+00
   2.1453350e-02
   4.2530492e-02
   3.7991077e-02
   3.8834805e-02
   3.6017839e-02
   2.5987565e-02
   0.0000000e+00
   0.0000000e+00
   0.0000000e+00
   3.1689140e-02
   2.2150492e-02
   2.2711150e-02
   2.2314889e-02
   1.8296508e-02
   8.9490619e-03
   1.1609394e-03
   0.0000000e+00
  -2.8725802e-03
  -4.0648787e-03
   3.9498574e-03
  -4.9613640e-03
  -8.7278970e-03
  -1.0442639e-02
  -1.0813559e-02
  -9.2201876e-03
  -5.3073629e-03
   7.4823748e-04
   7.4440823e-03
   1.4095649e-02
   1.9894555e-02
   2.2790797e-02
   1.8868001e-02
   7.4387994e-03
   0.0000000e+00
   0.0000000e+00
   0.0000000e+00
   6.6485917e-03
   3.4124948e-02
   3.8419854e-02
   3.9238993e-02
   3.4271874e-02
   2.1159011e-02
   0.0000000e+00
   0.0000000e+00
   0.0000000e+00
   2.5109237e-02
   1.4919726e-02
   1.3309921e-02
   1.0954428e-02
   9.7361906e-03
   3.6716716e-03
   3.2838646e-04
   0.0000000e+00
  -1.9675673e-03
  -3.4482630e-03
   3.5748807e-04
  -3.9238851e-03
  -6.0362619e-03
  -6.7265782e-03
  -6.2945637e-03
  -4.2818098e-03
   9.7132503e-05
   7.2309421e-03
   1.4580595e-02
   1.9721991e-02
   2.1634764e-02
   1.8404511e-02
   8.3487370e-03
  -1.1142705e-03
  -0.0000000e+00
   0.0000000e+00
   0.0000000e+00
   6.5697362e-03
   2.8009470e-02
   3.4403559e-02
   3.5251084e-02
   3.1652408e-02
   2.2189563e-02
   0.0000000e+00
   0.0000000e+00
   0.0000000e+00
   0.0000000e+00
   1.2404118e-02
   4.0230057e-03
   1.6485329e-03
   6.3421296e-03
   3.4903499e-03
  -6.7443902e-03
  -4.8629667e-03
  -3.2230700e-03
  -6.0873656e-03
  -9.8195020e-03
  -1.5884131e-02
  -2.0682734e-02
  -2.3353208e-02
  -2.3059448e-02
  -1.9775541e-02
  -1.3667271e-02
  -4.9758018e-03
   3.7381728e-03
   9.3386536e-03
   9.1609135e-03
   1.5401018e-03
  -6.5553100e-03
  -1.2740026e-02
  -0.0000000e+00
   0.0000000e+00
  -1.0611597e-02
  -4.5078728e-03
   4.7368980e-03
   1.1230203e-02
   1.9284731e-02
   0.0000000e+00
   0.0000000e+00
   0.0000000e+00
   0.0000000e+00
   0.0000000e+00
   0.0000000e+00
   1.0230271e-02
  -2.4562620e-03
  -3.2438562e-03
   1.0762038e-02
   6.1773459e-03
  -9.7311265e-03
  -3.9658473e-03
  -3.9068650e-03
  -7.2464212e-03
  -1.3087958e-02
  -2.1643866e-02
  -3.0758187e-02
  -3.8946398e-02
  -4.4469219e-02
  -4.5765724e-02
  -4.2702790e-02
  -3.5064500e-02
  -2.4357475e-02
  -1.3438839e-02
  -6.8140733e-03
  -9.8525919e-03
  -1.6205421e-02
  -1.2646789e-02
   0.0000000e+00
   0.0000000e+00
  -1.1810448e-02
  -1.7555984e-02
  -1.8633470e-02
  -1.2221825e-02
   4.9206241e-03
   0.0000000e+00
   0.0000000e+00
   0.0000000e+00
   0.0000000e+00
   0.0000000e+00
   0.0000000e+00
   3.3991061e-02
  -4.6553870e-04
  -1.0232863e-02
   2.2897176e-02
   1.4068517e-02
   0.0000000e+00
  -5.3679656e-04
  -3.0580717e-03
  -5.9381411e-03
  -9.8377643e-03
  -1.7121039e-02
  -2.6061872e-02
  -3.5631999e-02
  -4.4963129e-02
  -5.1720783e-02
  -5.4750126e-02
  -5.2616790e-02
  -4.4390686e-02
  -3.0687030e-02
  -1.4891449e-02
  -7.6999962e-03
  -2.2109214e-02
  -0.0000000e+00
  -2.3033090e-02
  -2.8584716e-05
  -1.1487877e-02
  -2.3690967e-02
  -3.1560775e-02
  -3.2197244e-02
  -0.0000000e+00
   0.0000000e+00
   0.0000000e+00
   0.0000000e+00
   0.0000000e+00
   0.0000000e+00
   0.0000000e+00
   5.1750178e-02
   9.3019940e-03
  -0.0000000e+00
   2.4771524e-02
   2.0049728e-02
  -0.0000000e+00
  -4.8538431e-03
  -3.9358139e-03
  -5.8692193e-03
  -6.3922461e-03
  -9.3638422e-03
  -1.4822647e-02
  -2.2225769e-02
  -3.0604286e-02
  -3.8560371e-02
  -4.5698036e-02
  -5.1034506e-02
  -5.0626037e-02
  -4.0448595e-02
  -2.1535067e-02
  -4.2079789e-03
  -0.0000000e+00
  -2.4052174e-02
  -1.6427621e-02
  -7.5174257e-04
  -1.1155389e-02
  -2.4249836e-02
  -3.8545500e-02
  -5.2587241e-02
  -0.0000000e+00
   0.0000000e+00
   0.0000000e+00
   0.0000000e+00
   0.0000000e+00
   0.0000000e+00
   0.0000000e+00
   6.1290811e-02
   1.7460829e-02
  -0.0000000e+00
   2.7964073e-02
   2.6046867e-02
  -0.0000000e+00
  -1.3708068e-02
  -8.1223026e-03
  -6.7373267e-03
  -5.4487991e-03
  -4.6229758e-03
  -6.1519491e-03
  -1.0915609e-02
  -1.7282270e-02
  -2.3815198e-02
  -3.1197527e-02
  -4.0686958e-02
  -4.7717575e-02
  -4.3626696e-02
  -2.6593510e-02
  -0.0000000e+00
   0.0000000e+00
  -1.5697636e-02
  -1.1270737e-02
  -2.7229968e-03
  -7.2446805e-03
  -1.8542755e-02
  -3.6926545e-02
  -6.5664150e-02
  -0.0000000e+00
   0.0000000e+00
   0.0000000e+00
   0.0000000e+00
   0.0000000e+00
   0.0000000e+00
   0.0000000e+00
   0.0000000e+00
   0.0000000e+00
  -0.0000000e+00
   0.0000000e+00
   0.0000000e+00
   0.0000000e+00
  -0.0000000e+00
  -1.5347592e-02
  -6.3403053e-03
  -4.0765004e-03
  -2.5374377e-03
  -2.0952015e-03
  -5.2488437e-03
  -1.0681343e-02
  -1.6076991e-02
  -2.2134677e-02
  -3.2151572e-02
  -4.2974845e-02
  -4.3947399e-02
  -2.8235886e-02
  -0.0000000e+00
  -7.7815751e-03
  -1.5298914e-02
  -7.9694809e-03
  -2.6879532e-03
  -3.5052700e-03
  -1.1882667e-02
  -3.0982072e-02
  -6.7211397e-02
  -8.5925773e-02
   0.0000000e+00
   0.0000000e+00
   0.0000000e+00
   0.0000000e+00
   0.0000000e+00
   0.0000000e+00
   0.0000000e+00
   0.0000000e+00
   0.0000000e+00
   0.0000000e+00
   0.0000000e+00
   0.0000000e+00
   0.0000000e+00
  -1.8836894e-02
  -9.2390718e-03
  -1.1051242e-03
   2.6023683e-03
   3.3700965e-03
   7.6471912e-04
  -4.3028132e-03
  -9.5385711e-03
  -1.4859841e-02
  -2.4869381e-02
  -3.9976041e-02
  -4.6236290e-02
  -2.9902589e-02
  -0.0000000e+00
   0.0000000e+00
  -1.3562710e-02
  -7.0961981e-03
   2.3502443e-04
   8.2277252e-04
  -3.9554667e-03
  -1.9817080e-02
  -5.4652155e-02
  -8.2411760e-02
   0.0000000e+00
   0.0000000e+00
   0.0000000e+00
   0.0000000e+00
   0.0000000e+00
   0.0000000e+00
   0.0000000e+00
   0.0000000e+00
   0.0000000e+00
   0.0000000e+00
   0.0000000e+00
   0.0000000e+00
   0.0000000e+00
  -2.2296309e-02
  -1.6358880e-02
  -5.0216387e-03
   9.5304772e-03
   1.1796052e-02
   8.2621612e-03
   2.6061567e-03
  -2.6876931e-03
  -7.6957736e-03
  -1.7314160e-02
  -3.7347112e-02
  -4.9406305e-02
  -0.0000000e+00
   0.0000000e+00
   0.0000000e+00
   0.0000000e+00
  -7.0783267e-03
   2.5512062e-03
   5.0353426e-03
   2.3956902e-03
  -8.4021036e-03
  -3.8230620e-02
  -7.1197911e-02
   0.0000000e+00
   0.0000000e+00
   0.0000000e+00
   0.0000000e+00
   0.0000000e+00
   0.0000000e+00
   0.0000000e+00
   0.0000000e+00
   0.0000000e+00
   0.0000000e+00
   0.0000000e+00
   0.0000000e+00
   0.0000000e+00
  -0.0000000e+00
  -0.0000000e+00
  -1.3189089e-02
   1.3342140e-02
   2.1453898e-02
   1.8157462e-02
   1.0672008e-02
   4.5575681e-03
  -3.2920716e-04
  -8.6154994e-03
  -3.2445151e-02
  -5.2581604e-02
   0.0000000e+00
   0.0000000e+00
   0.0000000e+00
   0.0000000e+00
  -7.1960246e-03
   1.3616026e-03
   8.2486616e-03
   6.9113062e-03
  -3.6458252e-04
  -2.3421032e-02
  -5.5760950e-02
   0.0000000e+00
   0.0000000e+00
  -0.0000000e+00
  -0.0000000e+00
  -0.0000000e+00
   0.0000000e+00
   0.0000000e+00
   0.0000000e+00
   0.0000000e+00
   0.0000000e+00
   0.0000000e+00
   0.0000000e+00
   0.0000000e+00
   0.0000000e+00
  -2.6690463e-02
  -3.0509738e-02
   8.6425235e-03
   2.3590253e-02
   2.3618210e-02
   1.6815711e-02
   1.0574865e-02
   6.1706160e-03
   1.4399586e-05
  -2.3562062e-02
  -4.6685624e-02
   0.0000000e+00
   0.0000000e+00
   0.0000000e+00
   0.0000000e+00
  -0.0000000e+00
  -1.9615369e-03
   7.5771762e-03
   8.0079995e-03
   2.9466143e-03
  -1.3755471e-02
  -4.2089335e-02
   0.0000000e+00
  -0.0000000e+00
  -0.0000000e+00
  -0.0000000e+00
   0.0000000e+00
   0.0000000e+00
   0.0000000e+00
   0.0000000e+00
   0.0000000e+00
   0.0000000e+00
   0.0000000e+00
   0.0000000e+00
   0.0000000e+00
   0.0000000e+00
  -2.8030028e-02
  -3.6640900e-02
  -4.8221457e-03
   1.5222587e-02
   2.0154215e-02
   1.8131096e-02
   1.4091862e-02
   1.0921245e-02
   8.1622172e-03
  -7.3800846e-03
  -0.0000000e+00
   0.0000000e+00
   0.0000000e+00
   0.0000000e+00
   0.0000000e+00
  -0.0000000e+00
  -3.7233803e-03
   4.0508290e-03
   5.8710980e-03
   3.2204450e-03
  -6.8066963e-03
  -2.4047424e-02
   0.0000000e+00
  -0.0000000e+00
  -0.0000000e+00
   0.0000000e+00
  -0.0000000e+00
  -0.0000000e+00
  -0.0000000e+00
   0.0000000e+00
   0.0000000e+00
   0.0000000e+00
   0.0000000e+00
   0.0000000e+00
   0.0000000e+00
   0.0000000e+00
  -0.0000000e+00
  -3.1868944e-02
  -7.4698818e-03
   9.9318314e-03
   1.6950293e-02
   1.6886976e-02
   1.3663605e-02
   1.1517378e-02
   1.2629482e-02
   7.3046745e-03
   0.0000000e+00
   0.0000000e+00
   0.0000000e+00
   0.0000000e+00
   0.0000000e+00
   0.0000000e+00
   0.0000000e+00
   3.5748754e-03
   7.2388231e-03
   1.0205302e-02
   3.2061406e-03
  -4.2925736e-03
   2.1015451e-03
   0.0000000e+00
   0.0000000e+00
   0.0000000e+00
  -0.0000000e+00
   0.0000000e+00
   0.0000000e+00
   0.0000000e+00
   0.0000000e+00
   0.0000000e+00
   0.0000000e+00
   0.0000000e+00
   0.0000000e+00
   0.0000000e+00
   0.0000000e+00
  -3.4157900e-02
  -8.0596526e-03
  -4.2910635e-03
   6.1859728e-03
   7.1075168e-03
   3.8904911e-03
   4.6984618e-03
   1.2520798e-02
   1.7034326e-02
   0.0000000e+00
   0.0000000e+00
   0.0000000e+00
   0.0000000e+00
   0.0000000e+00
   0.0000000e+00
   0.0000000e+00
  -1.6317874e-02
  -4.3988759e-03
   1.0553877e-02
   1.1754600e-02
   9.6281349e-03
   0.0000000e+00
   0.0000000e+00
   0.0000000e+00
   0.0000000e+00
   0.0000000e+00
   0.0000000e+00
   0.0000000e+00
   0.0000000e+00
   0.0000000e+00
   0.0000000e+00
   0.0000000e+00
   0.0000000e+00
   0.0000000e+00
   0.0000000e+00
   0.0000000e+00
  -0.0000000e+00
  -0.0000000e+00
  -2.7351254e-02
  -1.8951401e-02
  -1.5649907e-02
  -9.9528669e-03
  -0.0000000e+00
   0.0000000e+00
   0.0000000e+00
   0.0000000e+00
   0.0000000e+00
   0.0000000e+00
   0.0000000e+00
  -0.0000000e+00
  -0.0000000e+00
   0.0000000e+00
  -4.1750565e-02
  -2.9310787e-02
  -7.6795695e-03
   6.5408228e-03
   1.5741017e-02
   2.9567713e-02
   2.2834902e-02
   0.0000000e+00
   0.0000000e+00
   0.0000000e+00
   0.0000000e+00
   0.0000000e+00
   0.0000000e+00
   0.0000000e+00
   0.0000000e+00
   0.0000000e+00
   0.0000000e+00
   0.0000000e+00
   0.0000000e+00
   0.0000000e+00
   0.0000000e+00
   0.0000000e+00
  -0.0000000e+00
  -0.0000000e+00
  -0.0000000e+00
  -0.0000000e+00
   0.0000000e+00
   0.0000000e+00
   0.0000000e+00
   0.0000000e+00
   0.0000000e+00
   0.0000000e+00
   0.0000000e+00
  -0.0000000e+00
  -0.0000000e+00
  -2.5724158e-02
  -2.5302943e-02
  -0.0000000e+00
  -6.1309155e-02
  -4.7492851e-02
  -2.0977372e-02
   4.5783138e-03
   3.0976256e-02
   0.0000000e+00
   0.0000000e+00
   0.0000000e+00
   0.0000000e+00
   0.0000000e+00
   0.0000000e+00
   0.0000000e+00
   0.0000000e+00
   0.0000000e+00
   0.0000000e+00
   4.6490986e-03
   6.7120287e-03
   7.5684872e-03
   0.0000000e+00
  -3.2951132e-03
  -7.7431768e-03
  -1.0813364e-02
  -1.8453394e-02
  -1.6644936e-02
  -1.1500084e-02
  -9.6014876e-03
  -9.4979714e-03
  -8.1694085e-03
  -1.0840976e-02
  -1.3228883e-02
  -1.4267325e-02
   0.0000000e+00
  -1.0289624e-02
  -1.0873271e-02
  -0.0000000e+00
   0.0000000e+00
   0.0000000e+00
  -0.0000000e+00
  -7.4053398e-02
  -3.5879657e-02
  -9.5730411e-03
   3.6937410e-03
   8.5504159e-03
   5.8733921e-03
   2.8145548e-03
  -2.9315462e-03
  -6.6539724e-03
  -6.1331942e-03
  -3.1301372e-03
   0.0000000e+00
