   0.0000000e+00
   0.0000000e+00
   0.0000000e+00
   0.0000000e+00
   0.0000000e+00
   0.0000000e+00
   1.4453631e-02
   1.2579733e-02
   9.1119261e-03
   6.0794629e-03
  -7.1771092e-05
  -4.1422780e-03
   0.0000000e+00
   0.0000000e+00
   0.0000000e+00
   0.0000000e+00
   0.0000000e+00
   0.0000000e+00
   0.0000000e+00
   0.0000000e+00
   0.0000000e+00
   0.0000000e+00
   0.0000000e+00
   0.0000000e+00
   0.0000000e+00
   0.0000000e+00
   0.0000000e+00
   0.0000000e+00
   0.0000000e+00
   0.0000000e+00
   0.0000000e+00
   1.2496875e-02
   9.6784225e-03
   9.3176223e-03
   5.6499933e-03
   6.2588115e-03
   7.7916467e-03
   0.0000000e+00
   0.0000000e+00
   0.0000000e+00
   1.4515328e-02
   1.3001379e-02
   1.6802184e-02
   1.3978484e-02
  -3.0290301e-04
   0.0000000e+00
   4.4544680e-03
  -2.6436187e-03
  -7.0372649e-03
  -7.2634504e-03
  -6.2744905e-03
  -0.0000000e+00
   0.0000000e+00
   0.0000000e+00
   0.0000000e+00
   0.0000000e+00
   0.0000000e+00
   0.0000000e+00
   0.0000000e+00
   0.0000000e+00
   0.0000000e+00
   0.0000000e+00
   0.0000000e+00
   0.0000000e+00
   0.0000000e+00
   0.0000000e+00
   0.0000000e+00
   0.0000000e+00
   1.6247025e-02
   1.1183334e-02
   7.1306732e-03
   1.1462300e-02
   2.7663104e-03
   1.0884704e-03
   3.2196414e-03
   5.8868524e-03
   6.0352646e-03
   5.2678236e-03
   4.5097917e-03
   3.4074355e-03
  -7.2843373e-04
  -1.1674851e-02
   0.0000000e+00
  -5.0006823e-03
  -8.8122419e-03
  -7.4613361e-03
  -6.2252713e-03
  -0.0000000e+00
   0.0000000e+00
   0.0000000e+00
   0.0000000e+00
   0.0000000e+00
   0.0000000e+00
   0.0000000e+00
   0.0000000e+00
   0.0000000e+00
   0.0000000e+00
   0.0000000e+00
   0.0000000e+00
   0.0000000e+00
   0.0000000e+00
   0.0000000e+00
   0.0000000e+00
   0.0000000e+00
   1.1459974e-02
   1.0336361e-02
   7.8637768e-03
   5.6012226e-03
  -3.9600730e-03
  -2.8510608e-03
  -1.9403883e-03
  -7.4855011e-04
  -1.7317388e-03
  -3.0402944e-03
  -4.0135216e-03
  -4.8007346e-03
  -5.3876103e-03
  -4.7660073e-03
  -1.6665224e-03
  -7.2720119e-03
   0.0000000e+00
   0.0000000e+00
   0.0000000e+00
   0.0000000e+00
   0.0000000e+00
   0.0000000e+00
   0.0000000e+00
   0.0000000e+00
   0.0000000e+00
  -0.0000000e+00
  -0.0000000e+00
   0.0000000e+00
   0.0000000e+00
   0.0000000e+00
   0.0000000e+00
   0.0000000e+00
   0.0000000e+00
   0.0000000e+00
   0.0000000e+00
   0.0000000e+00
   1.2056275e-02
   5.3633628e-03
   7.5276676e-03
  -1.9546181e-03
  -1.1738253e-02
  -7.6635899e-03
  -6.2881666e-03
  -5.7115718e-03
  -7.5733899e-03
  -8.8964785e-03
  -9.3725054e-03
  -9.6023036e-03
  -8.9347437e-03
  -6.3443296e-03
  -7.2029302e-03
  -6.5104552e-03
   0.0000000e+00
   0.0000000e+00
   0.0000000e+00
   0.0000000e+00
   0.0000000e+00
   0.0000000e+00
   0.0000000e+00
   0.0000000e+00
  -0.0000000e+00
  -4.1607747e-03
  -9.2172477e-03
   0.0000000e+00
   0.0000000e+00
   0.0000000e+00
   0.0000000e+00
   0.0000000e+00
   0.0000000e+00
   0.0000000e+00
   0.0000000e+00
   0.0000000e+00
   1.0834620e-02
   1.1081716e-02
  -1.0624180e-03
  -1.2181128e-02
  -1.4716384e-02
  -9.6466761e-03
  -7.7842851e-03
  -7.9560359e-03
  -8.8967826e-03
  -9.1839546e-03
  -9.3844734e-03
  -9.6693389e-03
  -8.8022120e-03
  -6.7101009e-03
  -5.3552942e-03
   4.7103742e-04
   5.3089400e-03
   0.0000000e+00
   0.0000000e+00
   0.0000000e+00
   0.0000000e+00
   0.0000000e+00
   0.0000000e+00
  -0.0000000e+00
  -7.2242279e-03
  -1.0700014e-02
  -7.5209960e-03
   0.0000000e+00
   0.0000000e+00
   0.0000000e+00
  -0.0000000e+00
  -1.3775035e-02
  -8.6183034e-03
   0.0000000e+00
   0.0000000e+00
   0.0000000e+00
   1.3117402e-02
   1.0488568e-02
  -1.3871810e-02
  -1.9850825e-02
  -1.1978744e-02
  -7.6100151e-03
  -5.7870634e-03
  -6.0463990e-03
  -5.7429345e-03
  -5.5296975e-03
  -5.7461616e-03
  -6.8866471e-03
  -6.7944671e-03
  -5.4890104e-03
  -3.1496503e-03
   4.4810530e-03
   9.3211820e-03
   0.0000000e+00
   0.0000000e+00
   0.0000000e+00
   0.0000000e+00
   0.0000000e+00
   0.0000000e+00
  -1.4852032e-02
  -1.4352249e-02
  -1.2943036e-02
  -2.6004673e-03
   0.0000000e+00
   0.0000000e+00
   0.0000000e+00
  -1.9142671e-02
  -1.1507091e-02
  -1.7808443e-03
   0.0000000e+00
   0.0000000e+00
   0.0000000e+00
   1.3836807e-02
  -1.1169659e-03
  -1.9738603e-02
  -1.8163025e-02
  -5.8484296e-03
  -2.5285920e-03
  -9.6209085e-04
  -6.1454624e-04
   1.2986267e-04
   2.5943076e-04
  -8.0061378e-04
  -3.1559346e-03
  -3.5085469e-03
  -2.5577312e-03
  -3.5748639e-04
   6.9436767e-03
   1.5853637e-02
   8.3327158e-03
   1.1948292e-02
   0.0000000e+00
  -0.0000000e+00
  -8.0796311e-03
  -1.5589657e-02
  -1.5549903e-02
  -1.5025287e-02
  -6.7970413e-03
   4.5578620e-03
   2.3575919e-03
   1.5121728e-03
  -2.5180101e-03
  -8.5833574e-03
  -3.3859136e-03
   9.6002302e-03
   0.0000000e+00
   0.0000000e+00
   0.0000000e+00
   6.4262520e-03
  -9.5159598e-03
  -1.4016140e-02
  -1.0021874e-02
   2.1420945e-04
   2.4678819e-03
   3.7347106e-03
   4.3538641e-03
   5.2145510e-03
   5.0328881e-03
   2.5592567e-03
   3.0260053e-06
  -6.8989757e-05
   4.2913907e-04
   1.6718410e-03
   7.1420325e-03
   1.5467401e-02
   1.5773403e-02
   1.8957973e-02
   0.0000000e+00
  -0.0000000e+00
  -1.1713323e-02
  -1.2904576e-02
  -9.0898545e-03
  -7.6297540e-03
   2.1214825e-03
   9.5647201e-03
   9.8913945e-03
   8.1825852e-03
   4.8989807e-03
  -1.1425224e-03
   3.4425226e-03
   1.9038434e-02
   0.0000000e+00
   0.0000000e+00
   0.0000000e+00
  -1.5725289e-04
  -7.4799983e-03
  -5.1944624e-03
  -2.2243708e-03
   6.4306138e-03
   7.7071455e-03
   8.9698322e-03
   9.9527389e-03
   1.0480523e-02
   8.5096760e-03
   5.3699785e-03
   3.4266158e-03
   3.2587203e-03
   2.6892975e-03
   3.3604056e-03
   8.3181318e-03
   1.4108252e-02
   2.3289470e-02
   3.4581015e-02
   0.0000000e+00
   0.0000000e+00
  -2.3940771e-02
  -2.1614615e-02
  -0.0000000e+00
   2.6994303e-03
   1.2314931e-02
   1.9076820e-02
   1.7544461e-02
   1.0557733e-02
   7.1127191e-03
   3.3680594e-03
   1.2444320e-02
   2.6980273e-02
   0.0000000e+00
   0.0000000e+00
   0.0000000e+00
  -4.0220781e-03
  -6.6408317e-04
   3.8737473e-03
   5.3494982e-03
   9.7800838e-03
   1.1012857e-02
   1.2669140e-02
   1.3549351e-02
   1.2491410e-02
   9.0751583e-03
   6.1349533e-03
   4.6234326e-03
   3.9674621e-03
   3.0460681e-03
   4.4967416e-03
   1.1291949e-02
   1.8535268e-02
   0.0000000e+00
   4.0409987e-02
   0.0000000e+00
   0.0000000e+00
  -0.0000000e+00
  -2.2065573e-02
   3.0171347e-03
   1.0535528e-02
   1.8356323e-02
   2.8753402e-02
   2.3347334e-02
   1.0334215e-02
   6.9074803e-03
   7.2670118e-03
   1.9378986e-02
   3.4943381e-02
   0.0000000e+00
   0.0000000e+00
   0.0000000e+00
  -3.0322493e-03
   4.5238375e-03
   8.7587908e-03
   9.3092378e-03
   1.2246831e-02
   1.3457463e-02
   1.4385906e-02
   1.4026904e-02
   1.0388616e-02
   6.4513697e-03
   3.7294065e-03
   2.7009470e-03
   2.3077831e-03
   2.4965957e-03
   6.2005413e-03
   1.4085242e-02
   1.8542760e-02
   1.9626200e-02
   4.7147033e-02
   0.0000000e+00
   0.0000000e+00
  -0.0000000e+00
  -1.6078187e-02
   1.0912561e-02
   1.7131096e-02
   2.3395874e-02
   3.5996974e-02
   4.1209843e-02
   0.0000000e+00
   6.7754368e-03
   9.1497922e-03
   2.2643322e-02
   3.7192679e-02
   3.7755234e-02
   0.0000000e+00
   0.0000000e+00
  -3.6221176e-03
   9.1026258e-03
   1.2295654e-02
   1.1701485e-02
   1.2303626e-02
   1.2129863e-02
   1.1429934e-02
   9.1365417e-03
   4.5209331e-03
   1.4063589e-03
  -4.3087441e-04
  -4.8147410e-04
   2.1353806e-04
   2.3652769e-03
   8.1521980e-03
   1.6073393e-02
   2.1311270e-02
   2.8865393e-02
   5.4263332e-02
   0.0000000e+00
   0.0000000e+00
   0.0000000e+00
  -7.1993271e-03
   1.5124266e-02
   1.9891623e-02
   2.6207063e-02
   3.5881426e-02
   3.7409816e-02
   0.0000000e+00
   0.0000000e+00
   0.0000000e+00
   2.4049027e-02
   3.7556343e-02
   3.6712348e-02
   0.0000000e+00
  -0.0000000e+00
   2.3416154e-03
   1.3167604e-02
   1.3803752e-02
   1.2360307e-02
   8.6184051e-03
   6.7746425e-03
   4.8490493e-03
   2.1712705e-03
  -6.4490811e-04
  -2.0429341e-03
  -2.5397846e-03
  -1.8394470e-03
  -6.8231180e-05
   3.5791104e-03
   1.0224007e-02
   1.8054109e-02
   2.4569402e-02
   3.5871532e-02
   5.6474171e-02
   0.0000000e+00
   0.0000000e+00
   0.0000000e+00
  -0.0000000e+00
   1.4991519e-02
   2.1591403e-02
   2.6045933e-02
   3.0983616e-02
   1.8759947e-02
  -1.6288249e-03
   0.0000000e+00
   0.0000000e+00
   0.0000000e+00
   3.4627713e-02
   3.1838700e-02
   0.0000000e+00
  -0.0000000e+00
   6.4641587e-03
   1.4666178e-02
   1.2348217e-02
   1.0104923e-02
  -5.1634852e-06
  -2.1839014e-03
  -3.5108156e-03
  -4.6171187e-03
  -4.8846086e-03
  -4.3563223e-03
  -3.1048637e-03
  -1.0130528e-03
   1.9148367e-03
   6.2101921e-03
   1.2421324e-02
   1.9039152e-02
   2.5203105e-02
   3.4147758e-02
   4.0804671e-02
   0.0000000e+00
   0.0000000e+00
   0.0000000e+00
   0.0000000e+00
   1.5583038e-02
   2.2461213e-02
   2.3706969e-02
   2.3515578e-02
   1.1026426e-02
  -4.3702310e-04
   6.6740232e-04
   0.0000000e+00
   0.0000000e+00
   2.6241926e-02
   1.4882625e-02
   0.0000000e+00
   2.2835205e-03
   7.1753156e-03
   8.1354771e-03
   4.4739419e-03
   2.0491444e-03
  -1.0594342e-02
  -1.2080973e-02
  -1.2854982e-02
  -1.3153024e-02
  -1.2609727e-02
  -1.1025825e-02
  -7.8389011e-03
  -3.0390497e-03
   1.7262534e-03
   6.4827027e-03
   1.1681944e-02
   1.6697871e-02
   2.0891089e-02
   2.4706878e-02
   2.1285983e-02
   0.0000000e+00
   0.0000000e+00
   0.0000000e+00
   0.0000000e+00
   2.2660275e-02
   2.1024080e-02
   1.9041466e-02
   1.6931668e-02
   8.8158743e-03
   2.3711897e-03
   3.3153452e-03
   4.3721516e-04
   0.0000000e+00
   1.4485345e-02
   3.3903454e-04
  -3.3571751e-03
  -4.7019150e-04
  -1.9050626e-03
  -4.1706073e-03
  -6.8903319e-03
  -8.8178767e-03
  -1.4627336e-02
  -1.5829429e-02
  -1.6757092e-02
  -1.7569445e-02
  -1.7808048e-02
  -1.6821174e-02
  -1.4112105e-02
  -9.2893736e-03
  -4.3262076e-03
   2.5684998e-04
   4.8228195e-03
   9.0006804e-03
   1.2783878e-02
   1.5826397e-02
   1.1576630e-02
   0.0000000e+00
   0.0000000e+00
   0.0000000e+00
   0.0000000e+00
   9.9143311e-03
   1.5210187e-02
   1.0769207e-02
   9.2027923e-03
   6.3990830e-03
   2.5557848e-03
   2.2160928e-03
  -1.4426191e-03
   0.0000000e+00
   0.0000000e+00
  -3.3004144e-03
  -3.9235903e-03
  -6.1497404e-03
  -8.6987680e-03
  -1.0416518e-02
  -1.1867970e-02
  -1.3203045e-02
  -6.7519570e-03
  -7.2114259e-03
  -7.7616456e-03
  -8.4790028e-03
  -8.9886699e-03
  -8.7050469e-03
  -7.4957488e-03
  -5.3024253e-03
  -3.1336212e-03
  -1.2702893e-03
   5.3656846e-04
   2.2727253e-03
   4.6378238e-03
   8.6297336e-03
   6.4695407e-03
  -1.5802002e-03
   0.0000000e+00
   0.0000000e+00
   0.0000000e+00
  -4.2257390e-04
   8.8647630e-03
   2.6064172e-03
   2.4110774e-06
   2.4282196e-03
   4.7859765e-04
  -4.6108899e-04
  -1.0050303e-03
   0.0000000e+00
  -0.0000000e+00
  -2.7739516e-03
  -2.9844529e-03
  -4.8029869e-03
  -5.4136005e-03
  -5.6906252e-03
  -5.9187047e-03
  -6.2895228e-03
   8.2901082e-03
   8.4357680e-03
   8.5372794e-03
   8.6178546e-03
   8.7888491e-03
   9.2777217e-03
   1.0020062e-02
   1.0473136e-02
   9.9954947e-03
   9.0681639e-03
   7.5833379e-03
   5.4887382e-03
   2.3902147e-03
  -1.2274130e-03
   1.4609417e-04
  -2.3429167e-03
   0.0000000e+00
   0.0000000e+00
  -0.0000000e+00
  -4.0140338e-03
   5.5214621e-03
  -1.7224329e-05
  -7.3184390e-03
  -2.5332709e-03
  -2.4315509e-03
  -2.8911430e-03
  -3.2679413e-03
  -8.6333207e-03
   0.0000000e+00
   2.6844867e-03
   4.5642945e-03
   5.7062295e-03
   6.7501060e-03
   7.4833814e-03
   7.9146866e-03
   8.0948323e-03
   1.6351609e-02
   1.7291281e-02
   1.7821919e-02
   1.8037640e-02
   1.8117549e-02
   1.8236553e-02
   1.8094320e-02
   1.6578250e-02
   1.3310932e-02
   9.4454708e-03
   4.7585205e-03
  -5.4341846e-04
  -7.0977383e-03
  -1.4193911e-02
  -7.1535987e-03
   5.3660080e-04
   0.0000000e+00
   0.0000000e+00
  -0.0000000e+00
  -1.0285218e-02
   3.0174118e-03
   1.2455291e-03
  -9.6259583e-03
  -7.1645663e-03
  -5.5452357e-03
  -5.4812524e-03
  -6.4551393e-03
  -9.9694209e-03
  -2.3844228e-03
   5.6785141e-04
   4.2198477e-03
   7.4360580e-03
   1.0072183e-02
   1.2002252e-02
   1.3712090e-02
   1.5110785e-02
   1.1977945e-02
   1.3526722e-02
   1.4199821e-02
   1.4161197e-02
   1.3581593e-02
   1.2624581e-02
   1.0946968e-02
   8.1126951e-03
   4.7277259e-03
   9.9773274e-04
  -3.7320526e-03
  -9.2828227e-03
  -1.6172664e-02
  -2.7254496e-02
  -2.4710823e-02
   0.0000000e+00
   0.0000000e+00
   0.0000000e+00
   0.0000000e+00
  -1.8604983e-02
  -7.1845611e-04
   4.6675210e-03
  -0.0000000e+00
  -1.0835066e-02
  -9.5787393e-03
  -9.4309561e-03
  -1.1293347e-02
  -1.2914342e-02
  -9.9849207e-03
  -6.8752347e-03
  -3.2245170e-03
   2.3580265e-04
   3.1460631e-03
   5.2150385e-03
   7.4176667e-03
   9.8030521e-03
   8.6426584e-04
   3.2699171e-03
   4.6626884e-03
   5.2011712e-03
   5.0461302e-03
   4.1287579e-03
   2.5380116e-03
   3.5477662e-04
  -2.0938343e-03
  -5.2538621e-03
  -9.3051996e-03
  -1.3683478e-02
  -1.9137062e-02
  -3.1078283e-02
  -4.4960252e-02
  -1.5260124e-02
  -1.2408172e-02
  -2.4305097e-02
  -3.0204173e-02
  -2.7335484e-02
  -8.0912989e-03
   4.6640011e-03
  -0.0000000e+00
  -1.3546723e-02
  -1.3988157e-02
  -1.4155556e-02
  -1.6438916e-02
  -1.8854255e-02
  -1.8975111e-02
  -1.6106492e-02
  -1.3025824e-02
  -9.9631799e-03
  -7.2629517e-03
  -5.9006349e-03
  -4.4748313e-03
  -2.0272064e-03
  -1.0218982e-02
  -7.2138626e-03
  -4.6581789e-03
  -2.9971548e-03
  -1.4988803e-03
  -6.8320864e-04
  -6.9442508e-04
  -1.9955691e-03
  -4.0349057e-03
  -7.1001621e-03
  -1.1070319e-02
  -1.5332292e-02
  -2.0764885e-02
  -2.7012931e-02
  -2.8115418e-02
  -1.7927047e-02
  -2.1508640e-02
  -2.6539080e-02
  -3.4909882e-02
  -3.5883136e-02
  -2.6892157e-02
   0.0000000e+00
  -1.4971669e-02
  -1.9483669e-02
  -1.8024720e-02
  -1.7168654e-02
  -1.9124167e-02
  -2.2172157e-02
  -2.4011293e-02
  -2.2725128e-02
  -2.0731999e-02
  -1.8466718e-02
  -1.5918441e-02
  -1.4837082e-02
  -1.4373294e-02
  -1.3007102e-02
  -1.7777871e-02
  -1.5928190e-02
  -1.3300144e-02
  -1.0921760e-02
  -8.1075085e-03
  -5.5908826e-03
  -3.5897675e-03
  -3.8587323e-03
  -5.0661913e-03
  -7.7091474e-03
  -1.1894987e-02
  -1.6371595e-02
  -2.1616895e-02
  -2.7715739e-02
  -2.8089980e-02
  -2.3766249e-02
  -2.6806783e-02
  -3.1964190e-02
  -3.3980515e-02
  -3.7350580e-02
  -3.7772723e-02
  -0.0000000e+00
  -1.3941121e-02
  -2.0434638e-02
  -1.9553918e-02
  -1.7283533e-02
  -1.8436331e-02
  -2.1956729e-02
  -2.5397269e-02
  -2.5700420e-02
  -2.4780069e-02
  -2.3030352e-02
  -2.0502323e-02
  -1.9233463e-02
  -1.9038456e-02
  -1.9130340e-02
  -2.1219756e-02
  -2.0709533e-02
  -1.9347265e-02
  -1.7665925e-02
  -1.5118549e-02
  -1.2446165e-02
  -8.9184269e-03
  -7.3393979e-03
  -7.1943435e-03
  -8.0279792e-03
  -1.1081737e-02
  -1.5420217e-02
  -1.9186707e-02
  -2.2585038e-02
  -2.2769354e-02
  -2.2225998e-02
  -2.5790250e-02
  -2.9613858e-02
  -2.9750418e-02
  -3.3514999e-02
  -3.3481888e-02
   3.2118580e-03
  -1.1449018e-02
  -1.8353473e-02
  -1.8461607e-02
  -1.5397543e-02
  -1.5596676e-02
  -1.9199261e-02
  -2.3625314e-02
  -2.5562162e-02
  -2.5949288e-02
  -2.5005486e-02
  -2.2646919e-02
  -2.1385517e-02
  -2.0848485e-02
  -2.1604171e-02
  -1.9693444e-02
  -1.9630350e-02
  -1.9739049e-02
  -1.9525742e-02
  -1.7822426e-02
  -1.6144603e-02
  -1.3167151e-02
  -1.0358970e-02
  -9.1309771e-03
  -8.4281946e-03
  -9.1185672e-03
  -1.2771955e-02
  -1.5704157e-02
  -1.7541213e-02
  -1.6941983e-02
  -1.7814031e-02
  -2.2279501e-02
  -2.5276681e-02
  -2.4707600e-02
  -2.6655948e-02
  -1.4748609e-02
   1.9031448e-03
  -6.0884962e-03
  -1.2238819e-02
  -1.4207022e-02
  -1.1940181e-02
  -1.1421732e-02
  -1.4342813e-02
  -1.8390534e-02
  -2.1291550e-02
  -2.3022728e-02
  -2.3306163e-02
  -2.1569066e-02
  -2.0255990e-02
  -1.9504871e-02
  -1.9978201e-02
  -1.5557891e-02
  -1.5219921e-02
  -1.5476445e-02
  -1.6217524e-02
  -1.5226477e-02
  -1.4179264e-02
  -1.2572998e-02
  -1.0169059e-02
  -8.3489474e-03
  -7.2557270e-03
  -6.5790536e-03
  -8.7405555e-03
  -1.1363352e-02
  -1.3503359e-02
  -1.2698722e-02
  -1.3269626e-02
  -1.8618077e-02
  -2.2452642e-02
  -1.8972529e-02
  -2.0604359e-02
  -6.8138842e-03
   5.3896122e-03
   5.0470774e-04
  -4.5032757e-03
  -7.0160506e-03
  -6.5509505e-03
  -6.3885790e-03
  -8.6462665e-03
  -1.1812396e-02
  -1.4834582e-02
  -1.7267969e-02
  -1.8465746e-02
  -1.7517965e-02
  -1.5912488e-02
  -1.5386507e-02
  -1.5893007e-02
  -7.8283241e-03
  -7.4270763e-03
  -7.3564365e-03
  -8.3524259e-03
  -8.2710125e-03
  -7.2435318e-03
  -6.6120401e-03
  -5.4377108e-03
  -3.6793912e-03
  -2.1976344e-03
  -1.5604693e-03
  -2.0342732e-03
  -4.0277364e-03
  -6.7308005e-03
  -8.0813598e-03
  -7.6748743e-03
  -1.3711507e-02
  -1.8881429e-02
  -1.2694296e-02
  -8.8645424e-03
   1.1688327e-02
   1.4784311e-02
   1.1239047e-02
   6.9737691e-03
   5.4833684e-03
   4.4331532e-03
   2.8868662e-03
   1.3095548e-04
  -2.7945426e-03
  -5.4579224e-03
  -8.0207810e-03
  -9.4723254e-03
  -9.5876604e-03
  -7.9702036e-03
  -7.0410054e-03
  -8.0271577e-03
   1.4837380e-04
   6.4652937e-04
   1.1414745e-04
  -7.2052906e-04
  -1.0361744e-03
  -2.0391244e-04
   4.9637846e-04
   1.3537438e-03
   2.5853272e-03
   4.1929162e-03
   4.6417788e-03
   4.5161312e-03
   3.4390863e-03
   1.3946007e-03
  -1.9753331e-03
  -1.2981428e-03
  -4.1469310e-03
  -4.6577960e-03
   0.0000000e+00
   0.0000000e+00
   0.0000000e+00
   1.2668204e-02
   1.4569366e-02
   1.4857913e-02
   1.6934801e-02
   1.7112613e-02
   1.4103039e-02
   9.5491018e-03
   5.5625029e-03
   2.6035022e-03
  -3.5448346e-04
  -1.4913015e-03
  -1.7399596e-03
  -4.5304117e-04
   1.4272294e-03
   3.3197001e-04
   1.0954694e-02
   1.1731407e-02
   1.0484070e-02
   9.2668086e-03
   8.8125402e-03
   9.2632258e-03
   9.9674203e-03
   1.0842325e-02
   1.1839112e-02
   1.3044819e-02
   1.3711135e-02
   1.3343540e-02
   1.3061795e-02
   1.3313835e-02
   9.7193476e-03
   7.0781875e-03
   8.2313363e-03
   1.2679759e-03
   0.0000000e+00
   0.0000000e+00
  -0.0000000e+00
  -1.3757985e-02
   6.0301949e-04
   1.0211576e-02
   2.1038622e-02
   2.9040724e-02
   2.8278146e-02
   2.2223793e-02
   1.6573511e-02
   1.2846974e-02
   9.0151727e-03
   7.6515758e-03
   7.8691663e-03
   8.7318802e-03
   1.1580555e-02
   1.1485261e-02
   2.0382697e-02
   2.0624051e-02
   2.0003597e-02
   1.8341206e-02
   1.7014077e-02
   1.7074246e-02
   1.8049305e-02
   1.8932898e-02
   1.9794848e-02
   2.0391265e-02
   2.0670624e-02
   2.0192184e-02
   1.9224044e-02
   2.0872969e-02
   2.2534066e-02
   1.7774660e-02
   1.8788635e-02
   9.1287237e-03
   0.0000000e+00
   0.0000000e+00
  -0.0000000e+00
  -2.9281840e-02
  -2.1134673e-02
  -6.9669451e-03
   1.1044980e-02
   2.6452798e-02
   3.2823295e-02
   2.9835790e-02
   2.3921924e-02
   1.9980308e-02
   1.5913049e-02
   1.4013226e-02
   1.4855414e-02
   1.6344611e-02
   1.8866444e-02
   2.0775872e-02
   2.4943408e-02
   2.4134689e-02
   2.3521196e-02
   2.2348517e-02
   2.0809357e-02
   1.9855630e-02
   2.0315347e-02
   2.1410498e-02
   2.2336924e-02
   2.2563624e-02
   2.2399948e-02
   2.1661038e-02
   2.0325554e-02
   2.1336817e-02
   2.6581155e-02
   2.8164808e-02
   3.1731055e-02
   3.1559677e-02
   1.3181356e-02
   2.3182645e-03
  -6.4111721e-03
  -2.1561568e-02
  -2.3438566e-02
  -1.4540914e-02
   1.6802446e-03
   1.8140180e-02
   2.8597333e-02
   2.9628186e-02
   2.5649256e-02
   2.1175610e-02
   1.7050598e-02
   1.4711923e-02
   1.5944909e-02
   1.8114650e-02
   2.0568521e-02
   2.3892872e-02
   1.8837953e-02
   1.9252388e-02
   1.7788218e-02
   1.6398953e-02
   1.4833495e-02
   1.4020881e-02
   1.3076355e-02
   1.4099196e-02
   1.5437628e-02
   1.5895100e-02
   1.4866395e-02
   1.3745656e-02
   1.3953079e-02
   1.5857592e-02
   2.0786797e-02
   2.8663898e-02
   3.9389167e-02
   3.9269070e-02
   2.4559947e-02
   1.2449835e-02
   2.8105725e-04
  -1.3160780e-02
  -1.9522784e-02
  -1.6794396e-02
  -6.4648921e-03
   6.6330219e-03
   1.6605514e-02
   2.0268803e-02
   1.8686542e-02
   1.4972421e-02
   1.1112244e-02
   8.7676095e-03
   9.7852253e-03
   1.0752763e-02
   1.2167105e-02
   1.6127530e-02
   5.0670789e-03
   6.8884059e-03
   6.0663354e-03
   5.6598401e-03
   3.9283540e-03
   2.5261294e-03
   1.3986046e-03
   1.7821661e-03
   3.4036466e-03
   3.5897107e-03
   3.2380125e-03
   2.1927000e-03
   3.1997126e-03
   6.2775547e-03
   1.1732902e-02
   2.0988710e-02
   3.1916026e-02
   3.5095066e-02
   3.0235713e-02
   1.9448142e-02
   6.3660974e-03
  -5.8225761e-03
  -1.3863627e-02
  -1.5240134e-02
  -1.0544017e-02
  -3.3959665e-03
   2.8303955e-03
   6.4724060e-03
   7.2336155e-03
   4.5308415e-03
   1.6439765e-03
   1.7669894e-04
   7.9908496e-04
   8.3169696e-05
  -2.5140194e-04
   1.7498195e-03
  -6.8473849e-03
  -4.1524433e-03
  -4.0428089e-03
  -3.8514955e-03
  -4.0679420e-03
  -5.6288012e-03
  -6.0513616e-03
  -5.4698023e-03
  -4.7446796e-03
  -5.1303944e-03
  -4.2590424e-03
  -4.0864264e-03
  -3.1134097e-03
   9.4001021e-05
   5.1964352e-03
   1.2387025e-02
   2.0555604e-02
   2.2073641e-02
   2.1330044e-02
   1.6933791e-02
   1.0003754e-02
   1.9702895e-03
  -4.8140227e-03
  -8.1312544e-03
  -7.6329382e-03
  -5.2336599e-03
  -3.7044857e-03
  -3.2066610e-03
  -3.0441466e-03
  -3.2847124e-03
  -4.3656244e-03
  -4.8315520e-03
  -5.2662951e-03
  -6.4834370e-03
  -7.3984698e-03
  -7.9878233e-03
  -6.3041272e-03
  -5.9103440e-03
  -5.8236779e-03
  -5.3853020e-03
  -4.1847015e-03
  -3.6016237e-03
  -3.2232166e-03
  -2.8510273e-03
  -2.6631644e-03
  -2.2570218e-03
  -1.5282835e-03
  -6.4076285e-04
   3.3913433e-04
   2.2226691e-03
   4.6850205e-03
   7.4766614e-03
   9.9655483e-03
   1.0531022e-02
   1.1512983e-02
   1.1975467e-02
   1.0975224e-02
   8.5709300e-03
   5.3825565e-03
   3.0087160e-03
   1.5622954e-03
   1.2538189e-03
   8.0543349e-04
  -4.1374628e-04
  -1.8301996e-03
  -2.8507710e-03
  -3.6292307e-03
  -4.0030931e-03
  -4.6932176e-03
  -5.4996777e-03
  -6.0254708e-03
  -6.3491073e-03
