  -1.9062805e-02
  -1.9157163e-02
  -1.8196760e-02
  -1.6786551e-02
  -1.5601368e-02
  -1.5386084e-02
  -1.6091835e-02
  -1.7158449e-02
  -1.7446160e-02
  -1.6759644e-02
  -1.6270655e-02
  -1.5749881e-02
  -1.1593937e-02
  -8.6703130e-03
   0.0000000e+00
   0.0000000e+00
   0.0000000e+00
   0.0000000e+00
   0.0000000e+00
   0.0000000e+00
   0.0000000e+00
   0.0000000e+00
   0.0000000e+00
   0.0000000e+00
   0.0000000e+00
   0.0000000e+00
   0.0000000e+00
   0.0000000e+00
   0.0000000e+00
   0.0000000e+00
   0.0000000e+00
  -0.0000000e+00
  -6.2695296e-03
  -9.9112082e-03
  -1.4872166e-02
  -1.7988968e-02
  -4.7433566e-02
  -4.6499208e-02
  -4.5900572e-02
  -4.2912539e-02
  -3.7802964e-02
  -3.3802819e-02
  -3.2215726e-02
  -3.3005405e-02
  -3.5019193e-02
  -3.6701787e-02
  -3.7920248e-02
  -3.8854208e-02
  -3.4532998e-02
  -2.2801832e-02
  -0.0000000e+00
   0.0000000e+00
   0.0000000e+00
   0.0000000e+00
   0.0000000e+00
   0.0000000e+00
   0.0000000e+00
   0.0000000e+00
   0.0000000e+00
   0.0000000e+00
   0.0000000e+00
   0.0000000e+00
   0.0000000e+00
   0.0000000e+00
   0.0000000e+00
   0.0000000e+00
   0.0000000e+00
  -2.9132492e-02
  -3.2865290e-02
  -3.9573990e-02
  -4.6944119e-02
  -4.8556481e-02
  -1.3291633e-02
  -1.2282228e-02
  -1.4015285e-02
  -1.6442753e-02
  -1.7481793e-02
  -1.6364368e-02
  -1.0721661e-02
  -6.5086419e-03
  -6.2199775e-03
  -1.1898018e-02
  -1.7677344e-02
  -1.9174784e-02
  -2.0837374e-02
  -1.3298962e-02
  -8.8277401e-03
   3.7983437e-03
   1.7928267e-03
  -0.0000000e+00
   0.0000000e+00
   0.0000000e+00
   0.0000000e+00
   0.0000000e+00
   0.0000000e+00
   0.0000000e+00
   0.0000000e+00
   0.0000000e+00
   0.0000000e+00
   0.0000000e+00
   0.0000000e+00
   0.0000000e+00
  -9.8612721e-03
  -1.9661454e-02
  -1.9460035e-02
  -1.4070434e-02
  -1.5061388e-02
  -1.4468257e-02
   4.3524183e-02
   4.5153633e-02
   4.5676950e-02
   4.1197021e-02
   3.7338037e-02
   3.2283016e-02
   3.5554551e-02
   3.3549812e-02
   3.6750231e-02
   3.2983094e-02
   2.5653165e-02
   3.4958713e-02
   3.0677021e-02
   2.7902154e-02
   2.9937074e-02
   2.4616875e-02
   2.1752009e-02
   0.0000000e+00
   0.0000000e+00
   0.0000000e+00
   0.0000000e+00
   0.0000000e+00
   0.0000000e+00
   0.0000000e+00
   0.0000000e+00
   0.0000000e+00
   0.0000000e+00
   0.0000000e+00
   0.0000000e+00
   0.0000000e+00
   2.2523870e-02
   2.5534816e-02
   3.3848781e-02
   4.9077637e-02
   4.7826488e-02
   4.8380457e-02
   9.9437132e-02
   9.5308587e-02
   9.5194347e-02
   9.0657830e-02
   9.0005971e-02
   8.3004169e-02
   8.4611960e-02
   7.5293764e-02
   7.4193262e-02
   8.2081452e-02
   7.5287588e-02
   8.2044899e-02
   8.0753624e-02
   7.4825600e-02
   6.6096319e-02
   0.0000000e+00
   0.0000000e+00
   0.0000000e+00
   0.0000000e+00
   0.0000000e+00
   0.0000000e+00
   0.0000000e+00
   0.0000000e+00
   0.0000000e+00
   0.0000000e+00
   0.0000000e+00
   0.0000000e+00
   0.0000000e+00
   6.4435661e-02
   1.0613787e-01
   9.6148796e-02
   9.6054405e-02
   1.0517965e-01
   1.1591677e-01
   1.1138912e-01
   1.1209290e-01
   1.2637880e-01
   1.1728421e-01
   1.1539007e-01
   1.1100649e-01
   1.1174633e-01
   1.0550182e-01
   1.0697436e-01
   1.0405376e-01
   9.5205821e-02
   1.0594487e-01
   1.0397289e-01
   9.7455822e-02
   9.7214110e-02
   9.2001460e-02
   0.0000000e+00
   0.0000000e+00
   0.0000000e+00
   0.0000000e+00
   0.0000000e+00
   0.0000000e+00
   0.0000000e+00
   0.0000000e+00
   0.0000000e+00
   0.0000000e+00
   0.0000000e+00
   0.0000000e+00
   0.0000000e+00
   1.3201819e-01
   1.3456881e-01
   1.4360432e-01
   1.3785204e-01
   1.3773058e-01
   1.4987953e-01
   1.4771520e-01
   1.4033699e-01
   1.3984291e-01
   1.2056413e-01
   1.1436327e-01
   1.1166828e-01
   1.0695251e-01
   1.0660768e-01
   1.0063044e-01
   1.0018821e-01
   1.0601663e-01
   9.7346187e-02
   9.9840701e-02
   1.0139038e-01
   9.2746660e-02
   8.4247492e-02
   7.3637106e-02
   0.0000000e+00
   0.0000000e+00
   0.0000000e+00
   0.0000000e+00
   0.0000000e+00
   0.0000000e+00
   0.0000000e+00
   0.0000000e+00
   0.0000000e+00
   0.0000000e+00
   9.5284372e-02
   8.7462603e-02
   1.2658193e-01
   1.4926759e-01
   1.6541173e-01
   1.6280800e-01
   1.4447576e-01
   1.3982330e-01
   1.4494850e-01
   1.3945286e-01
   1.3315143e-01
   1.2850976e-01
   8.0040425e-02
   7.7097438e-02
   7.4891984e-02
   7.0178896e-02
   6.9397420e-02
   6.7933731e-02
   6.5356746e-02
   6.9599800e-02
   7.0425533e-02
   6.7650169e-02
   6.7615069e-02
   6.7223676e-02
   4.7539227e-02
   2.9273311e-02
   0.0000000e+00
   0.0000000e+00
   0.0000000e+00
   0.0000000e+00
   0.0000000e+00
   0.0000000e+00
   0.0000000e+00
   0.0000000e+00
   0.0000000e+00
   0.0000000e+00
   8.9812841e-02
   8.4049066e-02
   9.1474737e-02
   1.1231314e-01
   1.1244403e-01
   1.0398383e-01
   1.0071413e-01
   9.7809799e-02
   8.8992514e-02
   8.7427966e-02
   8.5066639e-02
   8.0551684e-02
   1.7078036e-02
   1.5074221e-02
   1.3821356e-02
   1.1654379e-02
   1.2676669e-02
   1.5417134e-02
   1.5972890e-02
   1.6607648e-02
   2.3723260e-02
   2.4848217e-02
   2.3603631e-02
   2.6685532e-02
   6.5357797e-03
  -1.1479433e-02
  -0.0000000e+00
   0.0000000e+00
   0.0000000e+00
   0.0000000e+00
   0.0000000e+00
   0.0000000e+00
   0.0000000e+00
   0.0000000e+00
   0.0000000e+00
   2.7396648e-02
   4.3387718e-02
   4.1833974e-02
   3.5378158e-02
   3.4980696e-02
   3.0764908e-02
   2.3849683e-02
   2.9078253e-02
   2.8778287e-02
   1.8763648e-02
   1.8040877e-02
   1.8075585e-02
   1.7320488e-02
  -3.6094930e-02
  -3.8470499e-02
  -3.8667135e-02
  -3.8051248e-02
  -3.5866395e-02
  -3.0897664e-02
  -2.6529873e-02
  -2.3482302e-02
  -1.7252829e-02
  -1.4696881e-02
  -1.5375368e-02
  -1.4521419e-02
  -2.4366604e-02
  -3.2116838e-02
  -0.0000000e+00
   0.0000000e+00
   0.0000000e+00
   0.0000000e+00
   0.0000000e+00
  -0.0000000e+00
  -2.0549431e-02
  -1.7067532e-02
  -2.2138516e-02
  -1.7229433e-02
  -9.2454925e-03
  -7.8484807e-03
  -1.4457719e-02
  -1.7396273e-02
  -2.3403522e-02
  -2.9129796e-02
  -2.6675338e-02
  -2.8924435e-02
  -3.2875046e-02
  -3.3276349e-02
  -3.3781752e-02
  -3.3752393e-02
  -6.5731816e-02
  -6.5767258e-02
  -6.5831110e-02
  -6.2892444e-02
  -6.1785445e-02
  -5.5781733e-02
  -4.9681574e-02
  -4.5773152e-02
  -4.3404669e-02
  -4.3627009e-02
  -4.2731524e-02
  -4.6080336e-02
  -3.9965354e-02
  -3.3632692e-02
  -0.0000000e+00
   0.0000000e+00
   0.0000000e+00
   0.0000000e+00
   0.0000000e+00
  -0.0000000e+00
  -3.9761823e-02
  -4.0279862e-02
  -4.1125358e-02
  -4.1783497e-02
  -4.4778489e-02
  -4.3157224e-02
  -4.5632843e-02
  -4.4787835e-02
  -4.9692586e-02
  -5.5633098e-02
  -5.7040986e-02
  -6.2381856e-02
  -6.0844611e-02
  -6.1432987e-02
  -6.3190602e-02
  -6.3865021e-02
  -7.5200133e-02
  -7.2365306e-02
  -7.2900400e-02
  -6.8321235e-02
  -6.8689987e-02
  -6.2825367e-02
  -5.7634115e-02
  -5.5151440e-02
  -5.6269761e-02
  -6.0586184e-02
  -5.8355369e-02
  -6.3595682e-02
  -4.4639170e-02
  -2.7297083e-02
  -0.0000000e+00
   0.0000000e+00
   0.0000000e+00
   0.0000000e+00
   0.0000000e+00
  -0.0000000e+00
  -0.0000000e+00
  -5.4224435e-02
  -6.0664885e-02
  -5.6868453e-02
  -6.3542418e-02
  -6.2579632e-02
  -6.1751857e-02
  -5.7635609e-02
  -5.9603687e-02
  -6.4143576e-02
  -6.6863157e-02
  -7.4245773e-02
  -7.1133360e-02
  -7.2337791e-02
  -7.4074790e-02
  -7.5274020e-02
  -6.5993570e-02
  -6.0692284e-02
  -6.2061530e-02
  -5.6906737e-02
  -5.8477156e-02
  -5.3899795e-02
  -5.2737553e-02
  -5.4334488e-02
  -5.7482246e-02
  -6.6034585e-02
  -6.3516825e-02
  -6.7762882e-02
  -4.0658448e-02
  -1.7149972e-02
  -0.0000000e+00
   0.0000000e+00
   0.0000000e+00
   0.0000000e+00
   0.0000000e+00
   0.0000000e+00
  -0.0000000e+00
  -5.9226517e-02
  -6.9619305e-02
  -6.0710575e-02
  -6.6563100e-02
  -6.6036709e-02
  -6.5560214e-02
  -6.0786363e-02
  -5.7881236e-02
  -5.8111675e-02
  -5.8773238e-02
  -6.6596948e-02
  -6.6330291e-02
  -6.8885408e-02
  -6.8182155e-02
  -6.8580598e-02
  -3.9621044e-02
  -3.5006747e-02
  -3.7583768e-02
  -3.5233594e-02
  -3.7351865e-02
  -3.5560098e-02
  -3.8203012e-02
  -4.4646267e-02
  -4.7965303e-02
  -5.6266546e-02
  -5.7345122e-02
  -5.7876565e-02
  -3.0361138e-02
  -8.9481679e-03
  -0.0000000e+00
   0.0000000e+00
   0.0000000e+00
   0.0000000e+00
   0.0000000e+00
   0.0000000e+00
   0.0000000e+00
  -0.0000000e+00
  -5.4216567e-02
  -4.4632837e-02
  -4.4806764e-02
  -4.2236019e-02
  -4.9794082e-02
  -4.8143305e-02
  -4.1263305e-02
  -3.8382307e-02
  -3.6086686e-02
  -4.0536582e-02
  -4.2623870e-02
  -4.8438180e-02
  -4.4976335e-02
  -4.1531444e-02
  -2.3992950e-02
  -2.1295777e-02
  -2.4020704e-02
  -2.3861796e-02
  -2.7637631e-02
  -2.9233493e-02
  -3.3192288e-02
  -3.8466394e-02
  -4.1078910e-02
  -4.7643311e-02
  -5.0742470e-02
  -4.8937157e-02
  -2.0241445e-02
  -2.9908030e-03
   0.0000000e+00
   0.0000000e+00
   0.0000000e+00
   0.0000000e+00
   0.0000000e+00
   0.0000000e+00
   0.0000000e+00
  -0.0000000e+00
  -3.4494705e-02
  -2.7940974e-02
  -2.7483279e-02
  -2.5494300e-02
  -3.3056069e-02
  -3.0990884e-02
  -2.7070863e-02
  -2.8140750e-02
  -2.7505057e-02
  -2.8367547e-02
  -2.6962265e-02
  -3.1281449e-02
  -2.7855134e-02
  -2.4627756e-02
  -1.9651052e-02
  -1.7850870e-02
  -2.0179151e-02
  -2.1340888e-02
  -2.6207665e-02
  -2.9748296e-02
  -3.3801626e-02
  -3.6574379e-02
  -3.8612437e-02
  -4.3808613e-02
  -4.5784459e-02
  -4.1316472e-02
  -1.1953182e-02
   0.0000000e+00
   0.0000000e+00
   0.0000000e+00
   0.0000000e+00
   0.0000000e+00
   0.0000000e+00
   0.0000000e+00
   0.0000000e+00
  -0.0000000e+00
  -2.2933971e-02
  -1.9782783e-02
  -2.0676889e-02
  -1.9004649e-02
  -2.3110801e-02
  -2.0343015e-02
  -1.9487081e-02
  -2.3883199e-02
  -2.5532247e-02
  -2.5159350e-02
  -2.1383353e-02
  -2.3561046e-02
  -2.1525880e-02
  -1.9951526e-02
  -2.5332058e-02
  -2.3535220e-02
  -2.4970165e-02
  -2.7016856e-02
  -3.2237455e-02
  -3.6306158e-02
  -3.9372474e-02
  -3.8213167e-02
  -3.9700165e-02
  -4.3496758e-02
  -4.0174983e-02
  -3.2051273e-02
  -2.6247101e-03
   0.0000000e+00
   0.0000000e+00
   0.0000000e+00
   0.0000000e+00
   0.0000000e+00
   0.0000000e+00
   0.0000000e+00
   0.0000000e+00
  -0.0000000e+00
  -1.7942142e-02
  -1.9142976e-02
  -2.2989511e-02
  -2.0707281e-02
  -1.6830062e-02
  -1.3093661e-02
  -1.5119150e-02
  -2.2001270e-02
  -2.6909446e-02
  -2.7847905e-02
  -2.3683986e-02
  -2.3295293e-02
  -2.4653036e-02
  -2.6510060e-02
  -2.9970983e-02
  -2.9551866e-02
  -3.0746352e-02
  -3.2907132e-02
  -3.5498973e-02
  -3.7279151e-02
  -3.8216893e-02
  -3.7332777e-02
  -3.7878025e-02
  -3.7867181e-02
  -3.1045135e-02
  -1.9965068e-02
   6.9468715e-03
   0.0000000e+00
   0.0000000e+00
   0.0000000e+00
   0.0000000e+00
   0.0000000e+00
   0.0000000e+00
   0.0000000e+00
   0.0000000e+00
  -0.0000000e+00
  -2.6559075e-02
  -2.4468172e-02
  -2.4318701e-02
  -2.0338966e-02
  -1.4950915e-02
  -1.3982779e-02
  -1.1906800e-02
  -1.5385209e-02
  -2.2284858e-02
  -2.4445429e-02
  -2.3671899e-02
  -2.5111767e-02
  -2.8859561e-02
  -3.0608686e-02
  -2.6861668e-02
  -2.6962621e-02
  -2.7523218e-02
  -2.8406156e-02
  -2.9122483e-02
  -2.9271077e-02
  -2.9286774e-02
  -2.8999547e-02
  -2.8730581e-02
  -2.6068516e-02
  -2.0086896e-02
  -1.1162107e-02
   1.1604648e-02
   2.0487232e-02
   0.0000000e+00
   0.0000000e+00
   0.0000000e+00
   0.0000000e+00
   0.0000000e+00
   0.0000000e+00
   0.0000000e+00
  -0.0000000e+00
  -3.0434011e-02
  -2.6883869e-02
  -2.1879410e-02
  -1.6621245e-02
  -1.2966963e-02
  -1.3989580e-02
  -9.5868823e-03
  -1.0642139e-02
  -2.0225034e-02
  -2.0159929e-02
  -2.1482695e-02
  -2.3726590e-02
  -2.6759004e-02
  -2.7715156e-02
  -2.9106496e-02
  -2.9712334e-02
  -2.9291667e-02
  -2.8809777e-02
  -2.8556729e-02
  -2.8331954e-02
  -2.9250458e-02
  -3.0203952e-02
  -2.9260777e-02
  -2.3589764e-02
  -1.8088348e-02
  -7.6560108e-03
   1.2213615e-02
   1.7602608e-02
   0.0000000e+00
   0.0000000e+00
   0.0000000e+00
   0.0000000e+00
   0.0000000e+00
   0.0000000e+00
   0.0000000e+00
  -0.0000000e+00
  -3.6203366e-02
  -3.1587299e-02
  -2.1652641e-02
  -1.5544536e-02
  -1.4558633e-02
  -1.7428032e-02
  -1.2289851e-02
   0.0000000e+00
   0.0000000e+00
  -1.6546499e-02
  -2.0931474e-02
  -2.5186863e-02
  -2.8388405e-02
  -3.0113367e-02
  -2.8500235e-02
  -2.7183905e-02
  -2.2747204e-02
  -1.7945837e-02
  -1.6935354e-02
  -1.6920269e-02
  -2.0943878e-02
  -2.0995185e-02
  -1.9222010e-02
  -1.3198769e-02
  -7.5253961e-03
  -3.0377700e-03
   5.4917284e-03
   0.0000000e+00
   0.0000000e+00
   0.0000000e+00
   0.0000000e+00
   0.0000000e+00
   0.0000000e+00
   0.0000000e+00
  -0.0000000e+00
  -0.0000000e+00
  -4.1586626e-02
  -3.5679575e-02
  -1.6197726e-02
  -9.5640449e-03
  -9.4308304e-03
  -1.2249258e-02
  -1.6120006e-02
   0.0000000e+00
   0.0000000e+00
  -1.4990333e-02
  -1.9791864e-02
  -2.4392905e-02
  -2.6648792e-02
  -3.2220684e-02
  -3.0364551e-02
  -2.4055582e-02
  -1.6619096e-02
  -8.1362128e-03
  -7.2282953e-03
  -7.6117157e-03
  -1.4050875e-02
  -1.3655261e-02
  -1.1706826e-02
  -8.9732138e-03
   1.8986743e-03
   7.0806302e-05
  -0.0000000e+00
  -0.0000000e+00
  -2.7615278e-02
  -1.6268464e-02
   0.0000000e+00
   0.0000000e+00
   0.0000000e+00
   0.0000000e+00
  -4.3157623e-02
  -4.1175289e-02
  -4.8889320e-02
  -4.1414589e-02
  -1.4795785e-02
  -5.3636810e-03
  -8.2170784e-04
  -8.6897218e-04
  -1.5162663e-02
   0.0000000e+00
  -0.0000000e+00
  -2.2080762e-02
  -2.2694103e-02
  -2.6086003e-02
  -2.8680673e-02
  -3.7978567e-02
  -3.6153942e-02
  -2.7476449e-02
  -1.9438809e-02
  -9.2379106e-03
  -8.3046015e-03
  -8.2487948e-03
  -1.5490931e-02
  -1.7146174e-02
  -1.4751191e-02
  -1.3349898e-02
   2.6365966e-03
  -3.5087409e-04
  -0.0000000e+00
  -3.0649044e-02
  -3.2726223e-02
  -2.4527868e-02
  -0.0000000e+00
   0.0000000e+00
   0.0000000e+00
  -0.0000000e+00
  -5.5686434e-02
  -4.9678284e-02
  -5.7833776e-02
  -4.9934655e-02
  -1.9409915e-02
  -2.4726050e-03
   7.1153818e-03
   0.0000000e+00
  -0.0000000e+00
   0.0000000e+00
  -0.0000000e+00
  -3.3069860e-02
  -3.0322416e-02
  -3.4807071e-02
  -3.6976811e-02
  -4.4543996e-02
  -4.8466891e-02
  -3.9054483e-02
  -3.1767052e-02
  -2.0919930e-02
  -1.9426124e-02
  -1.8117616e-02
  -2.5422951e-02
  -3.1614244e-02
  -2.8188469e-02
  -2.6196150e-02
  -4.1150362e-03
  -4.5463499e-03
  -0.0000000e+00
  -3.3219258e-02
  -4.6143480e-02
  -4.0389165e-02
  -0.0000000e+00
   0.0000000e+00
   0.0000000e+00
  -4.8737171e-02
  -7.0702553e-02
  -6.7043230e-02
  -7.2710678e-02
  -6.4343229e-02
  -3.7160532e-02
  -5.5793521e-03
   0.0000000e+00
   0.0000000e+00
   0.0000000e+00
   0.0000000e+00
  -0.0000000e+00
  -5.0933920e-02
  -4.4997673e-02
  -5.1836371e-02
  -5.3116199e-02
  -5.5109598e-02
  -6.1523765e-02
  -5.7946563e-02
  -5.2810173e-02
  -4.4546936e-02
  -4.1124322e-02
  -3.7837248e-02
  -4.4972699e-02
  -5.4844022e-02
  -4.9420934e-02
  -4.0877093e-02
  -1.8616714e-02
  -1.2630900e-02
  -0.0000000e+00
  -3.0031098e-02
  -4.6999321e-02
  -5.3012956e-02
  -0.0000000e+00
   0.0000000e+00
  -0.0000000e+00
  -5.4791232e-02
  -7.5272484e-02
  -8.2685359e-02
  -8.4657632e-02
  -7.8345133e-02
  -5.0170273e-02
  -0.0000000e+00
  -0.0000000e+00
   0.0000000e+00
   0.0000000e+00
   0.0000000e+00
  -0.0000000e+00
  -6.0127344e-02
  -6.0459711e-02
  -6.6435382e-02
  -6.5758221e-02
  -6.3323639e-02
  -5.9010938e-02
  -5.9147853e-02
  -5.5814400e-02
  -5.3263042e-02
  -5.1128842e-02
  -5.0229378e-02
  -5.6702942e-02
  -5.9991080e-02
  -5.2523766e-02
  -4.0320236e-02
  -2.4156040e-02
  -1.9033719e-02
  -0.0000000e+00
  -0.0000000e+00
  -4.4393350e-02
  -5.5583358e-02
  -4.1058676e-02
   0.0000000e+00
  -0.0000000e+00
  -5.0339665e-02
  -6.9488334e-02
  -7.8819580e-02
  -7.8151390e-02
  -7.3580699e-02
  -5.3263078e-02
  -0.0000000e+00
   0.0000000e+00
   0.0000000e+00
   0.0000000e+00
   0.0000000e+00
  -0.0000000e+00
  -4.7631592e-02
  -5.4793466e-02
  -5.8149714e-02
  -5.8326349e-02
  -5.8407284e-02
  -4.3389350e-02
  -4.3073911e-02
  -4.1066207e-02
  -4.3249127e-02
  -4.4527445e-02
  -4.8711684e-02
  -5.3088177e-02
  -4.9921066e-02
  -4.3112114e-02
  -3.0497257e-02
  -2.1164905e-02
  -0.0000000e+00
   0.0000000e+00
  -0.0000000e+00
  -4.4565983e-02
  -4.8087806e-02
  -3.9624399e-02
  -3.2516639e-02
  -3.4911264e-02
  -4.3295454e-02
  -5.4809406e-02
  -6.3786440e-02
  -6.1884649e-02
  -5.3054065e-02
  -4.7095437e-02
  -0.0000000e+00
   0.0000000e+00
   0.0000000e+00
   0.0000000e+00
   0.0000000e+00
  -0.0000000e+00
  -2.7302688e-02
  -3.5643712e-02
  -3.8396135e-02
  -4.0914409e-02
  -4.2514313e-02
  -1.0448432e-02
  -5.8508758e-03
  -6.1213141e-03
  -1.2052256e-02
  -1.8939141e-02
  -2.9778367e-02
  -3.1158535e-02
  -2.5621912e-02
  -2.1570349e-02
  -1.2130448e-02
  -1.0810611e-02
  -0.0000000e+00
   0.0000000e+00
   0.0000000e+00
   0.0000000e+00
  -3.4361337e-02
  -3.2106876e-02
  -2.7894378e-02
  -3.3519906e-02
  -3.0062958e-02
  -3.4578230e-02
  -4.0568428e-02
  -3.6095176e-02
  -2.7661212e-02
  -2.9448019e-02
  -0.0000000e+00
   0.0000000e+00
   0.0000000e+00
   0.0000000e+00
   0.0000000e+00
   0.0000000e+00
   1.9800786e-03
   1.8247950e-04
  -5.0890567e-03
  -1.0582214e-02
  -1.0553459e-02
   4.7827415e-02
   5.8200981e-02
   5.1582824e-02
   4.4053197e-02
   2.9829327e-02
   1.3906850e-02
   1.3761099e-02
   9.9774953e-03
   1.0357549e-02
   1.1643617e-02
   3.2655920e-03
  -0.0000000e+00
   0.0000000e+00
   0.0000000e+00
   0.0000000e+00
  -0.0000000e+00
  -0.0000000e+00
  -0.0000000e+00
  -0.0000000e+00
  -0.0000000e+00
  -1.9667386e-03
  -5.5384739e-03
  -7.5417409e-03
  -1.4170427e-03
  -6.2029379e-03
  -0.0000000e+00
   0.0000000e+00
   0.0000000e+00
   0.0000000e+00
   0.0000000e+00
   0.0000000e+00
   3.8954977e-02
   5.4327201e-02
   4.4967461e-02
   3.9625112e-02
   4.6890907e-02
   1.2489491e-01
   1.3292319e-01
   1.1089137e-01
   1.0361207e-01
   8.1027672e-02
   6.4629167e-02
   5.9877299e-02
   4.1850790e-02
   4.2888287e-02
   2.9545124e-02
   1.8964568e-02
   0.0000000e+00
   0.0000000e+00
   0.0000000e+00
   0.0000000e+00
   0.0000000e+00
   0.0000000e+00
   0.0000000e+00
   0.0000000e+00
   0.0000000e+00
   0.0000000e+00
   0.0000000e+00
   0.0000000e+00
   0.0000000e+00
   0.0000000e+00
   0.0000000e+00
   0.0000000e+00
   0.0000000e+00
   0.0000000e+00
   0.0000000e+00
   0.0000000e+00
   0.0000000e+00
   9.5190264e-02
   9.8976471e-02
   1.0835718e-01
   1.2220813e-01
   1.7345475e-01
   1.6887584e-01
   1.3682917e-01
   1.2526022e-01
   9.8433703e-02
   8.7775841e-02
   7.7454552e-02
   5.9336051e-02
   6.1848406e-02
   3.5701348e-02
   3.1684475e-02
   0.0000000e+00
   0.0000000e+00
   0.0000000e+00
   0.0000000e+00
   0.0000000e+00
   0.0000000e+00
   0.0000000e+00
   0.0000000e+00
   0.0000000e+00
   0.0000000e+00
   0.0000000e+00
   0.0000000e+00
   0.0000000e+00
   0.0000000e+00
   0.0000000e+00
   0.0000000e+00
   0.0000000e+00
   0.0000000e+00
   0.0000000e+00
   0.0000000e+00
   0.0000000e+00
   1.0354806e-01
   1.3432208e-01
   1.6409752e-01
   1.6968437e-01
   1.6588213e-01
   1.5394481e-01
   1.2610009e-01
   1.0955914e-01
   8.3927162e-02
   7.8296386e-02
   6.7205407e-02
   5.8140486e-02
   6.1421811e-02
   3.4410749e-02
   0.0000000e+00
   0.0000000e+00
   0.0000000e+00
   0.0000000e+00
   0.0000000e+00
   0.0000000e+00
   0.0000000e+00
   0.0000000e+00
   0.0000000e+00
   0.0000000e+00
   0.0000000e+00
   0.0000000e+00
   0.0000000e+00
   0.0000000e+00
   0.0000000e+00
   0.0000000e+00
   0.0000000e+00
   0.0000000e+00
   0.0000000e+00
   0.0000000e+00
   0.0000000e+00
   0.0000000e+00
   0.0000000e+00
   1.2848336e-01
   1.5854155e-01
   1.6147836e-01
   1.1623536e-01
   1.0544755e-01
   8.8235199e-02
   7.8833677e-02
   6.3364848e-02
   6.0837038e-02
   4.8485771e-02
   4.1098006e-02
   4.1564673e-02
   3.5629302e-02
   0.0000000e+00
   0.0000000e+00
   0.0000000e+00
   0.0000000e+00
   0.0000000e+00
   0.0000000e+00
   0.0000000e+00
   0.0000000e+00
   0.0000000e+00
   0.0000000e+00
   0.0000000e+00
   0.0000000e+00
   0.0000000e+00
   0.0000000e+00
   0.0000000e+00
   0.0000000e+00
   0.0000000e+00
   0.0000000e+00
   0.0000000e+00
   0.0000000e+00
   0.0000000e+00
   0.0000000e+00
   7.8485906e-02
   7.7878781e-02
   9.4727241e-02
   1.0748896e-01
   2.6538415e-02
   2.3380022e-02
   2.1927621e-02
   2.9158344e-02
   3.4890115e-02
   3.6019493e-02
   1.9339444e-02
   4.2016106e-03
   1.1486521e-03
   8.5504446e-03
   0.0000000e+00
   0.0000000e+00
   0.0000000e+00
   0.0000000e+00
   0.0000000e+00
   0.0000000e+00
   0.0000000e+00
   0.0000000e+00
   0.0000000e+00
   0.0000000e+00
   0.0000000e+00
   0.0000000e+00
   0.0000000e+00
   0.0000000e+00
   0.0000000e+00
   0.0000000e+00
   0.0000000e+00
   0.0000000e+00
   0.0000000e+00
   0.0000000e+00
   0.0000000e+00
   0.0000000e+00
   1.8843142e-02
  -5.0208659e-04
   5.5251131e-03
   1.9186400e-02
  -5.7913192e-02
  -5.5809721e-02
  -4.6298582e-02
  -3.0448262e-02
  -1.7249377e-02
  -1.5831457e-02
  -2.3121500e-02
  -0.0000000e+00
  -0.0000000e+00
  -0.0000000e+00
  -0.0000000e+00
   0.0000000e+00
   0.0000000e+00
   0.0000000e+00
   0.0000000e+00
   0.0000000e+00
   0.0000000e+00
   0.0000000e+00
   0.0000000e+00
  -0.0000000e+00
  -0.0000000e+00
  -0.0000000e+00
  -0.0000000e+00
  -0.0000000e+00
  -0.0000000e+00
  -0.0000000e+00
   0.0000000e+00
   0.0000000e+00
   0.0000000e+00
   0.0000000e+00
   0.0000000e+00
   0.0000000e+00
  -0.0000000e+00
  -0.0000000e+00
  -4.9644154e-02
  -5.5634182e-02
  -0.0000000e+00
  -0.0000000e+00
  -8.8925321e-02
  -8.6786823e-02
  -8.6984281e-02
  -8.5368585e-02
  -7.7232975e-02
   0.0000000e+00
  -0.0000000e+00
  -0.0000000e+00
  -0.0000000e+00
  -0.0000000e+00
   0.0000000e+00
   0.0000000e+00
   0.0000000e+00
   0.0000000e+00
   0.0000000e+00
   0.0000000e+00
   0.0000000e+00
  -0.0000000e+00
  -0.0000000e+00
  -0.0000000e+00
  -0.0000000e+00
  -0.0000000e+00
  -0.0000000e+00
  -0.0000000e+00
   0.0000000e+00
   0.0000000e+00
   0.0000000e+00
   0.0000000e+00
   0.0000000e+00
   0.0000000e+00
   0.0000000e+00
  -0.0000000e+00
  -0.0000000e+00
  -0.0000000e+00
