  -2.3339231e-02
  -2.3809769e-02
  -2.5340533e-02
  -2.4602245e-02
  -0.0000000e+00
   0.0000000e+00
   0.0000000e+00
   0.0000000e+00
   0.0000000e+00
   0.0000000e+00
   0.0000000e+00
   0.0000000e+00
   0.0000000e+00
   0.0000000e+00
   0.0000000e+00
   0.0000000e+00
   0.0000000e+00
   0.0000000e+00
   0.0000000e+00
   0.0000000e+00
   0.0000000e+00
  -0.0000000e+00
  -3.8657026e-02
  -3.8276271e-02
  -3.3906123e-02
  -2.9452821e-02
  -2.5405567e-02
  -2.4001738e-02
  -2.4327433e-02
  -2.2698109e-02
  -1.7985148e-02
  -1.4699350e-02
  -1.5900976e-02
  -1.9856711e-02
  -2.2017193e-02
  -2.2743923e-02
  -1.9774565e-02
  -1.6780164e-02
  -1.4106262e-02
  -1.3199617e-02
  -8.2870383e-03
   0.0000000e+00
   0.0000000e+00
   0.0000000e+00
   0.0000000e+00
   0.0000000e+00
   0.0000000e+00
   0.0000000e+00
   0.0000000e+00
   0.0000000e+00
   0.0000000e+00
   0.0000000e+00
   0.0000000e+00
   0.0000000e+00
   0.0000000e+00
   0.0000000e+00
  -0.0000000e+00
  -4.6759670e-02
  -4.6734512e-02
  -4.0101688e-02
  -3.0872477e-02
  -2.1231787e-02
  -1.4626537e-02
  -8.3665354e-03
  -5.8275810e-03
  -8.7428233e-03
  -8.1368294e-03
  -8.1278430e-03
  -1.3812783e-02
  -2.0934690e-02
  -2.2917097e-02
  -2.0997893e-02
  -1.3782866e-02
  -7.0086350e-03
   6.4535759e-04
  -3.8919746e-04
   3.1720963e-03
   0.0000000e+00
   0.0000000e+00
   0.0000000e+00
   0.0000000e+00
   0.0000000e+00
   0.0000000e+00
   0.0000000e+00
   0.0000000e+00
   0.0000000e+00
   0.0000000e+00
   0.0000000e+00
   0.0000000e+00
   0.0000000e+00
   0.0000000e+00
   0.0000000e+00
   2.1813007e-02
   1.7102718e-02
   1.8373748e-02
   1.7378930e-02
   1.6913790e-02
   2.0306362e-02
   1.2792743e-02
   8.5986899e-03
   8.3893491e-03
   1.7959049e-03
  -3.4126360e-03
  -6.5795127e-03
  -2.3678835e-03
  -5.6559040e-04
  -6.7728115e-03
  -1.1019832e-02
   1.2719086e-02
   1.4655346e-02
   1.7294176e-02
   1.4130843e-02
   5.9074886e-03
   0.0000000e+00
   0.0000000e+00
   0.0000000e+00
   0.0000000e+00
   0.0000000e+00
   0.0000000e+00
   0.0000000e+00
   0.0000000e+00
   0.0000000e+00
   0.0000000e+00
   0.0000000e+00
   0.0000000e+00
   0.0000000e+00
   0.0000000e+00
   0.0000000e+00
   9.2627995e-02
   8.9652039e-02
   8.2114153e-02
   6.7128889e-02
   5.2016791e-02
   4.5715678e-02
   4.1331999e-02
   3.2695338e-02
   2.2344075e-02
   1.8940255e-02
   1.9747427e-02
   2.1983718e-02
   2.5649032e-02
   2.4107050e-02
   1.9519174e-02
   1.4563005e-02
   4.3650914e-02
   3.8019527e-02
   2.9785717e-02
   2.6719563e-02
   1.1426469e-02
  -9.8969174e-04
   0.0000000e+00
   0.0000000e+00
   0.0000000e+00
   0.0000000e+00
   0.0000000e+00
   0.0000000e+00
   0.0000000e+00
   0.0000000e+00
   0.0000000e+00
   0.0000000e+00
   0.0000000e+00
   0.0000000e+00
   0.0000000e+00
   0.0000000e+00
   1.2789890e-01
   1.1637246e-01
   1.0842565e-01
   9.5829457e-02
   8.0392301e-02
   6.4298093e-02
   5.6322295e-02
   5.3810768e-02
   4.6930052e-02
   4.4442181e-02
   4.6538189e-02
   5.1005732e-02
   4.7899835e-02
   4.4675350e-02
   5.0966583e-02
   4.7722436e-02
   5.8996309e-02
   5.1630907e-02
   3.7923325e-02
   3.0644099e-02
   2.0575332e-02
   5.2933940e-04
  -5.7721126e-03
   0.0000000e+00
   0.0000000e+00
   0.0000000e+00
   0.0000000e+00
   0.0000000e+00
   0.0000000e+00
   0.0000000e+00
   0.0000000e+00
   0.0000000e+00
   0.0000000e+00
   0.0000000e+00
   0.0000000e+00
   1.2387799e-01
   1.2598246e-01
   1.1028404e-01
   1.0115940e-01
   9.4921798e-02
   8.7443188e-02
   7.4516527e-02
   5.6474201e-02
   5.3549111e-02
   6.0083304e-02
   5.6227837e-02
   5.1993368e-02
   5.0676391e-02
   5.3509884e-02
   6.2506557e-02
   7.0754699e-02
   6.8959661e-02
   5.3240515e-02
   4.5065746e-02
   3.4102738e-02
   2.5002817e-02
   2.0258745e-02
   4.0347897e-03
  -4.8464209e-03
   0.0000000e+00
   0.0000000e+00
   0.0000000e+00
   0.0000000e+00
   0.0000000e+00
   0.0000000e+00
   0.0000000e+00
   0.0000000e+00
   0.0000000e+00
   0.0000000e+00
   0.0000000e+00
   7.2418510e-02
   1.0018442e-01
   9.9011973e-02
   9.2502855e-02
   7.5951278e-02
   6.3345321e-02
   5.6106158e-02
   5.3817558e-02
   4.4359002e-02
   3.8912699e-02
   4.5360181e-02
   4.2130325e-02
   3.5075703e-02
   0.0000000e+00
   0.0000000e+00
   6.1620548e-02
   6.5205157e-02
   6.3097715e-02
   3.2073826e-02
   2.4391280e-02
   1.8088423e-02
   1.2702568e-02
   8.1790052e-03
   2.2770744e-03
  -3.4831386e-03
   0.0000000e+00
   0.0000000e+00
   0.0000000e+00
   0.0000000e+00
   0.0000000e+00
   0.0000000e+00
   0.0000000e+00
   0.0000000e+00
   0.0000000e+00
   1.8395588e-02
   2.8280556e-02
   4.2917941e-02
   6.0489304e-02
   5.9578460e-02
   6.1005346e-02
   4.2636175e-02
   2.0183483e-02
   8.8301274e-03
   1.9542786e-03
   2.1679068e-02
   2.1166285e-02
   1.6452024e-02
   1.1796575e-02
   9.4754926e-03
   6.3357591e-03
   0.0000000e+00
   3.6795013e-02
   4.0624283e-02
   3.7515886e-02
   6.0418011e-03
   1.4959930e-03
  -2.1951604e-03
  -4.1356487e-03
  -8.3387876e-03
  -7.6612295e-03
  -4.6174512e-03
   0.0000000e+00
   0.0000000e+00
   0.0000000e+00
   0.0000000e+00
   0.0000000e+00
   0.0000000e+00
   0.0000000e+00
   0.0000000e+00
  -0.0000000e+00
  -8.4525393e-03
   2.6382902e-03
   6.8440796e-03
   1.8706637e-02
   1.8172892e-02
   2.0412758e-02
   9.5685869e-03
  -1.4797470e-02
  -3.7672911e-02
  -3.6895324e-02
  -9.5430817e-03
   4.0100692e-03
  -4.3980060e-03
  -1.4213064e-02
  -6.6826227e-03
  -7.7138849e-04
  -3.6792041e-04
   4.1013155e-03
   1.0450542e-02
   8.6269584e-03
  -1.6766133e-02
  -1.6893245e-02
  -2.0265583e-02
  -2.2952868e-02
  -2.3365348e-02
  -2.1815531e-02
  -8.2602346e-03
   0.0000000e+00
   0.0000000e+00
   0.0000000e+00
   0.0000000e+00
   0.0000000e+00
   0.0000000e+00
   0.0000000e+00
  -0.0000000e+00
  -0.0000000e+00
  -3.6600862e-02
  -2.7659943e-02
  -2.5192918e-02
  -1.7891107e-02
  -1.8334722e-02
  -1.8817443e-02
  -1.8006679e-02
  -3.3959981e-02
  -6.3195311e-02
  -6.4484932e-02
  -4.0702514e-02
  -1.1427931e-02
  -8.1137987e-03
  -2.3219233e-02
  -1.4310118e-02
  -0.0000000e+00
  -2.2609828e-02
  -2.1376416e-02
  -1.6525930e-02
  -1.3416425e-02
  -3.3053875e-02
  -3.0970434e-02
  -3.7827536e-02
  -4.2390287e-02
  -3.7186403e-02
  -3.8910231e-02
  -1.3829350e-02
  -0.0000000e+00
   0.0000000e+00
   0.0000000e+00
   0.0000000e+00
   0.0000000e+00
   0.0000000e+00
   0.0000000e+00
  -0.0000000e+00
  -3.5034530e-02
  -5.5597320e-02
  -5.9239596e-02
  -5.4019049e-02
  -5.4119993e-02
  -5.2852035e-02
  -5.1006839e-02
  -4.1020971e-02
  -3.1370029e-02
  -3.8823783e-02
  -4.0630043e-02
  -5.2630119e-02
  -2.9977432e-02
  -4.7360039e-03
  -3.7045695e-03
  -5.3734452e-03
  -0.0000000e+00
  -3.3611033e-02
  -3.4517281e-02
  -3.6218848e-02
  -2.7321257e-02
  -3.4171455e-02
  -3.4886047e-02
  -4.8041556e-02
  -4.7151119e-02
  -4.4171344e-02
  -3.8840767e-02
  -1.2225932e-02
  -3.6409571e-03
   0.0000000e+00
   0.0000000e+00
   0.0000000e+00
   0.0000000e+00
   0.0000000e+00
   1.6381856e-02
   8.8411078e-03
  -2.9427355e-02
  -5.2049972e-02
  -6.8858102e-02
  -6.4783767e-02
  -6.9175258e-02
  -6.5283321e-02
  -5.6391548e-02
  -4.6507865e-02
  -2.3455229e-02
  -9.8189199e-03
  -2.5199058e-02
  -0.0000000e+00
  -0.0000000e+00
  -9.6456999e-03
   1.2012159e-02
   4.3719069e-03
  -0.0000000e+00
  -3.3868518e-02
  -4.1307658e-02
  -3.8618963e-02
  -3.2809462e-02
  -3.0469331e-02
  -3.5967219e-02
  -4.8992988e-02
  -4.4901930e-02
  -4.7332238e-02
  -3.2586126e-02
  -8.1790703e-03
  -7.0709171e-05
   0.0000000e+00
   0.0000000e+00
   0.0000000e+00
  -0.0000000e+00
  -8.5786054e-03
   5.7985373e-03
  -7.1013453e-03
  -2.6992666e-02
  -4.4181257e-02
  -6.4982206e-02
  -6.3451104e-02
  -6.7063019e-02
  -6.3237302e-02
  -5.0489374e-02
  -4.2750031e-02
  -1.7141469e-02
   6.4772111e-03
   1.1782665e-02
   0.0000000e+00
  -0.0000000e+00
  -0.0000000e+00
   1.5421390e-02
  -7.9347984e-04
  -2.9141274e-02
  -3.1943962e-02
  -4.3666277e-02
  -3.4939036e-02
  -3.2544948e-02
  -2.6634546e-02
  -0.0000000e+00
  -4.5258068e-02
  -3.9329261e-02
  -4.7175024e-02
  -2.4037952e-02
  -7.1477872e-03
   2.8232597e-03
   0.0000000e+00
   0.0000000e+00
   0.0000000e+00
  -0.0000000e+00
  -2.0852970e-02
  -1.2119920e-02
  -2.7956907e-02
  -2.7982932e-02
  -3.5945676e-02
  -5.5910356e-02
  -5.6407075e-02
  -5.7555426e-02
  -5.5155214e-02
  -3.9796643e-02
  -3.4923583e-02
  -1.1126914e-02
   1.7152635e-02
   1.6531069e-02
   0.0000000e+00
   0.0000000e+00
  -0.0000000e+00
   1.1644099e-02
  -4.2308406e-03
  -2.4804704e-02
  -2.8300701e-02
  -4.1871637e-02
  -2.9119268e-02
  -2.9585261e-02
  -2.4518095e-02
  -3.5410702e-02
  -3.5598848e-02
  -2.9199033e-02
  -4.1100468e-02
  -1.7102238e-02
   2.1060825e-03
   7.5232163e-03
   0.0000000e+00
   0.0000000e+00
  -0.0000000e+00
  -0.0000000e+00
  -4.0145155e-02
  -3.9820503e-02
  -4.0356673e-02
  -3.6607381e-02
  -3.1125734e-02
  -4.2273838e-02
  -4.1135982e-02
  -3.9905719e-02
  -4.0932048e-02
  -2.6212685e-02
  -2.3654958e-02
  -5.0423858e-03
   2.1070238e-02
   2.5486865e-02
   0.0000000e+00
   0.0000000e+00
  -0.0000000e+00
  -4.8145956e-03
  -1.4941836e-02
  -2.1901111e-02
  -2.0288894e-02
  -2.8764557e-02
  -2.3764184e-02
  -2.3518723e-02
  -2.8108498e-02
  -3.1221410e-02
  -3.3473127e-02
  -2.5720609e-02
  -3.0928407e-02
  -1.6962778e-02
   1.1744187e-02
   1.2598776e-02
   0.0000000e+00
   0.0000000e+00
  -0.0000000e+00
  -3.4842417e-02
  -4.8700564e-02
  -5.3739015e-02
  -4.4666167e-02
  -5.0092719e-02
  -3.3479176e-02
  -3.9547075e-02
  -3.5406992e-02
  -3.4483440e-02
  -3.7390348e-02
  -2.2160679e-02
  -2.0958528e-02
  -4.1417084e-03
   1.8399989e-02
   2.5239593e-02
   0.0000000e+00
   0.0000000e+00
   0.0000000e+00
  -0.0000000e+00
  -2.2038363e-02
  -1.7682347e-02
  -1.1901390e-02
  -1.9819859e-02
  -2.3993164e-02
  -2.2071050e-02
  -2.8101081e-02
  -2.8495032e-02
  -3.0651525e-02
  -2.1588024e-02
  -2.0115066e-02
  -1.5088417e-02
   1.7034147e-02
   2.0595866e-02
   0.0000000e+00
   0.0000000e+00
  -0.0000000e+00
  -2.6804278e-02
  -4.3797441e-02
  -5.1402751e-02
  -4.0909052e-02
  -5.0357498e-02
  -3.3740912e-02
  -3.8671162e-02
  -3.3411086e-02
  -3.2616835e-02
  -3.4566134e-02
  -2.0963540e-02
  -1.9743651e-02
  -3.8814624e-03
   1.4553162e-02
   2.3684334e-02
   0.0000000e+00
   0.0000000e+00
   0.0000000e+00
  -0.0000000e+00
  -2.1362025e-02
  -1.2238655e-02
  -4.6819444e-03
  -1.4804575e-02
  -2.3921726e-02
  -1.9627329e-02
  -2.7041936e-02
  -2.4565995e-02
  -2.5290957e-02
  -1.5072787e-02
  -8.2226196e-03
  -1.2070716e-02
   2.0086650e-02
   2.4214719e-02
   0.0000000e+00
  -0.0000000e+00
  -0.0000000e+00
  -1.5744176e-02
  -3.0632103e-02
  -3.9477896e-02
  -3.2291923e-02
  -4.2686235e-02
  -3.1731784e-02
  -3.6430512e-02
  -3.1235907e-02
  -3.0041592e-02
  -2.9886672e-02
  -1.9228525e-02
  -1.7749388e-02
  -2.9049248e-03
   1.0905664e-02
   2.1667953e-02
   0.0000000e+00
   0.0000000e+00
   0.0000000e+00
  -0.0000000e+00
  -1.5680548e-02
  -5.2982507e-03
   8.2763163e-04
  -1.0908973e-02
  -2.2628700e-02
  -1.6145634e-02
  -2.1960763e-02
  -2.5501177e-02
  -1.5830962e-02
  -1.3389148e-02
  -0.0000000e+00
   6.6367224e-03
   1.2631631e-02
   0.0000000e+00
   0.0000000e+00
  -0.0000000e+00
  -2.5393343e-02
  -6.7379167e-03
  -1.2024816e-02
  -1.8306749e-02
  -2.0739393e-02
  -2.1826901e-02
  -2.5823843e-02
  -2.8493546e-02
  -2.5384631e-02
  -2.5099110e-02
  -1.9196004e-02
  -1.6015800e-02
  -1.3928826e-02
  -4.3645105e-03
   2.4856464e-03
   9.9882576e-03
   0.0000000e+00
  -0.0000000e+00
  -0.0000000e+00
  -0.0000000e+00
  -7.5401496e-03
   2.2566915e-03
   3.2769046e-03
  -0.0000000e+00
  -0.0000000e+00
  -1.4552492e-02
  -2.1024726e-02
  -2.5873290e-02
  -1.5000588e-02
  -1.6194226e-02
  -5.5697893e-03
   1.1622766e-02
   7.6206333e-03
  -0.0000000e+00
   0.0000000e+00
  -0.0000000e+00
  -2.6048416e-02
  -1.4556495e-02
  -1.2215943e-02
  -1.7415412e-02
  -2.1005683e-02
  -2.1006787e-02
  -2.6408348e-02
  -2.4724247e-02
  -2.3130132e-02
  -2.1460669e-02
  -1.6477341e-02
  -1.4257429e-02
  -1.2972635e-02
  -9.2943255e-03
  -3.0113971e-03
  -3.3833346e-03
   0.0000000e+00
  -0.0000000e+00
  -2.5766593e-02
  -1.3741861e-02
  -6.0680625e-03
   2.7055965e-03
  -2.2842545e-03
   0.0000000e+00
  -0.0000000e+00
  -1.9512793e-02
  -2.3444925e-02
  -2.5473094e-02
  -1.5889270e-02
  -1.9642089e-02
  -9.0977959e-03
   1.1799826e-02
   0.0000000e+00
  -0.0000000e+00
  -0.0000000e+00
  -4.1392078e-02
  -2.8680058e-02
  -2.2637371e-02
  -1.6910324e-02
  -2.0226136e-02
  -2.2694681e-02
  -2.0923112e-02
  -2.4942026e-02
  -2.0571584e-02
  -2.0390660e-02
  -1.7665330e-02
  -1.4751597e-02
  -1.3096764e-02
  -1.3110202e-02
  -1.4150195e-02
  -1.1127288e-02
  -1.6699229e-02
  -2.2183433e-02
  -0.0000000e+00
  -2.9964175e-02
  -1.5396878e-02
  -6.5470422e-03
   1.7348163e-03
  -1.0660254e-02
   0.0000000e+00
  -0.0000000e+00
  -2.5661819e-02
  -2.7962955e-02
  -2.6339186e-02
  -2.3708209e-02
  -2.4009757e-02
  -1.4681132e-02
  -2.1453044e-03
   0.0000000e+00
  -0.0000000e+00
  -3.1853177e-02
  -4.3242227e-02
  -3.5935082e-02
  -3.5127785e-02
  -3.3448473e-02
  -3.3858914e-02
  -3.1184686e-02
  -2.7477140e-02
  -2.4094755e-02
  -2.0968644e-02
  -2.1325562e-02
  -1.8599458e-02
  -1.9287402e-02
  -1.7050914e-02
  -1.8688543e-02
  -2.2244241e-02
  -2.6333725e-02
  -3.6888346e-02
  -3.2582327e-02
  -3.2805665e-02
  -3.2540396e-02
  -2.4027048e-02
  -1.1665072e-02
  -4.0228046e-03
  -2.4609413e-02
  -2.6448462e-02
  -2.1797825e-02
  -3.4073085e-02
  -3.6659695e-02
  -3.6436923e-02
  -3.3730503e-02
  -3.1133123e-02
  -3.0346999e-02
  -3.7582561e-02
  -0.0000000e+00
  -0.0000000e+00
  -4.4194899e-02
  -4.6157535e-02
  -4.0706333e-02
  -4.4291712e-02
  -5.2914731e-02
  -5.4519482e-02
  -4.3091830e-02
  -3.3483580e-02
  -2.9640278e-02
  -3.1038305e-02
  -3.2807302e-02
  -3.3980235e-02
  -3.4387685e-02
  -3.4308519e-02
  -3.3941861e-02
  -3.4707401e-02
  -4.2495113e-02
  -3.9061680e-02
  -3.3785868e-02
  -3.7428554e-02
  -4.2530097e-02
  -4.2974110e-02
  -1.5923312e-02
  -1.8224306e-02
  -3.8374609e-02
  -3.5059378e-02
  -3.5885751e-02
  -3.8272016e-02
  -4.1119654e-02
  -4.1966103e-02
  -3.6925919e-02
  -3.7933603e-02
  -4.2804703e-02
  -5.0043434e-02
  -3.5517572e-02
  -0.0000000e+00
  -5.1482148e-02
  -4.7733109e-02
  -4.2139538e-02
  -4.7464602e-02
  -6.0057536e-02
  -6.3110270e-02
  -4.2126384e-02
  -3.3431128e-02
  -3.7123054e-02
  -3.9086241e-02
  -4.2165600e-02
  -4.4004366e-02
  -4.4031139e-02
  -4.4181865e-02
  -4.2448997e-02
  -4.1527316e-02
  -4.2364854e-02
  -3.5065591e-02
  -3.4403507e-02
  -4.4350289e-02
  -5.0657649e-02
  -4.4469383e-02
  -2.3858532e-02
  -2.8212175e-02
  -4.2709441e-02
  -3.9094068e-02
  -4.2290527e-02
  -4.0370598e-02
  -4.2439710e-02
  -4.3677554e-02
  -3.7527736e-02
  -4.2783756e-02
  -5.0356895e-02
  -5.3453572e-02
  -4.0555894e-02
  -3.9311961e-02
  -5.4623526e-02
  -4.8207164e-02
  -4.1999180e-02
  -4.6274431e-02
  -6.0513996e-02
  -6.3802734e-02
  -3.6581017e-02
  -3.2094542e-02
  -4.4123221e-02
  -4.5540150e-02
  -4.8759785e-02
  -5.0100967e-02
  -4.9876679e-02
  -4.9472377e-02
  -4.7295410e-02
  -4.4640511e-02
  -3.6791999e-02
  -3.0081166e-02
  -3.4643479e-02
  -4.8685558e-02
  -5.3321108e-02
  -4.0334128e-02
  -2.8386509e-02
  -3.6417514e-02
  -4.2655262e-02
  -3.9763368e-02
  -4.4069860e-02
  -4.1354291e-02
  -3.7836663e-02
  -3.7313804e-02
  -3.4929674e-02
  -4.2500313e-02
  -4.6288680e-02
  -3.8541455e-02
  -4.4099197e-02
  -4.9267482e-02
  -4.7708295e-02
  -4.4411045e-02
  -3.7376281e-02
  -3.6982547e-02
  -5.0508648e-02
  -4.8280269e-02
  -2.6143638e-02
  -3.1511031e-02
  -4.9084857e-02
  -4.8916664e-02
  -4.8867721e-02
  -4.8078734e-02
  -4.7661819e-02
  -4.6183445e-02
  -4.6213970e-02
  -4.0010508e-02
  -2.5211459e-02
  -2.7249174e-02
  -3.6865726e-02
  -4.6947230e-02
  -4.2078510e-02
  -2.3505133e-02
  -2.9980943e-02
  -4.2428751e-02
  -3.8936540e-02
  -3.4776296e-02
  -3.8277499e-02
  -4.0390819e-02
  -1.4938118e-02
  -1.1413848e-02
  -1.6203042e-02
  -2.1481942e-02
  -1.9099712e-02
  -2.0462608e-02
  -2.7524978e-02
  -2.9397007e-02
  -2.5438968e-02
  -2.1778453e-02
  -1.8052302e-02
  -1.6546188e-02
  -1.9846726e-02
  -1.7171931e-02
  -1.3586028e-02
  -2.2241442e-02
  -3.0890740e-02
  -3.0154323e-02
  -2.7157960e-02
  -2.6127709e-02
  -2.4983086e-02
  -2.4959482e-02
  -2.4081320e-02
  -1.8299818e-02
  -1.3002171e-02
  -1.7320246e-02
  -2.3230495e-02
  -1.9147558e-02
  -9.9241734e-03
  -3.3005562e-03
  -1.5021010e-02
  -2.8896427e-02
  -2.0980367e-02
  -1.2886793e-02
  -1.5242427e-02
  -1.7096100e-02
   2.0234296e-02
   2.0733945e-02
   1.5891861e-02
   1.2170945e-02
   1.2574940e-02
   5.3635957e-03
   5.6147072e-03
   6.8561737e-03
   7.1649551e-03
   1.3502168e-02
   1.4269354e-02
   1.2381431e-02
   1.4643108e-02
   1.2407038e-02
   4.6882066e-03
  -2.7538365e-04
  -5.1765353e-04
   1.4197958e-03
   2.6931653e-03
   3.7739659e-03
   6.9523565e-03
   6.4231483e-03
   9.7788004e-03
   1.2566702e-02
   1.1187940e-02
   1.2268244e-02
   1.2517775e-02
   2.1075672e-02
   2.7206723e-02
   2.4822708e-02
   1.5082817e-02
   2.9066079e-03
   1.0471194e-02
   1.7968673e-02
   1.7254341e-02
   2.0933313e-02
   6.0000770e-02
   5.6988977e-02
   5.3150393e-02
   4.9958795e-02
   4.5023315e-02
   4.2434409e-02
   5.0376475e-02
   5.0736148e-02
   5.2001398e-02
   5.9462551e-02
   5.6463264e-02
   5.0489251e-02
   5.1262692e-02
   4.6637923e-02
   3.4403268e-02
   2.9209116e-02
   3.3389706e-02
   3.6403004e-02
   3.5918627e-02
   3.8153876e-02
   4.1768126e-02
   4.3699831e-02
   4.9235899e-02
   5.1207874e-02
   5.1722784e-02
   5.6658808e-02
   6.1483141e-02
   6.7094594e-02
   6.7753650e-02
   6.3503757e-02
   5.2932315e-02
   4.6387844e-02
   5.2684199e-02
   5.3978980e-02
   5.6880392e-02
   6.3062780e-02
   9.4956122e-02
   9.1131911e-02
   8.6315177e-02
   8.3704598e-02
   7.7853791e-02
   8.6299896e-02
   9.4327778e-02
   9.2193156e-02
   9.9913470e-02
   1.0329952e-01
   9.7613357e-02
   9.0054713e-02
   8.4300555e-02
   8.1755370e-02
   7.0577197e-02
   6.0656134e-02
   6.4322434e-02
   6.7901812e-02
   6.8584524e-02
   7.1859039e-02
   7.4672736e-02
   8.1592016e-02
   8.8021666e-02
   9.2501387e-02
   9.8351672e-02
   1.0091362e-01
   1.0753801e-01
   1.0884549e-01
   1.0592339e-01
   1.0404453e-01
   9.2330061e-02
   9.2467442e-02
   9.4628476e-02
   8.8906877e-02
   9.3706466e-02
   9.6261136e-02
   1.0786662e-01
   1.0681880e-01
   1.0275143e-01
   1.0027258e-01
   1.0353231e-01
   1.1519396e-01
   1.1383063e-01
   1.1474857e-01
   1.2454109e-01
   1.2155561e-01
   1.1679479e-01
   1.1177764e-01
   1.0485218e-01
   1.0338400e-01
   9.5961884e-02
   8.6361408e-02
   8.5860536e-02
   8.9025326e-02
   9.3231633e-02
   9.6498564e-02
   9.9810615e-02
   1.0821800e-01
   1.1376723e-01
   1.1901012e-01
   1.2310944e-01
   1.2193089e-01
   1.2585253e-01
   1.2682584e-01
   1.2490962e-01
   1.2185258e-01
   1.1576081e-01
   1.1732848e-01
   1.1370413e-01
   1.0912378e-01
   1.0947206e-01
   1.0655034e-01
   8.9034580e-02
   8.9231662e-02
   9.0723224e-02
   8.8301450e-02
   9.7523615e-02
   9.9147327e-02
   9.3970902e-02
   1.0203793e-01
   1.0289875e-01
   9.9798091e-02
   9.8947704e-02
   9.6690521e-02
   9.6192904e-02
   9.2349634e-02
   9.0221234e-02
   9.1158867e-02
   8.9871690e-02
   9.1872104e-02
   9.6372321e-02
   9.9474333e-02
   1.0320389e-01
   1.0564199e-01
   1.0778049e-01
   1.0749866e-01
   1.0394459e-01
   1.0502621e-01
   1.0449349e-01
   1.0435232e-01
   1.0326685e-01
   9.5626332e-02
   9.8081157e-02
   9.8091334e-02
   9.4032548e-02
   9.6351765e-02
   9.1886804e-02
   9.0003252e-02
   4.9094133e-02
   4.6797108e-02
   4.7336642e-02
   4.6448130e-02
   4.7291145e-02
   4.7710527e-02
   5.1447071e-02
   5.6875855e-02
   5.4980587e-02
   5.4353759e-02
   5.4301087e-02
   5.2274194e-02
   5.0890319e-02
   5.0607979e-02
   5.6347914e-02
   6.3205943e-02
   6.6581659e-02
   6.6628590e-02
   6.7678653e-02
   7.0979059e-02
   7.0967361e-02
   6.9351599e-02
   6.6367738e-02
   6.1443914e-02
   5.8171488e-02
   5.9176762e-02
   5.8741651e-02
   5.3064000e-02
   4.8337508e-02
   4.3921903e-02
   4.5315791e-02
   4.8326295e-02
   4.8631851e-02
   5.0656721e-02
   4.9989719e-02
   4.9836360e-02
  -3.4797438e-03
  -6.2760022e-03
  -1.2228043e-02
  -1.4062033e-02
  -1.3225779e-02
  -4.7085090e-03
   2.6674510e-03
   4.1415426e-03
   5.6644133e-03
   2.9864700e-03
   1.6176240e-03
   7.3013233e-04
  -4.6167877e-03
  -1.6002362e-03
   6.6536777e-03
   1.1507588e-02
   1.6128641e-02
   1.5140919e-02
   1.4877756e-02
   1.8106673e-02
   1.6540967e-02
   1.3725637e-02
   8.6423364e-03
   6.8038399e-03
   7.5385831e-03
   3.0908042e-03
  -4.8123789e-04
  -6.6904631e-03
  -7.7492073e-03
  -5.2940878e-03
  -9.0664355e-03
  -7.3311119e-03
  -4.4765295e-03
  -3.0556207e-03
  -2.5156653e-03
  -5.1925895e-03
  -4.1004959e-02
  -4.3925062e-02
  -4.9560990e-02
  -4.7022816e-02
  -3.9995492e-02
  -3.3588376e-02
  -3.0641492e-02
  -3.0184543e-02
  -3.2634743e-02
  -3.8318418e-02
  -3.9566483e-02
  -3.7643734e-02
  -3.8325995e-02
  -3.6695570e-02
  -3.3643000e-02
  -3.1097917e-02
  -2.7517756e-02
  -2.4991585e-02
  -2.2157259e-02
  -1.9222545e-02
  -2.0115213e-02
  -2.4045775e-02
  -2.7736450e-02
  -2.9858124e-02
  -3.4751326e-02
  -4.3168087e-02
  -4.6330884e-02
  -4.2691786e-02
  -3.7017569e-02
  -3.5376497e-02
  -4.0965818e-02
  -4.2890724e-02
  -3.9699219e-02
  -3.6143091e-02
  -3.6969967e-02
  -4.0502440e-02
  -2.5068518e-02
  -2.5051096e-02
  -2.3431854e-02
  -2.0244548e-02
  -1.7894164e-02
  -1.7234739e-02
  -1.8383939e-02
  -2.0851238e-02
  -2.4458027e-02
  -2.7372541e-02
  -2.7765069e-02
  -2.5903743e-02
  -2.3783287e-02
  -2.2516383e-02
  -2.1353640e-02
  -1.9839045e-02
  -1.8140631e-02
  -1.6514048e-02
  -1.5670545e-02
  -1.6035311e-02
  -1.7735191e-02
  -2.0106332e-02
  -2.2219878e-02
  -2.4406945e-02
  -2.6163967e-02
  -2.6540535e-02
  -2.4788184e-02
  -2.2271087e-02
  -2.1637231e-02
  -2.3856487e-02
  -2.7104028e-02
  -2.8351326e-02
  -2.7221443e-02
  -2.5365688e-02
  -2.4565285e-02
  -2.4678463e-02
