   0.0000000e+00
   0.0000000e+00
   0.0000000e+00
   0.0000000e+00
   0.0000000e+00
   0.0000000e+00
   0.0000000e+00
   0.0000000e+00
   0.0000000e+00
   5.3731021e-04
   6.1647302e-04
   7.1319073e-04
   8.4678783e-04
   8.8905127e-04
   9.1806374e-04
   9.7359679e-04
   1.1269609e-03
   1.4740864e-03
   1.8041557e-03
   2.1727262e-03
   2.3169150e-03
   2.5391991e-03
   1.4896512e-03
   0.0000000e+00
   0.0000000e+00
   0.0000000e+00
   0.0000000e+00
   0.0000000e+00
   0.0000000e+00
   0.0000000e+00
   0.0000000e+00
   0.0000000e+00
   0.0000000e+00
   0.0000000e+00
   0.0000000e+00
   0.0000000e+00
   0.0000000e+00
   0.0000000e+00
   0.0000000e+00
   0.0000000e+00
   0.0000000e+00
   0.0000000e+00
   0.0000000e+00
   0.0000000e+00
   0.0000000e+00
   3.2302395e-03
   2.9514516e-03
   2.3461014e-03
   2.2019497e-03
   2.1319434e-03
   1.7374925e-03
   8.8119128e-04
   5.1085959e-04
   1.0871752e-03
   1.5641171e-03
   2.2661490e-03
   3.9305245e-03
   7.7203577e-03
   1.1459631e-02
   5.8466718e-03
  -5.6729665e-03
   0.0000000e+00
   0.0000000e+00
   0.0000000e+00
  -0.0000000e+00
  -0.0000000e+00
   0.0000000e+00
   0.0000000e+00
   0.0000000e+00
   0.0000000e+00
   0.0000000e+00
   0.0000000e+00
   0.0000000e+00
   0.0000000e+00
   0.0000000e+00
   0.0000000e+00
   0.0000000e+00
   0.0000000e+00
   0.0000000e+00
   0.0000000e+00
   0.0000000e+00
   3.4206561e-03
   2.0246014e-03
  -1.4475566e-04
  -1.8824174e-03
  -2.9485743e-03
  -3.4232840e-03
  -3.6600053e-03
  -3.3370445e-03
  -1.8152593e-03
  -9.2447409e-04
   9.3811759e-05
   3.0411209e-03
   1.9374611e-02
   4.2291045e-02
   7.9209171e-03
  -1.6444185e-02
  -0.0000000e+00
   0.0000000e+00
  -2.2390113e-04
  -4.2763900e-03
  -0.0000000e+00
   0.0000000e+00
   0.0000000e+00
   0.0000000e+00
   0.0000000e+00
   0.0000000e+00
   0.0000000e+00
   0.0000000e+00
   0.0000000e+00
   0.0000000e+00
   0.0000000e+00
   0.0000000e+00
   0.0000000e+00
   0.0000000e+00
   0.0000000e+00
   0.0000000e+00
   0.0000000e+00
  -1.9766523e-03
  -5.8324062e-03
  -7.8837574e-03
  -1.1350757e-02
  -1.3337429e-02
  -1.0874381e-02
  -1.0100555e-02
  -8.7472359e-03
  -6.2582041e-03
  -3.2511272e-03
   1.1028044e-04
   1.8051727e-02
   2.3879081e-02
  -1.1190597e-02
  -3.1602006e-02
  -2.9042626e-02
  -1.2364871e-02
  -6.3799629e-03
  -1.0380238e-02
  -1.5090264e-02
   0.0000000e+00
   0.0000000e+00
   0.0000000e+00
   0.0000000e+00
   0.0000000e+00
   0.0000000e+00
   0.0000000e+00
   0.0000000e+00
   0.0000000e+00
   0.0000000e+00
   0.0000000e+00
   0.0000000e+00
   0.0000000e+00
   0.0000000e+00
   0.0000000e+00
  -6.6375454e-03
  -8.4238267e-03
  -1.0959364e-02
  -1.0288492e-02
  -1.1433374e-02
  -1.2592288e-02
  -9.2633720e-03
  -9.0705249e-03
  -6.9563696e-03
  -4.6616886e-03
  -2.3674048e-03
  -7.9438242e-04
   1.1050580e-02
   8.6448994e-03
  -1.9164979e-02
  -3.2569584e-02
  -3.6915235e-02
  -3.0999782e-02
  -2.1984186e-02
  -1.8347163e-02
  -1.9896008e-02
  -0.0000000e+00
   0.0000000e+00
   0.0000000e+00
   0.0000000e+00
   0.0000000e+00
   0.0000000e+00
   0.0000000e+00
   0.0000000e+00
   0.0000000e+00
   0.0000000e+00
   0.0000000e+00
   0.0000000e+00
   0.0000000e+00
   0.0000000e+00
  -1.1988539e-02
  -1.3370971e-02
  -1.1006048e-02
  -9.5670233e-03
  -1.6048342e-02
  -2.2661531e-02
  -1.5892500e-02
  -1.1178680e-02
  -8.9959167e-03
  -1.1650118e-03
  -1.3599388e-03
  -9.1846852e-04
   2.0510845e-03
   1.0795042e-02
   2.8569293e-03
  -2.2941085e-02
  -3.4923490e-02
  -4.0535748e-02
  -3.1631857e-02
  -2.6228860e-02
  -2.4358071e-02
  -2.5691696e-02
  -0.0000000e+00
   0.0000000e+00
   0.0000000e+00
   0.0000000e+00
   0.0000000e+00
   0.0000000e+00
   0.0000000e+00
   0.0000000e+00
   0.0000000e+00
   0.0000000e+00
   0.0000000e+00
  -8.7617928e-03
  -1.4126693e-02
  -1.6691303e-02
  -1.3905266e-02
  -1.4035461e-02
  -4.2313556e-03
  -8.1887431e-03
  -2.2033721e-02
  -3.0797016e-02
  -2.0182961e-02
  -0.0000000e+00
  -9.1386159e-03
   1.1110291e-03
  -3.2193976e-04
   2.0933452e-03
   5.3831730e-03
   5.9811804e-03
  -7.4265315e-03
  -2.6344376e-02
  -3.3316363e-02
  -3.5214253e-02
  -2.4257150e-02
  -2.3435554e-02
  -2.4316024e-02
  -2.5906382e-02
  -2.9276830e-02
   0.0000000e+00
   0.0000000e+00
   0.0000000e+00
   0.0000000e+00
   0.0000000e+00
   0.0000000e+00
   0.0000000e+00
   0.0000000e+00
   0.0000000e+00
  -0.0000000e+00
  -4.8297476e-03
  -1.3683662e-02
  -1.6018830e-02
  -7.1154460e-03
  -2.4357305e-03
   3.9488641e-03
  -2.0634914e-03
  -1.0716616e-02
  -1.4651009e-02
  -1.1471598e-02
  -9.7323451e-03
  -5.8697841e-03
   1.6494460e-04
  -1.7051718e-03
   4.2316177e-03
   9.0073915e-03
   3.1398553e-03
  -9.9076405e-03
  -1.9047493e-02
  -2.0723445e-02
  -1.7739562e-02
  -1.4758327e-02
  -1.9194843e-02
  -2.1072637e-02
  -2.0203995e-02
  -5.4879399e-03
   0.0000000e+00
   0.0000000e+00
   0.0000000e+00
   0.0000000e+00
   0.0000000e+00
   0.0000000e+00
   0.0000000e+00
   1.0785654e-02
   8.0447415e-03
   4.9940518e-03
   5.0717271e-03
  -4.6776664e-03
  -3.0285937e-03
   7.6511619e-03
   1.5070751e-02
   1.9288877e-02
   1.5444358e-02
   1.1571046e-02
   1.1537676e-02
   1.0637191e-02
   4.0930817e-03
   5.7979110e-03
   7.9793269e-03
   0.0000000e+00
   0.0000000e+00
   1.8078187e-02
   1.1684173e-02
   3.5416596e-03
  -1.9296861e-03
  -1.7124398e-03
   1.7789302e-03
  -1.7535464e-03
  -1.0404525e-02
  -1.2842083e-02
  -5.5932179e-03
   1.7507184e-02
   3.0199457e-02
   0.0000000e+00
   0.0000000e+00
   0.0000000e+00
   0.0000000e+00
   0.0000000e+00
   0.0000000e+00
   2.9400895e-02
   2.2426955e-02
   2.0425094e-02
   2.2606133e-02
   1.0709369e-02
   1.4002576e-02
   2.2377307e-02
   2.9207354e-02
   3.4775406e-02
   3.2865368e-02
   2.7641099e-02
   0.0000000e+00
   2.3789916e-02
   1.7634993e-02
   2.1634094e-02
   2.1637429e-02
   1.9966476e-02
   0.0000000e+00
   2.8115770e-02
   2.5902454e-02
   2.0085830e-02
   1.4145532e-02
   1.5367918e-02
   1.4920602e-02
   1.0681452e-02
  -3.1494553e-04
  -2.2907392e-04
   1.2750005e-02
   3.4413692e-02
   4.6702504e-02
   0.0000000e+00
   0.0000000e+00
   0.0000000e+00
   0.0000000e+00
   0.0000000e+00
   2.7568814e-02
   3.9650008e-02
   3.0471562e-02
   3.1953069e-02
   3.1360999e-02
   1.9862043e-02
   2.5016507e-02
   3.2020684e-02
   3.7572782e-02
   4.2091228e-02
   4.0082421e-02
   3.2820688e-02
   2.6222715e-02
   0.0000000e+00
   2.4130939e-02
   3.2366537e-02
   2.8742885e-02
   2.2632614e-02
   0.0000000e+00
   3.2327428e-02
   3.1905204e-02
   2.5731064e-02
   2.1343246e-02
   2.2080492e-02
   1.9971468e-02
   1.5415039e-02
   6.2314603e-03
   1.3146527e-02
   2.4297583e-02
   4.4958959e-02
   5.7320553e-02
   0.0000000e+00
   0.0000000e+00
   0.0000000e+00
   0.0000000e+00
   0.0000000e+00
   3.4937588e-02
   4.0901329e-02
   2.9461594e-02
   3.3308875e-02
   3.1196669e-02
   2.3140997e-02
   2.9217089e-02
   3.6159102e-02
   4.0546525e-02
   4.2819496e-02
   3.8883612e-02
   2.7869582e-02
   2.2076850e-02
   0.0000000e+00
   2.5257240e-02
   3.4456357e-02
   0.0000000e+00
   0.0000000e+00
   0.0000000e+00
   3.0999114e-02
   2.9318208e-02
   2.3244182e-02
   2.1133320e-02
   2.1417430e-02
   1.9353693e-02
   1.4721805e-02
   1.0282299e-02
   2.2613304e-02
   2.9425649e-02
   0.0000000e+00
   6.4102441e-02
   0.0000000e+00
   0.0000000e+00
   0.0000000e+00
   0.0000000e+00
   0.0000000e+00
   3.5284885e-02
   3.1954896e-02
   2.4886254e-02
   2.6569249e-02
   2.2012914e-02
   2.0098392e-02
   2.5849666e-02
   3.3975143e-02
   3.7520200e-02
   3.7116569e-02
   2.9994972e-02
   1.5973989e-02
   1.3281099e-02
   0.0000000e+00
   2.1769738e-02
   2.6637260e-02
   0.0000000e+00
   0.0000000e+00
   0.0000000e+00
   2.3014659e-02
   1.8490394e-02
   1.3769916e-02
   1.3612842e-02
   1.4343610e-02
   1.3316760e-02
   9.6873567e-03
   1.2665114e-02
   2.7237933e-02
   3.0957590e-02
   0.0000000e+00
   6.4702548e-02
   0.0000000e+00
   0.0000000e+00
   0.0000000e+00
   0.0000000e+00
   0.0000000e+00
   2.5875030e-02
   1.7913453e-02
   1.5146489e-02
   8.0021136e-03
   4.7364472e-03
   6.2562819e-03
   1.1532625e-02
   1.9027671e-02
   2.2368656e-02
   2.2227824e-02
   1.6949743e-02
   6.9373813e-03
   1.3930668e-03
   0.0000000e+00
   1.2157619e-02
   9.5426980e-03
   7.1196663e-03
   0.0000000e+00
   6.8114890e-03
   6.3451425e-03
   2.6852146e-03
  -8.4272382e-05
  -1.1479807e-03
   1.1214283e-03
   1.8019523e-04
   2.1582667e-03
   1.0571167e-02
   2.2451738e-02
   2.8073195e-02
   0.0000000e+00
   5.4328859e-02
   0.0000000e+00
   0.0000000e+00
   0.0000000e+00
   0.0000000e+00
   1.5424873e-02
   1.6591301e-02
   9.5964703e-03
   3.6311001e-03
  -4.0301993e-03
  -5.4863668e-03
  -4.1792216e-03
   5.6713371e-04
   5.6328415e-03
   7.7979104e-03
   9.3791364e-03
   1.2750397e-02
   1.0097292e-02
  -4.4703041e-03
  -5.5795046e-03
   7.7288230e-03
   6.2620459e-04
  -9.1759347e-03
  -1.4025458e-02
  -4.4127715e-03
  -6.3709405e-03
  -9.6055288e-03
  -1.0367676e-02
  -1.1728247e-02
  -9.9274330e-03
  -9.8555060e-03
  -3.9526578e-03
   5.1818830e-03
   1.7150585e-02
   2.3750315e-02
   0.0000000e+00
   4.2586360e-02
   0.0000000e+00
   0.0000000e+00
   0.0000000e+00
   0.0000000e+00
   7.3779669e-03
   1.0779696e-02
   4.6734796e-03
  -1.7639237e-03
  -7.8675272e-03
  -7.9967352e-03
  -7.1817790e-03
  -3.1207181e-03
  -9.4819079e-05
   1.0249960e-03
   3.4503422e-03
   1.1929591e-02
   1.1930057e-02
  -7.2208191e-03
  -1.0486149e-02
   2.2391938e-03
  -3.7175326e-03
  -1.4063553e-02
  -1.3449537e-02
  -7.8171215e-03
  -1.1704162e-02
  -1.4804284e-02
  -1.3653588e-02
  -1.4571506e-02
  -1.3874074e-02
  -1.3154957e-02
  -6.3271262e-03
   6.3423056e-04
   1.2389921e-02
   1.8338142e-02
   0.0000000e+00
   3.3831373e-02
   0.0000000e+00
   0.0000000e+00
   0.0000000e+00
   0.0000000e+00
   6.3066540e-03
   8.4809245e-03
   1.4679950e-03
  -2.7033831e-03
  -4.5989379e-03
  -3.5095755e-03
  -3.1400179e-03
  -1.4841199e-04
   7.8798702e-04
   8.0470776e-04
   2.4241742e-03
   1.1370416e-02
   0.0000000e+00
  -8.8853638e-03
  -1.5161377e-02
  -2.4842601e-03
  -5.2748164e-03
  -1.2263753e-02
  -9.3920233e-03
  -5.6866229e-03
  -1.0923827e-02
  -1.3744568e-02
  -1.0921509e-02
  -9.7060855e-03
  -1.0744709e-02
  -9.9266861e-03
  -5.3484072e-03
  -4.0230080e-03
   6.7812111e-03
   1.1188745e-02
   0.0000000e+00
   2.3521526e-02
   0.0000000e+00
   0.0000000e+00
   0.0000000e+00
   0.0000000e+00
   6.8892119e-03
   5.1595895e-03
   2.2298429e-05
  -1.6394763e-03
  -2.1490764e-03
  -2.3517833e-04
   9.2421804e-04
   3.2268257e-03
   3.4730644e-03
   4.1274717e-03
   4.6557104e-03
   6.7082401e-03
   7.4173125e-03
  -0.0000000e+00
  -1.0056266e-02
  -8.5360082e-03
  -7.0260945e-03
  -1.6964158e-03
   4.5646970e-04
  -9.0060032e-04
  -5.5284132e-03
  -8.2914587e-03
  -5.7748212e-03
  -2.5647622e-03
  -2.4584616e-03
  -3.4896089e-03
  -3.2155693e-03
  -5.7414989e-03
  -8.3092367e-04
   5.6960915e-03
   0.0000000e+00
   1.6776072e-02
   0.0000000e+00
   0.0000000e+00
   0.0000000e+00
   0.0000000e+00
   5.1273698e-03
   3.6774816e-03
   4.1803930e-04
  -3.3579554e-04
  -6.1298272e-04
   1.5088678e-03
   3.4694134e-03
   5.1708161e-03
   5.9121996e-03
   7.0858379e-03
   8.7767504e-03
   6.1117401e-03
   2.1172483e-03
  -0.0000000e+00
  -1.6211721e-03
  -5.4084817e-03
  -2.9932703e-03
   3.4185059e-03
   4.6166070e-03
   2.5042838e-03
   6.1781658e-04
  -5.7744869e-04
   1.2602455e-04
   3.2404022e-03
   4.3702824e-03
   2.9649765e-03
   2.2246186e-03
  -5.5704400e-04
  -1.4600753e-03
   1.5700268e-03
   0.0000000e+00
   1.2460553e-02
   0.0000000e+00
   0.0000000e+00
   0.0000000e+00
  -1.8479657e-03
   7.5200168e-04
   7.6668523e-04
  -1.4009587e-03
  -2.0096465e-03
  -2.3340816e-03
  -4.4123741e-04
   2.3576156e-03
   3.2219638e-03
   4.8914598e-03
   6.1645899e-03
   8.2554594e-03
   1.1056974e-03
  -4.7584531e-03
   4.4095002e-03
   5.5242376e-03
  -1.1460312e-03
   1.9789464e-03
   6.3318107e-03
   6.7894263e-03
   4.0970636e-03
   4.2359130e-03
   4.4517317e-03
   3.9251726e-03
   8.3974685e-03
   1.0631231e-02
   8.1746504e-03
   6.4975168e-03
   4.1585397e-03
  -2.9753859e-03
  -7.0709792e-03
   0.0000000e+00
   7.1025607e-03
  -0.0000000e+00
   0.0000000e+00
   0.0000000e+00
  -5.3348703e-03
  -9.7775599e-03
  -6.8208678e-03
  -8.0007175e-03
  -9.6722888e-03
  -9.7584035e-03
  -9.5641287e-03
  -7.2063734e-03
  -6.2707178e-03
  -4.1175364e-03
  -2.3304636e-03
   7.5047376e-04
  -7.7543184e-03
  -1.2907294e-02
   1.7793227e-03
   4.9398979e-03
   5.3470088e-03
   8.3625494e-03
   1.5371511e-03
  -1.0624399e-03
  -3.4536109e-03
   5.9329154e-04
   4.8945360e-03
   5.6947102e-03
   9.9772948e-03
   1.1420365e-02
   9.9422513e-03
   7.2217365e-03
   4.2887041e-03
  -1.3566172e-02
  -2.4291508e-02
  -1.0256897e-02
  -3.8735032e-03
  -8.9724158e-03
   0.0000000e+00
   0.0000000e+00
  -1.2975658e-02
  -2.0277015e-02
  -1.9268667e-02
  -1.9453406e-02
  -2.0542650e-02
  -2.0228975e-02
  -2.1314582e-02
  -2.1017522e-02
  -1.9934651e-02
  -1.9021211e-02
  -1.6235646e-02
  -1.1405974e-02
  -1.4193358e-02
  -1.3144482e-02
  -5.8035571e-03
  -3.9012271e-03
   1.3077888e-04
   5.0409026e-03
   2.5273585e-03
  -5.0177984e-03
  -1.4343559e-02
  -1.3114139e-02
  -5.4079983e-03
   1.3243796e-03
   5.0404281e-03
   6.4278524e-03
   6.1988612e-03
   2.2785708e-03
  -1.4188456e-03
  -2.1490008e-02
  -3.2165145e-02
  -2.6131286e-02
  -2.1371630e-02
  -1.8159345e-02
   0.0000000e+00
  -2.9448278e-02
  -2.5372102e-02
  -2.9675301e-02
  -2.9199101e-02
  -2.9889788e-02
  -3.0862298e-02
  -3.0359000e-02
  -3.1993065e-02
  -3.2576665e-02
  -3.2045975e-02
  -3.2478083e-02
  -2.9329436e-02
  -2.4085386e-02
  -2.0695746e-02
  -1.5295926e-02
  -1.1894705e-02
  -1.3674179e-02
  -1.2096107e-02
  -5.2941213e-03
   2.9794499e-03
  -2.7577730e-03
  -2.1733180e-02
  -2.8095867e-02
  -1.8834440e-02
  -7.3126247e-03
  -3.4626115e-03
  -1.5270857e-03
  -1.2140397e-03
  -5.5000256e-03
  -9.3766209e-03
  -2.8145835e-02
  -3.7400929e-02
  -3.4145518e-02
  -3.0978565e-02
  -2.5086832e-02
   0.0000000e+00
  -4.2443088e-02
  -3.8036548e-02
  -4.2142185e-02
  -4.0016994e-02
  -4.2153027e-02
  -4.4209253e-02
  -4.3432143e-02
  -4.5250431e-02
  -4.6051782e-02
  -4.6556242e-02
  -4.8760321e-02
  -4.5930963e-02
  -4.1438174e-02
  -3.0639803e-02
  -2.0989375e-02
  -1.9946022e-02
  -2.1953691e-02
  -3.1110056e-02
  -2.5012750e-02
   1.0044355e-03
   4.8851785e-03
  -2.6516521e-02
  -4.8239210e-02
  -3.8067289e-02
  -2.2189815e-02
  -1.7084988e-02
  -1.4806248e-02
  -1.3705554e-02
  -1.7797740e-02
  -2.1162998e-02
  -3.5703391e-02
  -4.6972800e-02
  -4.0911947e-02
  -4.1308341e-02
  -3.4441388e-02
   0.0000000e+00
  -6.0168932e-02
  -5.8581535e-02
  -5.9125546e-02
  -4.7646750e-02
  -4.9498152e-02
  -5.8898415e-02
  -5.6297354e-02
  -5.7972055e-02
  -5.8854211e-02
  -5.8389410e-02
  -6.2351193e-02
  -6.1240893e-02
  -5.9800237e-02
  -4.5934919e-02
  -3.6345460e-02
  -3.1539001e-02
  -2.9416345e-02
  -4.7403391e-02
  -5.3922743e-02
  -0.0000000e+00
   0.0000000e+00
  -2.0562956e-02
  -6.3105850e-02
  -5.6872178e-02
  -4.2861886e-02
  -3.4422111e-02
  -3.3722331e-02
  -2.9269028e-02
  -3.0432258e-02
  -3.1018693e-02
  -4.0780913e-02
  -6.2559530e-02
  -4.3978188e-02
  -3.9566866e-02
  -4.8587912e-02
   0.0000000e+00
  -7.3257229e-02
  -8.1040864e-02
  -6.8696991e-02
  -5.1289588e-02
  -4.3911900e-02
  -6.0816441e-02
  -5.7899036e-02
  -5.7390399e-02
  -6.2447000e-02
  -5.7549603e-02
  -6.3630462e-02
  -6.3605033e-02
  -6.5902092e-02
  -5.6559496e-02
  -4.8647612e-02
  -4.3677431e-02
  -2.9803637e-02
  -4.2462885e-02
  -6.6363811e-02
  -5.3583280e-02
   0.0000000e+00
  -0.0000000e+00
  -0.0000000e+00
  -5.8752902e-02
  -5.1875260e-02
  -4.4621702e-02
  -4.5780156e-02
  -4.0069882e-02
  -3.3466566e-02
  -3.3189479e-02
  -3.6654476e-02
  -7.1308374e-02
  -5.2156478e-02
  -3.0380886e-02
  -4.9149473e-02
  -0.0000000e+00
  -6.3930087e-02
  -8.5492122e-02
  -6.5221131e-02
  -5.0276011e-02
  -3.5163626e-02
  -5.1598433e-02
  -5.1032625e-02
  -4.8079800e-02
  -5.5892132e-02
  -4.9278036e-02
  -5.5840526e-02
  -5.6668703e-02
  -6.0855266e-02
  -5.6661807e-02
  -5.0104640e-02
  -4.7158096e-02
  -2.6408024e-02
  -3.0596009e-02
  -5.8814596e-02
  -5.3318774e-02
  -3.1924285e-02
   0.0000000e+00
  -0.0000000e+00
  -4.9338130e-02
  -4.6929441e-02
  -4.2265259e-02
  -4.3642697e-02
  -4.1117143e-02
  -2.9949360e-02
  -2.9897593e-02
  -2.8644733e-02
  -6.3683413e-02
  -5.6186389e-02
  -0.0000000e+00
  -4.1892741e-02
  -3.8095624e-02
  -5.0937016e-02
  -7.0972323e-02
  -4.9965773e-02
  -4.3566156e-02
  -2.4812039e-02
  -3.3633284e-02
  -3.6678277e-02
  -3.2012522e-02
  -3.9840568e-02
  -3.4729142e-02
  -4.0029656e-02
  -4.1688688e-02
  -4.5671958e-02
  -4.5818325e-02
  -4.0729932e-02
  -4.0348135e-02
  -2.0263078e-02
  -1.5998691e-02
  -3.6693703e-02
  -5.0960016e-02
  -2.8321042e-02
  -5.6453011e-03
  -1.8995345e-02
  -3.0994052e-02
  -3.0131963e-02
  -2.9982867e-02
  -3.0047764e-02
  -3.2612283e-02
  -2.1754293e-02
  -2.2062322e-02
  -1.7629441e-02
  -4.1724976e-02
  -5.0296068e-02
  -2.0993220e-02
  -2.8099952e-02
  -3.3084437e-02
  -3.4226619e-02
  -4.7608912e-02
  -2.6030399e-02
  -2.8337553e-02
  -1.3898639e-02
  -1.2831804e-02
  -1.7099120e-02
  -1.3786456e-02
  -1.7109165e-02
  -1.5911572e-02
  -1.8358784e-02
  -2.0534869e-02
  -2.1890024e-02
  -2.3254415e-02
  -2.0650782e-02
  -2.0339273e-02
  -1.0614635e-02
  -4.0879641e-03
  -1.0703181e-02
  -2.6326457e-02
  -2.8890276e-02
  -5.1027206e-03
   3.2314227e-04
  -7.8994296e-03
  -9.6364282e-03
  -7.4197304e-03
  -9.8544471e-03
  -1.5178991e-02
  -1.1047745e-02
  -1.0045769e-02
  -5.1665623e-03
  -1.3203304e-02
  -2.6374172e-02
  -1.4461704e-02
  -1.0040803e-02
  -1.4054579e-02
  -1.4857987e-02
  -1.9445626e-02
   1.4099128e-04
  -5.8284458e-03
   3.1732228e-03
   6.3123740e-03
   2.4957480e-03
   5.0800843e-03
   5.9594139e-03
   8.4994705e-03
   8.0798222e-03
   5.0526811e-03
   3.8127606e-03
  -5.2410248e-04
  -2.1192568e-04
   1.1790366e-04
   2.3488260e-03
   9.2561962e-03
   1.1079879e-02
   4.9311919e-03
  -5.7587838e-03
  -4.4401339e-03
   1.0399154e-02
   1.2745306e-02
   1.0380655e-02
   1.2125739e-02
   1.0246880e-02
   3.6890698e-03
   2.4132342e-03
   5.4079746e-03
   9.1267424e-03
   1.0404885e-02
   4.7007608e-03
  -4.2766411e-04
   3.2138883e-03
   7.1890401e-03
   6.5269112e-03
   5.9703933e-03
   2.1926628e-02
   1.9551480e-02
   2.2855839e-02
   2.1009486e-02
   1.6177628e-02
   1.8335886e-02
   2.0453896e-02
   2.5814660e-02
   2.7924459e-02
   2.4733096e-02
   2.0315226e-02
   1.3389713e-02
   1.1410140e-02
   1.2776932e-02
   1.7356833e-02
   2.2946781e-02
   2.6023626e-02
   2.7454162e-02
   2.1150043e-02
   1.4793439e-02
   1.8198358e-02
   2.3315618e-02
   2.4325609e-02
   2.3785572e-02
   2.3892244e-02
   2.0744093e-02
   1.7850680e-02
   1.7627897e-02
   1.8639365e-02
   2.1973176e-02
   2.1296320e-02
   1.6977796e-02
   1.6690165e-02
   1.9585393e-02
   1.9674664e-02
   2.1196537e-02
   2.1888763e-02
   2.1908315e-02
   2.0761514e-02
   2.2990730e-02
   1.6457086e-02
   1.5649946e-02
   1.8755410e-02
   2.0257406e-02
   2.3860656e-02
   2.1383185e-02
   1.6707998e-02
   1.1749865e-02
   9.5107034e-03
   1.2116655e-02
   1.6413826e-02
   2.1186408e-02
   2.3839723e-02
   2.5136515e-02
   2.2999946e-02
   1.9587729e-02
   1.8716589e-02
   1.9901885e-02
   2.2281343e-02
   2.2538798e-02
   2.3535823e-02
   2.1506337e-02
   1.7799271e-02
   1.5902095e-02
   1.4543612e-02
   1.6525811e-02
   1.4068173e-02
   1.6786333e-02
   2.0053545e-02
   1.5397456e-02
   1.5214087e-02
   1.7243348e-02
   1.2626200e-02
   1.0454704e-02
   7.8722909e-03
   1.4447024e-02
   1.0069002e-02
   7.5474726e-03
   1.0360916e-02
   9.6818460e-03
   1.2301933e-02
   1.1401966e-02
   9.4604716e-03
   7.7675804e-03
   5.9380853e-03
   6.7073912e-03
   7.2541251e-03
   9.5464773e-03
   1.1971435e-02
   1.3383538e-02
   1.3524941e-02
   1.1997444e-02
   1.1851660e-02
   1.1043217e-02
   1.2580892e-02
   1.4147353e-02
   1.5023037e-02
   1.3636394e-02
   1.0771489e-02
   9.9236881e-03
   8.5257152e-03
   9.0765664e-03
   6.9468603e-03
   9.4770733e-03
   1.2657771e-02
   8.7048830e-03
   8.2475971e-03
   9.0120742e-03
   3.3838665e-03
   9.3158911e-04
   1.8497955e-04
   3.2302642e-03
   2.4555880e-03
   1.8800191e-03
   2.3061961e-03
   2.5323280e-03
   3.3467915e-03
   3.3228819e-03
   2.9097418e-03
   2.7320012e-03
   2.4749825e-03
   2.2588712e-03
   2.1186487e-03
   2.2580107e-03
   2.4507162e-03
   3.0161485e-03
   3.7476467e-03
   3.0195774e-03
   2.8916851e-03
   2.7621035e-03
   3.0248361e-03
   3.7455743e-03
   3.7383668e-03
   3.3353288e-03
   2.9770136e-03
   3.2403490e-03
   2.4235235e-03
   2.5044291e-03
   2.6059060e-03
   2.8144317e-03
   2.6496113e-03
   2.1922570e-03
   2.9980273e-03
   2.9489906e-03
  -6.1740290e-04
  -1.6186667e-03
  -6.0362875e-04
   6.4944179e-04
   1.4339980e-04
  -3.3484673e-04
  -4.2149602e-04
   3.9879676e-05
   4.3048692e-04
   4.1370845e-04
  -1.2207406e-05
  -1.2624348e-04
  -3.3695751e-04
  -3.9269030e-04
   9.7448072e-05
   3.7415270e-04
   7.3688985e-05
  -1.2248522e-05
   5.4712099e-04
   4.2677647e-04
   2.4088159e-04
   7.1846102e-07
  -1.9937965e-04
  -4.3693214e-04
  -7.2760624e-04
  -4.4171541e-04
   3.1102658e-04
   8.9432159e-04
   1.1316779e-04
  -2.6692973e-05
   3.4716452e-04
   3.8852339e-04
  -4.3320001e-04
  -7.7789574e-04
  -3.4241975e-04
  -4.8854563e-04
  -1.0349447e-03
  -1.6514222e-04
   7.7354268e-04
   8.7283447e-04
   4.6338662e-04
  -7.9824626e-05
  -5.0061767e-04
  -5.7464390e-04
  -5.3612946e-04
  -4.0885896e-04
  -4.7057422e-04
  -4.9051770e-04
  -6.5359205e-04
  -6.8517728e-04
  -5.4531777e-04
  -5.8561098e-04
  -8.7925675e-04
  -1.1338094e-03
  -9.1692270e-04
  -5.6372170e-04
  -2.3237513e-04
  -3.0630460e-04
  -6.8629783e-04
  -1.2477894e-03
  -1.6563453e-03
  -1.4784293e-03
  -9.1754802e-04
  -3.9837213e-04
  -4.7047238e-04
  -6.5769424e-04
  -8.1123755e-04
  -9.6758315e-04
  -1.3817246e-03
  -1.7941867e-03
  -1.9129355e-03
  -1.7153386e-03
