  -4.8605022e-01
  -3.8530193e-01
  -2.1723758e-01
   1.0161072e-02
   2.8779071e-01
   4.9441054e-01
   6.0924220e-01
   7.5728205e-01
   9.9162900e-01
   1.2025709e+00
   1.2615263e+00
   1.1185017e+00
   9.2899901e-01
   7.7390304e-01
   7.0330912e-01
   7.0743966e-01
   7.6092633e-01
   8.2386583e-01
   8.7287486e-01
   9.6098036e-01
   1.1344612e+00
   1.3406825e+00
   1.5288679e+00
   1.6136974e+00
   1.5589775e+00
   1.3079675e+00
   9.1331559e-01
   5.6307840e-01
   2.5245577e-01
  -4.0999942e-02
  -2.9248539e-01
  -4.9981043e-01
  -6.3975936e-01
  -6.9458508e-01
  -6.5010665e-01
  -5.5947208e-01
  -1.5290469e-01
  -2.2366697e-02
   4.1743645e-01
   1.0025451e+00
   1.7258039e+00
   2.0163155e+00
   1.9509882e+00
   1.8653407e+00
   1.9739742e+00
   2.0554955e+00
   1.4864876e+00
   6.5949750e-01
   4.3214744e-01
   6.1155003e-01
   8.1928170e-01
   9.5567214e-01
   1.0131056e+00
   9.0998542e-01
   7.8468502e-01
   9.5139766e-01
   1.4805716e+00
   1.8853743e+00
   1.9279988e+00
   1.8491786e+00
   1.8500077e+00
   1.4543315e+00
   4.9629635e-01
  -3.9460912e-02
  -7.4696355e-04
  -2.7328420e-01
  -5.8582926e-01
  -4.1207844e-01
  -3.7550798e-01
  -3.8639826e-01
   6.6205487e-03
   8.8127702e-02
  -1.0048269e+00
  -6.1027145e-01
   2.5273782e-01
   1.1728433e+00
   1.9304404e+00
   2.1219697e+00
   2.2623725e+00
   1.9802947e+00
   1.5783150e+00
   1.2476040e+00
   1.3943289e-01
  -6.6744667e-01
  -4.2839247e-01
   8.5709505e-02
   3.6343667e-01
   3.9731747e-01
   2.5658903e-01
  -5.0578281e-02
  -2.0027757e-01
   1.9223037e-01
   8.3206213e-01
   9.7557938e-01
   7.3295933e-01
   5.6052059e-01
   5.5911165e-01
   3.4375736e-01
  -5.8470875e-01
  -9.1138101e-01
  -3.3105344e-01
  -7.1293408e-01
  -1.0369577e+00
  -3.6665958e-01
  -4.1433561e-01
  -4.3617168e-01
   2.3839971e-01
  -2.3917548e-01
  -1.1149833e+00
  -1.1237448e+00
  -3.3786952e-01
   9.6968543e-01
   1.5420098e+00
   1.8929288e+00
   2.0717583e+00
   1.1307939e+00
   3.1122860e-01
  -1.8461791e-01
  -7.9652983e-01
  -8.7136507e-01
  -5.2950156e-01
  -8.3499566e-02
   1.5534148e-01
   5.0232558e-02
  -4.3866062e-01
  -8.6062515e-01
  -9.1190647e-01
  -4.2437181e-01
   3.5511142e-01
   4.6744001e-01
   2.7891582e-01
   2.7230542e-02
  -3.5985713e-01
  -5.7369643e-01
  -1.0050695e+00
  -9.7466409e-01
  -3.8414204e-01
  -8.6687887e-01
  -1.2910153e+00
  -1.0257648e+00
  -1.1949610e+00
  -6.1131497e-01
   3.4656146e-01
  -3.6391279e-01
  -1.2995201e+00
  -2.0188901e+00
  -1.2351974e+00
   4.2238405e-01
   8.6016643e-01
   1.4796436e+00
   9.3335259e-01
  -6.7336518e-01
  -1.4309459e+00
  -1.9424334e+00
  -1.7806295e+00
  -1.4821997e+00
  -1.1750270e+00
  -7.4890566e-01
  -5.5057168e-01
  -5.0251228e-01
  -1.0674522e+00
  -1.4073362e+00
  -1.5360415e+00
  -1.1148264e+00
  -7.2622426e-02
   3.9996881e-02
  -3.7264040e-01
  -8.7336063e-01
  -1.2495475e+00
  -1.3247252e+00
  -1.2254648e+00
  -9.0560997e-01
  -6.1714876e-01
  -1.0708272e+00
  -1.8965795e+00
  -2.4495187e+00
  -2.3866739e+00
  -1.0037043e+00
   2.6510850e-02
  -7.4879658e-01
  -1.8937987e+00
  -2.8409708e+00
  -1.6739240e+00
  -1.2185355e-01
  -1.4532660e-01
   2.3976421e-01
  -1.1518779e+00
  -2.6143551e+00
  -2.8323011e+00
  -3.0903835e+00
  -2.5012827e+00
  -2.2958992e+00
  -1.8619003e+00
  -1.5273010e+00
  -1.5179877e+00
  -1.4443828e+00
  -1.8157063e+00
  -1.8575404e+00
  -2.2021251e+00
  -1.7383999e+00
  -8.4187603e-01
  -1.1261454e+00
  -1.7647986e+00
  -2.2840481e+00
  -2.2031639e+00
  -2.0717750e+00
  -1.6209686e+00
  -1.1269853e+00
  -1.0932300e+00
  -1.5204377e+00
  -2.6864586e+00
  -3.3758793e+00
  -2.7509913e+00
  -9.6339250e-01
  -3.0406734e-01
  -1.4046829e+00
  -2.1609592e+00
  -2.8627831e+00
  -1.3693873e+00
  -4.5543399e-01
  -1.3143808e+00
  -1.5912661e+00
  -3.0584831e+00
  -3.6937909e+00
  -3.3113538e+00
  -3.0446839e+00
  -2.2304065e+00
  -2.0586822e+00
  -1.6850120e+00
  -1.7421913e+00
  -1.9349558e+00
  -2.0995560e+00
  -2.2988152e+00
  -2.0718956e+00
  -2.4447470e+00
  -1.9202561e+00
  -1.6497788e+00
  -2.3249240e+00
  -2.7341005e+00
  -3.0041775e+00
  -2.6954863e+00
  -2.4783241e+00
  -1.8823752e+00
  -1.3420373e+00
  -1.3522441e+00
  -1.7924440e+00
  -2.8035016e+00
  -2.9466308e+00
  -1.8766910e+00
  -2.8152806e-01
  -3.5913225e-01
  -1.6990416e+00
  -1.6975050e+00
  -2.0917408e+00
  -7.2609351e-01
  -6.2597877e-01
  -2.0616343e+00
  -2.8205420e+00
  -3.7488797e+00
  -3.5360072e+00
  -2.7825321e+00
  -2.0046086e+00
  -8.8433516e-01
  -6.5763644e-01
  -7.7120149e-01
  -1.3265029e+00
  -1.5777417e+00
  -1.7907503e+00
  -1.9268564e+00
  -1.6948316e+00
  -1.8787074e+00
  -1.5347435e+00
  -1.7299614e+00
  -2.3090677e+00
  -2.3700361e+00
  -2.4882499e+00
  -2.3394675e+00
  -2.0910482e+00
  -1.5278491e+00
  -1.0711856e+00
  -1.0085700e+00
  -1.3782991e+00
  -1.8913772e+00
  -1.5518508e+00
  -4.3646571e-01
   5.3310347e-01
  -1.4489612e-01
  -1.2370603e+00
  -8.6300504e-01
  -1.0912476e+00
  -1.8261626e-01
  -6.2124443e-01
  -2.0135436e+00
  -2.8189716e+00
  -3.1616375e+00
  -2.4606481e+00
  -1.5424776e+00
  -4.3324715e-01
   9.9531043e-01
   1.0111399e+00
   1.5687990e-01
  -6.0959440e-01
  -7.0731264e-01
  -6.4658630e-01
  -7.2669679e-01
  -6.6283876e-01
  -6.6166455e-01
  -6.4211595e-01
  -8.3351660e-01
  -1.0338169e+00
  -1.0206921e+00
  -1.1999850e+00
  -1.2706982e+00
  -9.6433705e-01
  -5.3284329e-01
  -2.0219916e-01
  -1.0649171e-01
  -3.5746279e-01
  -4.6250540e-01
  -4.0150527e-03
   8.7414467e-01
   1.1093711e+00
   3.1326103e-01
  -2.6701516e-01
  -1.2411258e-01
  -3.3575326e-01
   9.7035639e-02
  -3.7861404e-01
  -1.2394824e+00
  -1.7696471e+00
  -1.7642795e+00
  -9.6669108e-01
   1.9600693e-02
   1.3047074e+00
   2.8754015e+00
   2.2100711e+00
   6.1092079e-01
   1.3094592e-01
   3.8610268e-01
   8.2568526e-01
   8.5435373e-01
   7.7539444e-01
   8.2591975e-01
   6.0710406e-01
   7.2874886e-01
   7.8609067e-01
   5.7388794e-01
   2.3904306e-01
   1.3166478e-01
   5.2454972e-01
   8.1142819e-01
   1.0678835e+00
   1.0925790e+00
   8.7910122e-01
   8.4352732e-01
   1.1996857e+00
   1.7920469e+00
   1.4417824e+00
   1.0075893e+00
   7.9625803e-01
   7.3585662e-02
  -2.3815369e-01
   1.8931799e-01
   4.4975463e-01
   1.0578157e-01
  -8.1279266e-02
   1.4781080e-01
   7.4919104e-01
   1.7584483e+00
   3.2779637e+00
   4.6663859e+00
   2.4350634e+00
   2.4306766e-01
   9.3324893e-01
   1.7532558e+00
   2.1458873e+00
   2.2033871e+00
   2.2862317e+00
   2.3767852e+00
   2.2750260e+00
   2.4253709e+00
   2.1014068e+00
   1.7444454e+00
   1.4459989e+00
   1.5259922e+00
   2.0028333e+00
   2.2331142e+00
   2.5628138e+00
   2.4297188e+00
   1.8734775e+00
   1.3840820e+00
   1.9097831e+00
   2.4875126e+00
   1.9956750e+00
   2.3295991e+00
   1.6821099e+00
  -2.8877112e-01
  -3.7244292e-01
   5.1123530e-01
   1.1917017e+00
   7.0475129e-01
   6.2976545e-01
   1.0524892e+00
   1.6702780e+00
   2.6058550e+00
   4.4191494e+00
   5.5960467e+00
   2.0861566e+00
   9.6317679e-02
   1.6577136e+00
   2.4494562e+00
   2.5284550e+00
   2.2399502e+00
   2.5113182e+00
   2.8052578e+00
   2.8062893e+00
   2.6094966e+00
   1.9298265e+00
   1.8639281e+00
   1.7107925e+00
   1.8600229e+00
   2.3538703e+00
   2.6403413e+00
   2.9915020e+00
   2.7772512e+00
   2.0363150e+00
   1.2626147e+00
   2.2087056e+00
   3.0044570e+00
   2.9720113e+00
   3.8470428e+00
   1.9960344e+00
  -5.3086483e-01
  -3.6112439e-02
   1.0443741e+00
   1.5784755e+00
   9.8653793e-01
   1.0266910e+00
   1.4918262e+00
   2.2323601e+00
   3.1494091e+00
   5.1344929e+00
   5.9424930e+00
   1.9014890e+00
   6.0084987e-01
   2.3240571e+00
   2.7331963e+00
   2.7392032e+00
   2.2022460e+00
   2.4231410e+00
   2.6337512e+00
   2.6383832e+00
   2.4657602e+00
   1.8705957e+00
   1.9441339e+00
   1.7633994e+00
   1.9912251e+00
   2.4115386e+00
   2.7289078e+00
   2.9862580e+00
   2.6914921e+00
   2.2369232e+00
   1.5900462e+00
   2.6232796e+00
   3.4178269e+00
   3.9938514e+00
   5.0400047e+00
   1.9691079e+00
  -6.3176209e-01
   5.6176594e-01
   1.6881756e+00
   1.8800908e+00
   1.2628659e+00
   1.4388230e+00
   1.8582920e+00
   2.7246415e+00
   3.6490042e+00
   5.6928391e+00
   5.9627260e+00
   1.7676010e+00
   1.3641459e+00
   2.9727857e+00
   2.9278619e+00
   2.9599879e+00
   2.3063451e+00
   2.3772466e+00
   2.3289492e+00
   2.3387860e+00
   2.3797514e+00
   2.0428336e+00
   2.1334463e+00
   1.8621356e+00
   2.1882112e+00
   2.4790894e+00
   2.8102288e+00
   2.9227939e+00
   2.5694098e+00
   2.5789995e+00
   2.2206440e+00
   3.1480464e+00
   3.8149624e+00
   5.0165777e+00
   5.8955654e+00
   1.6904719e+00
  -2.8188174e-01
   1.8169940e+00
   2.6995774e+00
   2.4286112e+00
   2.0971417e+00
   2.5400310e+00
   2.7241994e+00
   3.5960289e+00
   4.5644122e+00
   6.3410845e+00
   5.3703153e+00
   1.5752812e+00
   2.5288561e+00
   3.8112972e+00
   3.4126085e+00
   3.5645651e+00
   3.2320993e+00
   3.0202337e+00
   2.2647107e+00
   2.4473670e+00
   3.0681967e+00
   3.1835911e+00
   2.9568106e+00
   2.5467488e+00
   3.0768866e+00
   3.0813129e+00
   3.3890734e+00
   3.2585115e+00
   2.9332367e+00
   3.6283186e+00
   3.7502223e+00
   4.1577932e+00
   4.4110446e+00
   6.2555123e+00
   5.9043197e+00
   6.8271256e-01
   2.1896911e-01
   2.4414525e+00
   3.5434701e+00
   3.5786862e+00
   3.5604064e+00
   4.1653371e+00
   4.2174773e+00
   4.9767036e+00
   5.5245008e+00
   6.5958018e+00
   4.5717077e+00
   8.6487544e-01
   2.5747259e+00
   4.4394813e+00
   4.3995295e+00
   4.5024438e+00
   4.4719095e+00
   4.4370308e+00
   3.8468623e+00
   4.1772118e+00
   4.4753046e+00
   4.4629803e+00
   4.2044821e+00
   4.0727882e+00
   4.5306687e+00
   4.3944077e+00
   4.7190032e+00
   4.4691854e+00
   4.4968829e+00
   4.8598518e+00
   4.6155906e+00
   5.0071635e+00
   5.3151507e+00
   6.5973091e+00
   4.1491709e+00
  -6.0773635e-01
   3.2707289e-01
   2.5160840e+00
   3.9558189e+00
   4.3059034e+00
   4.5260901e+00
   5.1561012e+00
   5.2266855e+00
   5.9019132e+00
   5.9311180e+00
   6.3774943e+00
   3.8775024e+00
   2.4436553e-01
   2.2896886e+00
   4.6805816e+00
   4.9577065e+00
   5.0658836e+00
   5.0658202e+00
   5.3097401e+00
   5.2859411e+00
   5.5706596e+00
   5.2587948e+00
   5.0044942e+00
   4.9786034e+00
   5.1279078e+00
   5.4051743e+00
   5.2946315e+00
   5.6246200e+00
   5.3823032e+00
   5.6542530e+00
   5.4653125e+00
   4.6807275e+00
   5.3224854e+00
   5.9078765e+00
   6.1503024e+00
   2.4956698e+00
  -1.3025717e+00
   2.6434083e-01
   2.3421890e+00
   4.2162934e+00
   4.9237533e+00
   5.3765041e+00
   5.9704800e+00
   6.1322681e+00
   6.7266478e+00
   6.1280285e+00
   5.9108873e+00
   3.1474715e+00
  -4.0977000e-01
   1.8148000e+00
   4.7697343e+00
   5.3831231e+00
   5.5226509e+00
   5.4295798e+00
   6.0340379e+00
   6.8336538e+00
   6.9765849e+00
   5.8457162e+00
   5.2663613e+00
   5.6253297e+00
   6.0911684e+00
   6.1149989e+00
   6.1112870e+00
   6.4419667e+00
   6.2674608e+00
   6.7625363e+00
   5.8513201e+00
   4.3788449e+00
   5.4260563e+00
   6.4270530e+00
   5.2791114e+00
   6.8794731e-01
  -1.8031374e+00
  -4.8605508e-01
   1.4868734e+00
   3.1976624e+00
   3.7401695e+00
   4.5697093e+00
   4.9881306e+00
   5.4668131e+00
   5.7022963e+00
   4.7918801e+00
   4.0086884e+00
   1.4598142e+00
  -5.4380792e-01
   1.4398028e+00
   3.7060289e+00
   4.2076540e+00
   4.4709272e+00
   4.4221492e+00
   4.9546652e+00
   5.9937496e+00
   6.0585580e+00
   4.7538896e+00
   4.0128922e+00
   4.7654099e+00
   5.2634439e+00
   5.0827217e+00
   5.3740325e+00
   5.5330029e+00
   5.6394892e+00
   5.8606749e+00
   4.5979438e+00
   3.1708894e+00
   4.1767254e+00
   5.1632605e+00
   2.5521479e+00
  -8.1747347e-01
  -1.3246527e+00
  -7.8824520e-01
   7.1469045e-01
   1.7776401e+00
   1.9810004e+00
   2.7711720e+00
   3.1235673e+00
   3.6749504e+00
   3.7318501e+00
   3.1642830e+00
   2.4603028e+00
   3.6703387e-01
  -4.0378457e-01
   1.1639960e+00
   2.4659429e+00
   2.6324463e+00
   2.8200910e+00
   2.9832373e+00
   2.9688914e+00
   3.2291644e+00
   3.5375669e+00
   3.1004000e+00
   2.5144162e+00
   3.0180988e+00
   3.3746548e+00
   3.2149007e+00
   3.5673358e+00
   3.6086745e+00
   3.7834494e+00
   3.7915509e+00
   2.9449818e+00
   2.3593068e+00
   2.7643900e+00
   3.1147821e+00
   1.0930468e+00
  -9.2806137e-01
  -9.6589345e-01
  -1.0618690e+00
  -1.0967235e-01
   3.3515946e-01
   2.5204545e-01
   8.8976640e-01
   1.1647159e+00
   1.7338084e+00
   1.7188129e+00
   1.4740006e+00
   9.2206233e-01
  -6.1258149e-01
  -4.8000216e-01
   6.3802447e-01
   1.1624355e+00
   1.0518662e+00
   1.1359317e+00
   1.3912442e+00
   8.7692235e-01
   4.6177506e-01
   9.7443151e-01
   1.3472015e+00
   9.3473821e-01
   1.1520050e+00
   1.3890100e+00
   1.2494839e+00
   1.6111701e+00
   1.5759997e+00
   1.7770343e+00
   1.6676763e+00
   1.2508365e+00
   1.4239165e+00
   1.3127228e+00
   1.0935947e+00
  -1.6337747e-01
  -1.0484517e+00
  -8.1769542e-01
  -1.3387742e+00
  -1.2636658e+00
  -1.4983565e+00
  -1.7995423e+00
  -1.6260939e+00
  -1.4782669e+00
  -1.0202874e+00
  -8.5958053e-01
  -7.7014354e-01
  -9.6488188e-01
  -1.5537680e+00
  -1.1253111e+00
  -6.4566344e-01
  -6.0727645e-01
  -9.0962561e-01
  -1.0197320e+00
  -9.5578358e-01
  -1.9603289e+00
  -2.9283360e+00
  -2.2691363e+00
  -1.0620294e+00
  -1.2201577e+00
  -1.4377230e+00
  -1.2895867e+00
  -1.4110094e+00
  -1.1632889e+00
  -1.1908048e+00
  -1.0583526e+00
  -1.0735990e+00
  -9.4148699e-01
  -5.5045467e-02
  -5.8004270e-01
  -1.3224701e+00
  -1.2369348e+00
  -1.2536084e+00
  -1.1619747e+00
  -2.0450835e+00
  -1.9627780e+00
  -2.2844245e+00
  -2.6167660e+00
  -2.8013808e+00
  -2.8550367e+00
  -2.4808285e+00
  -2.1703975e+00
  -2.1019297e+00
  -2.0794117e+00
  -2.1720054e+00
  -2.3824558e+00
  -2.3670082e+00
  -2.0222678e+00
  -2.0163884e+00
  -2.1672578e+00
  -2.5124854e+00
  -3.2420540e+00
  -3.6906793e+00
  -3.3014668e+00
  -2.5035625e+00
  -2.5559685e+00
  -2.7808901e+00
  -2.7272906e+00
  -2.7999654e+00
  -2.6791350e+00
  -2.6386323e+00
  -2.4850130e+00
  -2.4067385e+00
  -2.2389121e+00
  -1.6629512e+00
  -1.8018233e+00
  -2.1079683e+00
  -1.9171355e+00
  -1.8796640e+00
  -2.0189376e+00
  -2.4539366e+00
  -2.0475829e+00
  -2.1698821e+00
  -2.5498776e+00
  -2.8074212e+00
  -2.8935196e+00
  -2.5723600e+00
  -2.3811300e+00
  -2.3195572e+00
  -2.2840641e+00
  -2.4110105e+00
  -2.8326626e+00
  -3.0052619e+00
  -2.5458698e+00
  -2.3133552e+00
  -2.3453915e+00
  -2.6072416e+00
  -3.0481491e+00
  -3.1709986e+00
  -2.9339392e+00
  -2.5757022e+00
  -2.6416428e+00
  -2.7837515e+00
  -2.8325825e+00
  -2.8494277e+00
  -2.7408736e+00
  -2.7078958e+00
  -2.5314045e+00
  -2.5333638e+00
  -2.4945023e+00
  -2.2423780e+00
  -2.1456134e+00
  -2.0742702e+00
  -2.1983385e+00
  -2.1737680e+00
  -2.3002996e+00
  -2.5740581e+00
  -1.8828678e+00
  -1.7031596e+00
  -2.1218348e+00
  -2.3886280e+00
  -2.4312348e+00
  -2.1818292e+00
  -2.1778004e+00
  -2.1108446e+00
  -2.1067960e+00
  -2.3651481e+00
  -2.8328586e+00
  -3.1061664e+00
  -2.6518731e+00
  -2.2761822e+00
  -2.1214030e+00
  -2.1180837e+00
  -2.3315611e+00
  -2.2632813e+00
  -2.0986981e+00
  -2.0928261e+00
  -2.2004130e+00
  -2.2658947e+00
  -2.4116378e+00
  -2.3887296e+00
  -2.2579236e+00
  -2.2596343e+00
  -2.0953367e+00
  -2.2047338e+00
  -2.3197012e+00
  -2.3534577e+00
  -2.1446848e+00
  -1.8037567e+00
  -2.2430511e+00
  -2.2153425e+00
  -2.2261615e+00
  -1.8721229e+00
  -1.3697897e+00
  -8.2451730e-01
  -1.2268127e+00
  -1.5116879e+00
  -1.3881328e+00
  -1.2887627e+00
  -1.4495466e+00
  -1.3457558e+00
  -1.3541265e+00
  -1.6170150e+00
  -1.8842070e+00
  -2.1535065e+00
  -1.9752279e+00
  -1.7214486e+00
  -1.3094165e+00
  -8.5709322e-01
  -1.1268587e+00
  -1.2337900e+00
  -9.3657129e-01
  -8.6309681e-01
  -1.0040383e+00
  -1.1086711e+00
  -1.3033706e+00
  -1.3137904e+00
  -1.1375442e+00
  -1.2008366e+00
  -1.1748191e+00
  -1.3194060e+00
  -1.5049972e+00
  -1.6129046e+00
  -1.6377398e+00
  -1.4280937e+00
  -1.7580794e+00
  -1.6127761e+00
  -1.3662023e+00
  -3.9471260e-01
  -4.8825479e-01
   4.6175849e-03
  -1.9959730e-01
  -5.9237754e-01
  -5.2656639e-01
  -5.0876045e-01
  -5.4273707e-01
  -4.1505238e-01
  -1.9952933e-01
  -9.7432353e-02
  -3.7187254e-01
  -6.4174247e-01
  -6.6369492e-01
  -5.9379947e-01
  -2.5650755e-01
  -2.1926152e-02
  -4.3601280e-01
  -5.9890741e-01
  -2.1975112e-01
   3.9990377e-02
  -9.0033524e-03
  -1.2494013e-01
  -3.0664283e-01
  -4.0933391e-01
  -2.9859668e-01
  -3.5004187e-01
  -3.8671753e-01
  -3.3072734e-01
  -4.5418751e-01
  -5.7277775e-01
  -7.6973081e-01
  -8.2207644e-01
  -6.4903963e-01
  -2.6647732e-01
   1.0278575e-02
   4.5057905e-01
   3.4103921e-01
   6.1387253e-01
   4.9470538e-01
   1.6615869e-01
   8.8282391e-02
   1.0679419e-01
   1.4585799e-01
   3.3099613e-01
   6.3241708e-01
   7.6843154e-01
   4.8715296e-01
   2.1928200e-01
   1.8928869e-01
   2.5003970e-01
   3.3328629e-01
   2.6041907e-01
   6.9469959e-04
  -8.8268034e-03
   2.2110531e-01
   3.2460904e-01
   3.1648117e-01
   2.7840015e-01
   1.0631907e-01
   1.6543906e-02
   8.2369909e-02
   9.3313023e-02
   1.8851377e-01
   2.9675114e-01
   1.7140403e-01
   3.3866741e-02
  -2.6804550e-02
   2.6405625e-02
   2.1766621e-01
   6.1257207e-01
   7.8425044e-01
   9.7787559e-01
   1.0170298e+00
   1.2211677e+00
   1.1314974e+00
   9.6759099e-01
   8.6867535e-01
   8.3425558e-01
   8.8925208e-01
   1.0606681e+00
   1.2056931e+00
   1.1926236e+00
   9.7234237e-01
   7.7574325e-01
   7.5933334e-01
   8.0291426e-01
   7.7207333e-01
   6.8885300e-01
   6.8497872e-01
   7.5816458e-01
   7.8834411e-01
   6.9905287e-01
   6.3100207e-01
   5.9750663e-01
   4.5871288e-01
   4.4697863e-01
   5.2902728e-01
   6.1868179e-01
   8.0792212e-01
   8.3453192e-01
   7.0939076e-01
   5.8035612e-01
   6.8327079e-01
   9.7375810e-01
   9.0996766e-01
   1.0078497e+00
   1.1912395e+00
   1.3227545e+00
   1.3614867e+00
   1.6828219e+00
   1.7271622e+00
   1.6937047e+00
   1.6816274e+00
   1.5622320e+00
   1.6144193e+00
   1.6580344e+00
   1.5001340e+00
   1.3428075e+00
   1.1800636e+00
   1.1002074e+00
   1.0871862e+00
   1.1061650e+00
   1.1912202e+00
   1.3402992e+00
   1.5399266e+00
   1.5775500e+00
   1.5068077e+00
   1.3601429e+00
   1.1636202e+00
   1.0247670e+00
   9.2272669e-01
   9.9717683e-01
   1.1242513e+00
   1.2689660e+00
   1.4074517e+00
   1.3129781e+00
   1.2405458e+00
   1.1046780e+00
   1.2647274e+00
   1.7306679e+00
   1.3700087e+00
   9.7521567e-01
   1.2902574e+00
   1.5631745e+00
   1.3276575e+00
   1.7493999e+00
   2.1522395e+00
   2.0688772e+00
   2.0690833e+00
   1.9459347e+00
   2.0006666e+00
   1.9386870e+00
   1.6467603e+00
   1.5029259e+00
   1.3151357e+00
   1.2891382e+00
   1.2819226e+00
   1.3585695e+00
   1.6071152e+00
   1.8595375e+00
   2.1085168e+00
   2.1066362e+00
   2.1239672e+00
   2.0827822e+00
   1.8050867e+00
   1.5634228e+00
   1.4298650e+00
   1.4985821e+00
   1.6414164e+00
   1.7758374e+00
   1.7708865e+00
   1.6739759e+00
   1.6791345e+00
   1.4899559e+00
   1.5751742e+00
   1.9558127e+00
   1.5829048e+00
   9.1636759e-01
   1.2390095e+00
   1.3339856e+00
   1.0013106e+00
   1.3264194e+00
   2.0175288e+00
   1.7917958e+00
   1.6508234e+00
   1.6415794e+00
   1.6384652e+00
   1.7170663e+00
   1.6210430e+00
   1.4962690e+00
   1.2782493e+00
   1.1779512e+00
   1.1926157e+00
   1.3907992e+00
   1.5487466e+00
   1.6438028e+00
   1.9175760e+00
   1.9879926e+00
   2.1004944e+00
   2.0829198e+00
   1.8318902e+00
   1.6653719e+00
   1.4005443e+00
   1.3433583e+00
   1.5187728e+00
   1.5970603e+00
   1.5679507e+00
   1.6081504e+00
   1.5907041e+00
   1.4028571e+00
   1.4421031e+00
   1.5380368e+00
   1.4354060e+00
   1.0337309e+00
   1.0089390e+00
   3.9631420e-01
   3.4716833e-01
   6.5003645e-01
   1.1763365e+00
   9.1909331e-01
   7.7704084e-01
   8.4207016e-01
   7.0849603e-01
   8.7677747e-01
   9.3392885e-01
   7.7418882e-01
   5.8449376e-01
   3.9911723e-01
   3.9210853e-01
   5.2660286e-01
   5.7906896e-01
   7.9300588e-01
   1.1705039e+00
   1.2602624e+00
   1.2826625e+00
   1.1208396e+00
   8.6929113e-01
   8.2648420e-01
   5.0528175e-01
   3.6440641e-01
   6.4865357e-01
   6.5031463e-01
   6.5235662e-01
   8.5681963e-01
   7.9172164e-01
   6.9537598e-01
   7.5819403e-01
   6.4232659e-01
   6.8275875e-01
   6.7389494e-01
   3.7518075e-01
  -4.9803215e-01
  -3.2306013e-01
   6.3608393e-02
   2.0682591e-01
  -5.7423979e-02
  -7.7584788e-02
   1.2504263e-02
  -1.9227740e-01
  -3.1087303e-01
  -3.4650221e-01
  -4.3491068e-01
  -6.5288132e-01
  -8.7273252e-01
  -8.6182690e-01
  -7.8593254e-01
  -5.9467494e-01
  -1.0633982e-01
   2.8581932e-01
   4.0034807e-01
   4.3218797e-01
   1.7312174e-01
  -1.9780013e-01
  -2.7457401e-01
  -3.8386750e-01
  -3.9084327e-01
  -1.6953340e-01
  -3.7323481e-01
  -4.5631388e-01
  -1.3581683e-01
  -1.4717194e-01
  -3.0819771e-01
  -3.0215877e-01
  -4.0084741e-01
  -4.9565291e-01
  -4.1083863e-01
  -4.3439227e-01
  -1.0509632e-01
   1.7303658e-02
   1.0743310e-01
  -1.3412030e-01
  -6.3164912e-01
  -8.5794222e-01
  -7.8927231e-01
  -7.3686525e-01
  -7.4803966e-01
  -6.9526148e-01
  -7.0252470e-01
  -9.5071328e-01
  -1.0901808e+00
  -8.8963510e-01
  -6.6350996e-01
  -6.0845399e-01
  -6.1152499e-01
  -5.0689346e-01
  -1.6654956e-01
   2.2209765e-01
   1.4054283e-01
  -2.3664726e-01
  -3.8959266e-01
  -2.3112157e-01
  -6.3816957e-02
  -1.1062776e-01
  -4.5531952e-01
  -5.8470184e-01
  -4.0771974e-01
  -5.0867409e-01
  -8.4408349e-01
  -9.5670593e-01
  -8.6750609e-01
  -8.3444202e-01
  -6.3466941e-01
  -2.7694568e-01
   3.8157785e-01
   3.6685031e-01
   1.7437100e-01
  -1.5483201e-01
  -5.7546398e-01
  -8.6307764e-01
  -9.0717721e-01
  -7.6647084e-01
  -5.5963123e-01
  -4.1767848e-01
  -3.8226792e-01
  -4.3271771e-01
  -4.4282231e-01
  -3.7865456e-01
  -3.6788389e-01
  -4.9815473e-01
  -7.0421968e-01
  -7.7764308e-01
  -6.6214138e-01
  -4.9313310e-01
  -4.7140196e-01
  -5.7248920e-01
  -6.4282004e-01
  -5.8318007e-01
  -4.7223839e-01
  -3.9062070e-01
  -3.6624143e-01
  -3.5676399e-01
  -3.8101970e-01
  -4.9737325e-01
  -6.2668633e-01
  -6.4212684e-01
  -4.9021521e-01
  -2.6856801e-01
   6.1444970e-03
   2.5387484e-01
