   9.3986734e-03
   8.6800508e-03
   8.4426812e-03
   0.0000000e+00
   0.0000000e+00
   0.0000000e+00
   0.0000000e+00
   0.0000000e+00
   0.0000000e+00
   0.0000000e+00
   0.0000000e+00
   0.0000000e+00
   0.0000000e+00
   0.0000000e+00
   0.0000000e+00
   0.0000000e+00
   0.0000000e+00
   0.0000000e+00
   0.0000000e+00
   0.0000000e+00
   0.0000000e+00
   0.0000000e+00
   0.0000000e+00
   0.0000000e+00
   0.0000000e+00
   0.0000000e+00
   0.0000000e+00
   0.0000000e+00
   0.0000000e+00
   0.0000000e+00
   0.0000000e+00
   0.0000000e+00
   0.0000000e+00
   0.0000000e+00
   1.1055263e-02
   9.9826586e-03
   6.6116685e-03
   7.5856587e-03
   7.9514980e-03
   8.9683263e-03
   8.3464133e-03
   3.0188779e-03
  -1.2285485e-03
  -1.6114788e-04
   3.5241372e-03
   2.4011784e-03
  -2.8654697e-03
   0.0000000e+00
   0.0000000e+00
   1.7975714e-02
   2.2583099e-02
   1.5867446e-02
   7.6674866e-03
   3.8105083e-03
   1.6554939e-03
  -1.1742824e-03
  -6.5853515e-03
  -6.4263678e-03
   0.0000000e+00
   0.0000000e+00
   1.3110879e-02
   2.0362560e-02
   2.0933362e-02
   0.0000000e+00
   0.0000000e+00
   0.0000000e+00
   0.0000000e+00
   1.4574726e-02
   1.7726308e-02
   2.1874059e-02
   1.6440017e-02
   8.8185687e-03
   1.2985457e-02
   1.5560025e-02
   1.3830279e-02
   1.4897530e-02
   1.7806327e-02
   1.4753292e-02
   2.8137413e-03
  -5.2273860e-03
  -3.5388453e-03
  -6.9619007e-03
  -7.1386984e-03
   5.1133163e-03
   0.0000000e+00
   2.5470031e-02
   2.6644060e-02
   1.7489119e-02
   9.2895888e-03
   7.2137811e-03
   6.4917640e-03
   4.4197515e-03
   1.5206080e-03
   2.6180889e-03
   1.2796942e-02
   1.3367242e-02
   8.9288400e-03
   1.4307780e-02
   7.5059487e-03
   4.1946029e-03
   1.3647567e-02
   1.9315423e-02
   1.7603710e-02
   1.7109202e-02
   0.0000000e+00
   3.0843280e-02
   1.6240589e-02
   9.7192954e-03
   0.0000000e+00
   3.3094401e-03
   1.0964145e-03
   1.9904433e-04
   5.2098110e-03
   1.4336984e-02
  -2.4917063e-03
  -1.2557760e-02
  -1.1706452e-02
  -2.9611284e-02
  -1.8797180e-02
   4.5416361e-03
   9.1124074e-03
   1.3814604e-02
   1.2273699e-02
   7.0951502e-03
   1.3260981e-04
  -4.5596478e-03
  -4.6748524e-03
  -7.0166308e-03
   1.4469508e-04
   4.6895011e-03
   8.4551480e-03
   7.7875783e-03
   2.2555774e-03
  -2.1107348e-03
  -1.6847614e-02
  -1.8247725e-02
   0.0000000e+00
   0.0000000e+00
   0.0000000e+00
   0.0000000e+00
   0.0000000e+00
   9.9377511e-03
  -7.3079108e-03
  -7.7217752e-03
  -2.1009700e-02
  -2.0234700e-02
  -1.7702905e-02
  -1.7006775e-02
  -1.4851978e-02
  -1.3052415e-03
  -2.2286125e-02
  -2.3767617e-02
  -1.4604596e-02
  -4.3928947e-02
  -2.9769992e-02
  -5.1048888e-03
  -0.0000000e+00
   5.4635168e-03
   2.8350924e-03
  -5.5565434e-03
  -1.7323235e-02
  -2.4995945e-02
  -2.0466182e-02
  -1.4777998e-02
  -9.7103068e-04
  -1.5234485e-03
  -7.4272614e-03
  -9.2462776e-03
  -1.5213256e-02
  -2.0820586e-02
  -2.6385868e-02
  -2.8672500e-02
   0.0000000e+00
   0.0000000e+00
   0.0000000e+00
   0.0000000e+00
  -0.0000000e+00
  -1.8837437e-02
  -3.0715788e-02
  -2.7022330e-02
  -3.0124173e-02
  -2.9899651e-02
  -2.5635788e-02
  -2.0567380e-02
  -2.0476932e-02
  -1.2204807e-02
  -3.0657008e-02
  -3.3201102e-02
  -2.3118133e-02
  -4.4952530e-02
  -3.1913154e-02
  -2.0462010e-02
  -0.0000000e+00
   2.5623001e-03
  -7.0975404e-03
  -2.3208389e-02
  -3.5044674e-02
  -3.8989805e-02
  -2.4074819e-02
  -5.8476077e-03
   1.8455762e-03
  -6.1695990e-03
  -1.3498195e-02
  -2.3038689e-02
  -3.4196783e-02
  -3.1642575e-02
  -2.4619235e-02
  -2.6812916e-02
  -0.0000000e+00
   0.0000000e+00
   0.0000000e+00
   0.0000000e+00
  -0.0000000e+00
  -3.8160324e-02
  -3.9647896e-02
  -3.4394674e-02
  -2.4318768e-02
  -2.1384178e-02
  -2.1062126e-02
  -1.5259694e-02
  -1.4900998e-02
  -1.2367317e-02
  -2.0568784e-02
  -2.9594755e-02
  -2.9516829e-02
  -3.8776729e-02
  -2.4871731e-02
  -1.0721715e-02
   0.0000000e+00
  -2.8926802e-03
  -2.1687968e-02
  -3.8545497e-02
  -3.9555054e-02
  -3.5547044e-02
  -1.8661527e-02
   2.6623056e-03
   1.2605130e-03
  -8.2827210e-03
  -1.2463585e-02
  -2.3702648e-02
  -3.2834455e-02
  -2.7725829e-02
  -2.1321420e-02
  -2.0553429e-02
  -2.0220484e-02
   0.0000000e+00
   0.0000000e+00
  -0.0000000e+00
  -2.6283175e-02
  -4.1483466e-02
  -3.5594501e-02
  -2.8506694e-02
  -1.3065804e-02
  -1.0372881e-02
  -1.2376649e-02
  -9.1376025e-03
  -8.7535912e-03
  -8.3831707e-03
  -9.8883267e-03
  -1.7252933e-02
  -2.2942549e-02
  -2.6239820e-02
  -1.1736635e-02
   5.3369063e-04
   0.0000000e+00
  -0.0000000e+00
  -3.0332915e-02
  -4.0047467e-02
  -2.8604239e-02
  -1.9059759e-02
  -1.1058162e-02
   0.0000000e+00
  -2.6628460e-03
  -8.9771515e-03
  -1.4870197e-02
  -1.8474381e-02
  -1.7925352e-02
  -1.7933656e-02
  -1.7835634e-02
  -1.4866867e-02
  -1.3264739e-02
  -0.0000000e+00
   0.0000000e+00
  -0.0000000e+00
  -2.7315555e-02
  -3.3235896e-02
  -2.5719108e-02
  -1.8370751e-02
  -4.1109505e-03
  -4.1307062e-03
  -5.1278183e-03
  -4.1090958e-03
  -3.9820634e-03
  -4.2260773e-03
  -5.8137965e-03
  -6.0215844e-03
  -9.0613561e-03
  -9.2033455e-03
   4.0845047e-03
   8.8561147e-03
   0.0000000e+00
  -0.0000000e+00
  -2.9369794e-02
  -3.0255925e-02
  -1.0094887e-02
   5.2645901e-04
   5.9830634e-04
   0.0000000e+00
  -0.0000000e+00
  -8.1110922e-03
  -1.5692916e-02
  -1.3183247e-02
  -5.7691978e-03
  -1.0779673e-02
  -1.2975442e-02
  -1.0566434e-02
  -6.3711554e-03
   4.1481829e-03
   0.0000000e+00
  -0.0000000e+00
  -2.2471020e-02
  -2.0985849e-02
  -1.5294851e-02
  -9.4279042e-03
   3.1893230e-03
   2.8905872e-04
   6.0453947e-04
   1.3334858e-03
   2.0265747e-03
   7.0200668e-04
  -3.6424692e-03
   5.2255596e-04
   2.7991459e-03
   8.6949952e-03
   2.0294474e-02
   1.8021262e-02
   0.0000000e+00
  -0.0000000e+00
  -2.1495555e-02
  -1.6357696e-02
   9.2699537e-03
   1.7181618e-02
   7.9497757e-03
   0.0000000e+00
  -0.0000000e+00
  -4.2806235e-03
  -7.5035924e-03
  -7.4493997e-03
  -1.8559848e-03
  -6.7645623e-03
  -5.5236639e-03
  -9.6570101e-04
   6.5274541e-03
   1.7585961e-02
   0.0000000e+00
  -0.0000000e+00
  -1.0335857e-02
  -8.6231856e-03
  -5.6068096e-03
  -7.9705252e-04
   1.4611695e-02
   1.0864472e-02
   1.0420213e-02
   1.1011868e-02
   1.3451689e-02
   1.0088984e-02
   5.1785908e-03
   7.2066584e-03
   9.2406739e-03
   2.5078483e-02
   3.7308268e-02
   2.8359622e-02
   0.0000000e+00
  -0.0000000e+00
  -0.0000000e+00
  -1.6023443e-03
   2.7074650e-02
   2.9060265e-02
   1.5237497e-02
   0.0000000e+00
   0.0000000e+00
   4.1251481e-03
   9.5166601e-03
   3.8910049e-03
  -8.7445602e-04
  -3.7716266e-03
   8.5677588e-03
   1.8774070e-02
   2.3092315e-02
   2.9039328e-02
   1.9371145e-02
   1.1805224e-02
   6.8557742e-03
   3.7896952e-03
   6.4136069e-03
   1.2304049e-02
   2.9392064e-02
   2.5260998e-02
   2.6162952e-02
   2.5546707e-02
   2.9807199e-02
   2.3712469e-02
   1.8500900e-02
   2.0043155e-02
   1.7303457e-02
   3.6309905e-02
   4.2851575e-02
   2.5098717e-02
   0.0000000e+00
   0.0000000e+00
  -0.0000000e+00
   1.0522942e-02
   3.8136017e-02
   3.4207985e-02
   1.7762315e-02
   0.0000000e+00
   0.0000000e+00
   1.1677869e-02
   1.7519761e-02
   1.7532286e-02
   5.4523493e-03
   1.8387389e-03
   3.1820305e-02
   3.4352187e-02
   3.0113094e-02
   3.3866938e-02
   2.4895491e-02
   2.3313224e-02
   1.7027296e-02
   1.4644754e-02
   1.9255398e-02
   2.6253650e-02
   3.7763946e-02
   3.3855263e-02
   3.6225848e-02
   3.4844358e-02
   3.9554264e-02
   3.2229960e-02
   2.8743202e-02
   3.1212475e-02
   2.9179528e-02
   4.4546999e-02
   3.8957479e-02
   0.0000000e+00
   0.0000000e+00
   0.0000000e+00
   0.0000000e+00
   2.1601025e-02
   4.4119902e-02
   3.4667525e-02
   1.8021490e-02
   0.0000000e+00
   0.0000000e+00
   2.0015270e-02
   2.0864129e-02
   3.0921832e-02
   1.8254772e-02
   1.4687782e-02
   4.8771150e-02
   3.8201798e-02
   3.1295732e-02
   3.4732301e-02
   2.5206517e-02
   2.5924772e-02
   1.9319577e-02
   2.1116599e-02
   2.6822515e-02
   3.3961415e-02
   3.9738312e-02
   3.6880191e-02
   3.9923497e-02
   3.8492654e-02
   4.2593546e-02
   3.5162434e-02
   3.5279721e-02
   3.8272016e-02
   4.0325724e-02
   4.9471688e-02
   3.4446674e-02
   0.0000000e+00
   0.0000000e+00
   0.0000000e+00
   0.0000000e+00
   3.1838033e-02
   4.6573274e-02
   3.1483106e-02
   1.6001457e-02
   0.0000000e+00
   0.0000000e+00
   2.5207965e-02
   2.3435938e-02
   3.7646653e-02
   3.4159355e-02
   3.6751796e-02
   5.7351969e-02
   3.5094116e-02
   3.0402008e-02
   3.1995580e-02
   2.3451766e-02
   2.3331312e-02
   1.7316278e-02
   2.3792697e-02
   2.9612711e-02
   3.6562495e-02
   2.4363471e-02
   2.4665616e-02
   2.4882417e-02
   2.5654541e-02
   2.7117573e-02
   2.2663942e-02
   3.0634390e-02
   3.1088205e-02
   4.3058138e-02
   4.3971226e-02
   2.0965553e-02
   0.0000000e+00
   0.0000000e+00
   0.0000000e+00
   0.0000000e+00
   3.8274720e-02
   4.1494798e-02
   2.2214932e-02
   1.0228603e-02
   0.0000000e+00
   0.0000000e+00
   2.5160750e-02
   2.7075686e-02
   2.6288163e-02
   5.3498679e-02
   7.5570464e-02
   3.8533892e-02
   2.2371696e-02
   2.8305564e-02
   2.0459989e-02
   1.9155629e-02
   1.1631801e-02
   8.3351079e-03
   1.6625730e-02
   1.9893611e-02
   2.6417699e-02
   1.9918729e-03
   2.4633012e-03
   2.0706351e-03
   2.8806448e-03
   3.8613856e-03
   4.2254007e-03
   1.3428622e-02
   1.3583288e-02
   2.0287417e-02
   1.7800016e-02
   6.7113023e-03
   0.0000000e+00
   0.0000000e+00
   0.0000000e+00
   0.0000000e+00
   3.0132748e-02
   3.0021550e-02
   1.6448913e-02
   0.0000000e+00
   0.0000000e+00
   0.0000000e+00
   1.8655039e-02
   2.5049578e-02
   1.6610346e-02
   5.5276129e-02
   6.7859791e-02
   2.1656374e-02
   1.7675236e-02
   2.2533435e-02
   9.7574722e-03
   1.1123873e-02
  -3.5513515e-04
  -6.1885794e-03
  -2.7017045e-04
   4.8018043e-04
   4.9166288e-03
  -1.6576948e-02
  -1.7442388e-02
  -1.7725270e-02
  -1.8188937e-02
  -1.7828204e-02
  -1.1563297e-02
  -2.7473294e-03
  -5.2190328e-04
  -6.7769818e-04
  -5.9837215e-03
  -7.8072958e-03
   0.0000000e+00
   0.0000000e+00
  -0.0000000e+00
   0.0000000e+00
   2.0951318e-02
   2.1918233e-02
   1.2556405e-02
   0.0000000e+00
   0.0000000e+00
   0.0000000e+00
   1.3906272e-02
   1.7399549e-02
   1.2964339e-02
   0.0000000e+00
   4.2083889e-02
   1.1941125e-02
   1.4355022e-02
   1.4923249e-02
   2.2573611e-03
   2.1579997e-03
  -8.4468890e-03
  -2.0545850e-02
  -1.8257886e-02
  -1.7785493e-02
  -1.6395986e-02
  -3.3206712e-02
  -3.6085889e-02
  -3.5878282e-02
  -3.8158420e-02
  -3.8515564e-02
  -2.6024293e-02
  -1.8623674e-02
  -1.3209133e-02
  -2.0948548e-02
  -2.8739799e-02
  -1.8672698e-02
   0.0000000e+00
   0.0000000e+00
  -0.0000000e+00
  -6.7737936e-03
   1.0705069e-02
   1.4814919e-02
   9.4534576e-03
   0.0000000e+00
   0.0000000e+00
   0.0000000e+00
   0.0000000e+00
   6.7117880e-03
   1.2098750e-02
   0.0000000e+00
   6.8917749e-03
   5.5544339e-03
   1.1200148e-02
   8.0490908e-03
  -0.0000000e+00
  -7.4836221e-03
  -1.4675014e-02
  -3.4802895e-02
  -3.6646262e-02
  -3.5385948e-02
  -3.7510458e-02
  -5.5911362e-02
  -6.0633849e-02
  -6.0587525e-02
  -6.3486688e-02
  -6.6031031e-02
  -5.0911110e-02
  -4.1032061e-02
  -2.6844246e-02
  -4.8164364e-02
  -6.8459064e-02
  -3.4665513e-02
   0.0000000e+00
   0.0000000e+00
  -0.0000000e+00
  -2.3983654e-02
  -3.0743771e-05
   1.1296722e-02
   6.4880541e-03
   0.0000000e+00
   0.0000000e+00
   0.0000000e+00
  -0.0000000e+00
  -2.7634865e-03
   7.9228642e-03
  -0.0000000e+00
  -0.0000000e+00
   2.7428165e-03
   4.2510607e-03
   0.0000000e+00
  -0.0000000e+00
  -2.2099904e-02
  -0.0000000e+00
  -5.2827012e-02
  -6.0595069e-02
  -5.6902729e-02
  -6.2703855e-02
  -5.8773212e-02
  -5.7916347e-02
  -5.9889462e-02
  -5.9306379e-02
  -6.4403817e-02
  -5.9447832e-02
  -4.6314865e-02
  -2.7910473e-02
  -3.7451487e-02
  -5.9991650e-02
  -3.5085775e-02
   0.0000000e+00
  -0.0000000e+00
  -3.8187154e-02
  -3.2857273e-02
  -5.8571977e-03
   0.0000000e+00
   0.0000000e+00
   0.0000000e+00
   0.0000000e+00
   0.0000000e+00
   0.0000000e+00
  -3.2495039e-03
   2.1212444e-03
   0.0000000e+00
   0.0000000e+00
   0.0000000e+00
   0.0000000e+00
   0.0000000e+00
  -0.0000000e+00
  -2.8577587e-02
  -3.3842066e-02
  -5.2101433e-02
  -6.1830267e-02
  -5.7867207e-02
  -6.1019380e-02
  -5.7954367e-02
  -5.2618738e-02
  -5.5081666e-02
  -5.2848633e-02
  -6.0117424e-02
  -6.3138880e-02
  -5.0250322e-02
  -2.7146170e-02
  -2.5001507e-02
  -4.8338077e-02
  -4.0218580e-02
  -0.0000000e+00
  -0.0000000e+00
  -5.1491931e-02
  -4.1252144e-02
  -1.2444975e-02
   0.0000000e+00
   0.0000000e+00
   0.0000000e+00
   0.0000000e+00
   0.0000000e+00
   0.0000000e+00
  -0.0000000e+00
  -0.0000000e+00
   0.0000000e+00
   0.0000000e+00
   0.0000000e+00
   0.0000000e+00
   0.0000000e+00
  -0.0000000e+00
  -3.3987746e-02
  -3.8810659e-02
  -4.9528122e-02
  -6.0851347e-02
  -5.7062112e-02
  -5.8131926e-02
  -5.0644014e-02
  -4.2242520e-02
  -4.2408470e-02
  -4.1585803e-02
  -5.0910141e-02
  -5.8900252e-02
  -5.2566521e-02
  -2.3082396e-02
  -7.2358587e-03
  -3.7408471e-02
  -0.0000000e+00
  -3.8054124e-02
  -4.9604718e-02
  -6.8131179e-02
  -5.0428830e-02
  -1.6076394e-02
   0.0000000e+00
   0.0000000e+00
   0.0000000e+00
   0.0000000e+00
   0.0000000e+00
   0.0000000e+00
  -0.0000000e+00
  -0.0000000e+00
   0.0000000e+00
   0.0000000e+00
   0.0000000e+00
   0.0000000e+00
  -0.0000000e+00
  -4.4568462e-02
  -3.7826277e-02
  -3.8113098e-02
  -4.3373406e-02
  -5.5912603e-02
  -5.3318143e-02
  -5.3375844e-02
  -4.3968927e-02
  -3.7225150e-02
  -3.2870904e-02
  -3.4924366e-02
  -4.1493129e-02
  -5.0371375e-02
  -5.0802335e-02
  -1.9835893e-02
  -2.9081420e-03
  -0.0000000e+00
  -3.7827149e-02
  -2.6662646e-02
  -4.0754590e-02
  -6.4417541e-02
  -6.2797211e-02
  -2.8330584e-02
   0.0000000e+00
   0.0000000e+00
   0.0000000e+00
   0.0000000e+00
   0.0000000e+00
   0.0000000e+00
  -0.0000000e+00
  -0.0000000e+00
   0.0000000e+00
   0.0000000e+00
   0.0000000e+00
   0.0000000e+00
  -0.0000000e+00
  -5.1044159e-02
  -3.5307366e-02
  -2.9059205e-02
  -3.6116783e-02
  -4.6463653e-02
  -4.9722299e-02
  -5.0724231e-02
  -4.2216484e-02
  -3.6004707e-02
  -3.0362496e-02
  -3.0818183e-02
  -3.6033418e-02
  -4.6910882e-02
  -4.7076251e-02
  -2.1713283e-02
  -8.3830535e-03
  -0.0000000e+00
  -1.8857369e-02
  -1.1092385e-02
  -2.7466927e-02
  -5.0183915e-02
  -6.8750791e-02
  -4.6278112e-02
   0.0000000e+00
   0.0000000e+00
   0.0000000e+00
   0.0000000e+00
   0.0000000e+00
  -0.0000000e+00
  -0.0000000e+00
  -0.0000000e+00
   0.0000000e+00
   0.0000000e+00
   0.0000000e+00
   0.0000000e+00
  -0.0000000e+00
  -4.1795053e-02
  -2.7897405e-02
  -2.3019131e-02
  -2.8821757e-02
  -3.7834745e-02
  -4.4436082e-02
  -4.6458066e-02
  -4.0579963e-02
  -3.4650635e-02
  -2.8702576e-02
  -2.6524145e-02
  -3.1530116e-02
  -4.4824053e-02
  -4.3567482e-02
  -2.6618946e-02
  -0.0000000e+00
  -1.3961833e-02
  -4.0037083e-03
   2.2799151e-03
  -1.4047491e-02
  -3.3348344e-02
  -6.7885637e-02
  -5.8697311e-02
   0.0000000e+00
   0.0000000e+00
   0.0000000e+00
   0.0000000e+00
   0.0000000e+00
  -0.0000000e+00
  -0.0000000e+00
  -0.0000000e+00
   0.0000000e+00
   0.0000000e+00
   0.0000000e+00
   0.0000000e+00
  -0.0000000e+00
  -2.8296443e-02
  -1.9020082e-02
  -1.7638847e-02
  -2.1038029e-02
  -2.8770579e-02
  -3.7241880e-02
  -4.0538400e-02
  -3.5506248e-02
  -3.0024162e-02
  -2.3866046e-02
  -1.9167280e-02
  -2.6383188e-02
  -4.2228524e-02
  -4.2068735e-02
  -3.3671192e-02
  -0.0000000e+00
  -7.1517981e-03
   4.3745091e-03
   6.5101315e-03
  -3.6179028e-03
  -1.7018205e-02
  -5.0681371e-02
  -5.3873638e-02
  -0.0000000e+00
   0.0000000e+00
  -0.0000000e+00
  -0.0000000e+00
  -0.0000000e+00
  -0.0000000e+00
  -0.0000000e+00
   0.0000000e+00
   0.0000000e+00
   0.0000000e+00
   0.0000000e+00
   0.0000000e+00
   0.0000000e+00
  -0.0000000e+00
  -8.5656345e-03
  -1.1141045e-02
  -1.0951173e-02
  -1.7137319e-02
  -2.4916004e-02
  -3.1004202e-02
  -1.7253220e-02
  -1.2793428e-02
  -5.6367400e-03
  -3.9616381e-03
  -1.3128920e-02
  -3.2288454e-02
  -3.4626022e-02
  -3.0545557e-02
  -0.0000000e+00
   7.8825576e-03
   4.6796860e-03
   1.0393115e-02
   7.7527585e-03
  -3.4383130e-03
  -2.2649510e-02
  -3.7545577e-02
  -3.2675839e-02
   0.0000000e+00
  -0.0000000e+00
  -0.0000000e+00
  -0.0000000e+00
  -0.0000000e+00
  -0.0000000e+00
   0.0000000e+00
   0.0000000e+00
   0.0000000e+00
   0.0000000e+00
   0.0000000e+00
   0.0000000e+00
   0.0000000e+00
   2.5996990e-03
   4.1323532e-03
   2.5538669e-03
  -5.1192177e-04
  -8.2902042e-03
  -1.5737031e-02
   4.4726608e-03
   1.1165986e-02
   1.7872157e-02
   1.7591514e-02
   7.8240791e-03
  -1.5579183e-02
  -1.9323511e-02
  -1.4744586e-02
   0.0000000e+00
   0.0000000e+00
   0.0000000e+00
   2.2319023e-02
   2.7113281e-02
   1.3651219e-02
  -1.5281828e-03
  -1.4866539e-02
  -1.0695179e-02
  -0.0000000e+00
  -0.0000000e+00
  -0.0000000e+00
   0.0000000e+00
   0.0000000e+00
   0.0000000e+00
   0.0000000e+00
   0.0000000e+00
   0.0000000e+00
   0.0000000e+00
   0.0000000e+00
   0.0000000e+00
   0.0000000e+00
   1.2979805e-02
   2.1934975e-02
   1.9071620e-02
   1.6034074e-02
   7.8810267e-03
   2.2491748e-03
   2.2116635e-02
   3.1202495e-02
   4.0121436e-02
   4.1287210e-02
   3.1604808e-02
   6.9708470e-03
  -6.6910196e-03
  -0.0000000e+00
   0.0000000e+00
   0.0000000e+00
   0.0000000e+00
   3.0040889e-02
   4.6373896e-02
   3.5825182e-02
   1.9294780e-02
   1.0318528e-02
   4.4188130e-03
  -0.0000000e+00
   0.0000000e+00
   0.0000000e+00
   0.0000000e+00
   0.0000000e+00
   0.0000000e+00
   0.0000000e+00
   0.0000000e+00
   0.0000000e+00
   0.0000000e+00
   0.0000000e+00
   0.0000000e+00
   0.0000000e+00
   0.0000000e+00
   3.1047612e-02
   3.4308072e-02
   2.9118337e-02
   2.2492295e-02
   1.8105242e-02
   2.8965736e-02
   3.8661119e-02
   5.1875535e-02
   5.5662945e-02
   4.7644921e-02
   2.9735770e-02
   3.9498695e-03
   0.0000000e+00
   0.0000000e+00
   0.0000000e+00
   0.0000000e+00
   0.0000000e+00
   4.7636054e-02
   4.8413277e-02
   3.7003990e-02
   3.3942040e-02
   2.7622741e-02
   0.0000000e+00
   0.0000000e+00
   0.0000000e+00
   0.0000000e+00
   0.0000000e+00
   0.0000000e+00
   0.0000000e+00
   0.0000000e+00
   0.0000000e+00
   0.0000000e+00
   0.0000000e+00
   0.0000000e+00
   0.0000000e+00
   0.0000000e+00
   2.1795167e-02
   3.6678553e-02
   3.2445151e-02
   2.9706951e-02
   2.4737997e-02
   2.2266023e-02
   3.1754464e-02
   4.6859737e-02
   5.0935898e-02
   4.8191044e-02
   4.3142777e-02
   7.3202299e-03
   0.0000000e+00
   0.0000000e+00
   0.0000000e+00
   0.0000000e+00
   0.0000000e+00
   0.0000000e+00
   3.0902881e-02
   3.8855236e-02
   4.3585360e-02
   2.9471731e-02
   0.0000000e+00
   0.0000000e+00
   0.0000000e+00
   0.0000000e+00
   0.0000000e+00
   0.0000000e+00
   0.0000000e+00
   0.0000000e+00
   0.0000000e+00
   0.0000000e+00
   0.0000000e+00
   0.0000000e+00
   0.0000000e+00
  -0.0000000e+00
  -4.5536077e-03
   1.6665658e-02
   1.8658094e-02
   1.9827647e-02
   1.6674012e-02
   8.9637227e-03
   2.0993598e-02
   3.3876881e-02
   3.8858533e-02
   4.3972053e-02
   4.3640742e-02
   1.1446920e-02
   0.0000000e+00
   0.0000000e+00
   0.0000000e+00
   0.0000000e+00
   0.0000000e+00
   0.0000000e+00
  -0.0000000e+00
   1.7728020e-02
   2.7592480e-02
   3.1721139e-02
   0.0000000e+00
   0.0000000e+00
   0.0000000e+00
   0.0000000e+00
   0.0000000e+00
   0.0000000e+00
   0.0000000e+00
   0.0000000e+00
   0.0000000e+00
   0.0000000e+00
   0.0000000e+00
   0.0000000e+00
   0.0000000e+00
  -0.0000000e+00
  -2.6238829e-02
  -7.7073397e-03
  -2.6259138e-03
  -4.0244260e-03
  -1.7434116e-04
  -8.5419510e-03
   7.6186191e-03
   2.2225210e-02
   3.5765097e-02
   4.5579646e-02
   4.0436872e-02
   0.0000000e+00
   0.0000000e+00
   0.0000000e+00
   0.0000000e+00
   0.0000000e+00
   0.0000000e+00
  -0.0000000e+00
  -1.3505995e-02
  -8.1116024e-04
   5.4921373e-05
  -1.7642488e-03
   0.0000000e+00
   0.0000000e+00
   0.0000000e+00
   0.0000000e+00
   0.0000000e+00
   0.0000000e+00
   0.0000000e+00
   0.0000000e+00
   0.0000000e+00
   0.0000000e+00
   0.0000000e+00
   0.0000000e+00
   0.0000000e+00
   0.0000000e+00
  -0.0000000e+00
  -1.7703144e-02
  -1.5450857e-02
  -2.1209875e-02
  -1.7089985e-02
  -2.6932281e-02
  -1.4836447e-02
   7.1162657e-03
   2.8353126e-02
   3.8956213e-02
   0.0000000e+00
   0.0000000e+00
   0.0000000e+00
   0.0000000e+00
   0.0000000e+00
   0.0000000e+00
   0.0000000e+00
  -0.0000000e+00
  -4.9078455e-03
   0.0000000e+00
  -6.8390272e-03
  -8.8745407e-03
  -3.7784289e-03
  -0.0000000e+00
   0.0000000e+00
   0.0000000e+00
   0.0000000e+00
   0.0000000e+00
   0.0000000e+00
   0.0000000e+00
   0.0000000e+00
   0.0000000e+00
   0.0000000e+00
   0.0000000e+00
   0.0000000e+00
   0.0000000e+00
  -0.0000000e+00
  -1.7805403e-02
  -1.7207804e-02
  -2.9233768e-02
  -2.9417209e-02
  -0.0000000e+00
  -0.0000000e+00
   0.0000000e+00
   0.0000000e+00
   0.0000000e+00
   0.0000000e+00
   0.0000000e+00
   0.0000000e+00
   0.0000000e+00
   0.0000000e+00
   0.0000000e+00
   0.0000000e+00
  -0.0000000e+00
   3.1623169e-04
   0.0000000e+00
  -0.0000000e+00
  -0.0000000e+00
  -4.5707771e-03
  -2.3227494e-03
  -0.0000000e+00
  -0.0000000e+00
  -0.0000000e+00
   0.0000000e+00
   0.0000000e+00
   0.0000000e+00
   0.0000000e+00
   0.0000000e+00
   0.0000000e+00
   0.0000000e+00
   0.0000000e+00
   0.0000000e+00
   0.0000000e+00
   0.0000000e+00
   0.0000000e+00
  -0.0000000e+00
  -0.0000000e+00
  -0.0000000e+00
  -0.0000000e+00
  -0.0000000e+00
  -0.0000000e+00
  -0.0000000e+00
  -0.0000000e+00
  -0.0000000e+00
  -0.0000000e+00
  -0.0000000e+00
  -0.0000000e+00
  -0.0000000e+00
  -0.0000000e+00
  -0.0000000e+00
  -1.6419311e-04
   0.0000000e+00
   0.0000000e+00
   0.0000000e+00
   0.0000000e+00
   9.5358614e-04
   5.0350005e-04
   1.8331222e-04
   2.0527649e-04
   1.1334478e-03
   0.0000000e+00
   0.0000000e+00
   0.0000000e+00
   0.0000000e+00
   0.0000000e+00
  -0.0000000e+00
  -0.0000000e+00
  -0.0000000e+00
  -0.0000000e+00
  -0.0000000e+00
  -0.0000000e+00
  -0.0000000e+00
  -0.0000000e+00
