-START-OF-DATA-
   1.000 5.90034e-04
   6.000 5.90599e-04
  11.000 5.91164e-04
  16.000 5.91730e-04
  21.000 5.92295e-04
  26.000 5.92860e-04
  31.000 5.93425e-04
  36.000 5.93991e-04
  41.000 5.94556e-04
  46.000 5.95121e-04
  51.000 5.95686e-04
  56.000 5.96251e-04
  61.000 5.96817e-04
  66.000 5.97382e-04
  71.000 5.97947e-04
  76.000 5.98512e-04
  81.000 5.99078e-04
  86.000 5.99643e-04
  91.000 6.00208e-04
  96.000 6.00773e-04
 101.000 6.01338e-04
 106.000 6.01904e-04
 111.000 6.02469e-04
 116.000 6.03034e-04
 121.000 6.03599e-04
 126.000 6.04165e-04
 131.000 6.04730e-04
 136.000 6.05295e-04
 141.000 6.05860e-04
 146.000 6.06425e-04
 151.000 6.06991e-04
 156.000 6.07556e-04
 161.000 6.08121e-04
 166.000 6.08686e-04
 171.000 6.09251e-04
 176.000 6.09817e-04
 181.000 6.10382e-04
 186.000 6.10947e-04
 191.000 6.11512e-04
 196.000 6.12078e-04
 201.000 6.12643e-04
 206.000 6.13208e-04
 211.000 6.13773e-04
 216.000 6.14338e-04
 221.000 6.14904e-04
 226.000 6.15469e-04
 231.000 6.16034e-04
 236.000 6.16599e-04
 241.000 6.17165e-04
 246.000 6.17730e-04
 251.000 6.18295e-04
 256.000 6.18860e-04
 261.000 6.19425e-04
 266.000 6.19991e-04
 271.000 6.20556e-04
 276.000 6.21121e-04
 281.000 6.21686e-04
 286.000 6.22252e-04
 291.000 6.22817e-04
 296.000 6.23382e-04
 301.000 6.23947e-04
 306.000 6.24512e-04
 311.000 6.25078e-04
 316.000 6.25643e-04
 321.000 6.26208e-04
 326.000 6.26773e-04
 331.000 6.27339e-04
 336.000 6.27904e-04
 341.000 6.28469e-04
 346.000 6.29034e-04
 351.000 6.29599e-04
 356.000 6.30165e-04
 361.000 6.30730e-04
 366.000 6.31295e-04
 371.000 6.31860e-04
 376.000 6.32426e-04
 381.000 6.32991e-04
 386.000 6.33556e-04
 391.000 6.34121e-04
 396.000 6.34686e-04
 401.000 6.35252e-04
 406.000 6.35817e-04
 411.000 6.36382e-04
 416.000 6.36947e-04
 421.000 6.37512e-04
 426.000 6.38078e-04
 431.000 6.38643e-04
 436.000 6.39208e-04
 441.000 6.39773e-04
 446.000 6.40339e-04
 451.000 6.40904e-04
 456.000 6.41469e-04
 461.000 6.42034e-04
 466.000 6.42599e-04
 471.000 6.43165e-04
 476.000 6.43730e-04
 481.000 6.44295e-04
 486.000 6.44860e-04
 491.000 6.45426e-04
 496.000 6.45991e-04
 501.000 6.46556e-04
 506.000 6.47121e-04
 511.000 6.47686e-04
 516.000 6.48252e-04
 521.000 6.48817e-04
 526.000 6.49382e-04
 531.000 6.49947e-04
 536.000 6.50513e-04
 541.000 6.51078e-04
 546.000 6.51643e-04
 551.000 6.52208e-04
 556.000 6.52773e-04
 561.000 6.53339e-04
 566.000 6.53904e-04
 571.000 6.54469e-04
 576.000 6.55034e-04
 581.000 6.55600e-04
 586.000 6.56165e-04
 591.000 6.56730e-04
 596.000 6.57295e-04
 601.000 6.57860e-04
 606.000 6.58426e-04
 611.000 6.58991e-04
 616.000 6.59556e-04
 621.000 6.60121e-04
 626.000 6.60687e-04
 631.000 6.61252e-04
 636.000 6.61817e-04
 641.000 6.62382e-04
 646.000 6.62947e-04
 651.000 6.63513e-04
 656.000 6.64078e-04
 661.000 6.64643e-04
 666.000 6.65208e-04
 671.000 6.65773e-04
 676.000 6.66339e-04
 681.000 6.66904e-04
 686.000 6.67469e-04
 691.000 6.68034e-04
 696.000 6.68600e-04
 701.000 6.69165e-04
 706.000 6.69730e-04
 711.000 6.70295e-04
 716.000 6.70860e-04
 721.000 6.71426e-04
 726.000 6.71991e-04
 731.000 6.72556e-04
 736.000 6.73121e-04
 741.000 6.73687e-04
 746.000 6.74252e-04
 751.000 6.74817e-04
 756.000 6.75382e-04
 761.000 6.75947e-04
 766.000 6.76513e-04
 771.000 6.77078e-04
 776.000 6.77643e-04
 781.000 6.78208e-04
 786.000 6.78774e-04
 791.000 6.79339e-04
 796.000 6.79904e-04
 801.000 6.80469e-04
 806.000 6.81034e-04
 811.000 6.81600e-04
 816.000 6.82165e-04
 821.000 6.82730e-04
 826.000 6.83295e-04
 831.000 6.83861e-04
 836.000 6.84426e-04
 841.000 6.84991e-04
 846.000 6.85556e-04
 851.000 6.86121e-04
 856.000 6.86687e-04
 861.000 6.87252e-04
 866.000 6.87817e-04
 871.000 6.88382e-04
 876.000 6.88948e-04
 881.000 6.89513e-04
 886.000 6.90078e-04
 891.000 6.90643e-04
 896.000 6.91208e-04
 901.000 6.91774e-04
 906.000 6.92339e-04
 911.000 6.92904e-04
 916.000 6.93469e-04
 921.000 6.94034e-04
 926.000 6.94600e-04
 931.000 6.95165e-04
 936.000 6.95730e-04
 941.000 6.96295e-04
 946.000 6.96861e-04
 951.000 6.97426e-04
 956.000 6.97991e-04
 961.000 6.98556e-04
 966.000 6.99121e-04
 971.000 6.99687e-04
 976.000 7.00252e-04
 981.000 7.00817e-04
 986.000 7.01382e-04
 991.000 7.01948e-04
 996.000 7.02513e-04
1001.000 7.03078e-04
1006.000 7.03643e-04
1011.000 7.04208e-04
1016.000 7.04774e-04
1021.000 7.05339e-04
1026.000 7.05904e-04
1031.000 7.06469e-04
1036.000 7.07035e-04
1041.000 7.07600e-04
1046.000 7.08165e-04
1051.000 7.08730e-04
1056.000 7.09295e-04
1061.000 7.09861e-04
1066.000 7.10426e-04
1071.000 7.10991e-04
1076.000 7.11556e-04
1081.000 7.12122e-04
1086.000 7.12687e-04
1091.000 7.13252e-04
1096.000 7.13817e-04
1101.000 7.14382e-04
1106.000 7.14948e-04
1111.000 7.15513e-04
1116.000 7.16078e-04
1121.000 7.16643e-04
1126.000 7.17209e-04
1131.000 7.17774e-04
1136.000 7.18339e-04
1141.000 7.18904e-04
1146.000 7.19469e-04
1151.000 7.20035e-04
1156.000 7.20600e-04
1161.000 7.21165e-04
1166.000 7.21730e-04
1171.000 7.22295e-04
1176.000 7.22861e-04
1181.000 7.23426e-04
1186.000 7.23991e-04
1191.000 7.24556e-04
1196.000 7.25122e-04
1201.000 7.25687e-04
1206.000 7.26252e-04
1211.000 7.26817e-04
1216.000 7.27382e-04
1221.000 7.27948e-04
1226.000 7.28513e-04
1231.000 7.29078e-04
1236.000 7.29643e-04
1241.000 7.30209e-04
1246.000 7.30774e-04
1251.000 7.31339e-04
1256.000 7.31904e-04
1261.000 7.32469e-04
1266.000 7.33035e-04
1271.000 7.33600e-04
1276.000 7.34165e-04
1281.000 7.34730e-04
1286.000 7.35296e-04
1291.000 7.35861e-04
1296.000 7.36426e-04
1301.000 7.36991e-04
1306.000 7.37556e-04
1311.000 7.38122e-04
1316.000 7.38687e-04
1321.000 7.39252e-04
1326.000 7.39817e-04
1331.000 7.40383e-04
1336.000 7.40948e-04
1341.000 7.41513e-04
1346.000 7.42078e-04
1351.000 7.42643e-04
1356.000 7.43209e-04
1361.000 7.43774e-04
1366.000 7.44339e-04
1371.000 7.44904e-04
1376.000 7.45470e-04
1381.000 7.46035e-04
1386.000 7.46600e-04
1391.000 7.47165e-04
1396.000 7.47730e-04
1401.000 7.48296e-04
1406.000 7.48861e-04
1411.000 7.49426e-04
1416.000 7.49991e-04
1421.000 7.50557e-04
1426.000 7.51122e-04
1431.000 7.51687e-04
1436.000 7.52252e-04
1441.000 7.52817e-04
1446.000 7.53383e-04
1451.000 7.53948e-04
1456.000 7.54513e-04
1461.000 7.55078e-04
1466.000 7.55643e-04
1471.000 7.56209e-04
1476.000 7.56774e-04
1481.000 7.57339e-04
1486.000 7.57904e-04
1491.000 7.58470e-04
1496.000 7.59035e-04
1501.000 7.59600e-04
1506.000 7.60165e-04
1511.000 7.60730e-04
1516.000 7.61296e-04
1521.000 7.61861e-04
1526.000 7.62426e-04
1531.000 7.62991e-04
1536.000 7.63557e-04
1541.000 7.64122e-04
1546.000 7.64687e-04
1551.000 7.65252e-04
1556.000 7.65817e-04
1561.000 7.66383e-04
1566.000 7.66948e-04
1571.000 7.67513e-04
1576.000 7.68078e-04
1581.000 7.68644e-04
1586.000 7.69209e-04
1591.000 7.69774e-04
1596.000 7.70339e-04
1601.000 7.70904e-04
1606.000 7.71470e-04
1611.000 7.72035e-04
1616.000 7.72600e-04
1621.000 7.73165e-04
1626.000 7.73731e-04
1631.000 7.74296e-04
1636.000 7.74861e-04
1641.000 7.75426e-04
1646.000 7.75991e-04
1651.000 7.76557e-04
1656.000 7.77122e-04
1661.000 7.77687e-04
1666.000 7.78252e-04
1671.000 7.78818e-04
1676.000 7.79383e-04
1681.000 7.79948e-04
1686.000 7.80513e-04
1691.000 7.81078e-04
1696.000 7.81644e-04
1701.000 7.82209e-04
1706.000 7.82774e-04
1711.000 7.83339e-04
1716.000 7.83904e-04
1721.000 7.84470e-04
1726.000 7.85035e-04
1731.000 7.85600e-04
1736.000 7.86165e-04
1741.000 7.86731e-04
1746.000 7.87296e-04
1751.000 7.87861e-04
1756.000 7.88426e-04
1761.000 7.88991e-04
1766.000 7.89557e-04
1771.000 7.90122e-04
1776.000 7.90687e-04
1781.000 7.91252e-04
1786.000 7.91818e-04
1791.000 7.92383e-04
1796.000 7.92948e-04
1801.000 7.93513e-04
1806.000 7.94078e-04
1811.000 7.94644e-04
1816.000 7.95209e-04
1821.000 7.95774e-04
1826.000 7.96339e-04
1831.000 7.96905e-04
1836.000 7.97470e-04
1841.000 7.98035e-04
1846.000 7.98600e-04
1851.000 7.99165e-04
1856.000 7.99731e-04
1861.000 8.00296e-04
1866.000 8.00861e-04
1871.000 8.01426e-04
1876.000 8.01992e-04
1881.000 8.02557e-04
1886.000 8.03122e-04
1891.000 8.03687e-04
1896.000 8.04252e-04
1901.000 8.04818e-04
1906.000 8.05383e-04
1911.000 8.05948e-04
1916.000 8.06513e-04
1921.000 8.07079e-04
1926.000 8.07644e-04
1931.000 8.08209e-04
1936.000 8.08774e-04
1941.000 8.09339e-04
1946.000 8.09905e-04
1951.000 8.10470e-04
1956.000 8.11035e-04
1961.000 8.11600e-04
1966.000 8.12165e-04
1971.000 8.12731e-04
1976.000 8.13296e-04
1981.000 8.13861e-04
1986.000 8.14426e-04
1991.000 8.14992e-04
1996.000 8.15557e-04
2001.000 8.16122e-04
2006.000 8.16687e-04
2011.000 8.17252e-04
2016.000 8.17818e-04
2021.000 8.18383e-04
2026.000 8.18948e-04
2031.000 8.19513e-04
2036.000 8.20079e-04
2041.000 8.20644e-04
2046.000 8.21209e-04
2051.000 8.21774e-04
2056.000 8.22339e-04
2061.000 8.22905e-04
2066.000 8.23470e-04
2071.000 8.24035e-04
2076.000 8.24600e-04
2081.000 8.25166e-04
2086.000 8.25731e-04
2091.000 8.26296e-04
2096.000 8.26861e-04
2101.000 8.27426e-04
2106.000 8.27992e-04
2111.000 8.28557e-04
2116.000 8.29122e-04
2121.000 8.29687e-04
2126.000 8.30253e-04
2131.000 8.30818e-04
2136.000 8.31383e-04
2141.000 8.31948e-04
2146.000 8.32513e-04
2151.000 8.33079e-04
2156.000 8.33644e-04
2161.000 8.34209e-04
2166.000 8.34774e-04
2171.000 8.35340e-04
2176.000 8.35905e-04
2181.000 8.36470e-04
2186.000 8.37035e-04
2191.000 8.37600e-04
2196.000 8.38166e-04
2201.000 8.38731e-04
2206.000 8.39296e-04
2211.000 8.39861e-04
2216.000 8.40426e-04
2221.000 8.40992e-04
2226.000 8.41557e-04
2231.000 8.42122e-04
2236.000 8.42687e-04
2241.000 8.43253e-04
2246.000 8.43818e-04
2251.000 8.44383e-04
2256.000 8.44948e-04
2261.000 8.45513e-04
2266.000 8.46079e-04
2271.000 8.46644e-04
2276.000 8.47209e-04
2281.000 8.47774e-04
2286.000 8.48340e-04
2291.000 8.48905e-04
2296.000 8.49470e-04
2301.000 8.50035e-04
2306.000 8.50600e-04
2311.000 8.51166e-04
2316.000 8.51731e-04
2321.000 8.52296e-04
2326.000 8.52861e-04
2331.000 8.53427e-04
2336.000 8.53992e-04
2341.000 8.54557e-04
2346.000 8.55122e-04
2351.000 8.55687e-04
2356.000 8.56253e-04
2361.000 8.56818e-04
2366.000 8.57383e-04
2371.000 8.57948e-04
2376.000 8.58514e-04
2381.000 8.59079e-04
2386.000 8.59644e-04
2391.000 8.60209e-04
2396.000 8.60774e-04
2401.000 8.61340e-04
2406.000 8.61905e-04
2411.000 8.62470e-04
2416.000 8.63035e-04
2421.000 8.63601e-04
2426.000 8.64166e-04
2431.000 8.64731e-04
2436.000 8.65296e-04
2441.000 8.65861e-04
2446.000 8.66427e-04
2451.000 8.66992e-04
2456.000 8.67557e-04
2461.000 8.68122e-04
2466.000 8.68687e-04
2471.000 8.69253e-04
2476.000 8.69818e-04
2481.000 8.70383e-04
2486.000 8.70948e-04
2491.000 8.71514e-04
2496.000 8.72079e-04
2501.000 8.72644e-04
2506.000 8.73209e-04
2511.000 8.73774e-04
2516.000 8.74340e-04
2521.000 8.74905e-04
2526.000 8.75470e-04
2531.000 8.76035e-04
2536.000 8.76601e-04
2541.000 8.77166e-04
2546.000 8.77731e-04
2551.000 8.78296e-04
2556.000 8.78861e-04
2561.000 8.79427e-04
2566.000 8.79992e-04
2571.000 8.80557e-04
2576.000 8.81122e-04
2581.000 8.81688e-04
2586.000 8.82253e-04
2591.000 8.82818e-04
2596.000 8.83383e-04
2601.000 8.83948e-04
2606.000 8.84514e-04
2611.000 8.85079e-04
2616.000 8.85644e-04
2621.000 8.86209e-04
2626.000 8.86775e-04
2631.000 8.87340e-04
2636.000 8.87905e-04
2641.000 8.88470e-04
2646.000 8.89035e-04
2651.000 8.89601e-04
2656.000 8.90166e-04
2661.000 8.90731e-04
2666.000 8.91296e-04
2671.000 8.91862e-04
2676.000 8.92427e-04
2681.000 8.92992e-04
2686.000 8.93557e-04
2691.000 8.94122e-04
2696.000 8.94688e-04
2701.000 8.95253e-04
2706.000 8.95818e-04
2711.000 8.96383e-04
2716.000 8.96948e-04
2721.000 8.97514e-04
2726.000 8.98079e-04
2731.000 8.98644e-04
2736.000 8.99209e-04
2741.000 8.99775e-04
2746.000 9.00340e-04
2751.000 9.00905e-04
2756.000 9.01470e-04
2761.000 9.02035e-04
2766.000 9.02601e-04
2771.000 9.03166e-04
2776.000 9.03731e-04
2781.000 9.04296e-04
2786.000 9.04862e-04
2791.000 9.05427e-04
2796.000 9.05992e-04
2801.000 9.06557e-04
2806.000 9.07122e-04
2811.000 9.07688e-04
2816.000 9.08253e-04
2821.000 9.08818e-04
2826.000 9.09383e-04
2831.000 9.09949e-04
2836.000 9.10514e-04
2841.000 9.11079e-04
2846.000 9.11644e-04
2851.000 9.12209e-04
2856.000 9.12775e-04
2861.000 9.13340e-04
2866.000 9.13905e-04
2871.000 9.14470e-04
2876.000 9.15036e-04
2881.000 9.15601e-04
2886.000 9.16166e-04
2891.000 9.16731e-04
2896.000 9.17296e-04
2901.000 9.17862e-04
2906.000 9.18427e-04
2911.000 9.18992e-04
2916.000 9.19557e-04
2921.000 9.20123e-04
2926.000 9.20688e-04
2931.000 9.21253e-04
2936.000 9.21818e-04
2941.000 9.22383e-04
2946.000 9.22949e-04
2951.000 9.23514e-04
2956.000 9.24079e-04
2961.000 9.24644e-04
2966.000 9.25210e-04
2971.000 9.25775e-04
2976.000 9.26340e-04
2981.000 9.26905e-04
2986.000 9.27470e-04
2991.000 9.28036e-04
2996.000 9.28601e-04
3001.000 9.29166e-04
3006.000 9.29731e-04
3011.000 9.30296e-04
3016.000 9.30862e-04
3021.000 9.31427e-04
3026.000 9.31992e-04
3031.000 9.32557e-04
3036.000 9.33123e-04
3041.000 9.33688e-04
3046.000 9.34253e-04
3051.000 9.34818e-04
3056.000 9.35383e-04
3061.000 9.35949e-04
3066.000 9.36514e-04
3071.000 9.37079e-04
3076.000 9.37644e-04
3081.000 9.38210e-04
3086.000 9.38775e-04
3091.000 9.39340e-04
3096.000 9.39905e-04
3101.000 9.40470e-04
3106.000 9.41036e-04
3111.000 9.41601e-04
3116.000 9.42166e-04
3121.000 9.42731e-04
3126.000 9.43297e-04
3131.000 9.43862e-04
3136.000 9.44427e-04
3141.000 9.44992e-04
3146.000 9.45557e-04
3151.000 9.46123e-04
3156.000 9.46688e-04
3161.000 9.47253e-04
3166.000 9.47818e-04
3171.000 9.48384e-04
3176.000 9.48949e-04
3181.000 9.49514e-04
3186.000 9.50079e-04
3191.000 9.50644e-04
3196.000 9.51210e-04
3201.000 9.51775e-04
3206.000 9.52340e-04
3211.000 9.52905e-04
3216.000 9.53471e-04
3221.000 9.54036e-04
3226.000 9.54601e-04
3231.000 9.55166e-04
3236.000 9.55731e-04
3241.000 9.56297e-04
3246.000 9.56862e-04
3251.000 9.57427e-04
3256.000 9.57992e-04
3261.000 9.58557e-04
3266.000 9.59123e-04
3271.000 9.59688e-04
3276.000 9.60253e-04
3281.000 9.60818e-04
3286.000 9.61384e-04
3291.000 9.61949e-04
3296.000 9.62514e-04
3301.000 9.63079e-04
3306.000 9.63644e-04
3311.000 9.64210e-04
3316.000 9.64775e-04
3321.000 9.65340e-04
3326.000 9.65905e-04
3331.000 9.66471e-04
3336.000 9.67036e-04
3341.000 9.67601e-04
3346.000 9.68166e-04
3351.000 9.68731e-04
3356.000 9.69297e-04
3361.000 9.69862e-04
3366.000 9.70427e-04
3371.000 9.70992e-04
3376.000 9.71558e-04
3381.000 9.72123e-04
3386.000 9.72688e-04
3391.000 9.73253e-04
3396.000 9.73818e-04
3401.000 9.74384e-04
3406.000 9.74949e-04
3411.000 9.75514e-04
3416.000 9.76079e-04
3421.000 9.76645e-04
3426.000 9.77210e-04
3431.000 9.77775e-04
3436.000 9.78340e-04
3441.000 9.78905e-04
3446.000 9.79471e-04
3451.000 9.80036e-04
3456.000 9.80601e-04
3461.000 9.81166e-04
3466.000 9.81732e-04
3471.000 9.82297e-04
3476.000 9.82862e-04
3481.000 9.83427e-04
3486.000 9.83992e-04
3491.000 9.84558e-04
3496.000 9.85123e-04
3501.000 9.85688e-04
3506.000 9.86253e-04
3511.000 9.86818e-04
3516.000 9.87384e-04
3521.000 9.87949e-04
3526.000 9.88514e-04
3531.000 9.89079e-04
3536.000 9.89645e-04
3541.000 9.90210e-04
3546.000 9.90775e-04
3551.000 9.91340e-04
3556.000 9.91905e-04
3561.000 9.92471e-04
3566.000 9.93036e-04
3571.000 9.93601e-04
3576.000 9.94166e-04
3581.000 9.94732e-04
3586.000 9.95297e-04
3591.000 9.95862e-04
3596.000 9.96427e-04
3601.000 9.96992e-04
3606.000 9.97558e-04
3611.000 9.98123e-04
3616.000 9.98688e-04
3621.000 9.99253e-04
3626.000 9.99819e-04
3631.000 1.00038e-03
3636.000 1.00095e-03
3641.000 1.00151e-03
3646.000 1.00208e-03
3651.000 1.00264e-03
3656.000 1.00321e-03
3661.000 1.00378e-03
3666.000 1.00434e-03
3671.000 1.00491e-03
3676.000 1.00547e-03
3681.000 1.00604e-03
3686.000 1.00660e-03
3691.000 1.00717e-03
3696.000 1.00773e-03
3701.000 1.00830e-03
3706.000 1.00886e-03
3711.000 1.00943e-03
3716.000 1.00999e-03
3721.000 1.01056e-03
3726.000 1.01112e-03
3731.000 1.01169e-03
3736.000 1.01225e-03
3741.000 1.01282e-03
3746.000 1.01338e-03
3751.000 1.01395e-03
3756.000 1.01451e-03
3761.000 1.01508e-03
3766.000 1.01564e-03
3771.000 1.01621e-03
3776.000 1.01678e-03
3781.000 1.01734e-03
3786.000 1.01791e-03
3791.000 1.01847e-03
3796.000 1.01904e-03
3801.000 1.01960e-03
3806.000 1.02017e-03
3811.000 1.02073e-03
3816.000 1.02130e-03
3821.000 1.02186e-03
3826.000 1.02243e-03
3831.000 1.02299e-03
3836.000 1.02356e-03
3841.000 1.02412e-03
3846.000 1.02469e-03
3851.000 1.02525e-03
3856.000 1.02582e-03
3861.000 1.02638e-03
3866.000 1.02695e-03
3871.000 1.02751e-03
3876.000 1.02808e-03
3881.000 1.02864e-03
3886.000 1.02921e-03
3891.000 1.02978e-03
3896.000 1.03034e-03
3901.000 1.03091e-03
3906.000 1.03147e-03
3911.000 1.03204e-03
3916.000 1.03260e-03
3921.000 1.03317e-03
3926.000 1.03373e-03
3931.000 1.03430e-03
3936.000 1.03486e-03
3941.000 1.03543e-03
3946.000 1.03599e-03
3951.000 1.03656e-03
3956.000 1.03712e-03
3961.000 1.03769e-03
3966.000 1.03825e-03
3971.000 1.03882e-03
3976.000 1.03938e-03
3981.000 1.03995e-03
3986.000 1.04051e-03
3991.000 1.04108e-03
3996.000 1.04164e-03
4001.000 1.04221e-03
4006.000 1.04278e-03
4011.000 1.04334e-03
4016.000 1.04391e-03
4021.000 1.04447e-03
4026.000 1.04504e-03
4031.000 1.04560e-03
4036.000 1.04617e-03
4041.000 1.04673e-03
4046.000 1.04730e-03
4051.000 1.04786e-03
4056.000 1.04843e-03
4061.000 1.04899e-03
4066.000 1.04956e-03
4071.000 1.05012e-03
4076.000 1.05069e-03
4081.000 1.05125e-03
4086.000 1.05182e-03
4091.000 1.05238e-03
4096.000 1.05295e-03
4101.000 1.05351e-03
4106.000 1.05408e-03
4111.000 1.05464e-03
4116.000 1.05521e-03
4121.000 1.05578e-03
4126.000 1.05634e-03
4131.000 1.05691e-03
4136.000 1.05747e-03
4141.000 1.05804e-03
4146.000 1.05860e-03
4151.000 1.05917e-03
4156.000 1.05973e-03
4161.000 1.06030e-03
4166.000 1.06086e-03
4171.000 1.06143e-03
4176.000 1.06199e-03
4181.000 1.06256e-03
4186.000 1.06312e-03
4191.000 1.06369e-03
4196.000 1.06425e-03
4201.000 1.06482e-03
4206.000 1.06538e-03
4211.000 1.06595e-03
4216.000 1.06651e-03
4221.000 1.06708e-03
4226.000 1.06764e-03
4231.000 1.06821e-03
4236.000 1.06878e-03
4241.000 1.06934e-03
4246.000 1.06991e-03
4251.000 1.07047e-03
4256.000 1.07104e-03
4261.000 1.07160e-03
4266.000 1.07217e-03
4271.000 1.07273e-03
4276.000 1.07330e-03
4281.000 1.07386e-03
4286.000 1.07443e-03
4291.000 1.07499e-03
4296.000 1.07556e-03
4301.000 1.07612e-03
4306.000 1.07669e-03
4311.000 1.07725e-03
4316.000 1.07782e-03
4321.000 1.07838e-03
4326.000 1.07895e-03
4331.000 1.07951e-03
4336.000 1.08008e-03
4341.000 1.08065e-03
4346.000 1.08121e-03
4351.000 1.08178e-03
4356.000 1.08234e-03
4361.000 1.08291e-03
4366.000 1.08347e-03
4371.000 1.08404e-03
4376.000 1.08460e-03
4381.000 1.08517e-03
4386.000 1.08573e-03
4391.000 1.08630e-03
4396.000 1.08686e-03
4401.000 1.08743e-03
4406.000 1.08799e-03
4411.000 1.08856e-03
4416.000 1.08912e-03
4421.000 1.08969e-03
4426.000 1.09025e-03
4431.000 1.09082e-03
4436.000 1.09138e-03
4441.000 1.09195e-03
4446.000 1.09251e-03
4451.000 1.09308e-03
4456.000 1.09365e-03
4461.000 1.09421e-03
4466.000 1.09478e-03
4471.000 1.09534e-03
4476.000 1.09591e-03
4481.000 1.09647e-03
4486.000 1.09704e-03
4491.000 1.09760e-03
4496.000 1.09817e-03
4501.000 1.09873e-03
4506.000 1.09930e-03
4511.000 1.09986e-03
4516.000 1.10043e-03
4521.000 1.10099e-03
4526.000 1.10156e-03
4531.000 1.10212e-03
4536.000 1.10269e-03
4541.000 1.10325e-03
4546.000 1.10382e-03
4551.000 1.10438e-03
4556.000 1.10495e-03
4561.000 1.10551e-03
4566.000 1.10608e-03
4571.000 1.10665e-03
4576.000 1.10721e-03
4581.000 1.10778e-03
4586.000 1.10834e-03
4591.000 1.10891e-03
4596.000 1.10947e-03
4601.000 1.11004e-03
4606.000 1.11060e-03
4611.000 1.11117e-03
4616.000 1.11173e-03
4621.000 1.11230e-03
4626.000 1.11286e-03
4631.000 1.11343e-03
4636.000 1.11399e-03
4641.000 1.11456e-03
4646.000 1.11512e-03
4651.000 1.11569e-03
4656.000 1.11625e-03
4661.000 1.11682e-03
4666.000 1.11738e-03
4671.000 1.11795e-03
4676.000 1.11851e-03
4681.000 1.11908e-03
4686.000 1.11965e-03
4691.000 1.12021e-03
4696.000 1.12078e-03
4701.000 1.12134e-03
4706.000 1.12191e-03
4711.000 1.12247e-03
4716.000 1.12304e-03
4721.000 1.12360e-03
4726.000 1.12417e-03
4731.000 1.12473e-03
4736.000 1.12530e-03
4741.000 1.12586e-03
4746.000 1.12643e-03
4751.000 1.12699e-03
4756.000 1.12756e-03
4761.000 1.12812e-03
4766.000 1.12869e-03
4771.000 1.12925e-03
4776.000 1.12982e-03
4781.000 1.13038e-03
4786.000 1.13095e-03
4791.000 1.13151e-03
4796.000 1.13208e-03
4801.000 1.13265e-03
4806.000 1.13321e-03
4811.000 1.13378e-03
4816.000 1.13434e-03
4821.000 1.13491e-03
4826.000 1.13547e-03
4831.000 1.13604e-03
4836.000 1.13660e-03
4841.000 1.13717e-03
4846.000 1.13773e-03
4851.000 1.13830e-03
4856.000 1.13886e-03
4861.000 1.13943e-03
4866.000 1.13999e-03
4871.000 1.14056e-03
4876.000 1.14112e-03
4881.000 1.14169e-03
4886.000 1.14225e-03
4891.000 1.14282e-03
4896.000 1.14338e-03
4901.000 1.14395e-03
4906.000 1.14451e-03
4911.000 1.14508e-03
4916.000 1.14565e-03
4921.000 1.14621e-03
4926.000 1.14678e-03
4931.000 1.14734e-03
4936.000 1.14791e-03
4941.000 1.14847e-03
4946.000 1.14904e-03
4951.000 1.14960e-03
4956.000 1.15017e-03
4961.000 1.15073e-03
4966.000 1.15130e-03
4971.000 1.15186e-03
4976.000 1.15243e-03
4981.000 1.15299e-03
4986.000 1.15356e-03
4991.000 1.15412e-03
4996.000 1.15469e-03
5001.000 1.15525e-03
-END-OF-DATA-
force pCO2 follows the value above (in ppm)
