  -1.3394576e+00
  -1.1329537e+00
  -9.6705753e-01
  -9.0123636e-01
  -9.3794990e-01
  -1.0555969e+00
  -1.1861595e+00
  -1.3141443e+00
  -1.4135365e+00
  -1.4895965e+00
  -1.5674797e+00
  -1.6188854e+00
  -1.6304451e+00
  -1.6289750e+00
  -1.6425453e+00
  -1.6703259e+00
  -1.6761361e+00
  -1.5961622e+00
  -1.4377836e+00
  -1.2318883e+00
  -1.0491723e+00
  -8.9474440e-01
  -6.9920990e-01
  -4.7821355e-01
  -2.7944171e-01
  -8.3780070e-02
   3.0331269e-02
  -3.3814326e-02
  -3.1733709e-01
  -6.9116825e-01
  -9.8311126e-01
  -1.2221647e+00
  -1.4118665e+00
  -1.5407251e+00
  -1.5851961e+00
  -1.5013386e+00
  -2.3544149e+00
  -1.9143527e+00
  -1.5198334e+00
  -1.2129804e+00
  -9.5246512e-01
  -8.1751096e-01
  -7.5269955e-01
  -7.7393532e-01
  -8.6098301e-01
  -9.2473876e-01
  -1.0096570e+00
  -1.0041671e+00
  -9.0178460e-01
  -8.0930763e-01
  -6.9606048e-01
  -5.1299560e-01
  -3.3612520e-01
  -2.2697197e-01
  -1.2917861e-01
  -1.4668113e-01
  -3.3519739e-01
  -5.0205135e-01
  -4.9479821e-01
  -3.1967396e-01
  -2.5780892e-01
  -3.2330978e-01
  -3.3512819e-01
  -5.4621482e-01
  -1.4763379e+00
  -2.6740079e+00
  -3.2995744e+00
  -3.5719671e+00
  -3.7236447e+00
  -3.7000418e+00
  -3.3727498e+00
  -2.8227849e+00
  -2.2430756e+00
  -2.1021481e+00
  -1.9268312e+00
  -1.7323960e+00
  -1.3828180e+00
  -1.1307553e+00
  -8.0665600e-01
  -4.7787541e-01
  -2.5421780e-01
  -8.5282698e-03
   1.9976746e-01
   2.6173362e-01
   2.1215734e-01
   2.2061247e-01
   1.0249268e-01
   2.3340945e-01
   5.7075554e-01
   4.6253800e-01
   3.9090049e-01
   3.0608824e-01
   8.8798083e-02
  -1.5727398e-01
  -5.0049096e-01
  -5.6982809e-01
  -4.9585009e-01
  -4.8422006e-01
  -3.5801873e-01
   7.8417234e-02
  -5.0407559e-01
  -2.4279704e+00
  -3.2783067e+00
  -3.3266735e+00
  -3.3173158e+00
  -3.0208583e+00
  -2.6673248e+00
  -2.3675086e+00
   5.4158748e-01
   4.6482989e-01
   4.7412267e-01
   5.2236623e-01
   7.6829338e-01
   9.2559493e-01
   1.2035277e+00
   1.5275757e+00
   1.8695600e+00
   2.1789606e+00
   2.5510972e+00
   2.6735771e+00
   2.4445260e+00
   2.5832155e+00
   2.0048587e+00
   1.4919103e+00
   1.7382376e+00
   1.2544727e+00
   1.0669754e+00
   1.2394593e+00
   1.1330218e+00
   8.4241591e-01
   2.0156658e-01
  -6.5500937e-02
  -1.2333551e-02
   1.1790942e-01
   9.1405451e-02
   6.1018182e-01
   9.8558253e-01
   3.5052001e-03
   3.1432632e-02
   6.8388176e-01
   8.0264884e-01
   1.0494725e+00
   9.5966387e-01
   7.2475243e-01
   3.9361823e+00
   3.6060984e+00
   3.4167700e+00
   3.3562052e+00
   3.4871402e+00
   3.6042867e+00
   3.8248165e+00
   4.0521688e+00
   4.3778439e+00
   4.5819216e+00
   4.8153033e+00
   4.9887748e+00
   4.6636767e+00
   4.5260558e+00
   3.2745388e+00
   2.0311365e+00
   2.2353222e+00
   1.7047200e+00
   1.4278412e+00
   1.9475982e+00
   2.0884187e+00
   1.7692530e+00
   8.9874762e-01
   8.5150945e-01
   1.1109785e+00
   1.0909808e+00
   9.6782744e-01
   1.0562370e+00
   2.2194526e+00
   3.4452856e+00
   4.5114493e+00
   5.3338017e+00
   5.2824197e+00
   5.1604815e+00
   4.7760420e+00
   4.3065910e+00
   5.8127708e+00
   5.3297534e+00
   4.9713898e+00
   4.8003163e+00
   4.8114886e+00
   4.8327112e+00
   4.9768176e+00
   5.1895795e+00
   5.4925928e+00
   5.6375027e+00
   5.7170506e+00
   5.8272052e+00
   5.3619075e+00
   4.6741242e+00
   3.0732589e+00
   1.6691419e+00
   1.9104443e+00
   1.6621933e+00
   1.3548962e+00
   1.9941454e+00
   2.6278920e+00
   2.4333739e+00
   1.2642500e+00
   1.4698265e+00
   2.0663390e+00
   1.8595017e+00
   1.9573609e+00
   2.2935450e+00
   4.1700168e+00
   6.5813823e+00
   7.5520658e+00
   7.8936720e+00
   7.6658354e+00
   7.2625542e+00
   6.8303399e+00
   6.3097305e+00
   5.5622754e+00
   5.1648458e+00
   4.8238879e+00
   4.5949039e+00
   4.4892563e+00
   4.3468895e+00
   4.3405375e+00
   4.4256095e+00
   4.6571098e+00
   4.7377977e+00
   4.7953180e+00
   4.7914940e+00
   3.9616585e+00
   3.0437940e+00
   1.9872180e+00
   1.0457044e+00
   1.1985693e+00
   1.1945571e+00
   9.9486059e-01
   1.5087872e+00
   2.5742350e+00
   2.5602441e+00
   1.3299353e+00
   1.6244347e+00
   2.2721109e+00
   2.2653656e+00
   2.8287815e+00
   4.0002646e+00
   6.3424398e+00
   7.9723749e+00
   7.9963636e+00
   7.8487020e+00
   7.5285448e+00
   7.0455999e+00
   6.5352275e+00
   6.0268934e+00
   3.9183908e+00
   3.6985292e+00
   3.5372269e+00
   3.3246984e+00
   3.2019303e+00
   2.9566018e+00
   2.8275418e+00
   2.6497242e+00
   2.6456679e+00
   2.6147096e+00
   2.5335808e+00
   2.5309338e+00
   1.3838726e+00
   5.1464599e-01
   7.8725235e-01
   5.7207549e-01
   4.8193255e-01
   5.6146220e-01
   4.5677692e-01
   8.2900745e-01
   1.9202783e+00
   1.9910419e+00
   1.0680999e+00
   1.4008116e+00
   1.8880640e+00
   2.3306060e+00
   3.4524927e+00
   4.9469509e+00
   6.8284612e+00
   7.1143288e+00
   6.4940281e+00
   6.1323094e+00
   5.6722072e+00
   5.1835918e+00
   4.5755310e+00
   4.2039936e+00
   1.6855375e+00
   1.5734223e+00
   1.6110417e+00
   1.4417065e+00
   1.4268601e+00
   1.2127439e+00
   1.0578076e+00
   7.0435864e-01
   3.5185990e-01
   2.1625863e-01
  -2.0936349e-01
  -1.5156657e-01
  -1.2082353e+00
  -1.9857585e+00
  -2.8978276e-01
   2.4007930e-01
  -7.6393440e-02
  -1.3982285e-02
  -1.8387616e-01
   1.3966624e-01
   9.0319365e-01
   9.6404475e-01
   4.5259193e-01
   7.4762321e-01
   1.1963389e+00
   1.9656271e+00
   3.4135952e+00
   4.4029150e+00
   4.9827909e+00
   4.5360146e+00
   3.9705737e+00
   3.5934949e+00
   2.9488604e+00
   2.5006509e+00
   1.9368659e+00
   1.7662181e+00
  -7.1296948e-01
  -8.2439911e-01
  -6.7236781e-01
  -8.1032008e-01
  -6.6091537e-01
  -7.2169459e-01
  -8.2060468e-01
  -1.1158267e+00
  -1.7780421e+00
  -1.9676642e+00
  -2.7940507e+00
  -2.7554147e+00
  -3.2351229e+00
  -3.8846414e+00
  -1.2580923e+00
  -5.2691869e-02
  -4.2769805e-01
  -4.5403063e-01
  -8.4438932e-01
  -5.0206906e-01
  -1.8631634e-01
  -1.7455105e-01
  -4.4385204e-01
  -3.7671256e-01
   2.7308041e-01
   1.0744977e+00
   2.3515511e+00
   2.4036047e+00
   1.4985640e+00
   1.0549033e+00
   9.7072452e-01
   6.7885345e-01
  -8.3878182e-02
  -4.1279551e-01
  -7.4465966e-01
  -7.7441376e-01
  -3.8662957e+00
  -4.0087255e+00
  -3.9248250e+00
  -4.0126125e+00
  -3.8577948e+00
  -3.6567961e+00
  -3.6652915e+00
  -3.6267938e+00
  -4.1927212e+00
  -4.3890641e+00
  -5.1742237e+00
  -5.4311703e+00
  -4.8264155e+00
  -4.5706930e+00
  -2.2182276e+00
  -4.2737810e-01
  -4.4237053e-01
  -8.8059278e-01
  -1.4967731e+00
  -1.1654731e+00
  -1.1415617e+00
  -1.2343796e+00
  -1.7420197e+00
  -2.5182177e+00
  -1.7473525e+00
  -1.2620964e+00
  -1.2335765e+00
  -1.7018776e+00
  -2.9568309e+00
  -3.3599186e+00
  -3.2741370e+00
  -3.3198858e+00
  -3.7784233e+00
  -3.8468860e+00
  -3.8251951e+00
  -3.9494000e+00
  -6.3798275e+00
  -6.4391434e+00
  -6.4848700e+00
  -6.4812913e+00
  -6.5276014e+00
  -6.3064384e+00
  -6.3153973e+00
  -6.2340271e+00
  -6.3391843e+00
  -6.4804845e+00
  -6.6565148e+00
  -6.8270359e+00
  -5.4329581e+00
  -3.6147089e+00
  -2.1648788e+00
  -5.2295744e-01
  -1.5530163e-01
  -1.1570508e+00
  -1.7146847e+00
  -1.4447929e+00
  -1.3666581e+00
  -1.6108912e+00
  -2.7379810e+00
  -4.4472160e+00
  -4.3766165e+00
  -4.3541989e+00
  -5.2409258e+00
  -5.2863731e+00
  -5.4661129e+00
  -6.0741582e+00
  -6.4508305e+00
  -6.3830692e+00
  -6.3052750e+00
  -6.3128862e+00
  -6.2235291e+00
  -6.3949547e+00
  -7.7701845e+00
  -7.7493868e+00
  -7.8385782e+00
  -7.7812238e+00
  -7.9166899e+00
  -7.8328018e+00
  -7.9535656e+00
  -8.0318871e+00
  -7.9247522e+00
  -7.9860878e+00
  -7.7090449e+00
  -7.3511992e+00
  -5.2145905e+00
  -2.3331811e+00
  -1.4933826e+00
  -3.3391520e-01
   6.3752741e-02
  -1.2480817e+00
  -1.7078817e+00
  -1.5515716e+00
  -1.3858032e+00
  -1.7107409e+00
  -3.4124439e+00
  -5.6492081e+00
  -6.3420572e+00
  -6.7380972e+00
  -7.6873689e+00
  -7.5008140e+00
  -7.1127524e+00
  -7.5744143e+00
  -8.0753717e+00
  -8.0521250e+00
  -7.7950525e+00
  -7.8365421e+00
  -7.7374406e+00
  -7.7811651e+00
  -8.4318829e+00
  -8.3520732e+00
  -8.4356136e+00
  -8.3487520e+00
  -8.5095554e+00
  -8.5974646e+00
  -8.8928280e+00
  -9.1901813e+00
  -9.0498562e+00
  -9.0314970e+00
  -8.4256330e+00
  -7.4053011e+00
  -4.4869633e+00
  -9.1821038e-01
  -5.9183633e-01
  -8.6440500e-03
   2.2705419e-01
  -1.2428472e+00
  -1.6204087e+00
  -1.6074481e+00
  -1.3731349e+00
  -1.7219491e+00
  -3.8729088e+00
  -6.4003344e+00
  -7.7274494e+00
  -8.4584928e+00
  -9.1383715e+00
  -8.9008408e+00
  -8.3214898e+00
  -8.4858809e+00
  -8.8937178e+00
  -8.9255462e+00
  -8.6748505e+00
  -8.7560577e+00
  -8.6292854e+00
  -8.4935141e+00
  -7.6097873e+00
  -7.5500332e+00
  -7.5306231e+00
  -7.4613016e+00
  -7.5301369e+00
  -7.7501133e+00
  -8.3891849e+00
  -8.9248345e+00
  -9.1961651e+00
  -9.1170404e+00
  -8.4319257e+00
  -6.6335820e+00
  -2.4547897e+00
   1.0046046e+00
   6.6610068e-01
   5.9974391e-01
   2.7954273e-01
  -1.0749921e+00
  -1.4843355e+00
  -1.7127254e+00
  -1.5349096e+00
  -1.7571712e+00
  -3.9583265e+00
  -6.3796657e+00
  -7.8026509e+00
  -8.6362562e+00
  -8.7569756e+00
  -9.0096342e+00
  -9.1642411e+00
  -8.7930022e+00
  -8.5890001e+00
  -8.4888555e+00
  -8.5580119e+00
  -8.5663511e+00
  -8.2264241e+00
  -7.8945883e+00
  -5.6666260e+00
  -5.6962814e+00
  -5.5608053e+00
  -5.5484152e+00
  -5.6330118e+00
  -5.7365165e+00
  -6.5078197e+00
  -6.9234900e+00
  -7.6003504e+00
  -7.3772001e+00
  -6.8003435e+00
  -5.1668701e+00
  -2.7397698e-01
   2.3076732e+00
   1.1864505e+00
   9.0173674e-01
   2.2981218e-01
  -9.6150249e-01
  -1.6370754e+00
  -1.8499888e+00
  -2.0383575e+00
  -2.0446115e+00
  -3.2521465e+00
  -5.2844667e+00
  -5.8717709e+00
  -6.4395461e+00
  -6.7723179e+00
  -7.3190899e+00
  -8.0976028e+00
  -7.9480133e+00
  -7.8434501e+00
  -7.2692142e+00
  -7.0239305e+00
  -6.8095665e+00
  -6.2986937e+00
  -6.1123972e+00
  -4.4459419e+00
  -4.5534878e+00
  -4.3333240e+00
  -4.4071198e+00
  -4.5062623e+00
  -4.5710335e+00
  -5.2627082e+00
  -5.4450631e+00
  -6.2031369e+00
  -5.7175565e+00
  -5.2479930e+00
  -3.7572691e+00
   1.1591750e+00
   2.8423362e+00
   1.4015722e+00
   9.6487683e-01
   1.4815821e-01
  -9.1232622e-01
  -1.8235892e+00
  -1.9452192e+00
  -2.4464269e+00
  -2.3256099e+00
  -2.6450887e+00
  -4.1840343e+00
  -4.1594906e+00
  -4.5407686e+00
  -4.9915171e+00
  -5.5167623e+00
  -6.4512053e+00
  -6.7015743e+00
  -7.0310235e+00
  -6.2867570e+00
  -5.7047076e+00
  -5.3287020e+00
  -4.8948927e+00
  -4.8825531e+00
  -3.4147800e+00
  -3.6043243e+00
  -3.3038403e+00
  -3.4880503e+00
  -3.6029444e+00
  -3.6606814e+00
  -4.1637330e+00
  -4.0311838e+00
  -4.7284175e+00
  -3.8928889e+00
  -3.5432645e+00
  -2.2023508e+00
   2.4169422e+00
   3.0822102e+00
   1.4999318e+00
   9.2380338e-01
   4.1577655e-02
  -8.8728251e-01
  -2.0486970e+00
  -2.0323791e+00
  -2.8596190e+00
  -2.6378923e+00
  -2.0103703e+00
  -2.9468144e+00
  -2.3406142e+00
  -2.5498026e+00
  -3.0888475e+00
  -3.4420368e+00
  -4.3321592e+00
  -5.1148643e+00
  -6.0880821e+00
  -5.2955053e+00
  -4.3251169e+00
  -3.7963508e+00
  -3.5652241e+00
  -3.7613922e+00
  -4.2960615e+00
  -4.5763683e+00
  -4.3123789e+00
  -4.6237435e+00
  -4.6091461e+00
  -4.8897495e+00
  -4.8735275e+00
  -4.3961692e+00
  -4.2694845e+00
  -2.8661003e+00
  -2.4718816e+00
   9.8652899e-02
   3.3186107e+00
   2.2851970e+00
   1.3888111e+00
   6.0825676e-01
  -1.6031165e-01
  -8.0230039e-01
  -2.1039953e+00
  -2.2370245e+00
  -3.0859365e+00
  -3.1927743e+00
  -2.2996576e+00
  -1.7551987e+00
  -1.0086625e+00
  -6.1436623e-01
  -3.6702213e-01
  -6.8162602e-01
  -1.0161853e+00
  -2.3192620e+00
  -3.6136150e+00
  -3.5885632e+00
  -3.8395143e+00
  -3.6125541e+00
  -3.9186075e+00
  -4.3124619e+00
  -6.0751176e+00
  -6.2895775e+00
  -6.1828790e+00
  -6.4120440e+00
  -6.3454356e+00
  -6.6423101e+00
  -6.4126582e+00
  -6.0424805e+00
  -5.3724775e+00
  -3.8608811e+00
  -3.0134840e+00
   7.5509048e-01
   3.2741303e+00
   1.6327608e+00
   9.7766966e-01
   2.2747841e-01
  -2.1897125e-01
  -7.2572625e-01
  -2.0727835e+00
  -2.3803146e+00
  -3.1628413e+00
  -3.8365436e+00
  -3.3411491e+00
  -2.0654469e+00
  -1.0727237e+00
   7.2494626e-02
   6.1448509e-01
  -1.9518316e-02
  -7.3167957e-02
  -1.3627917e+00
  -2.4706972e+00
  -2.9156106e+00
  -4.6015058e+00
  -5.1625519e+00
  -5.5460687e+00
  -5.9466496e+00
  -7.8408861e+00
  -7.9531522e+00
  -7.9780579e+00
  -8.1144695e+00
  -8.0020094e+00
  -8.2693482e+00
  -7.8980837e+00
  -7.6622577e+00
  -6.6153548e+00
  -5.0301892e+00
  -3.6149447e+00
   1.1230960e+00
   3.0513443e+00
   9.7492379e-01
   4.6379718e-01
  -2.2613691e-01
  -3.2163060e-01
  -7.0650449e-01
  -2.1332693e+00
  -2.5421009e+00
  -3.3673956e+00
  -4.6068016e+00
  -4.4180589e+00
  -2.5452965e+00
  -1.1101271e+00
   6.6281015e-01
   1.2652637e+00
   3.8375168e-01
   4.9715728e-01
  -7.2108343e-01
  -1.7858050e+00
  -2.6963015e+00
  -5.4614083e+00
  -6.8039564e+00
  -7.2416253e+00
  -7.5982694e+00
  -9.9734393e+00
  -9.8711361e+00
  -9.9915542e+00
  -9.9912514e+00
  -9.8358003e+00
  -9.9558102e+00
  -9.5832541e+00
  -9.5720580e+00
  -8.4714366e+00
  -6.8721075e+00
  -4.4741146e+00
   8.8911780e-01
   2.3476064e+00
   1.4357683e-01
  -4.2449577e-01
  -9.6979813e-01
  -5.6280834e-01
  -8.2700287e-01
  -2.4411189e+00
  -2.7903916e+00
  -3.9456077e+00
  -5.8771355e+00
  -5.8237050e+00
  -3.5328711e+00
  -1.0578480e+00
   1.1785811e+00
   1.2769930e+00
   2.7820749e-01
   3.1780139e-01
  -6.7813469e-01
  -2.0617375e+00
  -3.5443446e+00
  -6.7446502e+00
  -9.0274616e+00
  -9.4837988e+00
  -9.6627177e+00
  -1.0153141e+01
  -9.9661644e+00
  -9.8895750e+00
  -9.8978539e+00
  -9.6029585e+00
  -9.7159262e+00
  -9.5690699e+00
  -9.5021322e+00
  -8.9312582e+00
  -7.3974113e+00
  -4.3701334e+00
   3.4245011e-01
   1.1609838e+00
  -9.2981739e-01
  -1.1479840e+00
  -1.5666602e+00
  -1.2582656e+00
  -1.4356921e+00
  -3.0195427e+00
  -3.3455625e+00
  -4.8468943e+00
  -6.6988754e+00
  -6.1200726e+00
  -3.4156544e+00
  -3.5968083e-01
   9.8444945e-01
   4.9078327e-01
  -1.3067413e-02
  -3.4950726e-01
  -1.2323585e+00
  -3.1844645e+00
  -5.5113452e+00
  -7.5803089e+00
  -9.2850046e+00
  -9.9211738e+00
  -9.9105206e+00
  -8.9629803e+00
  -8.8442917e+00
  -8.6450415e+00
  -8.6346474e+00
  -8.3045673e+00
  -8.4742012e+00
  -8.4926281e+00
  -8.3979235e+00
  -8.1479797e+00
  -6.8519864e+00
  -3.8947492e+00
   3.8477316e-02
   2.3742771e-01
  -1.6557001e+00
  -1.3918686e+00
  -1.6937996e+00
  -1.7377627e+00
  -1.9798448e+00
  -3.3036814e+00
  -3.7074592e+00
  -5.0777774e+00
  -6.4058309e+00
  -5.3992729e+00
  -2.4760680e+00
   1.1003121e-01
   5.1193225e-01
  -1.9968212e-02
  -2.1125661e-01
  -6.3577640e-01
  -1.4822279e+00
  -3.4285150e+00
  -5.9504118e+00
  -7.3754692e+00
  -8.1937380e+00
  -8.7556124e+00
  -8.7855635e+00
  -7.0595322e+00
  -7.0711007e+00
  -6.8178301e+00
  -6.7674975e+00
  -6.4780617e+00
  -6.6958294e+00
  -6.8479724e+00
  -6.7934322e+00
  -6.7909184e+00
  -5.8299470e+00
  -3.2876229e+00
  -2.7895796e-01
  -6.1769366e-01
  -2.1821146e+00
  -1.4438680e+00
  -1.6019295e+00
  -2.0296149e+00
  -2.4089172e+00
  -3.3807971e+00
  -3.8250277e+00
  -4.8339567e+00
  -5.4489322e+00
  -4.1043739e+00
  -1.2211375e+00
   4.5323151e-01
  -3.5135522e-02
  -3.9068782e-01
  -3.7322694e-01
  -7.2938639e-01
  -1.5039096e+00
  -3.1931341e+00
  -5.4048681e+00
  -6.3270602e+00
  -6.3383389e+00
  -6.7111235e+00
  -6.9013433e+00
  -4.1460373e+00
  -4.3544805e+00
  -4.2451001e+00
  -4.1095056e+00
  -4.0386256e+00
  -4.2089217e+00
  -4.4021829e+00
  -4.6018943e+00
  -4.7030477e+00
  -4.2102146e+00
  -2.6504035e+00
  -7.8178938e-01
  -1.2604491e+00
  -2.1640870e+00
  -1.1949551e+00
  -1.1337819e+00
  -1.7596328e+00
  -2.3810246e+00
  -2.9392315e+00
  -3.1938732e+00
  -3.4891646e+00
  -3.2376897e+00
  -1.8721324e+00
   2.0582406e-01
   4.5591177e-01
  -4.9677243e-01
  -4.0567645e-01
  -4.4725885e-01
  -4.2649545e-01
  -9.5075189e-01
  -2.0145642e+00
  -2.7011044e+00
  -3.3287969e+00
  -3.2599000e+00
  -3.2839370e+00
  -3.8384034e+00
  -1.1020434e+00
  -1.5223393e+00
  -1.6437922e+00
  -1.6232914e+00
  -1.7466962e+00
  -1.8123522e+00
  -2.0140071e+00
  -2.4068565e+00
  -2.6722360e+00
  -2.4398794e+00
  -2.0634611e+00
  -1.4768984e+00
  -1.1398925e+00
  -1.1853304e+00
  -5.5625772e-01
  -2.6257929e-01
  -6.6280705e-01
  -1.1215599e+00
  -1.3606669e+00
  -1.2806518e+00
  -9.7339129e-01
  -2.7887213e-01
   3.1971613e-01
   6.4480907e-01
   2.8203008e-01
  -2.8153336e-01
   3.6355607e-02
  -2.1496113e-02
   3.3107850e-01
   1.7166302e-01
  -4.4143057e-01
   9.0020365e-01
   1.5298512e+00
   1.0017036e+00
   5.5459404e-01
  -4.4391337e-01
   1.2485219e+00
   6.7815971e-01
   4.4840196e-01
   2.9388240e-01
   1.3311569e-01
   8.4203482e-03
  -2.4567984e-01
  -5.3929126e-01
  -8.6040491e-01
  -7.8882331e-01
  -1.1273303e+00
  -1.2292931e+00
  -4.5542938e-01
  -1.6622591e-01
   2.4237956e-01
   5.4706013e-01
   3.0398387e-01
   3.6629745e-01
   3.5894242e-01
   3.1092936e-01
   8.6338967e-01
   1.5941797e+00
   1.3329564e+00
   6.1969328e-01
   3.4748912e-01
   2.8996974e-01
   5.5354363e-01
   5.8571935e-01
   1.1059338e+00
   1.0251379e+00
   5.2095783e-01
   2.3934104e+00
   4.2723408e+00
   4.2126265e+00
   3.2819169e+00
   2.0276680e+00
   3.6333780e+00
   3.0382978e+00
   2.7437477e+00
   2.4857359e+00
   2.2744260e+00
   2.0209446e+00
   1.7415335e+00
   1.5994301e+00
   1.3757031e+00
   1.2037969e+00
   4.8382479e-01
   1.5332156e-01
   6.6244423e-01
   8.5355319e-01
   1.1826355e+00
   1.2595873e+00
   1.1704993e+00
   1.7440075e+00
   1.7605263e+00
   1.4086431e+00
   2.0341814e+00
   2.6381094e+00
   1.8361016e+00
   7.2370100e-01
   6.1641806e-01
   1.0113153e+00
   1.1102824e+00
   1.1248009e+00
   1.8884716e+00
   1.7966775e+00
   1.1748285e+00
   2.6639694e+00
   5.0833769e+00
   5.9918518e+00
   5.3354505e+00
   4.2783818e+00
   5.7189306e+00
   5.3408248e+00
   5.0489000e+00
   4.7776435e+00
   4.4708219e+00
   4.1321032e+00
   3.8893979e+00
   3.8279607e+00
   3.7508218e+00
   3.2930433e+00
   2.6513611e+00
   2.4507937e+00
   2.0450484e+00
   1.7868495e+00
   2.0404958e+00
   1.7135398e+00
   1.8277627e+00
   2.6064884e+00
   2.3088514e+00
   1.7440010e+00
   2.2908174e+00
   2.6433660e+00
   1.9204812e+00
   1.0513762e+00
   1.0365390e+00
   1.6873073e+00
   1.5904776e+00
   1.4909213e+00
   2.5088773e+00
   2.4031345e+00
   1.4658490e+00
   2.0294449e+00
   3.9707925e+00
   5.5247343e+00
   6.0178649e+00
   5.9126018e+00
   6.5933837e+00
   6.7036133e+00
   6.5371884e+00
   6.3024310e+00
   5.9257383e+00
   5.6512688e+00
   5.4775713e+00
   5.3954000e+00
   5.3193520e+00
   4.6780518e+00
   4.5040689e+00
   4.4206627e+00
   3.1153635e+00
   2.4437611e+00
   2.4347936e+00
   1.7962658e+00
   2.0995297e+00
   2.6412033e+00
   1.8595632e+00
   1.3580579e+00
   1.7517036e+00
   1.8109629e+00
   1.6713442e+00
   1.3735516e+00
   1.3884613e+00
   2.0095999e+00
   1.8484560e+00
   1.7673449e+00
   2.7350042e+00
   2.5577642e+00
   1.3477943e+00
   1.1625221e+00
   2.0661503e+00
   3.1788885e+00
   4.7993340e+00
   6.1002463e+00
   5.1470408e+00
   5.7525620e+00
   5.8521032e+00
   5.7287951e+00
   5.4437294e+00
   5.3001771e+00
   5.1419997e+00
   5.0906157e+00
   4.9156852e+00
   4.2930155e+00
   4.5098262e+00
   4.2977142e+00
   2.9505670e+00
   2.3639171e+00
   2.0575633e+00
   1.4742243e+00
   1.7139713e+00
   1.8971052e+00
   1.0305235e+00
   6.4804530e-01
   9.0286797e-01
   7.7763939e-01
   1.0427750e+00
   1.2110214e+00
   1.3094234e+00
   1.7157300e+00
   1.7723145e+00
   2.0334661e+00
   2.3723931e+00
   1.8210549e+00
   7.3968983e-01
   4.0097323e-01
   7.8210455e-01
   1.0445817e+00
   2.4045703e+00
   4.1683736e+00
   1.7650789e+00
   2.3969619e+00
   2.7450986e+00
   2.8816736e+00
   2.7967834e+00
   2.7161286e+00
   2.5589654e+00
   2.6125770e+00
   2.5321665e+00
   2.0699244e+00
   2.1660175e+00
   1.8716648e+00
   1.3031214e+00
   1.2571598e+00
   9.9086356e-01
   6.9247371e-01
   6.6313475e-01
   6.8807518e-01
   2.5680625e-01
  -6.8493105e-02
   1.0935213e-01
   3.6594175e-02
   2.2967565e-01
   4.8965830e-01
   6.3560927e-01
   8.6438388e-01
   1.2294197e+00
   1.7861626e+00
   1.4241093e+00
   4.3837816e-01
  -1.8790722e-01
  -2.6724237e-01
   2.7195212e-01
   4.4649693e-01
   6.2364763e-01
   1.1500366e+00
  -1.1229843e+00
  -1.0461951e+00
  -7.5404668e-01
  -4.7547454e-01
  -4.0731585e-01
  -3.9291191e-01
  -4.6201327e-01
  -4.1857466e-01
  -3.3644110e-01
  -5.4360217e-01
  -6.9064492e-01
  -7.4714088e-01
  -5.0441754e-01
  -1.3582826e-01
  -1.9856855e-01
  -3.1864804e-01
  -4.9449065e-01
  -5.6244338e-01
  -6.4717662e-01
  -7.6880085e-01
  -5.3117049e-01
  -3.7250710e-01
  -2.9914978e-01
  -2.3905656e-01
  -2.1185036e-01
  -1.4383548e-01
   1.7075059e-01
   6.3480604e-01
   3.3529091e-01
  -3.7363183e-01
  -5.6240010e-01
  -4.1840652e-01
   9.6548118e-02
   4.4028696e-01
   1.6059905e-02
  -7.8645289e-01
  -1.4611404e+00
  -1.8157802e+00
  -1.9533920e+00
  -1.9511867e+00
  -1.8642224e+00
  -1.6809505e+00
  -1.6041825e+00
  -1.6360724e+00
  -1.5832542e+00
  -1.4938917e+00
  -1.3610563e+00
  -1.0661130e+00
  -6.9760692e-01
  -5.1538360e-01
  -6.2013566e-01
  -7.2785926e-01
  -8.4763290e-01
  -9.9149936e-01
  -1.0752649e+00
  -1.0186975e+00
  -7.4350041e-01
  -4.7569877e-01
  -3.4688585e-01
  -3.7226298e-01
  -4.6745571e-01
  -5.8642929e-01
  -5.6021422e-01
  -2.8419220e-01
   4.5003562e-02
   2.5048870e-01
   4.1475341e-01
   4.5111400e-01
   3.0802047e-01
   1.0996253e-01
  -3.1170436e-01
  -9.4554001e-01
  -9.5914006e-01
  -1.2289506e+00
  -1.4949365e+00
  -1.6689605e+00
  -1.7251652e+00
  -1.6633586e+00
  -1.5825553e+00
  -1.5168690e+00
  -1.4418941e+00
  -1.3396382e+00
  -1.2100713e+00
  -1.1052784e+00
  -1.0644990e+00
  -1.0731852e+00
  -1.0639749e+00
  -9.7859335e-01
  -8.2215815e-01
  -6.7435718e-01
  -5.8025420e-01
  -5.1041821e-01
  -4.6039629e-01
  -4.3397787e-01
  -4.3086642e-01
  -4.5147729e-01
  -4.8474276e-01
  -5.1594785e-01
  -4.8765856e-01
  -3.5973984e-01
  -1.1954484e-01
   1.3878539e-01
   2.9735845e-01
   2.9456748e-01
   9.3782723e-02
  -1.8347533e-01
  -4.7978327e-01
  -7.3466659e-01
