   0.0000000e+00
   0.0000000e+00
   0.0000000e+00
   0.0000000e+00
   0.0000000e+00
   0.0000000e+00
   0.0000000e+00
   0.0000000e+00
   0.0000000e+00
   5.2252948e-04
  -2.2652891e-04
  -1.1706590e-04
  -8.1532617e-04
  -8.5605296e-04
  -9.9026279e-04
  -1.1939543e-03
  -1.2387098e-03
  -8.6666740e-04
  -8.4381276e-04
  -9.4295130e-04
  -9.0460301e-04
  -6.5821325e-04
  -7.9792381e-04
  -1.2298154e-03
  -2.2556860e-03
  -0.0000000e+00
   0.0000000e+00
   0.0000000e+00
   0.0000000e+00
   0.0000000e+00
   0.0000000e+00
   0.0000000e+00
   0.0000000e+00
   0.0000000e+00
   0.0000000e+00
   0.0000000e+00
   0.0000000e+00
   0.0000000e+00
   0.0000000e+00
   0.0000000e+00
   0.0000000e+00
   0.0000000e+00
   0.0000000e+00
   0.0000000e+00
   0.0000000e+00
  -0.0000000e+00
  -1.4528734e-03
  -1.7685686e-03
  -2.2305382e-03
  -2.1122376e-03
  -1.8881295e-03
  -2.0556219e-03
  -1.7624247e-03
  -1.5290174e-03
  -1.4897899e-03
  -1.9802629e-03
  -2.3828043e-03
  -2.4862577e-03
  -2.1922069e-03
  -0.0000000e+00
  -0.0000000e+00
  -2.6108159e-03
  -2.2104608e-03
  -0.0000000e+00
  -0.0000000e+00
   0.0000000e+00
   0.0000000e+00
   0.0000000e+00
   0.0000000e+00
   0.0000000e+00
   0.0000000e+00
   0.0000000e+00
   0.0000000e+00
   0.0000000e+00
   0.0000000e+00
   0.0000000e+00
   0.0000000e+00
   0.0000000e+00
   0.0000000e+00
   0.0000000e+00
  -0.0000000e+00
  -0.0000000e+00
  -0.0000000e+00
  -4.9596071e-05
  -1.9900290e-05
   2.5453926e-04
   7.3888989e-04
   9.8352689e-04
   1.4326161e-03
   1.2308328e-03
   1.7069142e-03
   1.6180268e-03
   1.5044086e-03
   1.6307195e-03
   1.5322078e-03
   1.8769915e-03
   1.3968257e-03
   1.6589533e-03
   1.3016812e-03
   9.4999679e-04
   8.2746625e-05
   5.3885315e-04
   0.0000000e+00
   0.0000000e+00
   0.0000000e+00
   0.0000000e+00
   0.0000000e+00
   0.0000000e+00
   0.0000000e+00
   0.0000000e+00
   0.0000000e+00
   0.0000000e+00
   0.0000000e+00
   0.0000000e+00
   0.0000000e+00
   0.0000000e+00
  -0.0000000e+00
   0.0000000e+00
   1.1737340e-03
   1.4885311e-03
   2.2106329e-03
   2.7133801e-03
   4.0285939e-03
   4.9956553e-03
   5.6363251e-03
   5.2399053e-03
   5.5792801e-03
   5.5781827e-03
   5.2649071e-03
   5.1051176e-03
   5.4368035e-03
   6.6626268e-03
   6.7654535e-03
   7.2790186e-03
   8.2386837e-03
   9.8417825e-03
   1.0912878e-02
   8.8880751e-03
   0.0000000e+00
   0.0000000e+00
   0.0000000e+00
   0.0000000e+00
   0.0000000e+00
   0.0000000e+00
   0.0000000e+00
   0.0000000e+00
   0.0000000e+00
   0.0000000e+00
   0.0000000e+00
   0.0000000e+00
   0.0000000e+00
   0.0000000e+00
   0.0000000e+00
   6.4466791e-03
   8.6191586e-03
   1.1773724e-02
   1.3729462e-02
   1.4337210e-02
   1.6406108e-02
   1.5311872e-02
   1.5603427e-02
   1.7896578e-02
   1.8243145e-02
   1.7029970e-02
   1.5853476e-02
   1.5443468e-02
   1.6196878e-02
   1.6201387e-02
   1.6580483e-02
   1.5973849e-02
   1.6442043e-02
   1.7516133e-02
   1.8089591e-02
   1.5317883e-02
   1.1205931e-02
   0.0000000e+00
   0.0000000e+00
   0.0000000e+00
   0.0000000e+00
   0.0000000e+00
   0.0000000e+00
   0.0000000e+00
   0.0000000e+00
   0.0000000e+00
   0.0000000e+00
   0.0000000e+00
  -0.0000000e+00
  -0.0000000e+00
   9.6919256e-03
   1.4151345e-02
   1.9198835e-02
   2.7294366e-02
   2.8294564e-02
   2.5309151e-02
   2.5865014e-02
   2.3649692e-02
   0.0000000e+00
   2.7365873e-02
   2.7790961e-02
   2.7310678e-02
   2.7194493e-02
   2.5956224e-02
   2.7551903e-02
   2.4554261e-02
   2.5276744e-02
   2.4432403e-02
   2.3161148e-02
   2.1013205e-02
   1.9198037e-02
   2.1400531e-02
   1.4075181e-02
   1.4911393e-02
   0.0000000e+00
   0.0000000e+00
   0.0000000e+00
   0.0000000e+00
   0.0000000e+00
   0.0000000e+00
   0.0000000e+00
   0.0000000e+00
   0.0000000e+00
   1.7894770e-02
   1.4066727e-02
  -4.0655837e-03
   1.1188705e-02
   1.4652465e-02
   1.8619029e-02
   2.3397239e-02
   2.8711863e-02
   4.9620259e-02
   0.0000000e+00
   3.6744587e-02
   0.0000000e+00
   2.4949591e-02
   2.7029035e-02
   2.8422545e-02
   3.2445078e-02
   3.1263937e-02
   3.4469778e-02
   3.0531541e-02
   2.9807309e-02
   3.0677098e-02
   2.9755534e-02
   2.3257774e-02
   1.7927305e-02
   2.3188961e-02
   1.3555978e-02
   1.9969910e-02
   0.0000000e+00
   0.0000000e+00
   0.0000000e+00
   0.0000000e+00
   0.0000000e+00
  -0.0000000e+00
   0.0000000e+00
   0.0000000e+00
   0.0000000e+00
   3.0083550e-02
   2.6898857e-02
  -6.9919916e-03
   7.3771700e-03
   9.4860822e-03
   1.0362024e-02
  -4.1534624e-03
   9.9839263e-03
   3.7420257e-02
   2.1865871e-02
   2.0860734e-02
   1.2811221e-02
   8.6507976e-03
   0.0000000e+00
   0.0000000e+00
   2.9549747e-02
   2.7140292e-02
   2.6525022e-02
   1.7756830e-02
   1.4759440e-02
   1.8377840e-02
   1.9683273e-02
   1.3853227e-02
   1.1803599e-02
   1.9029762e-02
   9.7195424e-03
   1.7749110e-02
   0.0000000e+00
   0.0000000e+00
   0.0000000e+00
   0.0000000e+00
   0.0000000e+00
  -0.0000000e+00
   1.7900274e-02
   5.1923471e-02
  -0.0000000e+00
   1.8326720e-02
   1.9321766e-02
  -1.2234161e-02
  -1.1157812e-02
  -1.0122885e-02
  -1.4637110e-02
  -4.5439027e-02
  -3.3981629e-02
  -8.1146398e-03
  -7.5375235e-03
  -1.1758723e-02
  -1.5807020e-02
  -0.0000000e+00
  -0.0000000e+00
  -0.0000000e+00
  -3.4085027e-03
  -1.1384554e-02
  -2.0148334e-02
  -2.9308224e-02
  -2.9615617e-02
  -2.2214659e-02
  -1.9393117e-02
  -1.5973880e-02
  -3.3295110e-03
   0.0000000e+00
  -4.1390974e-03
   9.1890206e-03
   1.4217842e-02
   0.0000000e+00
   0.0000000e+00
   0.0000000e+00
  -0.0000000e+00
  -2.6353757e-02
   1.3213186e-02
   3.7577912e-02
  -0.0000000e+00
  -1.8596795e-02
  -1.4431652e-02
  -2.7784198e-02
  -4.0634894e-02
  -4.5614039e-02
  -5.1001163e-02
  -6.5303778e-02
  -6.4559026e-02
  -4.6295329e-02
  -2.5341898e-02
  -3.7979500e-02
  -5.2164049e-02
  -0.0000000e+00
  -0.0000000e+00
  -0.0000000e+00
  -6.1028931e-02
  -6.3129383e-02
  -7.2054944e-02
  -7.8514673e-02
  -7.5778278e-02
  -6.9787469e-02
  -6.5648372e-02
  -4.9034673e-02
  -2.9375373e-02
  -0.0000000e+00
  -1.9769850e-02
  -1.3938583e-02
  -1.8020839e-02
   0.0000000e+00
   0.0000000e+00
   0.0000000e+00
  -0.0000000e+00
  -4.2772781e-02
   5.7760642e-03
   1.2340577e-02
  -0.0000000e+00
  -3.9149309e-02
  -4.8546428e-02
  -4.6886773e-02
  -6.2295648e-02
  -8.4455349e-02
  -7.4806562e-02
  -4.5605000e-02
  -5.4560871e-02
  -0.0000000e+00
  -0.0000000e+00
  -4.3008526e-02
  -5.9925866e-02
   0.0000000e+00
   0.0000000e+00
  -0.0000000e+00
  -1.1641044e-01
  -9.7088725e-02
  -9.6396837e-02
  -9.6686568e-02
  -9.7249764e-02
  -1.0727205e-01
  -1.0355694e-01
  -7.2010112e-02
  -5.4574282e-02
  -0.0000000e+00
  -0.0000000e+00
  -3.7874704e-02
  -3.9655530e-02
   0.0000000e+00
   0.0000000e+00
   0.0000000e+00
  -0.0000000e+00
  -3.7007917e-02
   2.8323971e-03
  -6.5913845e-03
  -0.0000000e+00
  -2.5603728e-02
  -4.7309441e-02
  -5.1122325e-02
  -6.7258948e-02
  -8.7097585e-02
  -6.5608226e-02
  -2.3411111e-02
  -2.4441845e-02
  -0.0000000e+00
  -0.0000000e+00
  -3.6023493e-02
  -4.7810215e-02
   0.0000000e+00
  -0.0000000e+00
  -1.0270586e-01
  -1.1476780e-01
  -8.5624789e-02
  -7.6618909e-02
  -7.2942401e-02
  -8.2310488e-02
  -1.0048337e-01
  -9.6978400e-02
  -6.7239681e-02
  -6.2503084e-02
  -6.4847810e-02
  -0.0000000e+00
  -4.4877754e-02
  -4.4227832e-02
   0.0000000e+00
   0.0000000e+00
   0.0000000e+00
  -0.0000000e+00
  -2.9150184e-02
   1.6800912e-03
  -0.0000000e+00
  -2.0567941e-02
  -1.4959722e-02
  -3.3415220e-02
  -4.7402470e-02
  -6.1405568e-02
  -6.8363162e-02
  -4.7194702e-02
  -1.5239365e-02
  -0.0000000e+00
   0.0000000e+00
  -0.0000000e+00
  -3.2462329e-02
  -3.7621714e-02
  -4.1941557e-02
  -0.0000000e+00
  -9.4642512e-02
  -9.3658789e-02
  -6.7713463e-02
  -5.6656032e-02
  -5.2129894e-02
  -6.7283625e-02
  -8.2214661e-02
  -8.0871138e-02
  -5.4125948e-02
  -5.1150391e-02
  -5.9212102e-02
  -0.0000000e+00
  -3.9309755e-02
  -3.9149446e-02
   0.0000000e+00
   0.0000000e+00
   0.0000000e+00
  -0.0000000e+00
  -2.5818512e-02
  -1.1859730e-02
  -2.7723551e-02
  -2.0366194e-02
  -8.3020975e-03
  -1.7729635e-02
  -4.1203077e-02
  -5.1425485e-02
  -4.7088424e-02
  -0.0000000e+00
  -9.8203254e-03
  -0.0000000e+00
  -0.0000000e+00
   0.0000000e+00
  -3.0718491e-02
  -3.5567806e-02
  -4.8618215e-02
  -6.4786202e-02
  -8.0391428e-02
  -6.6237910e-02
  -4.7885610e-02
  -3.8043169e-02
  -3.4613421e-02
  -5.3059416e-02
  -6.0290877e-02
  -6.1092939e-02
  -3.8126698e-02
  -3.2949358e-02
  -5.1792597e-02
  -0.0000000e+00
  -3.0603476e-02
  -3.0253198e-02
  -2.0615301e-02
   0.0000000e+00
   0.0000000e+00
  -0.0000000e+00
  -3.5143313e-02
  -3.5486560e-02
  -4.0903714e-02
  -2.9618643e-02
  -1.5212402e-02
  -1.5279292e-02
  -3.7959652e-02
  -3.6278504e-02
  -2.8640720e-02
  -0.0000000e+00
  -3.8380989e-03
  -5.1437875e-03
  -1.2711779e-02
   0.0000000e+00
  -0.0000000e+00
  -3.6047124e-02
  -5.8018608e-02
  -6.4635964e-02
  -6.2109923e-02
  -4.2884751e-02
  -3.2723269e-02
  -2.9071752e-02
  -2.8814651e-02
  -4.4534688e-02
  -4.0284291e-02
  -4.2483705e-02
  -2.4148708e-02
  -1.2604257e-02
  -3.6798040e-02
  -0.0000000e+00
  -0.0000000e+00
  -1.6107387e-02
  -1.9117358e-02
   0.0000000e+00
   0.0000000e+00
  -0.0000000e+00
  -4.4060043e-02
  -5.5027766e-02
  -5.3710952e-02
  -4.0776918e-02
  -3.7027491e-02
  -3.6597001e-02
  -4.6021453e-02
  -3.6200977e-02
  -3.4218051e-02
  -1.8902888e-02
  -1.0536552e-03
  -8.6449520e-03
  -1.2303362e-02
   0.0000000e+00
  -0.0000000e+00
  -3.5455625e-02
  -6.2300221e-02
  -5.6180705e-02
  -5.2323551e-02
  -4.1260861e-02
  -3.4261985e-02
  -3.7055150e-02
  -3.8257736e-02
  -4.7825984e-02
  -3.8236466e-02
  -3.8776607e-02
  -2.4978112e-02
  -9.7896213e-03
  -2.8080379e-02
  -0.0000000e+00
  -1.3418404e-02
  -6.1003300e-03
  -1.9056775e-02
   0.0000000e+00
   0.0000000e+00
  -4.7717409e-02
  -4.4833086e-02
  -5.7996606e-02
  -5.4551101e-02
  -4.4658457e-02
  -4.6238252e-02
  -4.6624709e-02
  -4.8952503e-02
  -3.7457810e-02
  -3.7569356e-02
  -1.8315869e-02
   3.2119696e-03
  -5.9508357e-03
  -0.0000000e+00
   0.0000000e+00
  -0.0000000e+00
  -2.9842522e-02
  -5.5799910e-02
  -4.6300247e-02
  -4.4564902e-02
  -4.0489941e-02
  -3.6080918e-02
  -4.0483479e-02
  -4.0943524e-02
  -4.5950722e-02
  -3.5983090e-02
  -3.6882697e-02
  -2.6338534e-02
  -9.9092653e-03
  -2.2643028e-02
  -0.0000000e+00
  -9.9173680e-03
  -8.5555027e-04
  -1.5411293e-02
   0.0000000e+00
  -0.0000000e+00
  -4.0552421e-02
  -4.0184445e-02
  -5.0343087e-02
  -4.7610656e-02
  -4.2908375e-02
  -4.6657667e-02
  -4.7139498e-02
  -4.5046611e-02
  -3.6118057e-02
  -3.6223963e-02
  -1.6694477e-02
   5.8733400e-03
  -0.0000000e+00
   0.0000000e+00
   0.0000000e+00
  -0.0000000e+00
  -2.0598404e-02
  -3.9513132e-02
  -3.2917188e-02
  -3.5322464e-02
  -3.7391489e-02
  -3.5470905e-02
  -3.8069029e-02
  -3.6802131e-02
  -3.7343274e-02
  -2.9336702e-02
  -3.1118632e-02
  -2.4138177e-02
  -8.8863369e-03
  -1.6447190e-02
  -0.0000000e+00
  -6.9425581e-03
   3.2847439e-03
  -0.0000000e+00
   0.0000000e+00
  -0.0000000e+00
  -2.2189600e-02
  -2.7472767e-02
  -3.5851789e-02
  -3.5501846e-02
  -3.6493561e-02
  -3.5192981e-02
  -3.3819743e-02
  -3.7057236e-02
  -3.3628941e-02
  -2.8434682e-02
  -1.3652029e-02
   4.5443456e-03
   0.0000000e+00
  -0.0000000e+00
  -0.0000000e+00
  -0.0000000e+00
  -6.2357818e-03
  -1.5520276e-02
  -2.6415268e-02
  -2.6800067e-02
  -2.8126778e-02
  -2.8783976e-02
  -2.8534098e-02
  -2.4853079e-02
  -2.2959526e-02
  -2.0057773e-02
  -2.1688790e-02
  -1.8907259e-02
  -9.1501013e-03
  -1.6915546e-02
  -2.2466094e-02
   6.8119646e-04
   2.5885047e-03
   0.0000000e+00
  -0.0000000e+00
  -0.0000000e+00
  -1.2934997e-02
  -2.0991876e-02
  -3.0227672e-02
  -3.2608523e-02
  -3.2873550e-02
  -3.0250084e-02
  -3.0181430e-02
  -3.2325303e-02
  -3.1171955e-02
  -2.5268121e-02
  -1.4635528e-02
  -6.9640486e-04
  -1.5557287e-02
  -3.2496682e-02
  -3.1916783e-02
  -0.0000000e+00
  -3.8503878e-04
  -8.0784590e-03
  -2.4407594e-02
  -2.1954205e-02
  -2.1341445e-02
  -2.2235682e-02
  -2.1111972e-02
  -1.7800416e-02
  -1.4992540e-02
  -1.4372717e-02
  -1.4878411e-02
  -1.3777561e-02
  -1.0090183e-02
  -2.1254829e-02
  -1.8904957e-02
   2.2501095e-03
  -1.1739678e-03
  -0.0000000e+00
  -0.0000000e+00
  -2.0828287e-02
  -8.3435273e-03
  -1.6690690e-02
  -2.4537433e-02
  -2.8067570e-02
  -2.7192833e-02
  -2.4040341e-02
  -2.4012077e-02
  -2.4331445e-02
  -2.4194413e-02
  -2.0493768e-02
  -1.7800790e-02
  -1.2723909e-02
  -2.6251708e-02
  -4.5662785e-02
  -3.4213799e-02
  -1.2445547e-02
   1.6495651e-03
  -1.9773397e-03
  -1.6824743e-02
  -0.0000000e+00
  -1.4416053e-02
  -1.4363197e-02
  -1.2681022e-02
  -9.4095066e-03
  -6.6214900e-03
  -7.9160851e-03
  -8.1882269e-03
  -9.0756095e-03
  -1.3165976e-02
  -2.0630163e-02
  -1.5359748e-02
   5.6590832e-04
  -8.7028713e-03
  -1.9986048e-02
  -2.6195675e-02
  -1.9702847e-02
  -1.4526194e-02
  -1.9508322e-02
  -2.3381598e-02
  -2.6033387e-02
  -2.4962229e-02
  -2.3387284e-02
  -2.2426509e-02
  -1.8730507e-02
  -1.6299669e-02
  -1.9886595e-02
  -2.7910891e-02
  -3.0723754e-02
  -4.6949390e-02
  -5.4373003e-02
  -3.9714181e-02
  -1.9952056e-02
  -5.9855819e-03
  -4.2187186e-04
  -0.0000000e+00
  -0.0000000e+00
  -1.0934568e-02
  -8.3552007e-03
  -7.5124183e-03
  -4.8044443e-03
  -2.3572434e-03
  -5.4012704e-03
  -6.3907226e-03
  -6.3360820e-03
  -1.5595776e-02
  -2.0835016e-02
  -1.6161091e-02
  -7.4917679e-03
  -1.6072159e-02
  -0.0000000e+00
  -4.2227301e-02
  -2.4148082e-02
  -4.1674934e-02
  -4.4813837e-02
  -4.4577095e-02
  -4.3748069e-02
  -4.7654040e-02
  -4.6876202e-02
  -4.1903778e-02
  -3.7640210e-02
  -3.7151890e-02
  -4.5189097e-02
  -5.6032074e-02
  -5.3397072e-02
  -4.6058538e-02
  -5.0164459e-02
  -4.9717474e-02
  -4.9114109e-02
  -3.8948625e-02
  -1.9158477e-02
  -0.0000000e+00
  -0.0000000e+00
  -3.3691461e-02
  -2.9902095e-02
  -2.7020168e-02
  -2.5427717e-02
  -2.4394915e-02
  -2.7788192e-02
  -3.2568962e-02
  -3.3258192e-02
  -3.5440592e-02
  -3.7367976e-02
  -3.8351479e-02
  -3.2474497e-02
  -2.7825774e-02
  -0.0000000e+00
  -6.7169262e-02
  -5.1922250e-02
  -6.5912732e-02
  -6.8267961e-02
  -7.7242428e-02
  -6.9561809e-02
  -7.3480738e-02
  -7.2069904e-02
  -6.4453124e-02
  -6.3918950e-02
  -6.5902878e-02
  -6.7516625e-02
  -7.5594640e-02
  -7.5462030e-02
  -5.2147011e-02
  -5.2674463e-02
  -6.4944205e-02
  -6.9416442e-02
  -6.8835667e-02
  -4.0519668e-02
  -0.0000000e+00
  -0.0000000e+00
  -5.9206007e-02
  -6.0482823e-02
  -5.4647618e-02
  -5.3370221e-02
  -5.3032770e-02
  -5.5912606e-02
  -6.0736924e-02
  -6.6429256e-02
  -6.2660234e-02
  -4.7536580e-02
  -5.8544460e-02
  -5.4392022e-02
  -4.1858539e-02
  -0.0000000e+00
  -8.5141680e-02
  -8.3972496e-02
  -8.3708290e-02
  -8.6214805e-02
  -1.0838671e-01
  -9.4296677e-02
  -9.3791198e-02
  -9.1145355e-02
  -8.4371057e-02
  -8.8786165e-02
  -9.1887282e-02
  -8.4265514e-02
  -8.7515394e-02
  -9.0576618e-02
  -5.6314788e-02
  -5.8315341e-02
  -7.5908477e-02
  -8.2607987e-02
  -8.9863658e-02
  -6.4912451e-02
   0.0000000e+00
  -0.0000000e+00
  -0.0000000e+00
  -8.8489374e-02
  -8.1073798e-02
  -8.0567068e-02
  -8.0135622e-02
  -8.2253240e-02
  -8.4748019e-02
  -9.5448116e-02
  -8.8047019e-02
  -5.4703670e-02
  -6.5463734e-02
  -0.0000000e+00
  -7.0539771e-02
  -6.8463489e-02
  -9.7049593e-02
  -1.0944829e-01
  -8.6509440e-02
  -9.0987243e-02
  -1.2647020e-01
  -1.1155913e-01
  -9.7391089e-02
  -9.1948598e-02
  -9.5553191e-02
  -1.0515731e-01
  -1.0442128e-01
  -8.9038517e-02
  -8.5265721e-02
  -8.7771133e-02
  -6.2684542e-02
  -7.1513732e-02
  -7.9295355e-02
  -0.0000000e+00
  -9.0666543e-02
  -7.3438974e-02
  -0.0000000e+00
   0.0000000e+00
  -0.0000000e+00
  -1.0338105e-01
  -9.8803377e-02
  -1.0083425e-01
  -9.7672790e-02
  -9.9753859e-02
  -9.5056070e-02
  -1.0841187e-01
  -1.0577441e-01
  -5.8245590e-02
  -7.1261286e-02
  -9.2380917e-02
  -7.1540087e-02
  -7.6822892e-02
  -9.6213200e-02
  -1.1104023e-01
  -4.9829182e-02
  -5.5199882e-02
  -6.6042798e-02
  -6.3798154e-02
  -5.3604810e-02
  -4.8825862e-02
  -6.0336714e-02
  -6.4636073e-02
  -5.5897741e-02
  -5.1142619e-02
  -5.0331138e-02
  -4.3560030e-02
  -4.8169608e-02
  -5.8653466e-02
  -4.5190776e-02
  -3.5183819e-02
  -4.3254849e-02
  -4.2177310e-02
  -0.0000000e+00
   0.0000000e+00
  -0.0000000e+00
  -5.5239204e-02
  -5.6494202e-02
  -6.1932903e-02
  -5.6987069e-02
  -6.0371244e-02
  -5.4758430e-02
  -5.9834450e-02
  -6.0436484e-02
  -3.4086269e-02
  -3.9409614e-02
  -5.2148172e-02
  -5.0990333e-02
  -5.3625230e-02
  -5.3473380e-02
  -5.3085080e-02
   3.8651806e-03
   4.2772561e-03
   1.3353119e-02
   7.1736337e-03
   1.1793136e-02
   1.1856454e-02
   1.0887942e-03
   2.2921590e-03
   8.6841922e-03
   6.0278212e-03
   1.7427975e-03
   1.5270962e-02
   2.6652209e-03
  -7.1629163e-03
   1.1096979e-02
   1.5549171e-02
   2.3045801e-02
   1.0320754e-02
   7.2484556e-03
   0.0000000e+00
   0.0000000e+00
   9.0770460e-03
   9.9089635e-03
   4.0418030e-03
   8.8297918e-03
   4.2619366e-03
   9.1503163e-03
   7.3059643e-03
   8.9384690e-03
   1.4674921e-02
   1.5408061e-02
   1.5123578e-02
   6.1776118e-03
   2.1248740e-03
   8.9777621e-03
   1.2316467e-02
   6.7139030e-02
   7.4626861e-02
   8.9753027e-02
   8.1458053e-02
   8.4905382e-02
   7.1619238e-02
   6.6994910e-02
   7.1714521e-02
   7.0662550e-02
   6.7437660e-02
   6.3274108e-02
   7.9033876e-02
   6.9754432e-02
   6.8408583e-02
   8.0368095e-02
   8.6810685e-02
   1.0078559e-01
   7.5835600e-02
   7.0763867e-02
   0.0000000e+00
   0.0000000e+00
   7.1388487e-02
   7.4744135e-02
   7.4494066e-02
   7.7633412e-02
   7.3109518e-02
   7.5506655e-02
   7.4347846e-02
   8.0985826e-02
   7.7116894e-02
   8.1055874e-02
   9.0156807e-02
   8.0994369e-02
   7.8458046e-02
   7.9394681e-02
   8.0582375e-02
   1.1554654e-01
   1.2026050e-01
   1.2608213e-01
   1.2450340e-01
   1.2920429e-01
   1.0650266e-01
   1.0583937e-01
   1.0857261e-01
   1.0186542e-01
   1.0257680e-01
   1.0277557e-01
   1.1427976e-01
   1.1887089e-01
   1.3284368e-01
   1.3530746e-01
   1.5095675e-01
   1.6765977e-01
   1.4448171e-01
   1.4533456e-01
   0.0000000e+00
   8.1426311e-02
   1.0087416e-01
   1.0342936e-01
   1.1094729e-01
   1.1443683e-01
   1.1394395e-01
   1.1407917e-01
   1.1338066e-01
   1.2330576e-01
   1.2652681e-01
   1.4047120e-01
   1.3968027e-01
   1.3776857e-01
   1.4167733e-01
   1.2768348e-01
   1.2608567e-01
   9.3863976e-02
   8.9179289e-02
   8.6428660e-02
   9.1491466e-02
   9.2748141e-02
   7.8056572e-02
   7.6685693e-02
   7.6359117e-02
   7.3007085e-02
   7.5718959e-02
   7.7331157e-02
   7.9225622e-02
   8.6609892e-02
   1.0473927e-01
   1.0952031e-01
   1.4435519e-01
   1.8771558e-01
   1.8935756e-01
   1.7990871e-01
   9.0987111e-02
   6.9230410e-02
   7.0502832e-02
   6.8818004e-02
   7.4299351e-02
   7.6988221e-02
   7.9324374e-02
   7.9390454e-02
   8.1435042e-02
   8.7173221e-02
   9.9403541e-02
   1.1536117e-01
   1.0733374e-01
   1.1075722e-01
   1.2102658e-01
   1.0543474e-01
   9.9205704e-02
   4.4545032e-02
   4.1738045e-02
   4.2080872e-02
   4.4359427e-02
   4.1012390e-02
   3.8523588e-02
   3.6551510e-02
   3.6612570e-02
   3.7237378e-02
   3.7660378e-02
   3.8175158e-02
   3.7582348e-02
   4.0910638e-02
   4.4320855e-02
   4.5472906e-02
   6.1119993e-02
   1.2325731e-01
   1.6352625e-01
   1.2445298e-01
   5.3080759e-02
   3.9250327e-02
   3.3818299e-02
   3.0297319e-02
   3.0239266e-02
   3.1635863e-02
   3.2935724e-02
   3.5302385e-02
   3.8665142e-02
   4.0545940e-02
   4.6690550e-02
   5.2229367e-02
   4.6677868e-02
   4.6623110e-02
   5.5162507e-02
   5.0821925e-02
   4.4528130e-02
   1.0865715e-02
   1.0824497e-02
   1.1021866e-02
   9.5640641e-03
   7.8080516e-03
   1.0796799e-02
   1.0094241e-02
   9.7783703e-03
   1.0493833e-02
   9.9823343e-03
   9.5713367e-03
   1.0175323e-02
   1.0994879e-02
   1.0735425e-02
   1.3114321e-02
   1.6793112e-02
   2.8385516e-02
   5.5357613e-02
   2.9634873e-02
   1.3941497e-02
   1.4313194e-02
   1.1532888e-02
   9.4112036e-03
   8.0989347e-03
   8.2177733e-03
   8.5477883e-03
   9.6768099e-03
   1.0886593e-02
   1.1732214e-02
   1.4948191e-02
   1.4483603e-02
   1.2685750e-02
   1.3120488e-02
   1.5408416e-02
   1.5115394e-02
   1.1155595e-02
   6.5528213e-04
   4.7610319e-04
  -6.6336970e-04
  -1.2662984e-03
  -9.0720915e-04
   2.9119924e-04
   4.5986597e-04
   5.3483672e-04
   9.9609545e-04
   1.4292868e-03
   1.2973583e-03
   1.4266986e-03
   1.7478310e-03
   1.5009085e-03
   2.2164842e-03
   1.6635189e-03
  -1.8021692e-03
  -5.7339814e-03
  -4.1504489e-03
  -8.6377955e-05
   9.7430895e-04
   1.7079058e-03
   2.1974750e-03
   2.0611161e-03
   1.8813230e-03
   1.5334124e-03
   1.0386154e-03
   5.7911268e-04
   1.0022155e-03
   1.7916979e-03
   1.1666826e-03
   1.1142069e-03
   1.1404947e-03
  -2.4581045e-04
   8.2840567e-04
   1.0170285e-03
  -2.6837415e-03
  -2.8510569e-03
  -3.5405245e-03
  -3.6732113e-03
  -3.3046073e-03
  -2.7393734e-03
  -2.3054392e-03
  -2.1949289e-03
  -1.9728404e-03
  -1.5142552e-03
  -1.4291906e-03
  -1.8705981e-03
  -2.1512183e-03
  -2.3587803e-03
  -2.3276510e-03
  -2.4419838e-03
  -3.2861161e-03
  -3.9667957e-03
  -3.6477440e-03
  -3.1171536e-03
  -3.1652258e-03
  -2.7961871e-03
  -2.5239830e-03
  -2.5841336e-03
  -2.7579007e-03
  -2.8400224e-03
  -2.8340928e-03
  -2.6975330e-03
  -1.8882249e-03
  -1.1532097e-03
  -1.2605992e-03
  -1.4701013e-03
  -1.9808813e-03
  -2.8875746e-03
  -2.9284781e-03
  -2.5804516e-03
  -1.8487587e-03
  -1.8458769e-03
  -1.8350860e-03
  -1.6838856e-03
  -1.4805723e-03
  -1.2690854e-03
  -1.1893850e-03
  -1.2649361e-03
  -1.3680473e-03
  -1.4826762e-03
  -1.5093059e-03
  -1.5964161e-03
  -1.6659485e-03
  -1.6865845e-03
  -1.6073875e-03
  -1.4700181e-03
  -1.3662787e-03
  -1.3289199e-03
  -1.4410345e-03
  -1.5682955e-03
  -1.6894189e-03
  -1.6666498e-03
  -1.6476103e-03
  -1.6455550e-03
  -1.6536776e-03
  -1.5810690e-03
  -1.4091987e-03
  -1.3276892e-03
  -1.3073641e-03
  -1.4379946e-03
  -1.5731783e-03
  -1.6246443e-03
  -1.6086443e-03
  -1.6628394e-03
  -1.7519999e-03
  -1.7698949e-03
