   1.1158592e+00   1.0984432e+00   1.0355699e+00   9.1817786e-01   7.8108421e-01   7.6875223e-01   8.3147214e-01   8.9917436e-01   9.4640086e-01   9.6313863e-01   9.7583263e-01   1.0222723e+00   1.0922951e+00   1.1848335e+00   1.2573461e+00   1.2568084e+00   1.1857356e+00   1.0887707e+00   1.0012069e+00   9.2559025e-01   8.8173543e-01   8.5435274e-01   8.4024250e-01   8.6410455e-01   8.9448930e-01   8.8864566e-01   8.5399597e-01   8.6665676e-01   9.7678724e-01   1.1035911e+00   1.1430283e+00   1.1130618e+00   1.0775213e+00   1.0715759e+00   1.0865324e+00   1.1048049e+00
   1.4186495e+00   1.4918102e+00   1.6173038e+00   1.7616051e+00   1.6373731e+00   1.5558853e+00   1.3919504e+00   1.2397980e+00   1.2167107e+00   1.1535741e+00   1.0550364e+00   1.0569342e+00   1.1263246e+00   1.2667699e+00   1.4833761e+00   1.5384629e+00   1.5901296e+00   1.8014838e+00   1.8165261e+00   1.6696676e+00   1.6223585e+00   1.5095517e+00   1.3071445e+00   1.2965589e+00   1.3793121e+00   1.4307392e+00   1.4613182e+00   1.5358732e+00   1.6125618e+00   1.6186576e+00   1.5521092e+00   1.2628385e+00   1.1498705e+00   1.3771174e+00   1.4772022e+00   1.3281052e+00
   8.7715042e-01   1.0418538e+00   8.8255828e-01   8.8069508e-01   8.2666005e-01   7.6218965e-01   6.2599015e-01   5.3420100e-01   6.0364194e-01   7.2863306e-01   6.5192694e-01   6.7261690e-01   7.9821657e-01   7.3969626e-01   9.8301742e-01   1.1930248e+00   1.2774374e+00   1.5975274e+00   1.4261737e+00   9.7611383e-01   7.5260192e-01   8.1023140e-01   9.4912337e-01   8.9536856e-01   8.3943774e-01   8.2472924e-01   6.8550237e-01   7.3371897e-01   7.7804209e-01   9.2269809e-01   1.0001431e+00   4.7975562e-01   6.8107004e-01   9.5005569e-01   7.9133349e-01   7.5937719e-01
   2.3578846e+00   2.3159607e+00   2.0037021e+00   1.8470719e+00   1.6350989e+00   2.1348958e+00   2.3310243e+00   2.0661377e+00   2.2962327e+00   2.3206996e+00   2.1215424e+00   2.1330529e+00   2.2885744e+00   2.2665907e+00   2.3453504e+00   2.6464359e+00   2.9940330e+00   3.4676881e+00   2.8841684e+00   2.5883527e+00   3.0130325e+00   2.8658750e+00   2.5342572e+00   2.2039307e+00   2.0893379e+00   2.1024314e+00   2.1519011e+00   2.3407928e+00   2.3399154e+00   2.5361114e+00   2.3735352e+00   1.9153579e+00   2.0209906e+00   2.0254019e+00   2.4150456e+00   2.4756451e+00
   5.1454048e+00   5.1310126e+00   4.6203175e+00   4.6390756e+00   4.5300676e+00   4.6623290e+00   4.6461355e+00   4.4818069e+00   4.6880014e+00   4.7329687e+00   4.7591593e+00   4.7702403e+00   4.7972396e+00   5.0429126e+00   5.0969656e+00   5.3549518e+00   6.0726279e+00   6.8719736e+00   6.9285131e+00   5.9935396e+00   5.0302339e+00   4.4604814e+00   3.9599212e+00   3.8196200e+00   3.9266730e+00   4.1304678e+00   4.3233527e+00   4.5884694e+00   4.8769381e+00   5.0670810e+00   5.3003629e+00   4.9324745e+00   4.5262436e+00   5.0922113e+00   5.3597217e+00   4.8999292e+00
   7.0109021e+00   7.0629034e+00   6.8791849e+00   6.8381985e+00   7.1503319e+00   6.6042164e+00   6.1521615e+00   6.3647455e+00   6.2676081e+00   6.3532901e+00   6.6361185e+00   6.7158906e+00   6.7080859e+00   7.1664483e+00   7.2512984e+00   7.3593622e+00   8.2112434e+00   8.3912602e+00   8.8312182e+00   8.0399719e+00   5.8753831e+00   5.4352045e+00   5.4420838e+00   5.6496970e+00   5.9561163e+00   6.0791868e+00   6.2211642e+00   6.2534369e+00   6.6432609e+00   6.8811652e+00   7.4633339e+00   7.4351098e+00   6.8955823e+00   7.5019988e+00   7.2934739e+00   6.7816524e+00
   6.5550920e+00   6.2860608e+00   6.9197377e+00   7.0471088e+00   7.2874146e+00   6.6103747e+00   5.8417663e+00   6.1767229e+00   6.0527102e+00   6.0758477e+00   6.0961872e+00   6.3365310e+00   6.4440968e+00   6.3907144e+00   6.7373125e+00   6.8894307e+00   7.6981072e+00   7.4536240e+00   7.3377388e+00   0.0000000e+00   5.5107366e+00   5.2795076e+00   5.7903136e+00   5.9293888e+00   6.2395859e+00   6.1662102e+00   6.2250631e+00   6.1342910e+00   6.5203083e+00   6.6423243e+00   6.8372819e+00   7.3975696e+00   7.0977608e+00   7.0202689e+00   6.7257911e+00   6.6973394e+00
   4.0129727e+00   3.5103522e+00   4.3104961e+00   4.6019725e+00   4.4133336e+00   4.2301529e+00   3.5120907e+00   3.5517428e+00   3.7101167e+00   3.7595543e+00   3.3865939e+00   3.7482725e+00   3.9992758e+00   3.3738599e+00   3.7320248e+00   4.1140029e+00   4.7196002e+00   4.6083929e+00   3.7078211e+00   0.0000000e+00   0.0000000e+00   3.4001406e+00   3.8899243e+00   3.6914160e+00   3.9018426e+00   3.7862779e+00   3.7919812e+00   3.8359069e+00   4.0783898e+00   4.1374237e+00   3.9350480e+00   4.6712857e+00   4.4632766e+00   3.8307404e+00   3.8069775e+00   4.2511041e+00
   2.6426045e+00   2.2585716e+00   2.4890500e+00   2.8360027e+00   2.5110073e+00   2.4481816e+00   2.0861208e+00   2.0876908e+00   2.3172642e+00   2.3391242e+00   1.9140193e+00   2.1226421e+00   2.4512297e+00   1.9882460e+00   1.9443877e+00   2.1590817e+00   2.5600688e+00   2.7863440e+00   1.9095603e+00   0.0000000e+00   0.0000000e+00   2.1783643e+00   2.4780397e+00   2.2784383e+00   2.3733213e+00   2.2520138e+00   2.2466633e+00   2.2722078e+00   2.5283010e+00   2.5818392e+00   2.0209865e+00   2.6068950e+00   2.6431966e+00   2.0173822e+00   2.0710232e+00   2.4962713e+00
   4.5579035e+00   4.3004220e+00   3.9997758e+00   4.4559736e+00   4.3838594e+00   3.6071405e+00   3.6757544e+00   4.2385588e+00   4.1626894e+00   3.9376611e+00   3.7280399e+00   3.5705054e+00   3.8876093e+00   4.0481477e+00   3.6047291e+00   3.1102722e+00   3.4838812e+00   4.0166424e+00   0.0000000e+00   0.0000000e+00   0.0000000e+00   3.6339520e+00   3.9694442e+00   4.2302571e+00   4.2272296e+00   3.9938500e+00   4.0140509e+00   3.6699546e+00   4.3240722e+00   4.2213857e+00   3.0014693e+00   3.6680421e+00   4.3490948e+00   4.0070689e+00   3.7893830e+00   3.8235319e+00
   7.9073869e+00   6.2043968e+00   7.1162557e+00   7.9954478e+00   7.2022358e+00   6.7901818e+00   6.5365151e+00   6.8237728e+00   7.2715294e+00   6.9949276e+00   6.0491057e+00   6.5006527e+00   6.5855705e+00   4.8796139e+00   5.5304634e+00   0.0000000e+00   6.5526697e+00   7.3774202e+00   0.0000000e+00   0.0000000e+00   0.0000000e+00   6.9367055e+00   7.1777004e+00   6.9161162e+00   6.9435826e+00   6.7678784e+00   6.7942501e+00   6.6845389e+00   7.6978021e+00   6.7774282e+00   5.0649813e+00   6.8781911e+00   7.2008703e+00   6.0216614e+00   6.2676326e+00   7.3809015e+00
   7.5896600e+00   5.9183008e+00   6.7864065e+00   7.2348938e+00   6.6274241e+00   6.6441738e+00   6.2739186e+00   6.1675378e+00   6.5890799e+00   6.5049407e+00   6.0028364e+00   6.8162792e+00   6.4409635e+00   4.3470213e+00   5.1837513e+00   5.9145028e+00   7.1001047e+00   6.9597250e+00   0.0000000e+00   0.0000000e+00   0.0000000e+00   6.6265467e+00   6.4337522e+00   6.0394490e+00   6.0796171e+00   5.9924605e+00   6.1499766e+00   6.3991001e+00   7.0533805e+00   6.0251034e+00   5.2190431e+00   0.0000000e+00   6.4167420e+00   5.6804657e+00   6.4721704e+00   7.7185825e+00
   5.8766019e+00   4.7918398e+00   5.3040363e+00   5.3976657e+00   5.1039645e+00   5.2215983e+00   4.8414357e+00   4.5574174e+00   4.7344302e+00   4.8193658e+00   5.0295483e+00   5.9267053e+00   5.5770545e+00   4.1926301e+00   4.6736048e+00   5.3855018e+00   6.2751586e+00   5.1876945e+00   0.0000000e+00   0.0000000e+00   4.8019226e+00   4.8282904e+00   4.4889166e+00   4.1755780e+00   4.1792618e+00   4.1339984e+00   4.4260330e+00   4.7565492e+00   5.1167457e+00   4.6177646e+00   4.4758568e+00   5.3497124e+00   4.8405537e+00   0.0000000e+00   6.0509352e+00   6.5945617e+00
   3.8210330e+00   3.3790463e+00   3.5967399e+00   3.5056080e+00   3.4682688e+00   3.5375568e+00   3.2315960e+00   2.8883731e+00   2.7951026e+00   2.9690041e+00   3.7525133e+00   4.6042759e+00   4.5416447e+00   4.1953413e+00   4.2468861e+00   4.5901681e+00   4.8474891e+00   3.1066365e+00   0.0000000e+00   0.0000000e+00   3.1590967e+00   2.7491356e+00   2.4367232e+00   2.2944454e+00   2.2539837e+00   2.2427654e+00   2.5553138e+00   2.8453433e+00   3.0043309e+00   3.1503165e+00   3.4069761e+00   3.5852393e+00   3.1447950e+00   0.0000000e+00   5.3365531e+00   4.9917666e+00
   1.5024937e+00   1.4410756e+00   1.9028311e+00   2.1735515e+00   2.0771552e+00   1.8721751e+00   1.8719170e+00   1.6757399e+00   1.3961569e+00   1.3875663e+00   2.0174053e+00   2.6208886e+00   3.3972841e+00   4.3846148e+00   4.2379362e+00   3.4774533e+00   2.2459626e+00   8.4230649e-01   0.0000000e+00   0.0000000e+00   1.1473400e+00   7.5782693e-01   8.3843850e-01   1.0217180e+00   9.5287811e-01   1.0078972e+00   8.8410010e-01   9.6020211e-01   1.1628890e+00   1.8344377e+00   1.8104343e+00   1.2041810e+00   1.4641927e+00   0.0000000e+00   3.9969408e+00   2.7733236e+00
   1.3471459e+00   1.3171624e+00   2.5347421e+00   2.8544625e+00   2.8704798e+00   2.7403862e+00   2.7418726e+00   2.8334537e+00   2.8181403e+00   2.3746574e+00   2.1104822e+00   1.7582885e+00   2.5204427e+00   3.8890420e+00   4.3178498e+00   3.0526330e+00   1.2590467e+00   7.3756907e-01   1.6590098e+00   0.0000000e+00   1.6400802e+00   1.8407308e+00   1.9823848e+00   2.1846356e+00   1.9709387e+00   1.9905273e+00   1.7043970e+00   1.9338604e+00   1.5617022e+00   1.6612676e+00   2.2085880e+00   1.2938746e+00   7.7359117e-01   2.1854355e+00   2.7630624e+00   2.6117268e+00
   2.2244714e+00   2.0667913e+00   3.3133655e+00   3.7033482e+00   3.7625460e+00   3.7421472e+00   3.6603499e+00   3.9052077e+00   3.9232429e+00   3.4573945e+00   2.7506593e+00   1.3301775e+00   1.6165101e+00   3.1893608e+00   4.2493525e+00   0.0000000e+00   1.3957812e+00   1.1530706e+00   2.5358049e+00   2.6569454e+00   2.4543342e+00   2.7960835e+00   3.0104539e+00   3.0863590e+00   2.8515701e+00   2.8592869e+00   2.4711299e+00   2.7215898e+00   1.8420035e+00   1.7357854e+00   2.8571662e+00   1.9351788e+00   7.7677066e-01   0.0000000e+00   0.0000000e+00   2.8678244e+00
   3.5926740e+00   3.2361750e+00   4.2244224e+00   4.6997088e+00   4.7722928e+00   4.8858627e+00   4.6823101e+00   5.0404577e+00   4.9975549e+00   4.6703826e+00   3.6637983e+00   1.0387253e+00   0.0000000e+00   0.0000000e+00   0.0000000e+00   0.0000000e+00   1.9975219e+00   1.8261627e+00   3.5834231e+00   3.3217341e+00   3.4726574e+00   3.7854873e+00   4.0839485e+00   3.9677417e+00   3.7616325e+00   3.7640794e+00   3.2869144e+00   3.5076980e+00   2.0998557e+00   1.9132721e+00   3.6615863e+00   2.8559275e+00   1.0600559e+00   0.0000000e+00   0.0000000e+00   0.0000000e+00
   4.7418937e+00   4.6468361e+00   5.2027122e+00   5.7588995e+00   5.1292939e+00   5.3867568e+00   5.4140750e+00   5.7631484e+00   5.0128755e+00   4.7580857e+00   4.0495017e+00   1.2686317e+00   0.0000000e+00   0.0000000e+00   0.0000000e+00   0.0000000e+00   3.2776042e+00   3.8212092e+00   4.9570744e+00   3.8801664e+00   4.4332031e+00   4.1459932e+00   4.5136904e+00   4.6370920e+00   4.7548606e+00   4.5699551e+00   3.8610347e+00   4.0390918e+00   2.1449341e+00   1.8231397e+00   0.0000000e+00   3.7623361e+00   1.8375847e+00   0.0000000e+00   0.0000000e+00   0.0000000e+00
   4.3569172e+00   4.4393941e+00   4.7310281e+00   5.3674753e+00   4.3785523e+00   4.4564235e+00   4.4401534e+00   4.9680483e+00   4.3769104e+00   3.8395653e+00   3.4757753e+00   1.9198365e+00   1.5613693e+00   0.0000000e+00   0.0000000e+00   0.0000000e+00   3.9432015e+00   4.2431720e+00   5.2195634e+00   3.9379354e+00   4.0763582e+00   3.5253552e+00   3.9429776e+00   4.0588191e+00   4.4333871e+00   4.3333883e+00   3.5967403e+00   3.7033816e+00   1.9565915e+00   1.7146697e+00   0.0000000e+00   3.9071896e+00   2.4780411e+00   1.4428589e+00   0.0000000e+00   0.0000000e+00
   0.0000000e+00   4.0974739e+00   3.9949164e+00   4.6623678e+00   3.5787833e+00   3.3780067e+00   3.3173032e+00   4.1142957e+00   3.8811474e+00   3.1932357e+00   3.0904346e+00   2.5073121e+00   1.6446829e+00   1.2621795e+00   0.0000000e+00   0.0000000e+00   4.4071839e+00   4.3586245e+00   5.3096690e+00   4.2018296e+00   3.9151913e+00   3.0970294e+00   3.3886420e+00   3.3960065e+00   4.0154841e+00   4.1230678e+00   3.5119830e+00   3.5124077e+00   1.9488732e+00   1.8720216e+00   0.0000000e+00   4.0879603e+00   3.0464087e+00   1.7704623e+00   0.0000000e+00   0.0000000e+00
   0.0000000e+00   3.3794841e+00   2.5027141e+00   3.1041294e+00   2.4660270e+00   1.7026143e+00   1.5840971e+00   2.9129506e+00   3.5554356e+00   2.9594096e+00   0.0000000e+00   3.1118314e+00   1.5034764e+00   6.4372688e-01   0.0000000e+00   0.0000000e+00   4.5617746e+00   3.8500270e+00   5.0553632e+00   4.9743689e+00   4.1296353e+00   2.9675324e+00   2.7248414e+00   2.3801014e+00   3.2829170e+00   3.9139674e+00   3.7882983e+00   3.5805651e+00   2.3246176e+00   2.6376610e+00   0.0000000e+00   0.0000000e+00   3.6090022e+00   2.0742047e+00   0.0000000e+00   0.0000000e+00
   0.0000000e+00   3.2399097e+00   1.8072202e+00   1.4052099e+00   1.8611947e+00   1.6821650e+00   1.2772346e+00   2.7362069e+00   3.8206242e+00   4.5786677e+00   0.0000000e+00   4.0889346e+00   0.0000000e+00   0.0000000e+00   0.0000000e+00   5.3663721e+00   4.5148291e+00   3.4985624e+00   4.8139760e+00   6.1299835e+00   6.2477731e+00   5.0350151e+00   3.7971451e+00   2.8931494e+00   3.5826393e+00   4.9172537e+00   5.6418292e+00   4.9785778e+00   3.3457131e+00   4.0830326e+00   0.0000000e+00   5.3407327e+00   4.1070168e+00   2.4444859e+00   0.0000000e+00   0.0000000e+00
   0.0000000e+00   3.2858499e+00   2.4966488e+00   0.0000000e+00   1.4837604e+00   1.9256101e+00   2.0114607e+00   3.1618513e+00   4.0270638e+00   5.5455971e+00   6.6217041e+00   5.1939375e+00   0.0000000e+00   0.0000000e+00   0.0000000e+00   5.2348952e+00   4.7450898e+00   3.7852370e+00   0.0000000e+00   6.7127234e+00   7.7845080e+00   6.8652176e+00   5.2486590e+00   4.2998938e+00   4.5721158e+00   5.9752294e+00   7.0300706e+00   6.3258750e+00   4.3824833e+00   4.7946458e+00   0.0000000e+00   5.9011939e+00   4.3423086e+00   2.7728301e+00   0.0000000e+00   0.0000000e+00
   0.0000000e+00   3.2875910e+00   3.3475770e+00   1.4323963e+00   0.0000000e+00   2.2159297e+00   2.9056602e+00   3.5840861e+00   4.1331448e+00   6.0914432e+00   7.6111556e+00   6.3064802e+00   2.9317004e+00   0.0000000e+00   0.0000000e+00   4.8467715e+00   5.0158555e+00   0.0000000e+00   0.0000000e+00   6.9557668e+00   8.7987589e+00   8.3151767e+00   6.6425010e+00   5.8571660e+00   5.6954190e+00   6.8621342e+00   7.9923870e+00   7.4875266e+00   5.2849989e+00   5.0891916e+00   0.0000000e+00   6.0847875e+00   4.3841501e+00   0.0000000e+00   0.0000000e+00   0.0000000e+00
   0.0000000e+00   3.0338286e+00   3.6921734e+00   2.0895218e+00   0.0000000e+00   2.4381258e+00   3.4963084e+00   3.5451534e+00   3.9415923e+00   5.6248400e+00   7.0334154e+00   7.1689452e+00   4.8840711e+00   0.0000000e+00   0.0000000e+00   4.0277726e+00   5.1935251e+00   0.0000000e+00   0.0000000e+00   0.0000000e+00   8.3554013e+00   8.4640807e+00   7.3747595e+00   7.0578720e+00   6.6127727e+00   7.0218332e+00   7.7374446e+00   7.8941813e+00   5.5978897e+00   0.0000000e+00   0.0000000e+00   5.2927081e+00   3.9741262e+00   0.0000000e+00   0.0000000e+00   0.0000000e+00
   0.0000000e+00   1.5400348e+00   2.5188841e+00   2.7787931e+00   0.0000000e+00   1.9087864e+00   1.6243142e+00   1.8233613e+00   2.9269214e+00   3.6209775e+00   3.8000106e+00   5.8648563e+00   5.9546313e+00   4.8519946e+00   3.4258473e+00   3.1282526e+00   3.9788237e+00   0.0000000e+00   0.0000000e+00   0.0000000e+00   5.0917804e+00   5.3518816e+00   5.4199776e+00   5.4090415e+00   5.1253111e+00   4.7775549e+00   4.8041590e+00   5.5929486e+00   4.1240566e+00   0.0000000e+00   2.6923382e+00   3.4129344e+00   2.5001761e+00   0.0000000e+00   0.0000000e+00   0.0000000e+00
   0.0000000e+00   0.0000000e+00   1.5555755e+00   3.3024301e+00   0.0000000e+00   1.0227923e+00   1.6592448e+00   1.1458788e+00   1.9001216e+00   2.0686921e+00   1.6773102e+00   3.0985454e+00   4.0764241e+00   2.0732701e+00   1.5416903e+00   1.7004693e+00   1.7734032e+00   0.0000000e+00   0.0000000e+00   0.0000000e+00   2.6010680e+00   2.7214768e+00   2.7905172e+00   2.6176993e+00   2.4363010e+00   1.9337996e+00   1.7792836e+00   2.7368030e+00   2.5211103e+00   0.0000000e+00   1.3819207e+00   2.3710270e+00   2.6622130e+00   0.0000000e+00   0.0000000e+00   0.0000000e+00
   0.0000000e+00   0.0000000e+00   0.0000000e+00   0.0000000e+00   0.0000000e+00   1.3253094e+00   2.4931899e+00   7.4729257e-01   1.2498201e+00   1.5871507e+00   1.3712195e+00   1.9927814e+00   2.3350012e+00   2.0092516e+00   1.7476878e+00   1.7316843e+00   1.6581021e+00   1.5698397e+00   0.0000000e+00   0.0000000e+00   2.5750536e+00   2.6643391e+00   2.5006038e+00   2.1944543e+00   1.7444962e+00   1.5893344e+00   1.5653652e+00   1.9440590e+00   1.5548320e+00   1.2587989e+00   1.3403100e+00   1.8541667e+00   0.0000000e+00   0.0000000e+00   0.0000000e+00   0.0000000e+00
   0.0000000e+00   0.0000000e+00   0.0000000e+00   0.0000000e+00   0.0000000e+00   1.7660364e+00   2.6476249e+00   8.8710918e-01   1.0848575e+00   1.7477761e+00   1.9584309e+00   2.7379771e+00   2.6722649e+00   3.4538330e+00   0.0000000e+00   3.0174026e+00   0.0000000e+00   2.5808668e+00   3.0320229e+00   3.0809359e+00   3.7650525e+00   3.6996337e+00   3.4846694e+00   3.1439956e+00   2.5464598e+00   2.6749320e+00   2.6272204e+00   2.4919551e+00   1.5560104e+00   2.0578422e+00   1.8070646e+00   2.0295596e+00   0.0000000e+00   0.0000000e+00   0.0000000e+00   0.0000000e+00
   0.0000000e+00   0.0000000e+00   0.0000000e+00   0.0000000e+00   0.0000000e+00   0.0000000e+00   0.0000000e+00   0.0000000e+00   1.2143416e+00   1.6521320e+00   2.0783073e+00   3.3302408e+00   3.7702414e+00   3.7392001e+00   3.6662084e+00   3.7585344e+00   0.0000000e+00   3.4125600e+00   3.7972120e+00   3.8376048e+00   4.1042111e+00   3.7340981e+00   3.6215316e+00   3.3153543e+00   3.0179649e+00   3.0274239e+00   2.7620108e+00   2.7009403e+00   2.0671160e+00   2.3998046e+00   2.0845060e+00   2.7564439e+00   0.0000000e+00   0.0000000e+00   0.0000000e+00   0.0000000e+00
   0.0000000e+00   0.0000000e+00   0.0000000e+00   0.0000000e+00   0.0000000e+00   0.0000000e+00   0.0000000e+00   0.0000000e+00   0.0000000e+00   1.3038022e+00   1.5260189e+00   2.0239989e+00   2.3357704e+00   2.3754221e+00   2.4293989e+00   2.5575256e+00   2.3737166e+00   2.6058122e+00   3.0146466e+00   3.2748662e+00   3.2480750e+00   2.8838466e+00   2.7017516e+00   2.5077830e+00   2.4828176e+00   2.3618402e+00   2.2317258e+00   2.2424535e+00   2.1626757e+00   2.4812537e+00   2.5344728e+00   0.0000000e+00   0.0000000e+00   0.0000000e+00   0.0000000e+00   0.0000000e+00
   0.0000000e+00   0.0000000e+00   0.0000000e+00   0.0000000e+00   0.0000000e+00   0.0000000e+00   0.0000000e+00   0.0000000e+00   0.0000000e+00   0.0000000e+00   1.1538740e+00   8.9305481e-01   8.4890434e-01   8.0315524e-01   8.4129268e-01   9.2467025e-01   1.0977918e+00   1.2329593e+00   1.5230020e+00   1.9319860e+00   1.8515687e+00   1.7561099e+00   1.6549208e+00   1.6890435e+00   1.7043755e+00   1.5728861e+00   1.5822685e+00   1.5486153e+00   1.6434518e+00   1.9730697e+00   0.0000000e+00   0.0000000e+00   0.0000000e+00   0.0000000e+00   0.0000000e+00   0.0000000e+00
   0.0000000e+00   0.0000000e+00   0.0000000e+00   0.0000000e+00   0.0000000e+00   0.0000000e+00   0.0000000e+00   0.0000000e+00   0.0000000e+00   0.0000000e+00   0.0000000e+00   1.2098380e+00   1.1363184e+00   8.6073204e-01   5.8397137e-01   5.5129797e-01   5.0747554e-01   6.4931891e-01   9.2303333e-01   1.1342585e+00   1.0205035e+00   9.2255615e-01   7.6209358e-01   6.6854408e-01   6.4268273e-01   6.4299644e-01   5.5707013e-01   5.2066964e-01   5.3697952e-01   7.8863247e-01   0.0000000e+00   0.0000000e+00   0.0000000e+00   0.0000000e+00   0.0000000e+00   0.0000000e+00
   0.0000000e+00   0.0000000e+00   0.0000000e+00   0.0000000e+00   0.0000000e+00   0.0000000e+00   0.0000000e+00   0.0000000e+00   0.0000000e+00   0.0000000e+00   1.8530985e+00   1.8459250e+00   1.8714224e+00   1.8109517e+00   1.6606203e+00   1.5661942e+00   1.3649551e+00   1.2804437e+00   1.4793640e+00   1.6992298e+00   1.7821929e+00   1.8534892e+00   1.8915584e+00   0.0000000e+00   0.0000000e+00   1.4136702e+00   1.2823226e+00   0.0000000e+00   0.0000000e+00   0.0000000e+00   0.0000000e+00   0.0000000e+00   0.0000000e+00   0.0000000e+00   0.0000000e+00   0.0000000e+00
   0.0000000e+00   0.0000000e+00   0.0000000e+00   0.0000000e+00   0.0000000e+00   0.0000000e+00   0.0000000e+00   0.0000000e+00   0.0000000e+00   8.4446953e-01   9.1407064e-01   1.0322065e+00   1.1308858e+00   1.2312872e+00   1.3871937e+00   1.5298001e+00   1.5802603e+00   1.5128900e+00   1.4070085e+00   1.2900186e+00   1.1902350e+00   1.1251977e+00   1.0575255e+00   9.5143097e-01   8.2620505e-01   0.0000000e+00   0.0000000e+00   0.0000000e+00   0.0000000e+00   0.0000000e+00   0.0000000e+00   0.0000000e+00   0.0000000e+00   0.0000000e+00   0.0000000e+00   0.0000000e+00
