  -1.5766909e-02
  -1.4503649e-02
  -1.4709678e-02
  -1.6224479e-02
  -1.7982209e-02
  -1.9236647e-02
  -1.8942686e-02
  -1.7127175e-02
  -1.4410293e-02
  -1.2167893e-02
  -1.1002898e-02
  -1.1179159e-02
  -1.3123764e-02
  -1.5914626e-02
  -1.8440587e-02
  -1.9846981e-02
  -2.1083089e-02
  -2.3111386e-02
  -2.4934677e-02
  -2.4962971e-02
  -2.3217766e-02
  -2.1588037e-02
  -2.1352910e-02
  -2.1862624e-02
  -2.1595202e-02
  -2.0320524e-02
  -1.9009775e-02
  -1.8578045e-02
  -1.8686526e-02
  -1.8623715e-02
  -1.9282162e-02
  -2.0892054e-02
  -2.1834595e-02
  -2.1033853e-02
  -1.9577263e-02
  -1.7775156e-02
  -4.5926873e-02
  -3.9316151e-02
  -3.4824293e-02
  -3.2751985e-02
  -3.2797158e-02
  -3.4502104e-02
  -3.6704637e-02
  -3.7565507e-02
  -3.3424187e-02
  -2.5163747e-02
  -1.4375780e-02
  -6.2564611e-03
  -5.7354551e-03
  -8.6457795e-03
  -1.2960223e-02
  -1.4415286e-02
  -1.3765613e-02
  -1.9015001e-02
  -3.2239825e-02
  -4.1687258e-02
  -4.1380271e-02
  -3.4528833e-02
  -2.8049935e-02
  -2.6744831e-02
  -2.8339956e-02
  -2.9845295e-02
  -3.4650248e-02
  -3.9800085e-02
  -4.2094726e-02
  -3.8842868e-02
  -3.6009099e-02
  -4.0007453e-02
  -4.2213641e-02
  -3.9688434e-02
  -4.2450264e-02
  -4.8284985e-02
  -1.8439408e-02
  -9.7005684e-03
  -6.0044741e-03
  -3.4225645e-04
   2.6735673e-03
   4.2329710e-03
   2.3381149e-03
  -1.9920978e-03
   7.2841067e-07
   2.8129006e-03
   1.2027811e-02
   1.8919811e-02
   1.9209016e-02
   1.9826135e-02
   1.5241742e-02
   1.4410527e-02
   1.7042985e-02
   1.8812459e-02
   8.5617378e-03
   6.5395865e-04
   1.7676367e-03
  -1.0575063e-03
   4.0776758e-03
   4.0827040e-03
   2.3156223e-03
   2.6987211e-03
  -9.1861086e-03
  -1.1690634e-02
  -9.0496782e-03
  -2.5468294e-03
  -9.7501976e-04
  -1.1244544e-02
  -7.9995068e-03
  -1.9528569e-03
  -8.9051556e-03
  -1.9976771e-02
   3.2159094e-02
   3.6180023e-02
   3.6912821e-02
   4.0742494e-02
   4.2661693e-02
   4.7337305e-02
   5.0145220e-02
   4.9290288e-02
   5.4272410e-02
   5.3532586e-02
   5.9465617e-02
   5.9014745e-02
   5.8385305e-02
   6.8830140e-02
   6.7977637e-02
   6.7360558e-02
   6.4036168e-02
   6.7976929e-02
   6.5721609e-02
   5.9635296e-02
   6.8443827e-02
   5.9670426e-02
   5.6451701e-02
   5.5001769e-02
   4.9669135e-02
   5.4061182e-02
   4.3618567e-02
   3.9231949e-02
   4.3127235e-02
   5.2727666e-02
   5.0351687e-02
   3.5073504e-02
   4.8304215e-02
   5.2940488e-02
   4.0053610e-02
   3.2897912e-02
   7.4949533e-02
   7.5627647e-02
   7.5910479e-02
   7.6684780e-02
   7.8268185e-02
   8.1272043e-02
   8.4717855e-02
   8.8511437e-02
   9.4708592e-02
   9.2861407e-02
   9.7601928e-02
   9.6898608e-02
   9.3871742e-02
   1.0715609e-01
   1.1137632e-01
   1.1454732e-01
   1.1404746e-01
   1.1637378e-01
   1.2237638e-01
   1.1336395e-01
   1.1629196e-01
   1.1473025e-01
   1.0757370e-01
   1.0662351e-01
   9.8113030e-02
   9.8222494e-02
   9.9741444e-02
   9.4634578e-02
   9.0010054e-02
   9.6042931e-02
   9.9737287e-02
   8.7349735e-02
   9.1811970e-02
   9.2962153e-02
   7.9764485e-02
   7.5904578e-02
   9.9893361e-02
   9.9341914e-02
   9.8293774e-02
   9.8771714e-02
   1.0009627e-01
   9.8723985e-02
   9.8154396e-02
   9.9292077e-02
   1.0227637e-01
   1.0190763e-01
   1.0529569e-01
   1.1068378e-01
   1.0619646e-01
   1.1164930e-01
   1.1687979e-01
   1.1916467e-01
   1.2847023e-01
   1.3363919e-01
   1.4299817e-01
   1.3904254e-01
   1.2860821e-01
   1.3336664e-01
   1.3167289e-01
   1.2896284e-01
   1.2573916e-01
   1.2335502e-01
   1.3043149e-01
   1.3254040e-01
   1.2315526e-01
   1.1776458e-01
   1.2775169e-01
   1.2562454e-01
   1.1114403e-01
   1.0963067e-01
   1.0763982e-01
   1.0188927e-01
   9.6530676e-02
   9.3831480e-02
   9.0923600e-02
   9.0384282e-02
   8.9504845e-02
   8.7014675e-02
   8.5139282e-02
   8.1836179e-02
   8.0177426e-02
   8.0584139e-02
   8.2493231e-02
   8.7235510e-02
   8.4489010e-02
   8.3744630e-02
   8.4690928e-02
   8.4993400e-02
   9.5786266e-02
   1.0251635e-01
   1.0860904e-01
   1.1396072e-01
   1.0563533e-01
   1.0564502e-01
   1.0759174e-01
   1.0564209e-01
   1.0973320e-01
   1.1149176e-01
   1.1577606e-01
   1.2215853e-01
   1.1724342e-01
   1.0610913e-01
   1.1082648e-01
   1.1563972e-01
   1.0340689e-01
   1.0224865e-01
   1.0823271e-01
   1.0262331e-01
   6.6884965e-02
   6.1919756e-02
   5.8300082e-02
   5.5652454e-02
   5.3045262e-02
   5.1407501e-02
   5.0841536e-02
   4.8582189e-02
   4.6216123e-02
   4.5269150e-02
   4.4664197e-02
   4.4422247e-02
   4.4846959e-02
   4.3050010e-02
   3.8922824e-02
   3.7613202e-02
   4.2136021e-02
   4.7395859e-02
   5.0454739e-02
   5.8200549e-02
   6.1277654e-02
   5.7073060e-02
   5.7257175e-02
   5.8250092e-02
   6.3415147e-02
   6.8960927e-02
   7.0421122e-02
   7.5219899e-02
   7.7049270e-02
   7.0603065e-02
   6.6831231e-02
   7.1424276e-02
   7.4344940e-02
   7.3706336e-02
   7.6788537e-02
   7.4870981e-02
   2.5976034e-02
   2.0642603e-02
   1.7217290e-02
   1.3994398e-02
   1.1264778e-02
   1.0116000e-02
   1.0854140e-02
   1.2363714e-02
   1.2546283e-02
   1.0214966e-02
   7.5761192e-03
   4.0319674e-03
   5.4144780e-03
   5.0646630e-03
  -1.6948832e-03
  -5.6522330e-03
  -7.0170648e-03
  -3.5915684e-03
  -4.6930480e-04
   3.2558404e-03
   1.2533126e-02
   1.1436897e-02
   9.5324814e-03
   1.1108904e-02
   1.2141028e-02
   1.7712304e-02
   1.8792024e-02
   1.9763529e-02
   2.5419300e-02
   2.7130697e-02
   2.1208068e-02
   2.1981061e-02
   3.2793425e-02
   3.3601370e-02
   3.0831641e-02
   3.1178595e-02
  -1.1603522e-02
  -1.5153682e-02
  -1.7965216e-02
  -1.9899756e-02
  -2.1960679e-02
  -2.3114024e-02
  -2.2167515e-02
  -1.8807115e-02
  -1.6176272e-02
  -1.7598556e-02
  -1.8994268e-02
  -2.3781631e-02
  -2.6455747e-02
  -2.4735967e-02
  -2.9434673e-02
  -3.7432682e-02
  -4.2056844e-02
  -3.9313450e-02
  -3.4136094e-02
  -3.4782939e-02
  -2.8262798e-02
  -2.2752522e-02
  -2.4081700e-02
  -2.4662372e-02
  -2.7952135e-02
  -2.5684258e-02
  -2.2942066e-02
  -2.4297478e-02
  -1.9314980e-02
  -1.2200480e-02
  -1.3189389e-02
  -1.5396479e-02
  -8.8568656e-03
  -5.5980054e-03
  -1.0422257e-02
  -1.1541356e-02
  -3.4734935e-02
  -3.4401566e-02
  -3.6006555e-02
  -3.6960904e-02
  -3.7702478e-02
  -3.9003275e-02
  -3.8985107e-02
  -3.7707347e-02
  -3.7180960e-02
  -3.6001235e-02
  -3.0319573e-02
  -3.4900231e-02
  -5.1465359e-02
  -4.6500577e-02
  -3.6844822e-02
  -5.4153497e-02
  -6.2046692e-02
  -5.7571527e-02
  -5.1756479e-02
  -5.0542597e-02
  -5.1468991e-02
  -4.3532100e-02
  -4.3033637e-02
  -4.6713021e-02
  -5.0118752e-02
  -5.1429901e-02
  -4.6483733e-02
  -4.5733813e-02
  -4.5283582e-02
  -3.8549390e-02
  -3.2327469e-02
  -3.3575904e-02
  -3.7232067e-02
  -3.3105515e-02
  -3.3283137e-02
  -3.6607128e-02
  -3.4959156e-02
  -3.2625493e-02
  -3.2538448e-02
  -3.3909097e-02
  -3.3338606e-02
  -3.5586175e-02
  -3.8261876e-02
  -4.0478852e-02
  -4.4165120e-02
  -3.8417777e-02
  -3.0612913e-02
  -0.0000000e+00
  -5.7529214e-02
  -4.9934590e-02
   0.0000000e+00
  -0.0000000e+00
  -6.2754512e-02
  -5.8582127e-02
  -5.5511713e-02
  -4.9467586e-02
  -5.0740439e-02
  -4.9199209e-02
  -4.8675705e-02
  -5.1246352e-02
  -5.2042548e-02
  -5.3576197e-02
  -4.9025517e-02
  -4.4320047e-02
  -4.4110328e-02
  -4.3075211e-02
  -3.8046759e-02
  -3.6878485e-02
  -4.1406713e-02
  -3.8207315e-02
  -3.3924829e-02
  -3.5021126e-02
  -2.6926054e-02
  -2.4948172e-02
  -2.4876410e-02
  -2.5990309e-02
  -2.4834095e-02
  -2.8213728e-02
  -3.3156134e-02
  -3.7984326e-02
  -4.1726362e-02
  -3.4884794e-02
   0.0000000e+00
   0.0000000e+00
  -0.0000000e+00
  -0.0000000e+00
   0.0000000e+00
  -0.0000000e+00
  -5.5393357e-02
  -5.3237725e-02
  -5.1877845e-02
  -4.6338014e-02
  -4.6597354e-02
  -4.6076696e-02
  -4.5272715e-02
  -4.5614578e-02
  -4.4864539e-02
  -4.5720179e-02
  -4.2734910e-02
  -3.7772950e-02
  -3.6087047e-02
  -3.8160324e-02
  -3.7120581e-02
  -3.5236746e-02
  -3.6072772e-02
  -3.2580808e-02
  -2.7961828e-02
  -2.6680218e-02
  -1.6537499e-02
  -1.5821908e-02
  -1.6510209e-02
  -1.6827494e-02
  -1.5470635e-02
  -2.0063339e-02
  -2.6841598e-02
  -3.3912376e-02
  -3.4838412e-02
  -2.7050051e-02
   0.0000000e+00
   0.0000000e+00
  -0.0000000e+00
  -0.0000000e+00
   0.0000000e+00
  -0.0000000e+00
  -4.4661749e-02
  -4.5162238e-02
  -4.4632640e-02
  -4.1881498e-02
  -4.1056871e-02
  -3.8484339e-02
  -3.7463132e-02
  -3.5620686e-02
  -3.4077190e-02
  -3.3783287e-02
  -3.2440316e-02
  -2.8982975e-02
  -2.5755784e-02
  -2.9478317e-02
  -3.2363076e-02
  -3.0413862e-02
  -2.7070262e-02
  -2.3259981e-02
  -1.9789329e-02
  -1.6500777e-02
  -7.6960116e-03
  -8.8220313e-03
  -1.0727206e-02
  -9.3404762e-03
  -8.6723864e-03
  -1.4606581e-02
  -2.1902420e-02
  -3.0353827e-02
  -2.4070889e-02
  -1.3529824e-02
  -1.2265973e-02
   0.0000000e+00
  -0.0000000e+00
  -0.0000000e+00
   0.0000000e+00
  -0.0000000e+00
  -3.0877274e-02
  -3.3948101e-02
  -3.2431256e-02
  -3.5059746e-02
  -3.4648113e-02
  -2.5583214e-02
  -2.3292011e-02
  -2.0484157e-02
  -1.9571882e-02
  -1.8408529e-02
  -1.7530182e-02
  -1.8314190e-02
  -1.6451856e-02
  -1.8200153e-02
  -2.0366907e-02
  -1.9664198e-02
  -1.5923413e-02
  -1.2489810e-02
  -1.1387536e-02
  -8.0995616e-03
  -1.4097942e-02
  -1.4580227e-02
  -1.5701998e-02
  -1.5511814e-02
  -1.5098677e-02
  -1.9565089e-02
  -2.4077071e-02
  -3.0394502e-02
  -2.1907760e-02
  -4.7294293e-03
  -1.2488119e-03
   0.0000000e+00
   0.0000000e+00
   0.0000000e+00
   0.0000000e+00
  -0.0000000e+00
  -2.3123272e-02
  -2.5783606e-02
  -2.7748613e-02
  -2.5688928e-02
  -2.4051300e-02
  -0.0000000e+00
  -2.1054018e-02
  -1.7724648e-02
  -1.7917488e-02
  -1.7038995e-02
  -1.5859004e-02
  -1.6972188e-02
  -1.7944416e-02
  -1.7772179e-02
  -1.5526331e-02
  -1.5568198e-02
  -1.6595745e-02
  -1.6222807e-02
  -1.5350814e-02
  -1.3389445e-02
  -1.9303724e-02
  -1.9574318e-02
  -2.0172942e-02
  -2.0690985e-02
  -1.9888274e-02
  -2.1701867e-02
  -2.3374401e-02
  -2.7143257e-02
  -2.0134831e-02
  -5.1708525e-04
   7.9401194e-03
   0.0000000e+00
   0.0000000e+00
   0.0000000e+00
   0.0000000e+00
  -0.0000000e+00
  -1.8043613e-02
  -2.0377531e-02
  -2.5832770e-02
  -1.8654177e-02
  -1.6025938e-02
  -0.0000000e+00
  -2.3357181e-02
  -1.9232867e-02
  -1.9273253e-02
  -1.7577909e-02
  -1.6304724e-02
  -1.6648123e-02
  -1.8167006e-02
  -1.7431065e-02
  -1.4391175e-02
  -1.4885021e-02
  -1.7749129e-02
  -1.9139860e-02
  -1.8928224e-02
  -1.8163450e-02
  -2.2423182e-02
  -2.2691060e-02
  -2.3016088e-02
  -2.3771150e-02
  -2.2090347e-02
  -2.0225316e-02
  -1.9090077e-02
  -1.9909197e-02
  -1.6230322e-02
   2.3733571e-03
   1.2202022e-02
   0.0000000e+00
   0.0000000e+00
   0.0000000e+00
   0.0000000e+00
  -0.0000000e+00
  -0.0000000e+00
  -0.0000000e+00
  -2.4911130e-02
  -1.3237241e-02
  -0.0000000e+00
  -0.0000000e+00
  -2.6577631e-02
  -2.1439800e-02
  -2.0746181e-02
  -1.7613750e-02
  -1.6549373e-02
  -1.5637532e-02
  -1.6553881e-02
  -1.5960960e-02
  -1.4030010e-02
  -1.4809107e-02
  -1.7716229e-02
  -2.0177258e-02
  -2.0764161e-02
  -2.1269042e-02
  -2.2393880e-02
  -2.5276341e-02
  -2.7340366e-02
  -2.6226882e-02
  -2.2738479e-02
  -1.6801378e-02
  -1.0510314e-02
  -9.5740086e-03
  -1.2125588e-02
  -8.2974671e-04
   1.3319521e-02
   0.0000000e+00
   0.0000000e+00
   0.0000000e+00
   0.0000000e+00
  -0.0000000e+00
  -0.0000000e+00
   0.0000000e+00
  -0.0000000e+00
  -0.0000000e+00
   0.0000000e+00
  -0.0000000e+00
  -3.3320710e-02
  -3.0015295e-02
  -2.7487753e-02
  -2.3129227e-02
  -2.1074776e-02
  -1.7686140e-02
  -1.5787169e-02
  -1.5471893e-02
  -1.7265275e-02
  -1.8678192e-02
  -1.8421361e-02
  -1.9194255e-02
  -2.1680092e-02
  -2.2857750e-02
  -2.2691362e-02
  -2.6363894e-02
  -3.0402841e-02
  -2.8912947e-02
  -2.4344174e-02
  -1.5974611e-02
  -6.6258456e-03
  -6.8004477e-03
  -1.4115402e-02
  -7.8418301e-03
   5.0689839e-03
   0.0000000e+00
   0.0000000e+00
   0.0000000e+00
  -0.0000000e+00
  -0.0000000e+00
  -0.0000000e+00
   0.0000000e+00
  -0.0000000e+00
  -0.0000000e+00
   0.0000000e+00
  -0.0000000e+00
  -3.7910875e-02
  -3.4323025e-02
  -3.2819580e-02
  -2.8693527e-02
  -2.5881093e-02
  -2.0947738e-02
  -1.7279070e-02
  -1.6875904e-02
  -1.9115852e-02
  -2.0683778e-02
  -1.8216375e-02
  -1.7717980e-02
  -1.9772613e-02
  -2.1370612e-02
  -2.1479545e-02
  -2.5021121e-02
  -2.9994261e-02
  -2.8652526e-02
  -2.3620026e-02
  -1.2694781e-02
  -1.5643378e-03
   9.6939178e-04
   0.0000000e+00
  -1.4700929e-02
  -4.9018581e-03
  -1.1905192e-03
   0.0000000e+00
   0.0000000e+00
  -0.0000000e+00
  -0.0000000e+00
  -0.0000000e+00
   0.0000000e+00
  -0.0000000e+00
   0.0000000e+00
   0.0000000e+00
  -0.0000000e+00
  -4.2398144e-02
  -3.9004691e-02
  -3.8765486e-02
  -3.5225343e-02
  -3.1716954e-02
  -2.5353372e-02
  -2.0056985e-02
  -1.8054554e-02
  -1.8935727e-02
  -2.1033579e-02
  -1.7853148e-02
  -1.6336774e-02
  -1.7242095e-02
  -1.8907262e-02
  -2.1043479e-02
  -2.2731451e-02
  -2.6887896e-02
  -2.7165901e-02
  -2.3145294e-02
  -9.9358642e-03
   1.4944584e-03
   2.6404573e-03
   0.0000000e+00
  -0.0000000e+00
  -2.2100052e-02
  -1.5142161e-02
   0.0000000e+00
   0.0000000e+00
  -0.0000000e+00
  -0.0000000e+00
  -0.0000000e+00
   0.0000000e+00
   0.0000000e+00
   0.0000000e+00
   0.0000000e+00
  -0.0000000e+00
  -4.8019018e-02
  -4.5749344e-02
  -4.7964271e-02
  -4.5819312e-02
  -4.1849818e-02
  -3.4558997e-02
  -2.7559308e-02
  -2.1386461e-02
  -1.7638264e-02
  -2.0520778e-02
  -1.8957831e-02
  -1.7144104e-02
  -1.6243601e-02
  -1.7521303e-02
  -2.8741863e-02
  -2.7066473e-02
  -2.7601793e-02
  -2.8276885e-02
  -2.6203414e-02
  -1.3126453e-02
  -2.4255468e-03
   0.0000000e+00
   0.0000000e+00
  -0.0000000e+00
  -3.9438985e-02
  -1.7742996e-02
   0.0000000e+00
   0.0000000e+00
   0.0000000e+00
   0.0000000e+00
   0.0000000e+00
   0.0000000e+00
   0.0000000e+00
   0.0000000e+00
   0.0000000e+00
  -0.0000000e+00
  -5.9736174e-02
  -6.6823244e-02
  -6.9604449e-02
  -6.6961341e-02
  -6.1774664e-02
  -5.6628983e-02
  -4.5227718e-02
  -3.6100585e-02
  -3.2668825e-02
  -3.4650717e-02
  -3.2478027e-02
  -2.8981667e-02
  -2.9913748e-02
  -2.9933063e-02
  -3.0815145e-02
  -2.8161809e-02
  -2.7395438e-02
  -2.7653648e-02
  -2.7080555e-02
  -1.5834453e-02
  -6.5181637e-03
   0.0000000e+00
   0.0000000e+00
  -0.0000000e+00
  -4.3644007e-02
  -2.0945950e-02
   0.0000000e+00
   0.0000000e+00
   0.0000000e+00
   0.0000000e+00
   0.0000000e+00
   0.0000000e+00
   0.0000000e+00
   0.0000000e+00
   0.0000000e+00
  -0.0000000e+00
  -0.0000000e+00
  -7.6729544e-02
  -7.9066671e-02
  -7.6056346e-02
  -7.1091659e-02
  -6.6971324e-02
  -5.3010002e-02
  -4.5102861e-02
  -4.6201129e-02
  -4.5639817e-02
  -3.8969573e-02
  -3.5794456e-02
  -3.8653843e-02
  -3.5967655e-02
  -2.7593527e-02
  -2.4873383e-02
  -2.3982514e-02
  -2.3877991e-02
  -2.5006246e-02
  -1.6906325e-02
  -0.0000000e+00
   0.0000000e+00
   0.0000000e+00
  -0.0000000e+00
  -4.0157814e-02
  -1.9526453e-02
   0.0000000e+00
   0.0000000e+00
   0.0000000e+00
   0.0000000e+00
   0.0000000e+00
   0.0000000e+00
   0.0000000e+00
   0.0000000e+00
   0.0000000e+00
   0.0000000e+00
  -0.0000000e+00
  -7.7745222e-02
  -7.8822784e-02
  -7.5723834e-02
  -7.2075836e-02
  -6.7257121e-02
  -5.2930564e-02
  -4.7841698e-02
  -5.2783817e-02
  -4.9431033e-02
  -3.8712762e-02
  -3.6954250e-02
  -4.0019706e-02
  -3.4586728e-02
  -1.2561591e-02
  -1.0739781e-02
  -1.1220649e-02
  -1.1315569e-02
  -1.5245089e-02
  -1.1578743e-02
   0.0000000e+00
   0.0000000e+00
   0.0000000e+00
  -0.0000000e+00
  -0.0000000e+00
  -0.0000000e+00
   0.0000000e+00
   0.0000000e+00
   0.0000000e+00
   0.0000000e+00
   0.0000000e+00
   0.0000000e+00
   0.0000000e+00
   0.0000000e+00
   0.0000000e+00
   0.0000000e+00
  -0.0000000e+00
  -5.9363622e-02
  -5.9634514e-02
  -5.6473020e-02
  -5.6661155e-02
  -4.6166409e-02
  -3.6942698e-02
  -3.7380874e-02
  -4.0600140e-02
  -3.3529632e-02
  -2.2936704e-02
  -2.4677893e-02
  -2.2566505e-02
  -1.5362591e-02
   2.7291171e-02
   2.7928563e-02
   2.5218748e-02
   2.2227559e-02
   1.6049109e-02
   1.2280119e-02
   0.0000000e+00
   0.0000000e+00
   0.0000000e+00
   0.0000000e+00
  -0.0000000e+00
  -0.0000000e+00
   0.0000000e+00
   0.0000000e+00
   0.0000000e+00
   0.0000000e+00
   0.0000000e+00
   0.0000000e+00
   0.0000000e+00
   0.0000000e+00
   0.0000000e+00
   0.0000000e+00
  -0.0000000e+00
  -1.8712254e-02
  -1.7776968e-02
  -1.7451150e-02
  -1.4505146e-02
  -2.2694764e-03
   1.1587802e-03
   3.0330152e-03
   9.6551348e-03
   1.5671691e-02
   1.6717024e-02
   1.6151160e-02
   2.4401104e-02
   2.7886640e-02
   7.9152517e-02
   7.5588644e-02
   6.9690950e-02
   6.2298499e-02
   5.7443582e-02
   4.3498039e-02
   0.0000000e+00
   0.0000000e+00
   0.0000000e+00
   0.0000000e+00
   0.0000000e+00
   0.0000000e+00
   0.0000000e+00
   0.0000000e+00
   0.0000000e+00
   0.0000000e+00
   0.0000000e+00
   0.0000000e+00
   0.0000000e+00
   0.0000000e+00
   0.0000000e+00
   0.0000000e+00
   0.0000000e+00
   2.6420776e-02
   2.9519213e-02
   2.9539604e-02
   3.8770288e-02
   4.8924621e-02
   5.3945139e-02
   6.0406506e-02
   6.7421153e-02
   7.1763210e-02
   6.9532759e-02
   7.4626483e-02
   8.1750572e-02
   8.0904797e-02
   1.1306241e-01
   1.0571011e-01
   1.0004742e-01
   9.2780069e-02
   9.2629164e-02
   7.0754943e-02
   0.0000000e+00
   0.0000000e+00
   0.0000000e+00
   0.0000000e+00
   0.0000000e+00
   0.0000000e+00
   0.0000000e+00
   0.0000000e+00
   0.0000000e+00
   0.0000000e+00
   0.0000000e+00
   0.0000000e+00
   0.0000000e+00
   0.0000000e+00
   0.0000000e+00
   0.0000000e+00
   5.9285028e-02
   7.1443647e-02
   7.5389408e-02
   8.0227725e-02
   8.7920442e-02
   9.1945730e-02
   1.0019387e-01
   1.0275839e-01
   9.9252805e-02
   1.0057513e-01
   1.0709396e-01
   1.2022397e-01
   1.2375091e-01
   1.1917180e-01
   1.1073694e-01
   1.0339808e-01
   1.0150546e-01
   9.9159449e-02
   1.0291721e-01
   8.2517947e-02
   0.0000000e+00
   0.0000000e+00
   0.0000000e+00
   0.0000000e+00
   0.0000000e+00
   0.0000000e+00
   0.0000000e+00
   0.0000000e+00
   0.0000000e+00
   0.0000000e+00
   0.0000000e+00
   0.0000000e+00
   6.6604264e-02
   7.2193049e-02
   7.9185106e-02
   8.4830567e-02
   9.7910106e-02
   1.0102759e-01
   1.0619056e-01
   1.1703406e-01
   1.0895256e-01
   1.0578098e-01
   1.1164800e-01
   9.9363655e-02
   9.2111497e-02
   8.6056538e-02
   1.0532397e-01
   1.2167004e-01
   1.2470020e-01
   1.2008825e-01
   6.9973134e-02
   6.7782603e-02
   7.0505656e-02
   7.3714174e-02
   7.8160614e-02
   6.9037149e-02
   4.6270401e-02
   0.0000000e+00
   0.0000000e+00
   0.0000000e+00
   0.0000000e+00
   0.0000000e+00
   0.0000000e+00
   0.0000000e+00
   0.0000000e+00
   0.0000000e+00
   0.0000000e+00
   0.0000000e+00
   6.5610364e-02
   7.1952872e-02
   7.9892881e-02
   8.7482072e-02
   1.0366137e-01
   9.6538466e-02
   1.0963194e-01
   1.1669057e-01
   8.7923229e-02
   7.9985783e-02
   7.2051488e-02
   5.9306373e-02
   0.0000000e+00
   0.0000000e+00
   0.0000000e+00
   6.8044834e-02
   7.3765986e-02
   7.4454583e-02
   1.9081900e-02
   2.3188945e-02
   2.8678080e-02
   3.3713665e-02
   3.7396640e-02
   3.7947454e-02
   2.5911333e-02
   0.0000000e+00
   0.0000000e+00
   0.0000000e+00
   0.0000000e+00
   0.0000000e+00
   0.0000000e+00
   0.0000000e+00
   0.0000000e+00
   0.0000000e+00
   0.0000000e+00
   0.0000000e+00
   0.0000000e+00
   0.0000000e+00
   0.0000000e+00
   0.0000000e+00
   5.8542829e-02
   5.2940964e-02
   9.2290915e-02
   7.2031655e-02
   4.5213804e-02
   4.5900662e-02
   3.6336939e-02
   0.0000000e+00
   0.0000000e+00
   0.0000000e+00
   0.0000000e+00
   7.2501409e-03
   8.7183071e-03
   1.1995565e-02
  -1.8467814e-02
  -1.1057006e-02
  -4.6098540e-03
  -3.8873442e-04
   1.1946497e-03
   2.8199295e-04
  -2.8815664e-03
  -7.9343156e-03
   0.0000000e+00
   0.0000000e+00
   0.0000000e+00
   0.0000000e+00
   0.0000000e+00
   0.0000000e+00
   0.0000000e+00
   0.0000000e+00
   0.0000000e+00
   0.0000000e+00
   0.0000000e+00
   0.0000000e+00
  -0.0000000e+00
   0.0000000e+00
   5.0655978e-03
   1.4194410e-02
   0.0000000e+00
   0.0000000e+00
   0.0000000e+00
   0.0000000e+00
   0.0000000e+00
   0.0000000e+00
   0.0000000e+00
   0.0000000e+00
  -0.0000000e+00
  -0.0000000e+00
  -3.2293685e-02
  -3.1698462e-02
  -2.4056079e-02
  -2.2901531e-02
  -2.1413231e-02
  -2.1640010e-02
  -2.5024330e-02
  -2.9313792e-02
  -2.8405188e-02
  -2.4540190e-02
  -2.9985328e-02
   0.0000000e+00
   0.0000000e+00
   0.0000000e+00
   0.0000000e+00
   0.0000000e+00
   0.0000000e+00
   0.0000000e+00
   0.0000000e+00
   0.0000000e+00
   0.0000000e+00
  -0.0000000e+00
  -0.0000000e+00
  -0.0000000e+00
  -0.0000000e+00
   0.0000000e+00
   0.0000000e+00
   0.0000000e+00
   0.0000000e+00
   0.0000000e+00
   0.0000000e+00
   0.0000000e+00
   0.0000000e+00
   0.0000000e+00
   0.0000000e+00
  -0.0000000e+00
  -0.0000000e+00
  -2.7576204e-02
   2.6019549e-03
  -4.2278697e-03
  -1.0763439e-02
  -1.8001173e-02
  -2.3929082e-02
  -2.6949309e-02
  -2.7287085e-02
  -2.9727859e-02
  -3.1977978e-02
  -0.0000000e+00
   0.0000000e+00
   0.0000000e+00
   0.0000000e+00
   0.0000000e+00
   0.0000000e+00
   0.0000000e+00
  -0.0000000e+00
  -0.0000000e+00
  -0.0000000e+00
  -0.0000000e+00
  -0.0000000e+00
  -0.0000000e+00
   0.0000000e+00
   0.0000000e+00
   0.0000000e+00
   0.0000000e+00
   0.0000000e+00
   0.0000000e+00
   0.0000000e+00
   0.0000000e+00
   0.0000000e+00
   0.0000000e+00
   0.0000000e+00
   2.6956018e-02
   1.8283734e-02
   8.7554827e-03
   1.3635059e-02
   9.8310545e-03
   6.7193237e-03
   3.8357498e-03
   2.3410688e-03
   6.7570031e-04
  -4.8388532e-04
  -3.3569711e-03
  -0.0000000e+00
  -0.0000000e+00
   0.0000000e+00
   0.0000000e+00
   0.0000000e+00
   0.0000000e+00
   0.0000000e+00
  -0.0000000e+00
  -0.0000000e+00
  -0.0000000e+00
  -0.0000000e+00
  -0.0000000e+00
  -0.0000000e+00
   0.0000000e+00
   0.0000000e+00
   0.0000000e+00
   0.0000000e+00
   0.0000000e+00
   0.0000000e+00
   0.0000000e+00
   0.0000000e+00
   0.0000000e+00
   0.0000000e+00
   0.0000000e+00
   0.0000000e+00
   3.6407539e-02
   2.6454162e-02
   1.8522322e-02
