   4.4876868e-03
   7.7573108e-03
   1.0239553e-02
   1.0803273e-02
   9.5304055e-03
   7.4728034e-03
   6.9658803e-03
   9.1212410e-03
   1.4101654e-02
   1.9400101e-02
   2.2136144e-02
   2.0730184e-02
   1.5238052e-02
   8.0663357e-03
   6.0496171e-04
  -3.9988402e-03
  -6.1090672e-03
  -7.2129369e-03
  -6.7463750e-03
  -4.0951041e-03
   8.5155596e-04
   5.0430018e-03
   5.4271729e-03
   1.6802792e-03
  -3.0568196e-03
  -4.6399683e-03
  -2.1823561e-03
   3.4538142e-03
   8.7387050e-03
   1.1555244e-02
   1.1159620e-02
   8.1531135e-03
   3.8535418e-03
   9.8745839e-04
   3.2454528e-04
   1.5667074e-03
   6.4178552e-03
   1.3645696e-02
   1.5081938e-02
   1.3484826e-02
   1.0561451e-02
   5.4600961e-03
   1.9953845e-03
   2.3966562e-03
   1.0722565e-02
   2.1761114e-02
   2.7873388e-02
   2.5283197e-02
   1.2800556e-02
   2.2511238e-03
  -2.9742694e-04
   4.2723371e-03
   8.3463723e-03
   1.0334404e-02
   7.3662228e-03
   3.2270676e-03
   7.7995569e-03
   1.3423744e-02
   1.0450478e-02
   6.8529407e-05
  -1.0324390e-02
  -8.8851629e-03
   6.9346192e-04
   1.0172002e-02
   1.5746495e-02
   1.6885780e-02
   1.2481956e-02
   3.0764616e-03
  -2.6517434e-03
  -2.2366708e-03
  -3.1749590e-03
  -1.6466917e-03
   1.0009778e-03
   4.9269488e-03
   4.0780823e-03
   4.8677996e-03
   5.3223092e-03
   1.7184911e-03
  -8.0802233e-04
  -5.3059002e-03
  -2.1656207e-03
   2.7479879e-03
   5.8310991e-03
   9.1946563e-03
  -2.7576382e-03
  -8.4004626e-03
  -1.6228887e-03
   8.9059165e-03
   1.3714589e-02
   1.7195269e-02
   1.2995113e-02
  -6.3731573e-03
  -7.5542829e-03
  -1.4561643e-03
  -5.0024232e-03
  -3.8422779e-03
  -1.0661501e-02
  -2.3138584e-03
   1.1534074e-02
   7.3284269e-03
   1.7107914e-03
   6.1980556e-03
   1.0104633e-02
  -2.3422225e-03
  -4.1433321e-03
   6.2411036e-03
  -8.7675959e-04
  -6.1598495e-03
  -1.1506123e-02
  -1.2248301e-02
  -1.2091675e-02
  -9.9573387e-03
  -1.0792100e-02
  -1.3018812e-02
  -1.2337276e-02
  -1.8419931e-02
  -1.6719777e-02
  -1.5796404e-02
  -1.3343621e-02
  -5.1403721e-03
  -1.5419466e-02
  -1.7469486e-02
  -1.1730120e-02
  -3.8598748e-03
  -3.7204282e-04
   1.2119953e-03
   3.1043491e-03
  -1.7154166e-02
  -2.1699676e-02
  -1.6391831e-02
  -2.2572774e-02
  -1.4261246e-02
  -1.7386056e-02
  -9.2498707e-03
   8.3759231e-03
   3.8480316e-03
  -8.7453090e-03
  -6.2859212e-03
   6.7886533e-03
  -8.3694179e-03
  -1.2525531e-02
   5.3484431e-03
  -6.0053146e-03
  -1.4283445e-02
  -2.4434252e-02
  -2.5815571e-02
  -2.3925845e-02
  -2.3133300e-02
  -2.5567951e-02
  -2.5950322e-02
  -2.5634058e-02
  -2.9698903e-02
  -2.6248669e-02
  -2.6166933e-02
  -2.2823511e-02
  -1.5251674e-02
  -2.6300214e-02
  -2.8204603e-02
  -2.2883089e-02
  -1.8145001e-02
  -1.4169944e-02
  -1.4715949e-02
  -1.1230397e-02
  -1.9827833e-02
  -2.5184140e-02
  -2.5049506e-02
  -3.2666579e-02
  -2.7830634e-02
  -2.4672674e-02
  -2.1307833e-02
  -1.1914539e-02
  -9.6857138e-03
  -1.5746323e-02
  -1.8706031e-02
  -1.2705661e-02
  -2.1482276e-02
  -2.3869138e-02
  -1.4016876e-02
  -2.0373069e-02
  -2.3923300e-02
  -3.2370012e-02
  -3.1768918e-02
  -3.0107642e-02
  -3.1072775e-02
  -3.1290170e-02
  -2.9842572e-02
  -2.9827768e-02
  -3.1683076e-02
  -2.8880417e-02
  -2.8377831e-02
  -2.7243778e-02
  -2.4405057e-02
  -3.4181066e-02
  -3.6601782e-02
  -2.6635969e-02
  -2.0805530e-02
  -1.9343417e-02
  -2.0751055e-02
  -2.2329573e-02
  -2.4379479e-02
  -2.7134664e-02
  -3.1515975e-02
  -3.5430666e-02
  -3.2288868e-02
  -2.6628282e-02
  -2.4684126e-02
  -2.6548879e-02
  -2.7600260e-02
  -2.6882326e-02
  -2.9497065e-02
  -3.3258710e-02
  -3.3983625e-02
  -2.8324928e-02
  -2.5622780e-02
  -2.8691469e-02
  -3.0463092e-02
  -3.0450430e-02
  -2.9457990e-02
  -2.8706569e-02
  -2.9512299e-02
  -2.8043726e-02
  -2.7017664e-02
  -2.6444273e-02
  -2.5979374e-02
  -2.4439925e-02
  -2.3618296e-02
  -2.4345988e-02
  -2.4393484e-02
  -2.9946404e-02
  -3.0894291e-02
  -2.0283815e-02
  -1.5904350e-02
  -1.7584875e-02
  -1.8256698e-02
  -2.1948989e-02
  -2.4155283e-02
  -2.5602341e-02
  -2.8940212e-02
  -2.7727604e-02
  -2.4429800e-02
  -2.2183003e-02
  -1.9398572e-02
  -2.2759154e-02
  -2.8086711e-02
  -2.7950855e-02
  -2.9394994e-02
  -3.1857640e-02
  -2.8630883e-02
  -2.2648666e-02
  -2.2003969e-02
  -2.4961552e-02
  -2.7943226e-02
  -2.0459151e-02
  -2.0127648e-02
  -1.9933319e-02
  -2.0094454e-02
  -1.8752215e-02
  -1.9225886e-02
  -1.9261280e-02
  -1.7633900e-02
  -1.6001137e-02
  -1.4732259e-02
  -1.3907892e-02
  -1.4500074e-02
  -1.7314812e-02
  -1.4776261e-02
  -8.2666045e-03
  -7.6056123e-03
  -8.5857771e-03
  -9.0136668e-03
  -1.1779075e-02
  -1.4175371e-02
  -1.5871417e-02
  -1.6469693e-02
  -1.3743551e-02
  -1.2887754e-02
  -1.3761235e-02
  -1.0226176e-02
  -1.0397964e-02
  -1.4012972e-02
  -1.5790969e-02
  -1.8434169e-02
  -1.6854050e-02
  -1.3467470e-02
  -1.3012178e-02
  -1.3633775e-02
  -1.4822817e-02
  -1.7531963e-02
  -7.2769355e-03
  -7.5343619e-03
  -8.1197768e-03
  -7.8046517e-03
  -6.7109829e-03
  -8.3385706e-03
  -1.0036970e-02
  -8.8099204e-03
  -6.2492494e-03
  -4.2189988e-03
  -8.0755242e-04
  -2.1512688e-03
  -4.5680013e-03
   2.3959936e-03
   5.2895658e-03
   3.6842485e-03
   5.0719450e-03
   2.9936584e-03
   1.0532234e-03
  -5.6650315e-05
  -1.4709797e-03
  -9.8345452e-04
  -6.6341809e-04
  -2.6061372e-03
  -3.4385405e-03
   4.1982203e-04
   2.3852023e-03
   2.2326654e-03
   2.9521255e-04
  -3.3700534e-03
  -1.6453728e-03
  -6.7122432e-04
  -3.0720825e-03
  -3.7921784e-03
  -3.4381268e-03
  -4.7335071e-03
   5.2491589e-03
   4.4207396e-03
   2.7632280e-03
   3.8968152e-03
   5.3608012e-03
   3.0163131e-03
   1.0183788e-04
   2.9084701e-04
   3.6658526e-03
   6.6104578e-03
   1.0291304e-02
   7.0637292e-03
   5.2361572e-03
   1.6704118e-02
   1.8237015e-02
   1.6035208e-02
   1.8792942e-02
   1.4166039e-02
   1.2382365e-02
   1.2430597e-02
   1.2070118e-02
   1.1831881e-02
   8.5286498e-03
   6.7527290e-03
   7.5826654e-03
   1.1188806e-02
   1.3715002e-02
   1.4264214e-02
   1.3290717e-02
   1.0296586e-02
   9.2345327e-03
   7.1812961e-03
   6.6793966e-03
   7.5407131e-03
   6.8436223e-03
   6.3606398e-03
   1.3697472e-02
   1.1891278e-02
   1.0027725e-02
   1.2413381e-02
   1.3259652e-02
   9.9987965e-03
   7.2913561e-03
   7.0674783e-03
   1.2045934e-02
   1.7172066e-02
   1.6710404e-02
   1.1225106e-02
   1.4310321e-02
   2.9187780e-02
   2.6231713e-02
   2.5642176e-02
   2.8273026e-02
   2.2017689e-02
   2.1134797e-02
   1.9420417e-02
   1.8783711e-02
   1.8018544e-02
   1.4781727e-02
   1.6867159e-02
   1.7320270e-02
   1.9708307e-02
   2.2752298e-02
   2.1221222e-02
   1.9937310e-02
   1.8281886e-02
   1.6069498e-02
   1.2878275e-02
   1.5697958e-02
   1.7996415e-02
   1.4326051e-02
   1.3504053e-02
   1.4134412e-02
   1.2498556e-02
   1.1114611e-02
   1.3206836e-02
   1.2460810e-02
   9.1066202e-03
   8.0893934e-03
   9.5988493e-03
   1.8208042e-02
   2.1866843e-02
   1.7835544e-02
   0.0000000e+00
   2.4124438e-02
   3.5548837e-02
   0.0000000e+00
   0.0000000e+00
   2.7672764e-02
   2.3047598e-02
   2.2782700e-02
   1.8534165e-02
   1.5730631e-02
   1.8458858e-02
   2.0165401e-02
   2.2334887e-02
   2.1113664e-02
   2.3020681e-02
   2.5276106e-02
   2.2326795e-02
   1.9006796e-02
   1.8245647e-02
   1.8915558e-02
   1.7585056e-02
   1.9004380e-02
   1.9880086e-02
   1.7412452e-02
   1.5337440e-02
   1.1021915e-02
   9.8379133e-03
   8.5382555e-03
   9.8867873e-03
   8.3580026e-03
   6.0129077e-03
   6.3980184e-03
   9.7299814e-03
   2.0839801e-02
   2.2961602e-02
   0.0000000e+00
   0.0000000e+00
   0.0000000e+00
   0.0000000e+00
   0.0000000e+00
   0.0000000e+00
   2.2543620e-02
   1.9507423e-02
   1.9063069e-02
   1.5659783e-02
   1.3603657e-02
   1.7355286e-02
   2.1107746e-02
   2.1526787e-02
   1.9992080e-02
   2.1936074e-02
   2.2878787e-02
   2.0336747e-02
   1.6468361e-02
   1.6347244e-02
   1.9122323e-02
   1.9001380e-02
   1.7992785e-02
   1.7032824e-02
   1.6333787e-02
   1.3406554e-02
   6.1996807e-03
   5.3101163e-03
   3.8695193e-03
   4.3408312e-03
   2.6238018e-03
   2.1868183e-03
   4.2231199e-03
   9.3188714e-03
   2.1399252e-02
   2.1711220e-02
   0.0000000e+00
   0.0000000e+00
   0.0000000e+00
   0.0000000e+00
   0.0000000e+00
   0.0000000e+00
   1.6031891e-02
   1.4529423e-02
   1.3104884e-02
   1.2457403e-02
   1.2973556e-02
   1.4676517e-02
   1.8343791e-02
   1.7116562e-02
   1.5913699e-02
   1.7949827e-02
   1.7427495e-02
   1.5966607e-02
   1.2732479e-02
   1.3496529e-02
   1.7193718e-02
   1.7157972e-02
   1.4217606e-02
   1.1958386e-02
   1.2398127e-02
   9.0068411e-03
  -1.0882195e-03
  -2.5402450e-03
  -4.3769130e-03
  -4.5362329e-03
  -5.1757148e-03
  -1.8884274e-03
   2.8989103e-03
   9.5800934e-03
   1.8534144e-02
   1.6032964e-02
   1.1748774e-02
   0.0000000e+00
   0.0000000e+00
   0.0000000e+00
   0.0000000e+00
   0.0000000e+00
   9.7212577e-03
   9.5244739e-03
   5.4716766e-03
   1.0543820e-02
   1.6112751e-02
   7.7062934e-03
   6.4497306e-03
   6.1554005e-03
   5.9594568e-03
   7.9354281e-03
   6.2442119e-03
   6.4099487e-03
   6.4537898e-03
   8.6991973e-03
   9.6748006e-03
   6.9651855e-03
   5.0993450e-03
   3.8499255e-03
   2.6763761e-03
  -2.5619747e-04
  -5.7989773e-03
  -7.3213456e-03
  -8.4511209e-03
  -7.7804588e-03
  -7.1375249e-03
  -1.0851637e-03
   6.2175328e-03
   1.3394654e-02
   1.6936984e-02
   9.9739544e-03
   6.3512847e-03
   0.0000000e+00
   0.0000000e+00
   0.0000000e+00
   0.0000000e+00
   0.0000000e+00
   8.3477739e-03
   9.7034210e-03
   4.1854414e-03
   1.1324205e-02
   1.4738983e-02
  -0.0000000e+00
  -2.9353306e-03
  -1.0546308e-03
  -7.6564407e-04
   8.9106872e-04
  -5.1488902e-04
   6.8713771e-04
   2.1772787e-03
   4.4505685e-03
   2.9809102e-03
  -4.0940935e-04
  -3.8637783e-04
  -8.4852881e-04
  -2.9578202e-03
  -5.6183618e-03
  -8.4988503e-03
  -9.2812218e-03
  -9.2078820e-03
  -8.1680901e-03
  -6.7858966e-03
  -3.1622042e-04
   8.2670432e-03
   1.5083505e-02
   1.4436444e-02
   4.1339099e-03
  -8.1278957e-06
   0.0000000e+00
   0.0000000e+00
   0.0000000e+00
   0.0000000e+00
   0.0000000e+00
   6.7179361e-03
   9.2600127e-03
   5.4696715e-03
   1.0737678e-02
   1.1614761e-02
  -0.0000000e+00
  -6.0259420e-03
  -5.2080695e-03
  -5.0256052e-03
  -3.7901199e-03
  -4.6043852e-03
  -3.0847467e-03
  -1.7475063e-03
   5.7767102e-05
  -1.4082849e-03
  -3.4531336e-03
  -3.3085688e-03
  -4.3051215e-03
  -5.5071823e-03
  -7.5431755e-03
  -9.6502015e-03
  -9.3064429e-03
  -7.8191226e-03
  -6.6358503e-03
  -5.0305105e-03
   4.1584842e-04
   8.8960715e-03
   1.4760461e-02
   1.1414068e-02
  -1.1354969e-03
  -3.3208852e-03
   0.0000000e+00
   0.0000000e+00
   0.0000000e+00
   0.0000000e+00
   0.0000000e+00
   0.0000000e+00
   0.0000000e+00
   8.5511977e-03
   1.0186219e-02
   0.0000000e+00
  -0.0000000e+00
  -6.1077075e-03
  -7.2884206e-03
  -7.4991835e-03
  -6.5922458e-03
  -6.7194649e-03
  -5.1247110e-03
  -4.9273153e-03
  -3.9557000e-03
  -4.2220014e-03
  -3.9106701e-03
  -4.6010977e-03
  -6.8666553e-03
  -6.0858508e-03
  -7.3595401e-03
  -6.1813043e-03
  -5.5328007e-03
  -4.7913357e-03
  -4.7911978e-03
  -3.5966025e-03
  -7.2928099e-04
   7.0876125e-03
   1.2985861e-02
   8.2640522e-03
  -9.4805174e-03
  -1.2621138e-02
   0.0000000e+00
   0.0000000e+00
   0.0000000e+00
   0.0000000e+00
  -0.0000000e+00
  -0.0000000e+00
   0.0000000e+00
   0.0000000e+00
   0.0000000e+00
   0.0000000e+00
  -0.0000000e+00
  -4.7310614e-03
  -9.0118581e-03
  -1.0540607e-02
  -1.0539319e-02
  -1.0506839e-02
  -9.1516217e-03
  -8.3430065e-03
  -8.1943367e-03
  -6.9955131e-03
  -5.0475583e-03
  -5.3327708e-03
  -6.7158816e-03
  -5.5850330e-03
  -4.8228172e-03
  -2.6161789e-03
  -2.3167820e-03
  -3.3694983e-03
  -4.6949764e-03
  -4.2508338e-03
  -1.9973293e-03
   5.2348129e-03
   1.1277894e-02
   5.9393019e-03
  -1.2390006e-02
  -1.8055891e-02
   0.0000000e+00
   0.0000000e+00
   0.0000000e+00
  -0.0000000e+00
  -0.0000000e+00
  -0.0000000e+00
   0.0000000e+00
   0.0000000e+00
   0.0000000e+00
   0.0000000e+00
  -0.0000000e+00
  -7.9426896e-03
  -1.0501795e-02
  -1.2622920e-02
  -1.3737515e-02
  -1.3788274e-02
  -1.2525293e-02
  -9.9211838e-03
  -9.2547024e-03
  -7.7274581e-03
  -6.8637640e-03
  -5.7331012e-03
  -4.8079104e-03
  -5.0534834e-03
  -3.3628684e-03
  -3.9591029e-04
  -7.5836768e-05
  -2.4100747e-03
  -5.1756538e-03
  -6.3850014e-03
  -5.0231279e-03
   1.9409393e-03
   5.1394462e-03
   0.0000000e+00
  -1.5044335e-02
  -2.3914474e-02
  -2.3555701e-02
   0.0000000e+00
   0.0000000e+00
  -0.0000000e+00
  -0.0000000e+00
  -0.0000000e+00
   0.0000000e+00
   0.0000000e+00
   0.0000000e+00
   0.0000000e+00
  -0.0000000e+00
  -1.2831583e-02
  -1.3998306e-02
  -1.6351836e-02
  -1.8357718e-02
  -1.8498609e-02
  -1.7014919e-02
  -1.2792289e-02
  -1.0895472e-02
  -8.6170416e-03
  -8.7694535e-03
  -7.0216879e-03
  -4.1681323e-03
  -4.8984210e-03
  -2.7351894e-03
  -7.0880592e-04
   6.1112817e-04
  -1.7197453e-03
  -5.9870100e-03
  -9.8737311e-03
  -9.2409905e-03
  -1.3235821e-03
   1.2573866e-03
   0.0000000e+00
  -0.0000000e+00
  -3.1687044e-02
  -3.2883055e-02
   0.0000000e+00
   0.0000000e+00
  -0.0000000e+00
  -0.0000000e+00
  -0.0000000e+00
   0.0000000e+00
   0.0000000e+00
   0.0000000e+00
   0.0000000e+00
  -0.0000000e+00
  -2.0848587e-02
  -2.1331368e-02
  -2.3034714e-02
  -2.5935542e-02
  -2.6347861e-02
  -2.4346542e-02
  -1.8686196e-02
  -1.4107374e-02
  -9.9239089e-03
  -1.0629102e-02
  -9.9585736e-03
  -5.8735814e-03
  -5.2196649e-03
  -3.4490216e-03
  -9.1697928e-03
  -6.3354000e-03
  -5.4951976e-03
  -8.9790290e-03
  -1.5099959e-02
  -1.6149687e-02
  -7.0640417e-03
   0.0000000e+00
   0.0000000e+00
  -0.0000000e+00
  -3.5123609e-02
  -3.4282058e-02
   0.0000000e+00
   0.0000000e+00
   0.0000000e+00
   0.0000000e+00
   0.0000000e+00
   0.0000000e+00
   0.0000000e+00
   0.0000000e+00
   0.0000000e+00
  -0.0000000e+00
  -2.6285674e-02
  -3.2136351e-02
  -3.3855937e-02
  -3.5947543e-02
  -3.5188515e-02
  -3.5540260e-02
  -3.0121263e-02
  -2.2785973e-02
  -1.6627725e-02
  -1.5578363e-02
  -1.7920010e-02
  -1.3528080e-02
  -1.1108188e-02
  -1.0890083e-02
  -1.3816378e-02
  -1.1088852e-02
  -8.3217788e-03
  -1.0423551e-02
  -1.7188862e-02
  -2.0000657e-02
  -1.1117802e-02
   0.0000000e+00
   0.0000000e+00
  -0.0000000e+00
  -3.3377338e-02
  -4.2433654e-02
   0.0000000e+00
   0.0000000e+00
   0.0000000e+00
   0.0000000e+00
   0.0000000e+00
   0.0000000e+00
   0.0000000e+00
   0.0000000e+00
   0.0000000e+00
  -0.0000000e+00
  -0.0000000e+00
  -3.3348322e-02
  -3.6196772e-02
  -3.8818274e-02
  -3.7501320e-02
  -4.0537611e-02
  -3.6318623e-02
  -2.7244214e-02
  -2.1690261e-02
  -1.9988198e-02
  -2.2187149e-02
  -1.7398031e-02
  -1.5531537e-02
  -1.6191015e-02
  -1.5235386e-02
  -1.3035257e-02
  -9.3641710e-03
  -1.0064631e-02
  -1.6825605e-02
  -2.1666716e-02
  -0.0000000e+00
   0.0000000e+00
   0.0000000e+00
  -0.0000000e+00
  -2.8527560e-02
  -4.5987279e-02
   0.0000000e+00
   0.0000000e+00
   0.0000000e+00
   0.0000000e+00
   0.0000000e+00
   0.0000000e+00
   0.0000000e+00
   0.0000000e+00
   0.0000000e+00
   0.0000000e+00
  -0.0000000e+00
  -2.9792065e-02
  -3.3748284e-02
  -3.7321582e-02
  -3.6383539e-02
  -4.1412953e-02
  -3.8654625e-02
  -2.8516805e-02
  -2.4466006e-02
  -2.3140026e-02
  -2.3632301e-02
  -1.8530013e-02
  -1.7833389e-02
  -1.8736420e-02
  -9.7126560e-03
  -8.1254262e-03
  -5.4037906e-03
  -5.0376458e-03
  -1.1176747e-02
  -1.8734176e-02
   0.0000000e+00
   0.0000000e+00
   0.0000000e+00
   0.0000000e+00
  -0.0000000e+00
  -0.0000000e+00
   0.0000000e+00
   0.0000000e+00
   0.0000000e+00
   0.0000000e+00
   0.0000000e+00
   0.0000000e+00
   0.0000000e+00
   0.0000000e+00
   0.0000000e+00
   0.0000000e+00
  -0.0000000e+00
  -1.8319799e-02
  -2.3435259e-02
  -2.7937829e-02
  -2.9871471e-02
  -3.4384411e-02
  -3.3484712e-02
  -2.3852125e-02
  -2.1755828e-02
  -2.2319399e-02
  -1.8890489e-02
  -1.4102090e-02
  -1.4395371e-02
  -1.4231199e-02
   2.9568989e-03
   6.0092085e-03
   8.2403645e-03
   8.1101013e-03
   3.3777298e-03
  -5.0856779e-03
   0.0000000e+00
   0.0000000e+00
   0.0000000e+00
   0.0000000e+00
  -0.0000000e+00
  -0.0000000e+00
  -0.0000000e+00
   0.0000000e+00
   0.0000000e+00
   0.0000000e+00
   0.0000000e+00
   0.0000000e+00
   0.0000000e+00
   0.0000000e+00
   0.0000000e+00
   0.0000000e+00
  -0.0000000e+00
  -3.4984718e-03
  -8.1727421e-03
  -1.1889007e-02
  -1.6529622e-02
  -1.9855814e-02
  -2.0148039e-02
  -1.3599465e-02
  -9.9591771e-03
  -1.1487927e-02
  -9.0651289e-03
  -5.5729365e-03
  -2.9583266e-03
  -2.4814502e-04
   1.5837602e-02
   1.9732518e-02
   2.2394741e-02
   2.2175727e-02
   1.8505074e-02
   1.1092668e-02
   0.0000000e+00
   0.0000000e+00
   0.0000000e+00
   0.0000000e+00
   0.0000000e+00
  -0.0000000e+00
  -0.0000000e+00
   0.0000000e+00
   0.0000000e+00
   0.0000000e+00
   0.0000000e+00
   0.0000000e+00
   0.0000000e+00
   0.0000000e+00
   0.0000000e+00
   0.0000000e+00
   0.0000000e+00
   6.2880102e-03
   4.4302838e-03
   2.7018858e-03
  -2.8649198e-03
  -7.2905016e-03
  -8.2122535e-03
  -4.0542292e-03
   1.6158985e-03
   2.6860712e-03
   2.9831915e-03
   4.9149832e-03
   9.4563439e-03
   1.3316684e-02
   2.3362577e-02
   2.7455704e-02
   3.0602349e-02
   3.1780001e-02
   2.9604429e-02
   2.5289051e-02
   0.0000000e+00
   0.0000000e+00
   0.0000000e+00
   0.0000000e+00
   0.0000000e+00
   0.0000000e+00
   0.0000000e+00
   0.0000000e+00
   0.0000000e+00
   0.0000000e+00
   0.0000000e+00
   0.0000000e+00
   0.0000000e+00
   0.0000000e+00
   0.0000000e+00
   0.0000000e+00
   8.5325434e-03
   1.1283253e-02
   1.0751409e-02
   1.0833293e-02
   2.8068044e-03
  -3.9064921e-03
  -3.2551715e-03
   1.5269937e-03
   6.7423834e-03
   9.9475477e-03
   1.1661684e-02
   1.2497361e-02
   1.7504085e-02
   2.1768976e-02
   2.3452597e-02
   2.6690107e-02
   3.0536724e-02
   3.2888722e-02
   3.2273520e-02
   3.3549939e-02
   0.0000000e+00
   0.0000000e+00
   0.0000000e+00
   0.0000000e+00
   0.0000000e+00
   0.0000000e+00
   0.0000000e+00
   0.0000000e+00
   0.0000000e+00
   0.0000000e+00
   0.0000000e+00
   0.0000000e+00
   5.2680122e-03
   8.5483808e-03
   1.5700148e-02
   1.5577652e-02
   1.3326283e-02
   1.1559895e-02
   9.1980873e-03
   8.8952295e-03
  -1.9320439e-03
  -9.7341118e-03
  -4.2819981e-03
   2.0254587e-03
   5.4527218e-03
   8.0743479e-03
   1.2540979e-02
   1.2364000e-02
   1.7399542e-02
   2.3388917e-02
   1.6701467e-02
   1.7298443e-02
   2.2402780e-02
   2.3885870e-02
   2.4752440e-02
   3.1747476e-02
   3.6233943e-02
   0.0000000e+00
   0.0000000e+00
   0.0000000e+00
   0.0000000e+00
   0.0000000e+00
   0.0000000e+00
   0.0000000e+00
   0.0000000e+00
   0.0000000e+00
   0.0000000e+00
   0.0000000e+00
   4.9086302e-03
   9.8267412e-03
   1.4033490e-02
   1.4362296e-02
   9.1206823e-03
   7.0423808e-03
   1.3780763e-03
  -3.5346611e-04
  -6.6615213e-03
  -1.3105158e-02
  -7.0388340e-03
  -3.0410431e-03
   0.0000000e+00
   0.0000000e+00
   0.0000000e+00
   4.4261324e-03
   7.4349884e-03
   1.6922092e-02
   4.8165652e-03
   3.0820717e-03
   9.5658731e-03
   1.0269683e-02
   1.2361831e-02
   2.0585839e-02
   2.7795454e-02
   0.0000000e+00
   0.0000000e+00
   0.0000000e+00
   0.0000000e+00
   0.0000000e+00
   0.0000000e+00
   0.0000000e+00
   0.0000000e+00
   0.0000000e+00
   0.0000000e+00
   0.0000000e+00
   0.0000000e+00
   0.0000000e+00
   0.0000000e+00
  -0.0000000e+00
  -8.2830442e-03
  -1.9145717e-03
  -8.6946363e-03
  -4.6133000e-03
   5.2732783e-03
  -5.7707454e-03
  -7.8538196e-03
  -0.0000000e+00
   0.0000000e+00
   0.0000000e+00
  -0.0000000e+00
  -5.7526864e-03
  -9.8993890e-03
   2.9192548e-04
  -1.4274395e-02
  -1.2609162e-02
  -6.4011100e-03
  -4.3657310e-03
   2.9522611e-05
   6.4324797e-03
   1.5161069e-02
   1.4754775e-02
   0.0000000e+00
   0.0000000e+00
   0.0000000e+00
   0.0000000e+00
   0.0000000e+00
   0.0000000e+00
   0.0000000e+00
   0.0000000e+00
   0.0000000e+00
   0.0000000e+00
   0.0000000e+00
   0.0000000e+00
  -0.0000000e+00
  -0.0000000e+00
  -1.5197117e-02
  -7.9238729e-03
   0.0000000e+00
   0.0000000e+00
   0.0000000e+00
   0.0000000e+00
   0.0000000e+00
   0.0000000e+00
   0.0000000e+00
   0.0000000e+00
  -0.0000000e+00
  -0.0000000e+00
  -2.9786369e-02
  -2.7281143e-02
  -3.1030009e-02
  -2.4005139e-02
  -2.0077784e-02
  -1.6631410e-02
  -8.4771151e-03
  -1.5092707e-03
   5.2085724e-03
   1.1751568e-02
   1.7062549e-02
   0.0000000e+00
   0.0000000e+00
   0.0000000e+00
   0.0000000e+00
   0.0000000e+00
   0.0000000e+00
   0.0000000e+00
   0.0000000e+00
   0.0000000e+00
   0.0000000e+00
  -0.0000000e+00
  -0.0000000e+00
  -0.0000000e+00
  -0.0000000e+00
   0.0000000e+00
   0.0000000e+00
   0.0000000e+00
   0.0000000e+00
   0.0000000e+00
   0.0000000e+00
   0.0000000e+00
   0.0000000e+00
   0.0000000e+00
   0.0000000e+00
  -0.0000000e+00
  -0.0000000e+00
  -4.2577535e-02
  -2.4070419e-02
  -1.7594483e-02
  -1.4518693e-02
  -1.0145240e-02
  -3.2455488e-03
   3.5850764e-03
   7.6984600e-03
   1.4771940e-02
   2.3359462e-02
   0.0000000e+00
   0.0000000e+00
   0.0000000e+00
   0.0000000e+00
   0.0000000e+00
   0.0000000e+00
   0.0000000e+00
  -0.0000000e+00
  -0.0000000e+00
  -0.0000000e+00
  -0.0000000e+00
  -0.0000000e+00
  -0.0000000e+00
   0.0000000e+00
   0.0000000e+00
   0.0000000e+00
   0.0000000e+00
   0.0000000e+00
   0.0000000e+00
   0.0000000e+00
   0.0000000e+00
   0.0000000e+00
   0.0000000e+00
  -0.0000000e+00
  -2.2171801e-02
  -2.5997488e-02
  -2.8826240e-02
  -1.8973346e-02
  -1.0916997e-02
  -3.9254635e-03
   2.3860810e-03
   7.8850058e-03
   1.2716799e-02
   1.6913620e-02
   2.0519977e-02
   0.0000000e+00
   0.0000000e+00
   0.0000000e+00
   0.0000000e+00
   0.0000000e+00
   0.0000000e+00
   0.0000000e+00
   0.0000000e+00
   0.0000000e+00
   0.0000000e+00
  -0.0000000e+00
  -0.0000000e+00
  -0.0000000e+00
   0.0000000e+00
   0.0000000e+00
   0.0000000e+00
   0.0000000e+00
   0.0000000e+00
   0.0000000e+00
   0.0000000e+00
   0.0000000e+00
   0.0000000e+00
   0.0000000e+00
  -0.0000000e+00
  -0.0000000e+00
  -3.9389257e-02
  -3.6896421e-02
  -2.8906075e-02
