  -3.7798172e-01
  -4.0816495e-01
  -3.5913504e-01
  -2.9177203e-01
  -2.4415760e-01
  -2.1454866e-01
  -1.5666333e-01
  -3.4638821e-02
   3.8732528e-02
  -6.6757909e-02
  -3.6414535e-01
  -7.1310489e-01
  -9.7320959e-01
  -1.1636057e+00
  -1.3263589e+00
  -1.4979647e+00
  -1.6225908e+00
  -1.6286549e+00
  -1.6138508e+00
  -1.6576879e+00
  -1.7435155e+00
  -1.8076713e+00
  -1.8055520e+00
  -1.6860450e+00
  -1.4725896e+00
  -1.1618334e+00
  -8.0489605e-01
  -4.7551747e-01
  -2.0097997e-01
  -8.4439593e-02
  -9.9318276e-02
  -2.1775772e-01
  -3.7493993e-01
  -4.2138087e-01
  -3.5534456e-01
  -3.2730739e-01
  -7.8474709e-01
  -5.2990531e-01
  -2.2819934e-01
  -4.1525166e-01
  -6.4615017e-01
  -7.9289566e-01
  -1.1407793e+00
  -1.3646234e+00
  -1.4018038e+00
  -1.7011677e+00
  -2.1969313e+00
  -2.5772190e+00
  -2.8657126e+00
  -2.7386784e+00
  -2.2320815e+00
  -2.0930522e+00
  -1.9319584e+00
  -1.5750056e+00
  -1.5634511e+00
  -1.8623166e+00
  -2.2432037e+00
  -2.5106466e+00
  -2.6800192e+00
  -2.6423858e+00
  -2.3922137e+00
  -2.1163303e+00
  -1.8975324e+00
  -1.5930659e+00
  -1.1763878e+00
  -9.4796756e-01
  -6.3214442e-01
  -3.2117444e-01
  -5.1745059e-01
  -4.1190671e-01
  -8.6419065e-02
  -4.3355120e-01
  -6.3548423e-03
   1.3807969e+00
   2.5489127e+00
   1.8566726e+00
   9.0556522e-01
   6.6105546e-01
   1.6017762e-01
  -3.4084005e-01
  -7.3368000e-01
  -1.0678182e+00
  -1.1850077e+00
  -1.1698150e+00
  -1.2178179e+00
  -9.1474524e-01
  -3.2768604e-01
  -2.7201296e-01
  -1.9340058e-01
  -1.0074760e-01
  -1.3856911e-01
  -1.2373934e-01
  -4.4382284e-01
  -6.6445970e-01
  -9.2055730e-01
  -1.1754631e+00
  -1.2447746e+00
  -1.2710856e+00
  -1.2097370e+00
  -1.2585407e+00
  -1.0202575e+00
  -8.3691492e-01
  -4.7800384e-01
   3.7624005e-01
   8.2038928e-01
   1.4654500e+00
   1.5306435e+00
   3.0150741e-01
  -7.8034201e-02
   1.4092785e+00
   3.7998147e+00
   3.9493594e+00
   2.4258303e+00
   1.2858874e+00
   9.1548928e-01
   7.3363290e-01
   4.4705359e-01
   6.2803965e-01
   1.1210132e+00
   1.1816616e+00
   1.0879381e+00
   1.2841827e+00
   1.4158793e+00
   1.3145187e+00
   1.3310295e+00
   1.3829526e+00
   1.7718794e+00
   2.1895927e+00
   1.9851635e+00
   1.7338249e+00
   1.2852294e+00
   7.8763421e-01
   3.5762519e-01
  -6.2371494e-02
  -1.2201224e-01
  -2.1915913e-01
  -7.4007927e-02
   2.3421594e-01
   4.4332136e-01
   1.1623960e+00
   1.8650258e+00
   1.7760024e+00
   1.0587399e+00
   2.4537609e-01
   2.3661372e-01
   8.6838435e-01
   3.3213321e+00
   4.8334198e+00
   3.4504366e+00
   1.5199984e+00
   1.5725342e+00
   1.4729559e+00
   1.7449404e+00
   2.6884822e+00
   3.4690542e+00
   4.0070379e+00
   3.6544372e+00
   3.0901013e+00
   3.0473945e+00
   2.9307694e+00
   2.7498201e+00
   3.0949571e+00
   3.5917484e+00
   3.8779822e+00
   4.0097263e+00
   3.7809753e+00
   3.4145774e+00
   2.8977736e+00
   2.3749117e+00
   1.8605057e+00
   1.2698809e+00
   9.5914168e-01
   7.1119518e-01
   8.9716554e-01
   1.0332731e+00
   1.7777723e+00
   2.7455055e+00
   1.3802954e+00
   3.8087935e-01
   7.8369639e-01
   9.3505942e-01
   1.2827470e+00
   2.2764291e+00
   4.3958656e+00
   3.7623627e+00
   1.9413228e+00
   2.8352374e+00
   2.3652456e+00
   2.9118669e+00
   4.1547291e+00
   4.3178802e+00
   5.1570611e+00
   4.9495302e+00
   3.9600655e+00
   3.7135044e+00
   3.6847017e+00
   3.4891408e+00
   3.9413611e+00
   4.2650474e+00
   4.3706790e+00
   5.0110525e+00
   4.9955388e+00
   5.0258913e+00
   4.6600796e+00
   4.1631680e+00
   3.9101000e+00
   2.9797082e+00
   2.2013924e+00
   1.1406469e+00
   1.0425663e+00
   8.9987725e-01
   1.5735288e+00
   3.3458222e+00
   1.7402424e+00
   8.0053939e-01
   1.3958268e+00
   1.1751580e+00
   1.8368600e+00
   1.3472239e+00
   3.3857108e+00
   3.4791193e+00
   2.1239657e+00
   3.8177391e+00
   3.1756873e+00
   3.2900038e+00
   4.1808128e+00
   3.5312552e+00
   3.4289561e+00
   3.4058434e+00
   3.4450173e+00
   2.8817984e+00
   2.8440410e+00
   2.9169748e+00
   3.0693983e+00
   3.5090149e+00
   3.6360224e+00
   4.6172875e+00
   4.8776169e+00
   5.0646760e+00
   5.0147533e+00
   4.5558777e+00
   4.5428440e+00
   3.8109496e+00
   2.8150224e+00
   1.1882413e+00
   9.5351100e-01
   5.3077359e-01
   6.8945648e-01
   3.2317033e+00
   2.4000056e+00
   1.2973636e+00
   1.2242986e+00
   7.0060159e-01
   1.1786939e+00
   4.3737508e-01
   2.4087417e+00
   2.8201594e+00
   1.6567497e+00
   3.3805756e+00
   3.0253401e+00
   2.3981550e+00
   2.6484739e+00
   1.8108291e+00
   3.8781273e-01
  -2.9352247e-02
   1.3575472e+00
   1.2413471e+00
   1.1254097e+00
   1.2273777e+00
   1.0750339e+00
   1.7689134e+00
   2.0082414e+00
   2.9260205e+00
   3.2895961e+00
   3.2804554e+00
   3.5203571e+00
   3.1981395e+00
   3.2253535e+00
   2.8800527e+00
   2.1230729e+00
   8.2837247e-01
   5.8472340e-01
   1.5436024e-01
  -5.5345477e-02
   2.2962154e+00
   2.2054229e+00
   8.3419065e-01
   3.8571520e-01
  -1.7682252e-01
  -5.6996203e-01
  -5.9979909e-01
   1.5022385e+00
   1.8774564e+00
   6.5961761e-01
   1.5928743e+00
   1.6411767e+00
   5.0610244e-01
   1.7987916e-01
  -2.9725343e-01
  -2.0241074e+00
  -3.0316676e+00
  -1.5209397e+00
  -4.7391843e-01
  -4.2691197e-01
  -6.9497149e-01
  -9.7773405e-01
  -3.1705100e-01
  -1.8381408e-02
   4.3111370e-01
   7.1904899e-01
   5.3821153e-01
   8.1465085e-01
   7.4200664e-01
   7.0058108e-01
   6.4390750e-01
   3.7810087e-01
   9.9420855e-02
  -1.0156903e-01
  -4.3427775e-01
  -4.6583387e-01
   9.2405263e-01
   1.1085634e+00
  -3.2077164e-01
  -6.5623831e-01
  -1.1243831e+00
  -2.5540408e+00
  -1.6792730e+00
   5.4988436e-01
   7.0158426e-01
  -5.6558398e-01
  -8.0506224e-01
  -5.8015472e-01
  -1.7754376e+00
  -2.4844958e+00
  -2.4527726e+00
  -3.0247678e+00
  -4.1551405e+00
  -4.0739972e+00
  -1.9810848e+00
  -1.3547658e+00
  -2.0986574e+00
  -2.4649700e+00
  -2.2494345e+00
  -2.0410517e+00
  -2.3008310e+00
  -2.1314238e+00
  -2.1972317e+00
  -2.1704748e+00
  -1.9669570e+00
  -2.0651349e+00
  -1.9673062e+00
  -1.7126701e+00
  -8.5045383e-01
  -9.8686153e-01
  -1.3728886e+00
  -8.2910703e-01
  -4.2401910e-01
  -2.8346152e-01
  -1.4963828e+00
  -1.5961927e+00
  -2.0705375e+00
  -3.5861649e+00
  -2.3999835e+00
  -7.5633804e-01
  -1.0590211e+00
  -1.9809527e+00
  -2.9923768e+00
  -3.1467841e+00
  -3.8917371e+00
  -4.8292682e+00
  -4.4480424e+00
  -2.4614308e+00
  -2.1392030e+00
  -4.2910835e+00
  -3.5245144e+00
  -1.8960523e+00
  -2.1798801e+00
  -3.0517191e+00
  -3.6137620e+00
  -4.0330906e+00
  -4.9345983e+00
  -4.6475409e+00
  -4.2918968e+00
  -4.5845719e+00
  -4.3081425e+00
  -4.3036003e+00
  -4.0746910e+00
  -3.2876361e+00
  -1.7708015e+00
  -1.9636886e+00
  -2.8700782e+00
  -2.0192741e+00
  -1.3327789e+00
  -1.0816138e+00
  -2.0225976e+00
  -2.2633713e+00
  -2.4336461e+00
  -3.0547621e+00
  -1.9355781e+00
  -1.5860772e+00
  -2.4092146e+00
  -2.6602668e+00
  -3.2396729e+00
  -3.7693731e+00
  -4.1999623e+00
  -4.9805071e+00
  -4.4781636e+00
  -1.5500924e+00
   1.8100456e-01
  -1.8345699e+00
  -3.7721883e+00
  -2.5997886e+00
  -1.4922167e+00
  -2.5979976e+00
  -3.6655423e+00
  -4.6827023e+00
  -5.3883818e+00
  -4.8836072e+00
  -4.5662281e+00
  -4.6441774e+00
  -4.5736053e+00
  -4.3893025e+00
  -4.0281720e+00
  -3.0900183e+00
  -1.5205913e+00
  -2.1410146e+00
  -3.5058859e+00
  -2.9197598e+00
  -1.4370447e+00
  -8.7396533e-01
  -1.7745358e+00
  -2.1857233e+00
  -2.5775606e+00
  -2.6387887e+00
  -1.5192272e+00
  -2.1103142e+00
  -3.1063699e+00
  -2.8507322e+00
  -2.9657010e+00
  -3.5843964e+00
  -3.8676398e+00
  -4.1626061e+00
  -3.6111975e+00
  -8.7530728e-01
   1.1772681e+00
  -1.8149381e-02
  -3.0887559e+00
  -3.1399374e+00
  -1.3034964e+00
  -2.1456684e+00
  -3.5016023e+00
  -4.4799481e+00
  -4.8577954e+00
  -4.3315657e+00
  -4.2350973e+00
  -4.0680652e+00
  -4.0956494e+00
  -3.8504550e+00
  -3.3423492e+00
  -2.5534369e+00
  -9.3200578e-01
  -1.7468263e+00
  -3.3068624e+00
  -2.8599033e+00
  -1.4101957e+00
  -8.3243272e-01
  -1.5660003e+00
  -1.9856238e+00
  -2.7312322e+00
  -2.4209466e+00
  -1.3676694e+00
  -2.5802842e+00
  -3.4572100e+00
  -2.8666131e+00
  -2.5934902e+00
  -3.1837479e+00
  -3.3454144e+00
  -3.0234168e+00
  -2.4791149e+00
  -3.2003662e-01
   1.5395628e+00
   1.2553502e+00
  -2.0804938e+00
  -3.5049317e+00
  -1.3820204e+00
  -1.8210509e+00
  -3.3098065e+00
  -3.9257138e+00
  -4.0044385e+00
  -3.5515710e+00
  -3.7020133e+00
  -3.3471588e+00
  -3.4051934e+00
  -3.1652302e+00
  -2.5141061e+00
  -1.9997138e+00
  -3.4302912e-01
  -1.1050324e+00
  -2.7453676e+00
  -2.3977906e+00
  -1.2961155e+00
  -9.0733847e-01
  -1.4388235e+00
  -1.8386926e+00
  -3.3244039e+00
  -2.8996526e+00
  -2.3556336e+00
  -3.4114647e+00
  -3.3035019e+00
  -2.8384770e+00
  -2.4838923e+00
  -2.9372488e+00
  -2.7990178e+00
  -1.5890274e+00
  -1.2056269e+00
   1.9987803e-01
   1.1056477e+00
   1.3260445e+00
  -7.3586151e-01
  -3.4005234e+00
  -1.9551080e+00
  -2.0108285e+00
  -3.2770090e+00
  -2.9089986e+00
  -2.9527579e+00
  -2.7306392e+00
  -3.0283841e+00
  -2.7534411e+00
  -2.7007483e+00
  -2.5917556e+00
  -1.8001829e+00
  -1.7521302e+00
  -1.2905253e-01
  -2.1187489e-02
  -1.6391022e+00
  -1.4300909e+00
  -9.4524159e-01
  -1.2910071e+00
  -1.5997511e+00
  -2.0992730e+00
  -4.4031701e+00
  -3.7991876e+00
  -4.0346190e+00
  -4.3867542e+00
  -3.2424183e+00
  -3.2451069e+00
  -2.9961621e+00
  -3.4545175e+00
  -2.9134003e+00
  -1.5985702e+00
  -1.5043229e+00
   3.9294754e-01
   1.0144693e+00
   8.6051321e-01
  -6.5124821e-01
  -3.2532840e+00
  -2.0894115e+00
  -2.3553398e+00
  -3.3968958e+00
  -2.6884555e+00
  -2.9839861e+00
  -2.7656185e+00
  -2.9981968e+00
  -2.9233123e+00
  -2.8638012e+00
  -2.8486616e+00
  -2.1131136e+00
  -2.3492322e+00
  -7.7708870e-01
   1.0546496e-01
  -1.7005604e+00
  -1.5221030e+00
  -3.7015352e-01
  -1.1766984e+00
  -2.0406365e+00
  -3.0938392e+00
  -4.9746715e+00
  -4.2321764e+00
  -4.7882018e+00
  -4.7880610e+00
  -3.3772086e+00
  -3.5386807e+00
  -3.3292302e+00
  -3.7660149e+00
  -3.0948438e+00
  -2.0158145e+00
  -2.0617938e+00
   4.1154244e-01
   1.0584305e+00
   5.1558596e-01
  -8.7323789e-01
  -3.3290219e+00
  -1.9909158e+00
  -2.1724723e+00
  -3.3568978e+00
  -2.7319774e+00
  -3.1432428e+00
  -2.8817623e+00
  -3.0524945e+00
  -3.0638741e+00
  -3.0087676e+00
  -3.0750732e+00
  -2.4370980e+00
  -2.8671202e+00
  -1.3428689e+00
  -3.8190723e-01
  -2.3488951e+00
  -1.7885637e+00
  -8.8897185e-02
  -9.7754480e-01
  -2.3968317e+00
  -3.9643516e+00
  -5.3782451e+00
  -4.4994085e+00
  -5.2001542e+00
  -4.9694017e+00
  -3.6202355e+00
  -3.8151166e+00
  -3.6189874e+00
  -4.0191185e+00
  -3.3298603e+00
  -2.6750338e+00
  -2.8085743e+00
   3.5065224e-01
   1.1710817e+00
   1.8506422e-01
  -1.2659942e+00
  -3.5184878e+00
  -1.7713113e+00
  -1.7201634e+00
  -3.2370990e+00
  -2.9045475e+00
  -3.3819325e+00
  -3.0501164e+00
  -3.1530085e+00
  -3.2078609e+00
  -3.1629560e+00
  -3.3148347e+00
  -2.8058124e+00
  -3.4111110e+00
  -1.9391732e+00
  -1.2164936e+00
  -3.3513722e+00
  -2.1692955e+00
   8.9010110e-02
  -7.1432332e-01
  -2.7568254e+00
  -4.8830022e+00
  -4.2374586e+00
  -3.1789572e+00
  -3.5896888e+00
  -3.5860895e+00
  -3.3259654e+00
  -3.1862867e+00
  -3.0661232e+00
  -3.3052414e+00
  -3.1660852e+00
  -3.0293071e+00
  -2.7663830e+00
  -9.6211541e-02
   4.7738024e-01
  -1.1049794e+00
  -1.9849700e+00
  -3.2879893e+00
  -1.4013375e+00
  -2.8399027e-01
  -2.2232764e+00
  -2.6015641e+00
  -2.7732361e+00
  -2.5716901e+00
  -2.5071992e+00
  -2.5721340e+00
  -2.4568237e+00
  -2.7582495e+00
  -2.5360098e+00
  -3.1560306e+00
  -2.5137452e+00
  -2.7651678e+00
  -4.2213399e+00
  -2.0150233e+00
  -4.7084262e-01
  -1.2468865e+00
  -3.2921054e+00
  -5.2704075e+00
  -2.9728110e+00
  -1.8968571e+00
  -2.2848193e+00
  -2.4041927e+00
  -2.4543885e+00
  -2.3412701e+00
  -2.3556743e+00
  -2.5811504e+00
  -2.7089708e+00
  -2.5439212e+00
  -2.1069008e+00
  -6.1271575e-01
  -4.9372678e-01
  -2.1419665e+00
  -2.5306494e+00
  -2.7395758e+00
  -1.2297231e+00
   1.6755016e-01
  -1.3538473e+00
  -2.1263547e+00
  -2.0288532e+00
  -1.8741033e+00
  -1.7227193e+00
  -1.7959374e+00
  -1.7610797e+00
  -2.0742275e+00
  -2.0686936e+00
  -2.4829877e+00
  -2.5327866e+00
  -3.0033758e+00
  -3.6196459e+00
  -1.7313822e+00
  -9.4939701e-01
  -1.9610367e+00
  -3.6490992e+00
  -4.6273497e+00
  -1.8843085e+00
  -9.2104426e-01
  -1.2973549e+00
  -1.4837249e+00
  -1.7013403e+00
  -1.6518607e+00
  -1.7865583e+00
  -2.0092801e+00
  -2.2943247e+00
  -2.1010635e+00
  -1.6620745e+00
  -1.2103927e+00
  -1.4343177e+00
  -3.0026700e+00
  -3.0166512e+00
  -2.3551191e+00
  -1.1841592e+00
   4.0026699e-01
  -6.3678902e-01
  -1.7770189e+00
  -1.4909117e+00
  -1.2979339e+00
  -1.0834327e+00
  -1.1552744e+00
  -1.2377674e+00
  -1.5622326e+00
  -1.7457829e+00
  -1.9673200e+00
  -2.4743011e+00
  -3.0481120e+00
  -3.0107922e+00
  -1.5757993e+00
  -1.3837938e+00
  -2.5679188e+00
  -3.9383506e+00
  -3.9211782e+00
  -9.8315271e-01
  -4.8362537e-01
  -8.6750213e-01
  -9.9814832e-01
  -1.0805759e+00
  -1.1951710e+00
  -1.4415262e+00
  -1.6849499e+00
  -1.8945346e+00
  -1.6787946e+00
  -1.6660006e+00
  -2.1533214e+00
  -2.5157634e+00
  -3.6299181e+00
  -3.4719401e+00
  -2.2993239e+00
  -1.4408359e+00
   1.5928976e-01
  -1.2959465e-01
  -1.6654858e+00
  -1.3480110e+00
  -8.9538280e-01
  -6.6082028e-01
  -7.0666236e-01
  -1.0240108e+00
  -1.3645721e+00
  -1.7142237e+00
  -1.7347406e+00
  -2.2190835e+00
  -2.6455948e+00
  -2.2720507e+00
  -1.7086958e+00
  -1.8122169e+00
  -3.0449888e+00
  -4.1298327e+00
  -2.9110486e+00
  -1.7655312e+00
  -1.7556355e+00
  -2.2582547e+00
  -2.2977240e+00
  -2.2069766e+00
  -2.2870005e+00
  -2.3674862e+00
  -2.4571033e+00
  -2.4777213e+00
  -2.5718373e+00
  -2.9986172e+00
  -3.2531022e+00
  -3.0481130e+00
  -3.3246406e+00
  -3.4981622e+00
  -3.1704184e+00
  -2.6438412e+00
  -9.6041626e-01
  -6.8336048e-01
  -2.4109454e+00
  -2.5576730e+00
  -1.9314513e+00
  -1.6812425e+00
  -1.6457038e+00
  -2.0239366e+00
  -2.4467037e+00
  -2.7797566e+00
  -2.7685274e+00
  -2.6439268e+00
  -2.6833560e+00
  -2.7574482e+00
  -2.5976526e+00
  -2.3650536e+00
  -3.1490015e+00
  -3.8480643e+00
  -2.8462743e+00
  -2.8580162e+00
  -2.8048937e+00
  -3.6350115e+00
  -3.7151947e+00
  -3.4368866e+00
  -3.4907583e+00
  -3.3828496e+00
  -3.3438209e+00
  -3.3859683e+00
  -3.5867920e+00
  -3.8648139e+00
  -3.9415093e+00
  -3.3418990e+00
  -3.0641633e+00
  -3.5736014e+00
  -3.6772023e+00
  -3.6104987e+00
  -2.1798952e+00
  -1.4520741e+00
  -3.0270261e+00
  -3.5216264e+00
  -3.1069684e+00
  -2.8722573e+00
  -2.7625519e+00
  -3.0871897e+00
  -3.4982661e+00
  -3.7738047e+00
  -3.7359883e+00
  -3.5810166e+00
  -3.1692139e+00
  -3.2147264e+00
  -3.4349224e+00
  -3.0345818e+00
  -3.3535730e+00
  -3.6583277e+00
  -3.3067548e+00
  -3.8865585e+00
  -3.6363450e+00
  -4.8130262e+00
  -4.9709903e+00
  -4.5171035e+00
  -4.5357244e+00
  -4.2784079e+00
  -4.1854629e+00
  -4.3088980e+00
  -4.4581718e+00
  -4.3976242e+00
  -4.3873687e+00
  -3.5342670e+00
  -2.8837446e+00
  -3.6367035e+00
  -3.9275858e+00
  -4.3245416e+00
  -3.3508537e+00
  -2.3105716e+00
  -3.4844347e+00
  -4.1866434e+00
  -4.1486303e+00
  -3.9667652e+00
  -3.8261946e+00
  -4.0712844e+00
  -4.4188299e+00
  -4.6109164e+00
  -4.5548664e+00
  -4.6029081e+00
  -3.7134416e+00
  -3.5046487e+00
  -4.1564340e+00
  -3.7308534e+00
  -3.5619162e+00
  -3.5011672e+00
  -3.8641130e+00
  -4.1945237e+00
  -3.6840833e+00
  -5.0234638e+00
  -5.2647937e+00
  -4.7294788e+00
  -4.6803902e+00
  -4.4670416e+00
  -4.5819339e+00
  -4.8071335e+00
  -4.5140264e+00
  -3.9993305e+00
  -4.2042321e+00
  -3.5188249e+00
  -2.9954555e+00
  -3.5994202e+00
  -3.5015271e+00
  -4.1657460e+00
  -4.0045945e+00
  -3.1246150e+00
  -3.3754541e+00
  -3.8293317e+00
  -4.3578882e+00
  -4.3264544e+00
  -4.3128650e+00
  -4.4987768e+00
  -4.6881944e+00
  -4.7556662e+00
  -4.7113239e+00
  -5.2741105e+00
  -3.9700535e+00
  -3.1473672e+00
  -4.3435851e+00
  -4.2727223e+00
  -3.6529780e+00
  -3.4185605e+00
  -4.2052888e+00
  -2.1630924e+00
  -2.0420436e+00
  -2.4470847e+00
  -2.4473249e+00
  -2.4697209e+00
  -2.1675778e+00
  -2.3172140e+00
  -2.9120786e+00
  -2.8853292e+00
  -2.3312069e+00
  -2.1737101e+00
  -2.3054331e+00
  -2.1339376e+00
  -2.4401946e+00
  -2.1386844e+00
  -1.7928285e+00
  -2.0140157e+00
  -2.1219015e+00
  -2.5339875e+00
  -1.8625542e+00
  -1.5055880e+00
  -2.0652890e+00
  -2.0856903e+00
  -2.5640105e+00
  -2.7709234e+00
  -2.8657779e+00
  -2.7990942e+00
  -2.7772717e+00
  -3.2050873e+00
  -2.2539970e+00
  -1.7526620e+00
  -2.5209488e+00
  -2.7599792e+00
  -2.3792847e+00
  -2.3284785e+00
  -2.6515365e+00
   4.8072121e-01
   3.0915543e-01
   8.7400101e-01
   1.0832136e+00
   6.8651746e-01
   9.6744878e-01
   5.5853606e-01
  -1.8514872e-02
   1.4622685e-01
   3.9224379e-01
   1.3399899e-01
   3.0151280e-01
   2.7438631e-01
  -4.1166681e-01
   3.7702014e-01
   6.5083627e-01
   7.4328598e-01
   6.7628762e-01
  -4.2068276e-01
   3.5195507e-01
   8.9781191e-01
   6.8374779e-01
   8.4022684e-01
   1.2423859e-01
  -6.1136376e-02
  -1.0628996e-01
   3.4790874e-02
   1.3536436e-01
   8.8386049e-02
   3.9145067e-01
   2.0977680e-01
   2.9477870e-01
   2.1096794e-01
  -5.8790852e-02
  -1.3185722e-01
   8.6167597e-02
   3.1950018e+00
   3.0512319e+00
   4.1232693e+00
   4.3634649e+00
   4.0744649e+00
   4.0225232e+00
   3.4639468e+00
   3.3165179e+00
   3.3693118e+00
   3.2752494e+00
   2.9659588e+00
   3.2619971e+00
   3.2134144e+00
   2.6496011e+00
   3.4431449e+00
   3.6293647e+00
   3.8212842e+00
   3.5703559e+00
   2.5457162e+00
   3.0705656e+00
   3.1295827e+00
   3.1507863e+00
   3.4965336e+00
   2.9696446e+00
   2.9421129e+00
   3.0118463e+00
   3.2350522e+00
   3.3893967e+00
   3.5551227e+00
   3.3432760e+00
   2.9142552e+00
   3.5670294e+00
   3.5435229e+00
   2.8264931e+00
   2.6631654e+00
   3.1371306e+00
   5.3234286e+00
   5.4594203e+00
   6.3581817e+00
   6.5260673e+00
   6.6691709e+00
   6.1761493e+00
   5.6338668e+00
   6.0016314e+00
   5.8633317e+00
   5.7307165e+00
   5.7311635e+00
   5.8940740e+00
   5.8691222e+00
   5.7717605e+00
   6.2113048e+00
   6.3084293e+00
   6.4693099e+00
   5.8677802e+00
   5.4015662e+00
   5.5734334e+00
   4.7781611e+00
   4.6927924e+00
   5.0408632e+00
   5.0773140e+00
   5.3752844e+00
   5.6425380e+00
   5.9503530e+00
   6.0724140e+00
   6.2369609e+00
   5.8817878e+00
   5.8003796e+00
   6.3603470e+00
   5.9832896e+00
   5.3984027e+00
   5.1793222e+00
   5.4160452e+00
   6.1214334e+00
   6.4949238e+00
   6.8153326e+00
   7.0148947e+00
   7.2918788e+00
   6.6777111e+00
   6.3777574e+00
   6.8127032e+00
   6.7718744e+00
   6.9533378e+00
   7.2333892e+00
   7.2020180e+00
   7.1113808e+00
   7.3356979e+00
   7.4315366e+00
   7.4025341e+00
   7.5368484e+00
   6.8283900e+00
   6.6948426e+00
   6.6297683e+00
   5.4766615e+00
   5.0444497e+00
   5.1087513e+00
   5.6209294e+00
   6.2530388e+00
   6.7249334e+00
   7.0636803e+00
   7.1429383e+00
   7.2594445e+00
   7.1097145e+00
   7.4505117e+00
   7.2907328e+00
   6.3173409e+00
   6.3719904e+00
   6.1849167e+00
   5.8741254e+00
   5.2474619e+00
   5.6335319e+00
   5.5845393e+00
   5.8279633e+00
   5.6098114e+00
   5.3504727e+00
   5.5138144e+00
   5.6170397e+00
   5.9336901e+00
   6.2543930e+00
   6.4337942e+00
   6.4472006e+00
   6.3460668e+00
   6.4744360e+00
   6.3812026e+00
   6.2606096e+00
   6.2444102e+00
   5.8517263e+00
   5.6395830e+00
   5.4567093e+00
   4.9606770e+00
   4.4938053e+00
   4.2790261e+00
   4.6745015e+00
   5.2792038e+00
   5.7873290e+00
   6.0453628e+00
   6.2226195e+00
   6.3353840e+00
   6.3718196e+00
   6.4498326e+00
   5.6149244e+00
   4.7344880e+00
   5.1781020e+00
   5.1789038e+00
   4.7033313e+00
   3.2398222e+00
   3.4634600e+00
   3.2078974e+00
   3.0379917e+00
   2.4324441e+00
   2.6439652e+00
   3.2509178e+00
   3.3380770e+00
   3.7169859e+00
   3.8198655e+00
   3.8199943e+00
   3.9066682e+00
   3.9947599e+00
   3.9634042e+00
   3.6766161e+00
   3.6083369e+00
   3.2276056e+00
   2.9711176e+00
   2.8760512e+00
   2.8478071e+00
   3.1869235e+00
   3.0866755e+00
   2.9298437e+00
   2.9099648e+00
   3.0751977e+00
   3.3541247e+00
   3.4499416e+00
   3.6235390e+00
   3.5804041e+00
   3.6836430e+00
   3.3191162e+00
   2.5070709e+00
   2.5360596e+00
   2.7906787e+00
   2.9668327e+00
   2.9549432e+00
   8.3284749e-01
   6.9559582e-01
  -9.9466829e-03
  -7.7474864e-01
  -1.1006327e+00
  -5.3793123e-01
   1.7862104e-01
   5.2344131e-01
   7.3190221e-01
   7.8235506e-01
   7.9776817e-01
   6.9316612e-01
   8.0079591e-01
   7.2004085e-01
   3.4689797e-01
   3.6489197e-01
  -7.3405645e-02
  -4.2136217e-01
  -2.3470924e-01
   1.0375656e-01
   5.4637048e-01
   5.9940738e-01
   6.1204984e-01
   4.6977826e-01
   2.7007250e-01
   1.8314950e-01
   4.6521580e-02
  -7.2902578e-02
  -2.3196383e-01
   8.8189417e-02
   5.6830204e-03
  -1.4335321e-01
   4.2404145e-01
   3.7999237e-01
   4.9043530e-01
   8.5339581e-01
  -1.7979335e+00
  -2.1860666e+00
  -2.8943301e+00
  -3.3416190e+00
  -3.0577064e+00
  -2.4185410e+00
  -2.0469700e+00
  -1.9372440e+00
  -1.9172912e+00
  -1.8272249e+00
  -1.8554817e+00
  -2.1712393e+00
  -2.3981241e+00
  -2.6325455e+00
  -2.8330381e+00
  -2.6852434e+00
  -2.5579721e+00
  -2.5439175e+00
  -2.3542411e+00
  -2.0839515e+00
  -1.9841543e+00
  -2.0459670e+00
  -2.0659069e+00
  -2.1535944e+00
  -2.3849333e+00
  -2.6564771e+00
  -2.8697915e+00
  -2.9862268e+00
  -2.8884225e+00
  -2.4702623e+00
  -2.2004888e+00
  -1.9985302e+00
  -1.7426896e+00
  -1.8156945e+00
  -1.8500354e+00
  -1.7090316e+00
  -1.5054417e+00
  -1.5237565e+00
  -1.4942370e+00
  -1.3554948e+00
  -1.1268597e+00
  -1.0152147e+00
  -1.1388183e+00
  -1.4540179e+00
  -1.7749260e+00
  -1.9655371e+00
  -2.0754421e+00
  -2.1343351e+00
  -2.1548057e+00
  -2.1437949e+00
  -2.0790870e+00
  -1.9548562e+00
  -1.8060992e+00
  -1.7124823e+00
  -1.6657856e+00
  -1.6102315e+00
  -1.5301584e+00
  -1.4389598e+00
  -1.3462442e+00
  -1.3115713e+00
  -1.3491103e+00
  -1.4251504e+00
  -1.4902023e+00
  -1.5343193e+00
  -1.5900618e+00
  -1.6742194e+00
  -1.7666486e+00
  -1.8175075e+00
  -1.7738341e+00
  -1.6851431e+00
  -1.5834472e+00
  -1.5152730e+00
