-START-OF-DATA-
0.0       280.83E-6
1.0       280.92E-6
2.0       280.99E-6
3.0       281.07E-6
4.0       281.16E-6
5.0       281.23E-6
6.0       281.32E-6
7.0       281.41E-6
8.0       281.50E-6
9.0       281.57E-6
10.0      281.65E-6
11.0      281.72E-6
12.0      281.79E-6
13.0      281.86E-6
14.0      281.93E-6
15.0      281.99E-6
16.0      282.06E-6
17.0      282.13E-6
18.0      282.20E-6
19.0      282.27E-6
20.0      282.35E-6
21.0      282.42E-6
22.0      282.48E-6
23.0      282.54E-6
24.0      282.62E-6
25.0      282.68E-6
26.0      282.69E-6
27.0      282.69E-6
28.0      282.71E-6
29.0      282.76E-6
30.0      282.83E-6
31.0      282.89E-6
32.0      282.92E-6
33.0      282.97E-6
34.0      283.03E-6
35.0      283.09E-6
36.0      283.15E-6
37.0      283.20E-6
38.0      283.25E-6
39.0      283.31E-6
40.0      283.38E-6
41.0      283.47E-6
42.0      283.53E-6
43.0      283.57E-6
44.0      283.61E-6
45.0      283.73E-6
46.0      283.85E-6
47.0      283.94E-6
48.0      284.07E-6
49.0      284.21E-6
50.0      284.32E-6
51.0      284.45E-6
52.0      284.60E-6
53.0      284.73E-6
54.0      284.85E-6
55.0      284.94E-6
56.0      285.05E-6
57.0      285.20E-6
58.0      285.37E-6
59.0      285.55E-6
60.0      285.74E-6
61.0      285.93E-6
62.0      286.10E-6
63.0      286.27E-6
64.0      286.44E-6
65.0      286.61E-6
66.0      286.78E-6
67.0      286.95E-6
68.0      287.11E-6
69.0      287.23E-6
70.0      287.36E-6
71.0      287.49E-6
72.0      287.66E-6
73.0      287.86E-6
74.0      288.06E-6
75.0      288.29E-6
76.0      288.52E-6
77.0      288.75E-6
78.0      288.99E-6
79.0      289.22E-6
80.0      289.47E-6
81.0      289.74E-6
82.0      290.02E-6
83.0      290.26E-6
84.0      290.51E-6
85.0      290.80E-6
86.0      291.10E-6
87.0      291.41E-6
88.0      291.76E-6
89.0      292.11E-6
90.0      292.46E-6
91.0      292.82E-6
92.0      293.17E-6
93.0      293.48E-6
94.0      293.79E-6
95.0      294.08E-6
96.0      294.36E-6
97.0      294.65E-6
98.0      294.95E-6
99.0      295.30E-6
100.0     295.67E-6
101.0     296.01E-6
102.0     296.33E-6
103.0     296.65E-6
104.0     296.95E-6
105.0     297.29E-6
106.0     297.66E-6
107.0     298.10E-6
108.0     298.52E-6
109.0     298.94E-6
110.0     299.38E-6
111.0     299.83E-6
112.0     300.35E-6
113.0     300.91E-6
114.0     301.42E-6
115.0     301.94E-6
116.0     302.48E-6
117.0     303.01E-6
118.0     303.45E-6
119.0     303.81E-6
120.0     304.25E-6
121.0     304.60E-6
122.0     304.94E-6
123.0     305.27E-6
124.0     305.63E-6
125.0     305.81E-6
126.0     305.95E-6
127.0     306.18E-6
128.0     306.33E-6
129.0     306.49E-6
130.0     306.62E-6
131.0     306.82E-6
132.0     307.09E-6
133.0     307.40E-6
134.0     307.78E-6
135.0     308.23E-6
136.0     309.01E-6
137.0     309.76E-6
138.0     310.29E-6
139.0     310.85E-6
140.0     311.36E-6
141.0     311.81E-6
142.0     312.17E-6
143.0     312.39E-6
144.0     312.41E-6
145.0     312.38E-6
146.0     312.39E-6
147.0     312.49E-6
148.0     312.52E-6
149.0     312.63E-6
150.0     312.82E-6
151.0     313.01E-6
152.0     313.34E-6
153.0     313.73E-6
154.0     314.09E-6
155.0     314.41E-6
156.0     314.70E-6
157.0     314.99E-6
158.0     315.34E-6
159.0     315.81E-6
160.0     316.62E-6
161.0     317.30E-6
162.0     318.04E-6
163.0     318.65E-6
164.0     319.33E-6
165.0     319.82E-6
166.0     320.88E-6
167.0     321.48E-6
168.0     322.39E-6
169.0     323.25E-6
170.0     324.78E-6
171.0     325.40E-6
172.0     327.35E-6
173.0     329.91E-6
174.0     330.76E-6
175.0     330.83E-6
176.0     331.54E-6
177.0     333.35E-6
178.0     335.01E-6
179.0     336.60E-6
180.0     338.70E-6
181.0     340.06E-6
182.0     340.64E-6
183.0     342.27E-6
184.0     344.01E-6
185.0     345.46E-6
186.0     346.90E-6
187.0     348.77E-6
188.0     351.28E-6
189.0     352.89E-6
190.0     354.07E-6
191.0     355.35E-6
192.0     356.23E-6
193.0     356.92E-6
194.0     358.25E-6
195.0     360.24E-6
196.0     362.00E-6
197.0     363.25E-6
198.0     365.93E-6
199.0     367.84E-6
200.0     369.12E-6
201.0     370.67E-6
202.0     372.83E-6
203.0     375.41E-6
204.0     376.99E-6
205.0     378.91E-6
206.0     381.01E-6
207.0     382.60E-6
208.0     384.74E-6
209.0     386.28E-6
210.0     388.72E-6
211.0     390.94E-6
212.0     393.02E-6
213.0     395.72E-6
214.0     397.55E-6
215.0     399.95E-6
216.0     403.12E-6
217.0     405.79E-6
218.0     408.76E-6
219.0     411.79E-6
220.0     414.89E-6
221.0     418.06E-6
222.0     421.33E-6
223.0     424.72E-6
224.0     428.22E-6
225.0     431.83E-6
226.0     435.55E-6
227.0     439.38E-6
228.0     443.31E-6
229.0     447.36E-6
230.0     451.51E-6
231.0     455.78E-6
232.0     460.16E-6
233.0     464.68E-6
234.0     469.33E-6
235.0     474.11E-6
236.0     479.02E-6
237.0     484.07E-6
238.0     489.25E-6
239.0     494.57E-6
240.0     500.02E-6
241.0     505.61E-6
242.0     511.34E-6
243.0     517.23E-6
244.0     523.27E-6
245.0     529.46E-6
246.0     535.81E-6
247.0     542.31E-6
248.0     548.98E-6
249.0     555.80E-6
250.0     562.78E-6
251.0     569.93E-6
252.0     577.26E-6
253.0     584.78E-6
254.0     592.51E-6
255.0     600.43E-6
256.0     608.55E-6
257.0     616.87E-6
258.0     625.39E-6
259.0     634.11E-6
260.0     643.04E-6
261.0     652.17E-6
262.0     661.51E-6
263.0     671.04E-6
264.0     680.79E-6
265.0     690.74E-6
266.0     700.90E-6
267.0     711.27E-6
268.0     721.85E-6
269.0     732.65E-6
270.0     743.66E-6
271.0     754.89E-6
272.0     766.32E-6
273.0     777.93E-6
274.0     789.72E-6
275.0     801.69E-6
276.0     813.85E-6
277.0     826.19E-6
278.0     838.73E-6
279.0     851.45E-6
280.0     864.37E-6
281.0     877.48E-6
282.0     890.71E-6
283.0     903.98E-6
284.0     917.30E-6
285.0     930.67E-6
286.0     944.09E-6
287.0     957.57E-6
288.0     971.10E-6
289.0     984.68E-6
290.0     998.32E-6
291.0     1012.02E-6
292.0     1025.74E-6
293.0     1039.45E-6
294.0     1053.15E-6
295.0     1066.85E-6
296.0     1080.53E-6
297.0     1094.21E-6
298.0     1107.89E-6
299.0     1121.55E-6
300.0     1135.21E-6
301.0     1148.86E-6
302.0     1162.47E-6
303.0     1176.03E-6
304.0     1189.53E-6
305.0     1202.98E-6
306.0     1216.37E-6
307.0     1229.70E-6
308.0     1242.97E-6
309.0     1256.19E-6
310.0     1269.35E-6
311.0     1282.45E-6
312.0     1295.49E-6
313.0     1308.47E-6
314.0     1321.39E-6
315.0     1334.25E-6
316.0     1347.05E-6
317.0     1359.78E-6
318.0     1372.44E-6
319.0     1385.04E-6
320.0     1397.57E-6
321.0     1410.04E-6
322.0     1422.43E-6
323.0     1434.76E-6
324.0     1447.01E-6
325.0     1459.19E-6
326.0     1471.29E-6
327.0     1483.32E-6
328.0     1495.28E-6
329.0     1507.16E-6
330.0     1518.96E-6
331.0     1530.68E-6
332.0     1542.32E-6
333.0     1553.88E-6
334.0     1565.36E-6
335.0     1576.76E-6
336.0     1588.08E-6
337.0     1599.31E-6
338.0     1610.45E-6
339.0     1621.51E-6
340.0     1632.49E-6
341.0     1643.38E-6
342.0     1654.17E-6
343.0     1664.88E-6
344.0     1675.51E-6
345.0     1686.04E-6
346.0     1696.48E-6
347.0     1706.82E-6
348.0     1717.08E-6
349.0     1727.24E-6
350.0     1737.32E-6
351.0     1747.29E-6
352.0     1757.17E-6
353.0     1766.95E-6
354.0     1776.64E-6
355.0     1786.22E-6
356.0     1795.70E-6
357.0     1805.08E-6
358.0     1814.36E-6
359.0     1823.54E-6
360.0     1832.61E-6
361.0     1841.58E-6
362.0     1850.46E-6
363.0     1859.22E-6
364.0     1867.89E-6
365.0     1876.45E-6
366.0     1884.90E-6
367.0     1893.24E-6
368.0     1901.49E-6
369.0     1909.62E-6
370.0     1917.65E-6
371.0     1925.58E-6
372.0     1933.40E-6
373.0     1941.11E-6
374.0     1948.71E-6
375.0     1956.21E-6
376.0     1963.60E-6
377.0     1970.88E-6
378.0     1978.05E-6
379.0     1985.11E-6
380.0     1992.07E-6
381.0     1998.93E-6
382.0     2005.67E-6
383.0     2012.30E-6
384.0     2018.83E-6
385.0     2025.25E-6
386.0     2031.56E-6
387.0     2037.76E-6
388.0     2043.85E-6
389.0     2049.81E-6
390.0     2055.66E-6
391.0     2061.42E-6
392.0     2067.09E-6
393.0     2072.64E-6
394.0     2078.06E-6
395.0     2083.38E-6
396.0     2088.59E-6
397.0     2093.68E-6
398.0     2098.67E-6
399.0     2103.54E-6
400.0     2108.31E-6
401.0     2112.96E-6
402.0     2117.51E-6
403.0     2121.95E-6
404.0     2126.27E-6
405.0     2130.49E-6
406.0     2134.59E-6
407.0     2138.60E-6
408.0     2142.48E-6
409.0     2146.26E-6
410.0     2149.93E-6
411.0     2153.48E-6
412.0     2156.92E-6
413.0     2160.24E-6
414.0     2163.46E-6
415.0     2166.57E-6
416.0     2169.58E-6
417.0     2172.48E-6
418.0     2175.27E-6
419.0     2177.93E-6
420.0     2180.49E-6
421.0     2182.95E-6
422.0     2185.29E-6
423.0     2187.52E-6
424.0     2189.65E-6
425.0     2191.67E-6
426.0     2193.57E-6
427.0     2195.33E-6
428.0     2197.01E-6
429.0     2198.59E-6
430.0     2200.07E-6
431.0     2201.43E-6
432.0     2202.66E-6
433.0     2203.79E-6
434.0     2204.81E-6
435.0     2205.73E-6
436.0     2206.53E-6
437.0     2207.23E-6
438.0     2207.81E-6
439.0     2208.29E-6
440.0     2208.65E-6
441.0     2208.91E-6
442.0     2209.07E-6
443.0     2209.11E-6
444.0     2209.03E-6
445.0     2208.84E-6
446.0     2208.57E-6
447.0     2208.19E-6
448.0     2207.69E-6
449.0     2207.07E-6
450.0     2206.35E-6
451.0     2205.52E-6
452.0     2204.64E-6
453.0     2203.75E-6
454.0     2202.86E-6
455.0     2201.97E-6
456.0     2201.10E-6
457.0     2200.22E-6
458.0     2199.34E-6
459.0     2198.44E-6
460.0     2197.54E-6
461.0     2196.63E-6
462.0     2195.73E-6
463.0     2194.83E-6
464.0     2193.95E-6
465.0     2193.06E-6
466.0     2192.16E-6
467.0     2191.25E-6
468.0     2190.34E-6
469.0     2189.43E-6
470.0     2188.53E-6
471.0     2187.62E-6
472.0     2186.72E-6
473.0     2185.82E-6
474.0     2184.90E-6
475.0     2183.99E-6
476.0     2183.09E-6
477.0     2182.19E-6
478.0     2181.29E-6
479.0     2180.40E-6
480.0     2179.50E-6
481.0     2178.60E-6
482.0     2177.70E-6
483.0     2176.80E-6
484.0     2175.91E-6
485.0     2175.01E-6
486.0     2174.12E-6
487.0     2173.23E-6
488.0     2172.34E-6
489.0     2171.46E-6
490.0     2170.57E-6
491.0     2169.68E-6
492.0     2168.79E-6
493.0     2167.91E-6
494.0     2167.03E-6
495.0     2166.14E-6
496.0     2165.27E-6
497.0     2164.40E-6
498.0     2163.52E-6
499.0     2162.63E-6
500.0     2161.74E-6
501.0     2160.87E-6
502.0     2160.00E-6
503.0     2159.14E-6
504.0     2158.27E-6
505.0     2157.40E-6
506.0     2156.53E-6
507.0     2155.66E-6
508.0     2154.79E-6
509.0     2153.92E-6
510.0     2153.06E-6
511.0     2152.22E-6
512.0     2151.37E-6
513.0     2150.52E-6
514.0     2149.66E-6
515.0     2148.81E-6
516.0     2147.95E-6
517.0     2147.09E-6
518.0     2146.24E-6
519.0     2145.39E-6
520.0     2144.54E-6
521.0     2143.70E-6
522.0     2142.86E-6
523.0     2142.02E-6
524.0     2141.17E-6
525.0     2140.31E-6
526.0     2139.46E-6
527.0     2138.62E-6
528.0     2137.80E-6
529.0     2136.96E-6
530.0     2136.14E-6
531.0     2135.32E-6
532.0     2134.47E-6
533.0     2133.62E-6
534.0     2132.80E-6
535.0     2131.99E-6
536.0     2131.14E-6
537.0     2130.29E-6
538.0     2129.47E-6
539.0     2128.65E-6
540.0     2127.83E-6
541.0     2127.00E-6
542.0     2126.18E-6
543.0     2125.38E-6
544.0     2124.57E-6
545.0     2123.75E-6
546.0     2122.92E-6
547.0     2122.10E-6
548.0     2121.29E-6
549.0     2120.48E-6
550.0     2119.67E-6
551.0     2118.86E-6
552.0     2118.05E-6
553.0     2117.24E-6
554.0     2116.43E-6
555.0     2115.63E-6
556.0     2114.82E-6
557.0     2114.02E-6
558.0     2113.21E-6
559.0     2112.41E-6
560.0     2111.60E-6
561.0     2110.81E-6
562.0     2110.01E-6
563.0     2109.22E-6
564.0     2108.42E-6
565.0     2107.62E-6
566.0     2106.83E-6
567.0     2106.03E-6
568.0     2105.24E-6
569.0     2104.45E-6
570.0     2103.66E-6
571.0     2102.88E-6
572.0     2102.09E-6
573.0     2101.30E-6
574.0     2100.53E-6
575.0     2099.74E-6
576.0     2098.95E-6
577.0     2098.17E-6
578.0     2097.39E-6
579.0     2096.61E-6
580.0     2095.83E-6
581.0     2095.04E-6
582.0     2094.26E-6
583.0     2093.49E-6
584.0     2092.73E-6
585.0     2091.95E-6
586.0     2091.17E-6
587.0     2090.39E-6
588.0     2089.62E-6
589.0     2088.87E-6
590.0     2088.09E-6
591.0     2087.30E-6
592.0     2086.55E-6
593.0     2085.80E-6
594.0     2085.03E-6
595.0     2084.25E-6
596.0     2083.48E-6
597.0     2082.73E-6
598.0     2081.97E-6
599.0     2081.23E-6
600.0     2080.48E-6
601.0     2079.70E-6
602.0     2078.95E-6
603.0     2078.22E-6
604.0     2077.46E-6
605.0     2076.69E-6
606.0     2075.94E-6
607.0     2075.19E-6
608.0     2074.44E-6
609.0     2073.69E-6
610.0     2072.95E-6
611.0     2072.20E-6
612.0     2071.44E-6
613.0     2070.71E-6
614.0     2069.97E-6
615.0     2069.22E-6
616.0     2068.48E-6
617.0     2067.74E-6
618.0     2067.00E-6
619.0     2066.26E-6
620.0     2065.53E-6
621.0     2064.79E-6
622.0     2064.05E-6
623.0     2063.32E-6
624.0     2062.59E-6
625.0     2061.86E-6
626.0     2061.13E-6
627.0     2060.40E-6
628.0     2059.66E-6
629.0     2058.93E-6
630.0     2058.21E-6
631.0     2057.49E-6
632.0     2056.77E-6
633.0     2056.05E-6
634.0     2055.32E-6
635.0     2054.60E-6
636.0     2053.87E-6
637.0     2053.14E-6
638.0     2052.42E-6
639.0     2051.70E-6
640.0     2050.98E-6
641.0     2050.26E-6
642.0     2049.55E-6
643.0     2048.83E-6
644.0     2048.12E-6
645.0     2047.41E-6
646.0     2046.70E-6
647.0     2045.98E-6
648.0     2045.28E-6
649.0     2044.58E-6
650.0     2043.88E-6
651.0     2043.17E-6
652.0     2042.46E-6
653.0     2041.75E-6
654.0     2041.05E-6
655.0     2040.36E-6
656.0     2039.65E-6
657.0     2038.94E-6
658.0     2038.24E-6
659.0     2037.55E-6
660.0     2036.86E-6
661.0     2036.15E-6
662.0     2035.45E-6
663.0     2034.75E-6
664.0     2034.06E-6
665.0     2033.37E-6
666.0     2032.69E-6
667.0     2032.00E-6
668.0     2031.30E-6
669.0     2030.60E-6
670.0     2029.92E-6
671.0     2029.24E-6
672.0     2028.55E-6
673.0     2027.85E-6
674.0     2027.16E-6
675.0     2026.47E-6
676.0     2025.79E-6
677.0     2025.11E-6
678.0     2024.43E-6
679.0     2023.74E-6
680.0     2023.07E-6
681.0     2022.42E-6
682.0     2021.72E-6
683.0     2021.04E-6
684.0     2020.40E-6
685.0     2019.70E-6
686.0     2019.02E-6
687.0     2018.37E-6
688.0     2017.67E-6
689.0     2016.99E-6
690.0     2016.35E-6
691.0     2015.68E-6
692.0     2015.00E-6
693.0     2014.33E-6
694.0     2013.67E-6
695.0     2013.01E-6
696.0     2012.34E-6
697.0     2011.67E-6
698.0     2011.01E-6
699.0     2010.36E-6
700.0     2010.02E-6
999999.0  2010.02E-6
-END-OF-DATA-
