   3.4288194e-03
   3.8160475e-03
   4.0543331e-03
   4.3661078e-03
   4.5429063e-03
   4.6872287e-03
   4.3941647e-03
   3.5169141e-03
   0.0000000e+00
   0.0000000e+00
   2.2167742e-04
  -2.6121187e-04
  -2.2457494e-04
  -0.0000000e+00
  -0.0000000e+00
  -0.0000000e+00
  -0.0000000e+00
  -0.0000000e+00
  -0.0000000e+00
  -0.0000000e+00
  -0.0000000e+00
  -0.0000000e+00
  -0.0000000e+00
  -0.0000000e+00
   0.0000000e+00
   0.0000000e+00
   0.0000000e+00
   0.0000000e+00
   0.0000000e+00
   0.0000000e+00
   0.0000000e+00
   0.0000000e+00
   0.0000000e+00
   0.0000000e+00
   0.0000000e+00
   0.0000000e+00
   1.4719949e-02
   1.3236634e-02
   1.3652361e-02
   1.5324538e-02
   1.6354851e-02
   1.6014138e-02
   1.2393272e-02
   2.7888703e-03
  -9.4516687e-03
  -0.0000000e+00
   0.0000000e+00
   5.5382140e-03
   2.2436151e-03
   0.0000000e+00
   0.0000000e+00
   0.0000000e+00
   0.0000000e+00
   0.0000000e+00
   0.0000000e+00
   0.0000000e+00
   0.0000000e+00
   0.0000000e+00
   0.0000000e+00
   0.0000000e+00
   0.0000000e+00
   0.0000000e+00
   0.0000000e+00
   0.0000000e+00
   0.0000000e+00
   0.0000000e+00
   0.0000000e+00
   0.0000000e+00
   0.0000000e+00
   0.0000000e+00
   0.0000000e+00
   0.0000000e+00
   2.6278028e-02
   2.2781998e-02
   2.2330865e-02
   1.9486697e-02
   1.6086474e-02
   1.1784592e-02
   7.8608794e-03
  -6.3068960e-03
  -2.5448184e-02
  -2.4780863e-02
   0.0000000e+00
   0.0000000e+00
   5.7421097e-03
   0.0000000e+00
   0.0000000e+00
   0.0000000e+00
   0.0000000e+00
   0.0000000e+00
   0.0000000e+00
   0.0000000e+00
   0.0000000e+00
   0.0000000e+00
   0.0000000e+00
   0.0000000e+00
   0.0000000e+00
   0.0000000e+00
   0.0000000e+00
   0.0000000e+00
   0.0000000e+00
   0.0000000e+00
   0.0000000e+00
   0.0000000e+00
   0.0000000e+00
   0.0000000e+00
   0.0000000e+00
   3.1078476e-02
   3.1791054e-02
   3.1289496e-02
   2.5051283e-02
   1.2772540e-02
   1.6268218e-03
  -9.8418510e-03
  -1.4134990e-02
  -1.1298150e-02
  -1.8103486e-02
  -1.7092305e-02
  -8.5112688e-03
   0.0000000e+00
   7.8741461e-03
  -7.4228716e-03
  -0.0000000e+00
   0.0000000e+00
   0.0000000e+00
   0.0000000e+00
   0.0000000e+00
   0.0000000e+00
   0.0000000e+00
   0.0000000e+00
   0.0000000e+00
   0.0000000e+00
   3.1106164e-02
   2.9398087e-02
   1.1905540e-02
  -4.5227330e-03
  -1.4738398e-02
  -9.1885462e-03
   0.0000000e+00
   0.0000000e+00
   0.0000000e+00
   0.0000000e+00
   2.7128090e-02
   3.2193955e-02
   1.2543698e-02
   1.2753411e-02
   2.9911057e-03
  -1.0357627e-02
  -2.1214817e-02
  -2.8899329e-02
  -3.1996850e-02
  -2.1301452e-02
  -1.1124122e-02
  -4.4586919e-03
  -5.7826174e-03
   0.0000000e+00
   2.5157074e-03
  -1.4556717e-02
  -0.0000000e+00
   0.0000000e+00
   0.0000000e+00
   0.0000000e+00
   0.0000000e+00
   0.0000000e+00
   0.0000000e+00
   0.0000000e+00
   0.0000000e+00
   0.0000000e+00
   3.0852364e-02
   8.2522323e-03
  -1.2201161e-02
  -2.1105427e-02
  -2.3060346e-02
  -1.6085861e-02
  -0.0000000e+00
   0.0000000e+00
   0.0000000e+00
   1.2761003e-02
   8.5657304e-03
   5.3683161e-03
  -1.6284680e-02
  -1.8042367e-02
  -2.6711011e-02
  -3.6998298e-02
  -4.3533608e-02
  -4.3649092e-02
  -4.0013298e-02
  -3.1101057e-02
  -1.9255195e-02
  -5.1869373e-03
  -9.2672890e-03
  -1.3536587e-02
  -1.0259994e-02
  -1.7257496e-02
  -0.0000000e+00
   0.0000000e+00
  -0.0000000e+00
   0.0000000e+00
   0.0000000e+00
   0.0000000e+00
   0.0000000e+00
   0.0000000e+00
   0.0000000e+00
   0.0000000e+00
   1.1507454e-04
  -2.8637813e-02
  -3.9771043e-02
  -3.7647467e-02
  -2.9984891e-02
  -2.0563215e-02
  -1.7311310e-02
  -0.0000000e+00
  -0.0000000e+00
  -1.0974133e-02
  -2.0493541e-02
  -2.2136470e-02
  -3.7243526e-02
  -3.9244857e-02
  -4.4107381e-02
  -4.9731731e-02
  -5.1898595e-02
  -4.7486223e-02
  -3.9782330e-02
  -3.1340647e-02
  -2.3599066e-02
  -1.1118504e-02
  -1.1552199e-02
  -1.8084095e-02
  -1.8946402e-02
   0.0000000e+00
   0.0000000e+00
  -0.0000000e+00
  -0.0000000e+00
   0.0000000e+00
   0.0000000e+00
   0.0000000e+00
   0.0000000e+00
   0.0000000e+00
  -0.0000000e+00
  -1.4740946e-02
  -3.6232680e-02
  -4.8132163e-02
  -4.8895419e-02
  -4.1177791e-02
  -3.0496288e-02
  -2.0799162e-02
  -1.3203459e-02
  -8.5789873e-03
  -1.8013896e-02
  -3.3549409e-02
  -3.8428389e-02
  -3.8773980e-02
  -3.7925821e-02
  -3.8289595e-02
  -3.9403722e-02
  -4.0869597e-02
  -4.1026887e-02
  -3.6374342e-02
  -3.0382080e-02
  -2.2098823e-02
  -1.5216739e-02
  -6.5497765e-03
  -4.7799437e-03
  -1.0065486e-02
  -1.3285983e-02
   0.0000000e+00
   0.0000000e+00
  -0.0000000e+00
  -0.0000000e+00
   0.0000000e+00
   0.0000000e+00
   0.0000000e+00
   0.0000000e+00
   0.0000000e+00
  -0.0000000e+00
  -3.8831644e-02
  -4.9791690e-02
  -4.5350403e-02
  -3.9289989e-02
  -3.0451931e-02
  -2.2713667e-02
  -1.3405047e-02
  -5.1658466e-03
  -7.5038495e-03
  -2.2919858e-02
  -3.5394151e-02
  -3.7804216e-02
  -3.8799718e-02
  -2.4200769e-02
  -2.2699490e-02
  -2.1154523e-02
  -2.0090107e-02
  -1.9896433e-02
  -1.7168391e-02
  -1.4232267e-02
  -8.2203224e-03
  -1.1307276e-03
   6.0422886e-03
   9.0356739e-03
   5.6942208e-03
   3.4420781e-03
   7.4943435e-03
   6.9380110e-03
   4.3278039e-03
  -0.0000000e+00
   0.0000000e+00
   0.0000000e+00
   0.0000000e+00
   0.0000000e+00
  -0.0000000e+00
  -1.7402910e-02
  -3.9515670e-02
  -3.9756749e-02
  -3.1009708e-02
  -2.3190878e-02
  -1.4175327e-02
  -8.9863334e-03
  -1.6174256e-03
   3.7881238e-03
  -1.3960038e-03
  -1.3556389e-02
  -2.2288665e-02
  -2.5461296e-02
  -2.6463863e-02
  -6.2436461e-03
  -3.3858842e-03
  -7.5238655e-05
   2.0405829e-03
   1.9420619e-03
   2.7485839e-03
   4.3483274e-03
   6.8076621e-03
   1.2016259e-02
   1.8442754e-02
   2.3069382e-02
   2.4755763e-02
   2.2961782e-02
   1.8288588e-02
   1.4648515e-02
   1.3548903e-02
   0.0000000e+00
   0.0000000e+00
  -0.0000000e+00
  -1.3144171e-02
  -4.7396739e-03
  -4.0131227e-03
  -1.4312993e-02
  -2.1970158e-02
  -1.6690474e-02
  -1.2171736e-02
  -7.3315436e-03
   1.7020339e-03
   6.3891215e-03
   9.8728612e-03
   1.1135164e-02
   7.9485085e-03
   1.9695088e-03
  -5.7948953e-03
  -9.2824334e-03
  -8.7691974e-03
   8.4544243e-03
   1.2575055e-02
   1.5510431e-02
   1.8351112e-02
   1.7318441e-02
   1.7686147e-02
   1.9150829e-02
   1.9436054e-02
   2.2488622e-02
   2.5331262e-02
   3.2670040e-02
   4.1078676e-02
   4.0255737e-02
   3.0728659e-02
   1.9811059e-02
   0.0000000e+00
   0.0000000e+00
   0.0000000e+00
  -0.0000000e+00
  -1.2635300e-02
  -2.4587845e-03
   3.6856087e-03
  -4.8366096e-04
  -1.2139047e-03
   5.3951135e-03
   7.4301315e-03
   7.8850398e-03
   1.3756243e-02
   1.6795674e-02
   1.8294822e-02
   1.8365247e-02
   1.7511697e-02
   1.3857753e-02
   6.1215898e-03
   5.3746775e-03
   6.6490048e-03
   1.7268769e-02
   2.0980692e-02
   2.2595694e-02
   2.4633752e-02
   2.3120765e-02
   2.3152614e-02
   2.5316734e-02
   2.6611483e-02
   2.9996475e-02
   3.0044992e-02
   3.6710992e-02
   4.7745954e-02
   4.1341321e-02
   2.7793873e-02
   0.0000000e+00
   0.0000000e+00
   0.0000000e+00
   0.0000000e+00
  -0.0000000e+00
  -1.4703263e-02
  -5.3283980e-04
   1.4413079e-02
   1.4817233e-02
   1.2972144e-02
   1.7804995e-02
   2.2525849e-02
   2.2971245e-02
   2.1913160e-02
   2.2996979e-02
   2.8149100e-02
   2.9414793e-02
   2.6455978e-02
   2.0851349e-02
   1.3229724e-02
   1.2784406e-02
   1.5240113e-02
   2.4594523e-02
   2.7698455e-02
   2.8200893e-02
   2.8860377e-02
   2.7402172e-02
   2.6077786e-02
   2.9353539e-02
   3.0872969e-02
   3.5554513e-02
   3.6003254e-02
   4.1671310e-02
   5.1583480e-02
   4.2202145e-02
   0.0000000e+00
   0.0000000e+00
   0.0000000e+00
   0.0000000e+00
   0.0000000e+00
  -0.0000000e+00
  -1.1984463e-02
   7.1375361e-03
   2.4682704e-02
   2.5009528e-02
   2.2701489e-02
   2.6470495e-02
   3.4594506e-02
   3.4128789e-02
   2.8941547e-02
   3.1258542e-02
   3.8621459e-02
   3.9643694e-02
   3.3178717e-02
   2.7441831e-02
   2.0188406e-02
   1.8625772e-02
   2.3013037e-02
   3.1828571e-02
   3.4472842e-02
   3.3907995e-02
   3.3311747e-02
   3.1873081e-02
   2.9493859e-02
   3.3766396e-02
   3.4992024e-02
   4.1081138e-02
   4.2622112e-02
   4.7996115e-02
   5.4602433e-02
   3.6047313e-02
   0.0000000e+00
   0.0000000e+00
   0.0000000e+00
   0.0000000e+00
   0.0000000e+00
  -0.0000000e+00
  -0.0000000e+00
   1.8022312e-02
   3.4470346e-02
   3.2243710e-02
   3.0785447e-02
   3.3865858e-02
   4.4365011e-02
   4.1770916e-02
   3.5007637e-02
   4.1279267e-02
   4.8448626e-02
   4.8257608e-02
   3.8759984e-02
   3.3540882e-02
   2.7126933e-02
   2.4941238e-02
   3.0926416e-02
   3.9588623e-02
   4.2770874e-02
   4.1101318e-02
   4.0662538e-02
   3.8421791e-02
   3.7556250e-02
   4.1757233e-02
   4.1951951e-02
   4.8825990e-02
   4.9987346e-02
   5.8139514e-02
   5.7878073e-02
   2.8581792e-02
   0.0000000e+00
   0.0000000e+00
   0.0000000e+00
   0.0000000e+00
   0.0000000e+00
   0.0000000e+00
   0.0000000e+00
   3.1570025e-02
   4.1663382e-02
   3.4084190e-02
   3.7576355e-02
   4.0180009e-02
   4.8345268e-02
   4.1419707e-02
   3.8318607e-02
   5.0711291e-02
   5.4184273e-02
   5.0256796e-02
   4.1256260e-02
   3.7047066e-02
   3.2821968e-02
   3.3834551e-02
   3.9167091e-02
   4.1989196e-02
   4.5265254e-02
   4.5232903e-02
   4.5822863e-02
   4.5300826e-02
   4.7550444e-02
   5.1316626e-02
   5.2411795e-02
   5.7205118e-02
   5.5053838e-02
   5.7311371e-02
   4.9702533e-02
   1.6474288e-02
  -9.7184020e-03
  -0.0000000e+00
   0.0000000e+00
   0.0000000e+00
   0.0000000e+00
   0.0000000e+00
   0.0000000e+00
   3.1113705e-02
   3.8406812e-02
   3.1624664e-02
   3.9177462e-02
   4.1576859e-02
   4.3322172e-02
   3.8934773e-02
   3.1265557e-02
   0.0000000e+00
   5.0832130e-02
   4.2277921e-02
   3.7373677e-02
   3.2638606e-02
   3.1948153e-02
   3.6727607e-02
   3.9682470e-02
   4.0419042e-02
   4.2775713e-02
   4.4921413e-02
   4.5622371e-02
   4.7869023e-02
   5.1139716e-02
   5.5426974e-02
   5.8120269e-02
   5.9948660e-02
   5.6921639e-02
   5.0269298e-02
   3.6541689e-02
   9.8041082e-03
  -8.6076427e-03
  -9.0291759e-03
  -6.6102999e-03
   0.0000000e+00
   0.0000000e+00
   0.0000000e+00
   0.0000000e+00
   2.7003728e-02
   3.1267725e-02
   2.8770342e-02
   3.7867542e-02
   4.0318772e-02
   3.9689824e-02
   3.5965022e-02
   2.5087304e-02
   0.0000000e+00
   4.4871181e-02
   3.3934459e-02
   3.1099731e-02
   2.6507812e-02
   2.8430283e-02
   3.3779021e-02
   3.6536701e-02
   3.6506809e-02
   3.7339531e-02
   4.2084407e-02
   4.2374216e-02
   4.8215646e-02
   5.1389620e-02
   5.6817658e-02
   6.1414506e-02
   5.9539545e-02
   5.6996744e-02
   3.9108902e-02
   1.9949647e-02
   3.0528910e-03
  -6.4479526e-03
  -8.1828252e-03
  -9.0604750e-03
   0.0000000e+00
   0.0000000e+00
   0.0000000e+00
   0.0000000e+00
   2.0020200e-02
   2.1716416e-02
   2.5578983e-02
   3.5089802e-02
   3.7664540e-02
   3.6461361e-02
   3.4102373e-02
   1.7866649e-02
   2.7136072e-02
   3.6921989e-02
   2.4710724e-02
   2.3052825e-02
   1.9040709e-02
   2.3264062e-02
   2.7483452e-02
   3.1218227e-02
   1.5347525e-02
   1.6445659e-02
   2.0714220e-02
   2.2071423e-02
   2.6814591e-02
   2.9462647e-02
   3.3180658e-02
   3.7991717e-02
   3.4479465e-02
   3.2393470e-02
   1.5344611e-02
  -5.3424207e-03
  -7.3419642e-03
  -7.1306195e-03
  -0.0000000e+00
  -4.3060216e-03
   0.0000000e+00
   0.0000000e+00
   0.0000000e+00
   0.0000000e+00
   0.0000000e+00
   8.8349382e-03
   1.2359801e-02
   1.6934384e-02
   2.2628788e-02
   2.4226220e-02
   1.6973007e-02
   5.8126338e-03
   7.5862114e-03
   1.1093991e-02
   4.6570753e-03
   3.4916284e-03
   1.7455261e-03
   4.1185799e-03
   7.0427135e-03
   1.0936137e-02
  -7.9965475e-04
   1.6643035e-03
   5.3045014e-03
   7.6390011e-03
   1.0104302e-02
   1.2919089e-02
   1.4884534e-02
   1.8980715e-02
   1.6824627e-02
   1.4390920e-02
   3.4195629e-03
  -1.5268221e-02
  -1.6586477e-02
  -1.9462110e-02
  -0.0000000e+00
   1.1462653e-03
   0.0000000e+00
   0.0000000e+00
   0.0000000e+00
   0.0000000e+00
   0.0000000e+00
   0.0000000e+00
   5.1305550e-03
   5.0257221e-03
   1.2321953e-02
   1.4689324e-02
   4.8974296e-03
  -2.0290336e-03
  -3.6790380e-03
  -4.4663781e-03
  -9.3838498e-03
  -1.0083321e-02
  -1.1250176e-02
  -1.1014788e-02
  -7.4099335e-03
  -5.2066278e-03
  -1.7759727e-02
  -1.4121731e-02
  -1.0843217e-02
  -7.5418735e-03
  -6.9268006e-03
  -4.2173089e-03
  -3.6161900e-03
  -2.4866837e-04
  -8.8384753e-04
  -3.3172946e-03
  -8.6761909e-03
  -2.4423873e-02
  -2.7379192e-02
  -3.0399504e-02
  -1.5226831e-02
   4.0169153e-03
   0.0000000e+00
   0.0000000e+00
   0.0000000e+00
   0.0000000e+00
   0.0000000e+00
   0.0000000e+00
  -4.8162468e-04
  -6.2289862e-03
   4.5529194e-04
   5.1515652e-03
  -5.3037233e-03
  -1.0506817e-02
  -1.5464190e-02
  -1.9499730e-02
  -2.2952558e-02
  -2.4175873e-02
  -2.4545822e-02
  -2.6058668e-02
  -2.2654869e-02
  -2.1891678e-02
  -3.6799997e-02
  -3.2275427e-02
  -2.8648578e-02
  -2.4351401e-02
  -2.4613215e-02
  -2.2463338e-02
  -2.2390887e-02
  -1.9630127e-02
  -1.8518232e-02
  -2.0194039e-02
  -2.1364234e-02
  -3.3000384e-02
  -4.2204309e-02
  -4.5241103e-02
  -2.1029411e-02
   0.0000000e+00
   0.0000000e+00
   0.0000000e+00
   0.0000000e+00
   0.0000000e+00
   0.0000000e+00
  -0.0000000e+00
  -2.5973252e-03
  -1.7145392e-02
  -1.4752851e-02
  -4.4867098e-03
  -1.1922350e-02
  -1.8780252e-02
  -2.8923782e-02
  -3.4102876e-02
  -3.6396943e-02
  -4.0110551e-02
  -3.9337818e-02
  -4.1883368e-02
  -4.0265739e-02
  -4.0428266e-02
  -4.5063492e-02
  -4.2679291e-02
  -3.9825406e-02
  -3.5368312e-02
  -3.5651330e-02
  -3.4810707e-02
  -3.5635967e-02
  -3.3146888e-02
  -2.9119305e-02
  -2.7877353e-02
  -2.7736701e-02
  -3.5211679e-02
  -4.4597678e-02
  -4.6973389e-02
  -2.4966365e-02
   0.0000000e+00
   0.0000000e+00
   0.0000000e+00
   0.0000000e+00
   0.0000000e+00
  -0.0000000e+00
  -0.0000000e+00
  -3.2049916e-03
  -0.0000000e+00
  -2.8086782e-02
  -1.2117150e-02
  -1.1838255e-02
  -1.9987967e-02
  -3.4382660e-02
  -3.7597343e-02
  -3.8658340e-02
  -4.3685850e-02
  -4.2044859e-02
  -4.4774741e-02
  -4.5293778e-02
  -4.6472881e-02
  -3.8632534e-02
  -3.7114691e-02
  -3.5767131e-02
  -3.1224985e-02
  -3.1871021e-02
  -3.1057883e-02
  -3.3144455e-02
  -3.1425137e-02
  -2.6402855e-02
  -2.3984546e-02
  -2.2016583e-02
  -2.9440844e-02
  -3.7585706e-02
  -4.4712678e-02
  -3.0054847e-02
   0.0000000e+00
   0.0000000e+00
   0.0000000e+00
   0.0000000e+00
   0.0000000e+00
  -0.0000000e+00
  -1.8911012e-02
  -4.6683161e-03
  -0.0000000e+00
  -2.6950311e-02
  -1.3701211e-02
  -1.1249569e-02
  -1.6131056e-02
  -2.8337375e-02
  -3.0834703e-02
  -3.1519193e-02
  -3.5827696e-02
  -3.4121532e-02
  -3.6830228e-02
  -3.6494706e-02
  -3.8835019e-02
  -2.7374987e-02
  -2.5966637e-02
  -2.5962627e-02
  -2.1429295e-02
  -2.2252796e-02
  -2.1206563e-02
  -2.4195898e-02
  -2.3695931e-02
  -1.8606847e-02
  -1.5979368e-02
  -1.2016571e-02
  -2.0345557e-02
  -2.7734712e-02
  -4.1486856e-02
  -3.5752469e-02
   0.0000000e+00
   0.0000000e+00
   0.0000000e+00
   0.0000000e+00
   0.0000000e+00
  -0.0000000e+00
  -2.1792898e-02
  -5.9599078e-03
  -0.0000000e+00
  -2.1602503e-02
  -1.2447865e-02
  -0.0000000e+00
  -0.0000000e+00
  -0.0000000e+00
  -2.0436652e-02
  -2.0992482e-02
  -2.4382060e-02
  -2.2989947e-02
  -2.5217237e-02
  -2.3583928e-02
  -2.6647555e-02
  -1.1887726e-02
  -9.3765035e-03
  -9.7652161e-03
  -5.5690682e-03
  -5.8090710e-03
  -4.7493186e-03
  -7.4301427e-03
  -9.1490345e-03
  -5.1468438e-03
  -3.5903463e-03
   2.2870081e-03
  -6.9109527e-03
  -1.6584678e-02
  -3.7330277e-02
  -4.5462597e-02
   0.0000000e+00
   0.0000000e+00
   0.0000000e+00
   0.0000000e+00
  -0.0000000e+00
  -2.2956149e-02
  -2.0215810e-02
   0.0000000e+00
  -0.0000000e+00
  -8.5597583e-03
  -6.3727010e-03
  -7.7966609e-03
  -3.3100878e-04
   6.1547774e-04
  -5.9402110e-03
  -6.4043840e-03
  -9.7696036e-03
  -9.1682794e-03
  -9.8516429e-03
  -7.8624561e-03
  -1.0359427e-02
   2.8801255e-03
   5.0881933e-03
   6.0184374e-03
   8.4571280e-03
   8.9518614e-03
   8.8691842e-03
   6.3198474e-03
   3.8031563e-03
   5.8242530e-03
   8.6911321e-03
   1.3478600e-02
   6.1908904e-03
  -2.8859051e-03
  -1.8955503e-02
  -3.9717494e-02
   0.0000000e+00
  -0.0000000e+00
  -0.0000000e+00
  -0.0000000e+00
  -2.1901828e-03
  -7.8160753e-03
  -1.0993920e-02
   0.0000000e+00
   0.0000000e+00
   1.4967027e-04
   1.6745028e-03
   3.5949787e-03
   1.2065302e-02
   1.7318387e-02
   1.3652583e-02
   1.1562476e-02
   7.0862919e-03
   5.7690023e-03
   5.6184982e-03
   4.9817325e-03
   3.4582671e-03
   1.2583557e-02
   1.4177451e-02
   1.6194372e-02
   1.7505718e-02
   1.7025957e-02
   1.6370717e-02
   1.3190147e-02
   1.2195935e-02
   1.2827313e-02
   1.5737519e-02
   1.7797111e-02
   1.2502466e-02
   1.0498517e-02
   7.8920595e-04
  -1.7721607e-02
  -1.1218691e-02
  -0.0000000e+00
  -0.0000000e+00
  -2.0113487e-03
   6.1728917e-03
   3.6701641e-03
  -0.0000000e+00
   0.0000000e+00
   0.0000000e+00
   0.0000000e+00
   1.1513790e-02
   1.6676011e-02
   2.1786502e-02
   2.6883671e-02
   3.0890856e-02
   2.8503258e-02
   2.3339018e-02
   2.0204589e-02
   1.6695229e-02
   1.3613584e-02
   1.1525462e-02
   1.9032754e-02
   2.0084046e-02
   2.2447687e-02
   2.3514869e-02
   2.1454917e-02
   2.0739203e-02
   1.7169952e-02
   1.7610312e-02
   1.6737500e-02
   1.8489273e-02
   1.9719018e-02
   1.6881594e-02
   2.2665804e-02
   1.8748159e-02
   7.4713109e-03
  -1.3299767e-03
  -4.8835329e-03
   0.0000000e+00
   2.4657934e-03
   1.2120789e-02
   1.2741454e-02
   2.8163293e-03
   0.0000000e+00
   0.0000000e+00
   0.0000000e+00
   1.5922684e-02
   1.9570464e-02
   2.4097610e-02
   3.1081837e-02
   4.2021688e-02
   4.1264951e-02
   3.7328035e-02
   3.2836169e-02
   2.6111480e-02
   2.2001743e-02
   1.7578870e-02
   2.3204315e-02
   2.3877610e-02
   2.5657918e-02
   2.6892960e-02
   2.4088793e-02
   2.3467494e-02
   1.9437255e-02
   1.9422244e-02
   1.8303430e-02
   1.9965211e-02
   2.2299914e-02
   2.1512251e-02
   3.0248787e-02
   2.8156912e-02
   2.4497204e-02
   1.4555342e-02
   2.3753360e-03
   3.1110592e-03
   4.6773343e-03
   1.3620132e-02
   1.5634596e-02
   6.4166655e-03
   0.0000000e+00
   0.0000000e+00
  -0.0000000e+00
   8.5331117e-03
   1.6299918e-02
   1.7340253e-02
   2.4655517e-02
   4.0380538e-02
   4.3997716e-02
   4.4158522e-02
   4.0073901e-02
   3.2856960e-02
   2.8968466e-02
   2.2480378e-02
   2.3093203e-02
   2.4145629e-02
   2.4622487e-02
   2.5875852e-02
   2.3591284e-02
   2.2971444e-02
   1.7727470e-02
   1.7050399e-02
   1.8437764e-02
   1.9632960e-02
   2.2272136e-02
   2.2812903e-02
   2.8167652e-02
   2.3373280e-02
   2.2180628e-02
   2.9712271e-02
   1.8037971e-02
   5.3607482e-03
   4.5167446e-03
   1.0288254e-02
   1.6445757e-02
   0.0000000e+00
   0.0000000e+00
   0.0000000e+00
  -0.0000000e+00
  -8.4245726e-03
  -3.3861405e-03
   0.0000000e+00
   0.0000000e+00
   1.9333897e-02
   2.8862000e-02
   3.7025835e-02
   3.6985606e-02
   3.1144802e-02
   2.8226314e-02
   2.2173565e-02
   1.3339201e-02
   1.5746817e-02
   1.5452854e-02
   1.6269684e-02
   1.3622026e-02
   1.3057734e-02
   7.7291094e-03
   1.0682461e-02
   1.3721799e-02
   8.9700241e-03
   1.1767440e-02
   1.4817757e-02
   1.4314035e-02
   8.1672398e-03
   8.8342661e-03
   2.5957702e-02
   2.5069509e-02
   1.0360551e-02
   5.4316381e-03
   8.7306954e-03
   1.4013851e-02
   0.0000000e+00
   0.0000000e+00
   0.0000000e+00
  -0.0000000e+00
  -2.3080414e-02
  -1.4518124e-02
  -1.3679661e-02
  -2.0744057e-02
  -1.2144862e-02
   2.7237931e-04
   1.7746093e-02
   2.2455430e-02
   1.5928186e-02
   1.5493829e-02
   1.1060242e-02
  -4.2059156e-03
  -2.0282220e-03
  -1.7026737e-03
  -2.5196823e-03
  -6.3100122e-03
  -6.4942059e-03
  -7.2784713e-03
  -6.7049527e-04
  -2.5110759e-03
  -1.2372313e-02
  -2.4189705e-03
   4.1317488e-03
  -5.0300164e-03
  -6.6622556e-03
   4.6516065e-03
   1.1651903e-02
   1.0114940e-02
   6.5938234e-03
   1.1058757e-03
   3.8307780e-03
   0.0000000e+00
   0.0000000e+00
   0.0000000e+00
  -0.0000000e+00
  -1.5443358e-02
  -2.6732471e-02
  -3.1435050e-02
  -2.8944140e-02
  -3.3923168e-02
  -3.3083819e-02
  -2.1000596e-02
  -2.8749099e-03
  -1.3146532e-03
  -6.1500859e-03
  -4.0331806e-04
  -3.9924318e-03
  -1.4734043e-02
  -1.6356355e-02
  -1.5242175e-02
  -1.6880414e-02
  -1.9376488e-02
  -1.8194094e-02
  -1.5887709e-02
  -1.3675778e-02
  -2.0149184e-02
  -2.2039829e-02
  -4.1164095e-03
   1.8291873e-03
  -1.5286986e-02
  -1.4624734e-02
   3.0286473e-03
   3.4277812e-03
  -4.0473407e-03
  -7.4694874e-03
  -1.3252473e-02
  -6.7939735e-03
  -1.1219631e-04
   0.0000000e+00
  -0.0000000e+00
  -0.0000000e+00
  -1.2719220e-02
  -2.4376856e-02
  -3.6422886e-02
  -3.6154844e-02
  -3.5498090e-02
  -3.1130476e-02
  -2.2253947e-02
  -1.8764125e-02
  -2.4986977e-02
  -2.1390097e-02
  -7.6035205e-03
  -8.5441545e-03
  -4.6974071e-03
  -9.9807512e-03
  -1.1089486e-02
  -1.0457615e-02
  -1.0118892e-02
  -1.0052397e-02
  -1.0279395e-02
  -1.2913549e-02
  -1.4343938e-02
  -6.2538255e-03
   6.7920978e-03
   9.2419805e-03
  -4.4579618e-03
  -1.0693705e-02
  -3.5218615e-03
   1.1164045e-03
  -1.6809162e-03
  -7.4035446e-03
  -1.2397785e-02
  -8.4448270e-03
  -1.8963866e-04
   4.3246122e-03
   2.6247949e-03
  -2.1309871e-03
  -1.0764609e-02
  -1.8826146e-02
  -2.4121640e-02
  -2.3669768e-02
  -1.9181181e-02
  -1.1920010e-02
  -1.0179443e-02
  -1.8133493e-02
  -2.6689893e-02
  -1.9148283e-02
  -4.4141216e-03
   6.5243733e-04
  -9.0741916e-03
  -1.1161709e-02
  -1.2512906e-02
  -1.2409928e-02
  -1.1792790e-02
  -1.1036555e-02
  -9.9740745e-03
  -8.1060315e-03
  -4.1952613e-03
   1.0694971e-03
   5.5582360e-03
   7.4255238e-03
   5.3669289e-03
   2.4465772e-03
   1.1264702e-03
   1.5510604e-03
   1.9643456e-03
   1.8677717e-03
   2.1326854e-03
   3.2417465e-03
   4.6571917e-03
   5.2783000e-03
   4.4571203e-03
   1.2553518e-03
  -3.5381098e-03
  -7.3588449e-03
  -9.5801884e-03
  -1.0100506e-02
  -9.2352396e-03
  -8.1755081e-03
  -9.5652454e-03
  -1.2698020e-02
  -1.5105611e-02
  -1.4177805e-02
  -1.1075897e-02
  -8.5943099e-03
