   2.3183680e-02
   1.1015575e-02
  -2.2288641e-03
  -1.3075739e-02
  -0.0000000e+00
  -0.0000000e+00
   0.0000000e+00
  -0.0000000e+00
   0.0000000e+00
  -0.0000000e+00
   0.0000000e+00
   0.0000000e+00
   5.8179139e-02
   2.4779323e-02
   9.1256861e-03
  -5.1603083e-03
   0.0000000e+00
   0.0000000e+00
   0.0000000e+00
   0.0000000e+00
   0.0000000e+00
   0.0000000e+00
   0.0000000e+00
   0.0000000e+00
   0.0000000e+00
   0.0000000e+00
   0.0000000e+00
   0.0000000e+00
   0.0000000e+00
   0.0000000e+00
   0.0000000e+00
   0.0000000e+00
   0.0000000e+00
   0.0000000e+00
   0.0000000e+00
   6.8053127e-02
   1.0489575e-02
   1.6870252e-03
  -9.4928531e-03
  -1.3953905e-02
  -1.6288805e-02
  -1.2436312e-02
  -6.6150653e-03
  -3.0416803e-03
  -2.5603965e-03
  -1.0917924e-02
  -4.0757202e-03
   2.3320876e-02
   1.7632300e-02
   2.4789281e-02
   2.3004129e-02
   1.8606079e-02
   1.3200133e-02
   7.6240455e-03
   1.0048490e-02
   1.0882824e-02
   2.5762835e-03
  -1.1486336e-02
  -2.9651829e-03
   3.1238995e-02
   4.9798306e-02
   1.3992990e-02
   4.5257464e-03
   0.0000000e+00
   0.0000000e+00
   0.0000000e+00
  -0.0000000e+00
   0.0000000e+00
   1.4423430e-02
   9.7806637e-03
   3.0943939e-02
   1.7484964e-02
   2.0452219e-05
  -4.9787888e-03
  -1.8995636e-02
  -2.4167357e-02
  -2.3857746e-02
  -2.2657873e-02
  -1.8432737e-02
  -1.2575861e-02
  -1.3016635e-02
  -1.8714795e-02
  -1.3595102e-02
   7.1014235e-03
   1.2619110e-02
   1.7516252e-02
   1.9407714e-02
   1.7432835e-02
   1.2073189e-02
   2.5443820e-03
  -7.0454292e-03
  -1.4237782e-02
  -1.7556792e-02
  -1.6401599e-02
  -7.0256820e-03
   7.8871025e-03
   1.8342596e-02
   1.7672651e-02
   8.8402762e-03
  -5.2445626e-04
  -1.0079929e-02
  -2.7654339e-02
  -3.6821608e-02
  -3.1310765e-02
  -2.4264487e-02
  -1.6805525e-02
  -1.2732318e-02
  -8.5301681e-03
   5.1222897e-03
  -2.3738335e-03
  -1.7327598e-02
  -2.1721012e-02
  -2.1937431e-02
  -2.1619445e-02
  -1.9642482e-02
  -1.6811518e-02
  -1.7919113e-02
  -3.7782033e-02
  -4.8657473e-02
   7.5968220e-03
   5.5892028e-03
   9.8927275e-03
   1.0872591e-02
   7.1371125e-03
  -2.1120447e-03
  -1.5287762e-02
  -2.7835014e-02
  -3.8094141e-02
  -3.8672863e-02
  -3.1963647e-02
  -1.9308101e-02
  -4.7677459e-03
   4.3661681e-03
   1.2105579e-02
   1.4945563e-03
  -2.1978067e-02
  -4.3191737e-02
  -5.6438176e-02
  -5.9858278e-02
  -4.9668934e-02
  -3.3940173e-02
  -2.3624695e-02
  -2.0087813e-02
  -2.8849495e-03
   7.5204931e-03
  -1.3714650e-03
  -1.4896603e-02
  -1.7828803e-02
  -1.7660421e-02
  -1.8111983e-02
  -1.9706318e-02
  -1.9393069e-02
  -1.6159792e-02
  -2.6273622e-02
   0.0000000e+00
  -1.2993542e-02
  -6.7587667e-03
  -6.7472371e-06
  -1.2954110e-03
  -6.7073209e-03
  -1.8286104e-02
  -2.9967851e-02
  -4.1113914e-02
  -4.5718477e-02
  -3.6508335e-02
  -2.8820001e-02
  -1.8567903e-02
  -3.7459112e-03
   7.6134874e-03
   1.9078245e-02
  -1.8906600e-03
  -3.5201420e-02
  -5.4789750e-02
  -5.7664837e-02
  -5.2370529e-02
  -3.8599072e-02
  -2.1765794e-02
  -1.5473898e-02
  -2.0812368e-02
   1.0595883e-02
  -7.9191372e-04
  -5.6255701e-03
  -1.2891947e-02
  -1.3087472e-02
  -1.2790074e-02
  -1.5404450e-02
  -1.9678478e-02
  -2.0106436e-02
  -1.2100445e-02
  -5.9823689e-03
   0.0000000e+00
  -0.0000000e+00
  -1.3498721e-02
  -6.2412977e-03
  -1.0637590e-02
  -1.8271970e-02
  -2.6908827e-02
  -3.2650371e-02
  -3.5533569e-02
  -2.7187586e-02
  -1.1165573e-02
  -9.6084132e-03
  -4.8488774e-03
   8.8736565e-03
   1.8609349e-02
   1.7151974e-02
  -1.3234929e-02
  -4.0055824e-02
  -4.7384104e-02
  -3.8949780e-02
  -3.1513078e-02
  -2.6150545e-02
  -7.1550505e-03
  -4.9876686e-03
  -1.3536288e-03
   4.0089492e-04
  -3.1938365e-03
  -8.2257730e-03
  -8.6568011e-03
  -7.0681116e-03
  -7.6733380e-03
  -1.2803161e-02
  -1.8166029e-02
  -1.8930204e-02
  -8.6805687e-03
   1.1749031e-02
   0.0000000e+00
  -0.0000000e+00
  -1.1280554e-02
  -9.3583560e-03
  -1.9766084e-02
  -2.5666970e-02
  -2.5973455e-02
  -2.2152567e-02
  -1.3336855e-02
  -4.4478513e-03
   5.4172344e-03
  -3.1015598e-03
  -1.7793930e-03
   6.6914747e-03
   9.1896871e-03
  -1.8718134e-03
  -1.9729930e-02
  -2.6095739e-02
  -1.5994539e-02
  -0.0000000e+00
  -0.0000000e+00
   0.0000000e+00
   0.0000000e+00
   3.9096053e-03
   7.0018915e-03
   3.7588152e-03
  -3.6633803e-03
  -3.8075298e-03
  -3.8534523e-05
   1.9940136e-03
  -1.5373444e-03
  -8.8252446e-03
  -1.6001720e-02
  -1.6057150e-02
  -3.9945537e-03
   2.3778509e-02
   1.3497391e-02
  -0.0000000e+00
  -1.1018415e-02
  -2.4717977e-02
  -3.3170144e-02
  -2.5714052e-02
  -1.4362270e-02
  -1.0826245e-03
   2.7180488e-02
  -1.3036017e-03
   5.4016398e-03
  -8.9491108e-03
  -7.8317285e-03
  -4.2845626e-03
  -1.8678513e-03
  -3.8381393e-03
  -4.2671394e-03
   5.9045763e-03
   2.6208530e-02
  -0.0000000e+00
  -0.0000000e+00
   0.0000000e+00
   0.0000000e+00
   1.0680235e-02
   7.8063441e-03
   2.1471162e-03
   2.4221118e-03
   4.9737788e-03
   9.0174511e-03
   9.3395651e-03
   3.0132740e-03
  -5.4806830e-03
  -1.4005644e-02
  -1.2465841e-02
   1.6186680e-03
   3.1780943e-02
   3.6860196e-02
   0.0000000e+00
  -1.3848666e-02
  -3.7936233e-02
  -3.8440208e-02
  -1.7923749e-02
  -1.6714756e-03
   1.9037153e-02
   5.2948593e-02
   0.0000000e+00
  -0.0000000e+00
  -1.1068505e-02
  -1.0414936e-02
  -4.6777261e-03
   2.3488941e-03
   7.1133390e-03
   1.3613315e-02
   3.1903559e-02
   5.0156931e-02
   0.0000000e+00
   0.0000000e+00
   0.0000000e+00
   0.0000000e+00
   1.1788135e-02
   6.5045868e-03
   3.2364727e-03
   1.2780869e-02
   1.4710358e-02
   1.7209234e-02
   1.5004040e-02
   7.2346157e-03
  -3.6633984e-03
  -1.1973355e-02
  -6.6976506e-03
   9.9405827e-03
   4.2456533e-02
   5.7659713e-02
   0.0000000e+00
   0.0000000e+00
  -5.2039503e-02
  -3.8883386e-02
  -7.6278574e-03
   1.1222303e-02
   4.4815741e-02
   8.8363245e-02
   0.0000000e+00
  -0.0000000e+00
  -7.0647474e-03
  -1.1031610e-02
   3.8757391e-03
   1.4448792e-02
   2.2546810e-02
   3.1181333e-02
   4.9350817e-02
   5.8354246e-02
   0.0000000e+00
   0.0000000e+00
   0.0000000e+00
   0.0000000e+00
   1.7302546e-02
   1.3444742e-02
   1.2259067e-02
   1.8781911e-02
   2.0221859e-02
   2.1630220e-02
   1.7737530e-02
   7.4681685e-03
  -5.6407197e-03
  -1.0410226e-02
  -9.6626560e-04
   1.7884170e-02
   4.9140219e-02
   5.3830794e-02
   0.0000000e+00
   0.0000000e+00
  -0.0000000e+00
  -3.5472529e-02
  -1.2021324e-03
   2.1400761e-02
   6.4008651e-02
   8.3261486e-02
   0.0000000e+00
  -0.0000000e+00
  -9.4885767e-03
  -1.4924813e-03
   1.2535114e-02
   2.3642206e-02
   3.2586280e-02
   4.0953199e-02
   5.3980435e-02
   4.0129421e-02
   1.7845064e-02
   0.0000000e+00
   0.0000000e+00
   2.3664855e-02
   2.3890179e-02
   2.0477910e-02
   1.8806983e-02
   2.3962945e-02
   2.4921274e-02
   2.3880524e-02
   1.6170308e-02
   2.1730375e-03
  -8.4208466e-03
  -6.0727823e-03
   7.6342819e-03
   2.8522624e-02
   5.4925312e-02
   3.3970997e-02
   0.0000000e+00
   0.0000000e+00
  -0.0000000e+00
  -2.3583482e-02
   7.2817781e-03
   3.3532878e-02
   7.6597080e-02
   9.0056973e-02
   0.0000000e+00
  -0.0000000e+00
  -1.6917981e-02
   1.4302947e-02
   2.1762175e-02
   3.3273891e-02
   4.3626547e-02
   5.1465678e-02
   5.5148698e-02
   3.6381914e-02
   1.9783963e-02
   0.0000000e+00
   0.0000000e+00
   2.8952434e-02
   3.0598730e-02
   2.6268178e-02
   2.4000907e-02
   2.5198828e-02
   2.4233561e-02
   1.9507545e-02
   8.3642279e-03
  -4.1672115e-03
  -6.9118299e-03
   1.5881172e-03
   1.7609304e-02
   4.0134030e-02
   6.0193512e-02
   0.0000000e+00
   0.0000000e+00
   0.0000000e+00
   0.0000000e+00
  -4.9935108e-03
   1.8065856e-02
   4.3901613e-02
   7.4968133e-02
   7.7031705e-02
   0.0000000e+00
   0.0000000e+00
   0.0000000e+00
   2.8135347e-02
   3.0671413e-02
   4.2371496e-02
   5.4120110e-02
   5.9181383e-02
   5.2590308e-02
   3.3499849e-02
   1.4692984e-02
   2.0509808e-02
   2.7703546e-02
   2.9184318e-02
   3.4366214e-02
   2.8297881e-02
   2.5993115e-02
   1.8788527e-02
   1.5774832e-02
   9.1628564e-03
   1.3463260e-05
  -4.9051743e-03
  -4.7289104e-04
   1.0797361e-02
   2.7232934e-02
   4.8998275e-02
   6.2433321e-02
   0.0000000e+00
   0.0000000e+00
   0.0000000e+00
   0.0000000e+00
   1.0384657e-02
   2.8193351e-02
   4.7805069e-02
   6.1016480e-02
   5.2373633e-02
   0.0000000e+00
   0.0000000e+00
   0.0000000e+00
   3.2942265e-02
   3.7023457e-02
   4.7049693e-02
   5.7983937e-02
   5.7970753e-02
   4.5351361e-02
   2.9433301e-02
   1.7274942e-02
   2.3424777e-02
   2.1901574e-02
   4.4510065e-02
   3.2259391e-02
   2.4384207e-02
   2.0873154e-02
   9.3250911e-04
  -1.3714072e-03
  -4.6124617e-03
  -5.8775225e-03
  -1.5315557e-03
   8.3665650e-03
   2.0582887e-02
   3.4009272e-02
   4.8110934e-02
   4.9872447e-02
   1.8739547e-02
   0.0000000e+00
   0.0000000e+00
   0.0000000e+00
   0.0000000e+00
   3.5190698e-02
   4.4017173e-02
   4.1249209e-02
   2.6514588e-02
   0.0000000e+00
   0.0000000e+00
   0.0000000e+00
   3.6110495e-02
   3.8938026e-02
   4.5059257e-02
   5.1633402e-02
   4.5142762e-02
   3.1611293e-02
   2.4771100e-02
   1.9707827e-02
   1.9033856e-02
   4.3515726e-03
   3.6399953e-02
   2.0612258e-02
   9.1463541e-03
   3.9653366e-03
  -1.5757278e-02
  -1.7504539e-02
  -1.7782299e-02
  -1.4427312e-02
  -5.9710715e-03
   6.0634229e-03
   1.8060288e-02
   2.7433952e-02
   3.1272763e-02
   3.0576742e-02
   1.3863337e-02
   3.9750014e-03
   0.0000000e+00
   0.0000000e+00
   0.0000000e+00
   3.8404419e-02
   3.8793530e-02
   2.9524370e-02
   1.2335134e-02
   0.0000000e+00
   0.0000000e+00
   0.0000000e+00
   3.3892032e-02
   3.5846547e-02
   3.7622526e-02
   3.9483027e-02
   2.7608427e-02
   1.4919136e-02
   1.6331836e-02
   1.3148465e-02
   9.8364006e-03
   9.0153115e-03
   2.3987336e-02
   7.1515989e-04
  -9.0708002e-03
  -1.3121096e-02
  -2.3137493e-02
  -2.4904994e-02
  -2.5107221e-02
  -2.2409442e-02
  -1.6116810e-02
  -8.0607978e-03
  -7.7046089e-04
   4.0030692e-03
   7.4562423e-03
   9.8779149e-03
   0.0000000e+00
   3.3599723e-03
   0.0000000e+00
   0.0000000e+00
   4.2334228e-02
   3.9282120e-02
   3.7134228e-02
   2.7026464e-02
   1.1765264e-02
   0.0000000e+00
   0.0000000e+00
   0.0000000e+00
   2.5475685e-02
   2.9225954e-02
   2.8455033e-02
   2.8678554e-02
   1.4819667e-02
   4.1224694e-03
   9.8513390e-03
   4.6185707e-03
   4.6936945e-03
   7.2399253e-03
   3.6463249e-03
  -1.2192745e-02
  -1.8183639e-02
  -2.0945057e-02
  -1.3507414e-02
  -1.3543208e-02
  -1.3808502e-02
  -1.3156109e-02
  -1.1240935e-02
  -9.4042356e-03
  -9.4693998e-03
  -1.3825261e-02
  -1.6243552e-02
  -1.1912774e-02
  -1.3293219e-02
   2.8937329e-03
  -0.0000000e+00
   6.6887862e-03
   3.7956633e-02
   3.9501651e-02
   3.8884419e-02
   2.5864283e-02
   1.0139196e-02
   0.0000000e+00
   0.0000000e+00
   0.0000000e+00
   1.9999099e-02
   2.1326674e-02
   1.8943222e-02
   2.1520982e-02
   8.0129253e-03
  -1.9917970e-03
   0.0000000e+00
   9.2276231e-04
   1.8895665e-03
   1.1155794e-03
  -5.3614431e-03
  -1.1763095e-02
  -1.4024438e-02
  -1.3946854e-02
  -5.8572809e-04
   2.9929653e-03
   4.9407460e-03
   6.3381341e-03
   7.0922408e-03
   5.6589080e-03
   5.7855994e-04
  -1.2174049e-02
  -2.9959169e-02
  -2.8566175e-02
   0.0000000e+00
   0.0000000e+00
  -0.0000000e+00
   8.6579101e-03
   2.7989045e-02
   3.2295474e-02
   2.9699982e-02
   2.3146304e-02
   0.0000000e+00
   0.0000000e+00
   0.0000000e+00
   0.0000000e+00
   2.6247616e-02
   9.8324111e-03
   6.0556556e-03
   1.9774612e-02
   6.8377084e-03
  -4.3880417e-03
   0.0000000e+00
   1.8241542e-03
   6.5204364e-04
  -7.5912985e-04
  -4.3164395e-03
  -6.8222496e-03
  -7.1017694e-03
  -4.4953065e-03
  -3.7877349e-03
   4.2828506e-03
   1.0043569e-02
   1.3585035e-02
   1.4946576e-02
   1.2729799e-02
   6.3275422e-03
  -8.2255581e-03
  -4.0935799e-02
  -4.8767735e-02
   0.0000000e+00
  -0.0000000e+00
  -1.6786638e-02
  -5.2539072e-03
   5.4834177e-03
   1.2645269e-02
   0.0000000e+00
   0.0000000e+00
   0.0000000e+00
   0.0000000e+00
   0.0000000e+00
   0.0000000e+00
   0.0000000e+00
   2.5173778e-03
  -6.0894863e-03
   2.9695624e-02
   1.2101988e-02
   0.0000000e+00
   0.0000000e+00
   0.0000000e+00
  -2.6184194e-03
  -4.6098414e-03
  -8.5305720e-03
  -1.1859029e-02
  -1.2913536e-02
  -1.0185666e-02
  -2.5962519e-02
  -1.7375269e-02
  -8.9872938e-03
  -3.4261713e-03
   3.6063208e-04
   2.7016584e-03
   2.4522183e-03
  -2.3034994e-03
  -3.8175520e-02
  -5.2510824e-02
  -6.6169293e-02
  -2.4343494e-02
  -2.6642778e-02
  -2.8405372e-02
  -2.1723244e-02
  -8.8769773e-03
   0.0000000e+00
   0.0000000e+00
   0.0000000e+00
   0.0000000e+00
   0.0000000e+00
   0.0000000e+00
   0.0000000e+00
   1.9454586e-03
  -1.8587171e-02
   5.0399075e-02
   2.1792988e-02
   0.0000000e+00
  -7.3935318e-03
   3.4353310e-03
  -7.5543995e-03
  -9.9353829e-03
  -1.6030951e-02
  -2.2675663e-02
  -2.7975078e-02
  -2.9447221e-02
  -4.7948687e-02
  -4.4212028e-02
  -3.6188517e-02
  -2.9228961e-02
  -2.3332440e-02
  -1.5369132e-02
  -7.2466360e-03
  -4.6956822e-03
  -2.0113785e-02
  -3.4787800e-02
  -2.4650581e-02
  -2.3607517e-02
  -3.3981284e-02
  -4.1665337e-02
  -4.2630225e-02
  -2.8031708e-02
   0.0000000e+00
   0.0000000e+00
   0.0000000e+00
   0.0000000e+00
   0.0000000e+00
   0.0000000e+00
   0.0000000e+00
   7.7013900e-03
  -2.4041393e-02
   0.0000000e+00
   2.9061127e-02
   0.0000000e+00
  -0.0000000e+00
   3.1045897e-03
  -1.1203531e-02
  -1.1446082e-02
  -1.9095432e-02
  -2.9164915e-02
  -3.8761828e-02
  -4.5384514e-02
  -5.3620727e-02
  -5.4749396e-02
  -4.9980476e-02
  -4.3417856e-02
  -3.7230631e-02
  -2.7067569e-02
  -1.0822897e-02
  -5.7455779e-03
  -3.1067948e-02
  -2.4029753e-02
  -1.5315362e-02
  -1.9054845e-02
  -2.9219456e-02
  -4.2001923e-02
  -5.5893382e-02
  -5.4467142e-02
   0.0000000e+00
   0.0000000e+00
   0.0000000e+00
   0.0000000e+00
   0.0000000e+00
   0.0000000e+00
   0.0000000e+00
   1.7799619e-02
  -1.8906947e-02
   0.0000000e+00
   2.6480439e-02
   0.0000000e+00
  -0.0000000e+00
  -2.2975187e-03
  -1.1661549e-02
  -8.5970502e-03
  -1.4420390e-02
  -2.5726531e-02
  -3.7839539e-02
  -4.7476130e-02
  -4.9531280e-02
  -5.2282994e-02
  -4.9826282e-02
  -4.5104244e-02
  -4.0764940e-02
  -3.2966923e-02
  -1.3899586e-02
  -1.9392691e-03
  -0.0000000e+00
  -2.1058364e-02
  -9.9871668e-03
  -1.3617433e-02
  -2.4203231e-02
  -3.9946518e-02
  -6.2619757e-02
  -7.6886324e-02
   0.0000000e+00
   0.0000000e+00
   0.0000000e+00
   0.0000000e+00
   0.0000000e+00
   0.0000000e+00
   0.0000000e+00
   2.9274310e-02
  -1.5667094e-02
   0.0000000e+00
   0.0000000e+00
   0.0000000e+00
  -0.0000000e+00
  -2.4754774e-02
  -1.6405393e-02
  -6.8248756e-03
  -7.7103189e-03
  -1.7543674e-02
  -3.0427102e-02
  -4.1788425e-02
  -3.9302355e-02
  -4.2427610e-02
  -4.0458569e-02
  -3.6801788e-02
  -3.5534445e-02
  -3.4017196e-02
  -2.1124983e-02
   0.0000000e+00
  -2.0623034e-02
  -1.9780524e-02
  -6.3744110e-03
  -7.8729009e-03
  -1.7840433e-02
  -3.5558917e-02
  -6.3830765e-02
  -9.2651599e-02
   0.0000000e+00
   0.0000000e+00
   0.0000000e+00
   0.0000000e+00
   0.0000000e+00
   0.0000000e+00
   0.0000000e+00
   3.4993316e-02
   0.0000000e+00
   0.0000000e+00
   0.0000000e+00
   0.0000000e+00
  -0.0000000e+00
  -3.9829790e-02
  -2.3205899e-02
  -8.8230347e-03
  -2.9725963e-03
  -7.8947595e-03
  -1.9001446e-02
  -3.0658907e-02
  -2.5320318e-02
  -2.9147670e-02
  -2.7803850e-02
  -2.5537145e-02
  -2.8280595e-02
  -3.4204378e-02
  -2.4935329e-02
   0.0000000e+00
  -1.2757045e-02
  -1.5589450e-02
  -2.7830254e-03
  -3.7551990e-04
  -7.7478130e-03
  -2.4846912e-02
  -5.5427252e-02
  -9.7683318e-02
   0.0000000e+00
   0.0000000e+00
   0.0000000e+00
   0.0000000e+00
   0.0000000e+00
   0.0000000e+00
   0.0000000e+00
   0.0000000e+00
   0.0000000e+00
   0.0000000e+00
   0.0000000e+00
   0.0000000e+00
   0.0000000e+00
  -0.0000000e+00
  -2.9082618e-02
  -1.0799493e-02
  -1.1033038e-03
   5.8394748e-04
  -6.2006487e-03
  -1.6499636e-02
  -1.3696782e-02
  -1.7405694e-02
  -1.6245672e-02
  -1.6478810e-02
  -2.4975911e-02
  -3.4892939e-02
  -2.8185975e-02
   0.0000000e+00
  -0.0000000e+00
  -1.1190136e-02
  -2.1283280e-03
   4.1781428e-03
  -1.2193166e-04
  -1.3226764e-02
  -4.0882722e-02
  -9.2766705e-02
   7.4751782e-09
   0.0000000e+00
   0.0000000e+00
  -0.0000000e+00
   0.0000000e+00
   0.0000000e+00
   0.0000000e+00
   0.0000000e+00
   0.0000000e+00
   0.0000000e+00
   0.0000000e+00
   0.0000000e+00
   0.0000000e+00
  -0.0000000e+00
  -3.2051303e-02
  -1.0940580e-02
   2.0726977e-03
   7.4187227e-03
   3.9989684e-03
  -5.1759913e-03
  -2.2487343e-03
  -4.3293496e-03
  -1.6116282e-03
  -3.8944060e-03
  -2.2209660e-02
  -3.3735705e-02
   0.0000000e+00
   0.0000000e+00
   0.0000000e+00
   0.0000000e+00
   2.6577875e-03
   7.0300318e-03
   5.9292066e-03
  -2.5914305e-03
  -2.3335770e-02
  -6.9473680e-02
  -6.9629118e-02
   0.0000000e+00
  -0.0000000e+00
  -1.3748497e-02
  -1.4444732e-02
   0.0000000e+00
   0.0000000e+00
   0.0000000e+00
   0.0000000e+00
   0.0000000e+00
   0.0000000e+00
   0.0000000e+00
   0.0000000e+00
  -0.0000000e+00
  -2.5575705e-02
  -1.6596079e-02
   6.1383113e-03
   1.8641950e-02
   1.6589044e-02
   6.9425925e-03
   5.1984962e-03
   5.4990883e-03
   1.1084042e-02
   9.2906539e-03
  -1.8463239e-02
  -3.1054156e-02
   0.0000000e+00
   0.0000000e+00
   0.0000000e+00
   0.0000000e+00
   0.0000000e+00
   1.0096494e-02
   9.6358828e-03
   3.2143933e-03
  -1.2287760e-02
  -5.0808842e-02
  -6.0908765e-02
  -1.3956988e-02
  -9.8593083e-03
  -1.2253751e-02
  -7.8683989e-03
   0.0000000e+00
   0.0000000e+00
   0.0000000e+00
   0.0000000e+00
   0.0000000e+00
   0.0000000e+00
   0.0000000e+00
   0.0000000e+00
  -0.0000000e+00
  -1.9917432e-02
  -2.3624152e-02
   1.8886303e-03
   2.3335717e-02
   2.3200069e-02
   1.4311059e-02
   1.2700827e-02
   1.5963816e-02
   2.4712291e-02
   2.6562494e-02
  -5.1512105e-03
  -2.6535891e-02
   0.0000000e+00
   0.0000000e+00
   0.0000000e+00
   0.0000000e+00
   0.0000000e+00
   6.1061464e-03
   1.0475089e-02
   4.1895520e-03
  -5.7414845e-03
  -3.0493396e-02
  -5.2365803e-02
  -0.0000000e+00
  -4.4716161e-03
   0.0000000e+00
   0.0000000e+00
  -0.0000000e+00
  -1.1738481e-02
  -1.3059417e-02
   0.0000000e+00
   0.0000000e+00
   0.0000000e+00
   0.0000000e+00
   0.0000000e+00
   0.0000000e+00
  -0.0000000e+00
  -3.9001365e-02
  -1.1760285e-02
   1.4881877e-02
   2.0512121e-02
   1.7229127e-02
   2.1620455e-02
   2.3403066e-02
   3.3378842e-02
   3.8862890e-02
   1.5924705e-02
   2.0964176e-03
   0.0000000e+00
   0.0000000e+00
   0.0000000e+00
   0.0000000e+00
   0.0000000e+00
   0.0000000e+00
   3.5729415e-03
   4.0183537e-03
  -1.8688973e-03
  -1.6150515e-02
  -2.5746423e-02
   0.0000000e+00
  -0.0000000e+00
  -3.0968658e-03
  -2.1143604e-03
   2.7280456e-03
  -8.1479267e-03
  -1.3059418e-02
   0.0000000e+00
   0.0000000e+00
   0.0000000e+00
   0.0000000e+00
   0.0000000e+00
   0.0000000e+00
  -0.0000000e+00
  -3.3882623e-02
  -9.9501822e-03
   1.8315843e-02
   3.0733878e-02
   2.8541404e-02
   2.3864076e-02
   2.2355260e-02
   3.4408954e-02
   4.3088048e-02
   2.9710893e-02
   2.2830998e-02
   0.0000000e+00
   0.0000000e+00
   0.0000000e+00
   0.0000000e+00
   0.0000000e+00
   0.0000000e+00
  -0.0000000e+00
   6.4270175e-04
   4.5828924e-03
  -4.6127459e-03
  -1.5076595e-02
   0.0000000e+00
   0.0000000e+00
  -0.0000000e+00
  -0.0000000e+00
   0.0000000e+00
   0.0000000e+00
   0.0000000e+00
   0.0000000e+00
   0.0000000e+00
   0.0000000e+00
   0.0000000e+00
   0.0000000e+00
   0.0000000e+00
   0.0000000e+00
  -0.0000000e+00
  -1.6322757e-02
   7.9635118e-03
   2.7644898e-02
   3.0105753e-02
   1.6808051e-02
   1.0422532e-02
   1.9250176e-02
   3.6770264e-02
   3.8753055e-02
   0.0000000e+00
   0.0000000e+00
   0.0000000e+00
   0.0000000e+00
   0.0000000e+00
   0.0000000e+00
  -0.0000000e+00
  -2.6699607e-02
  -8.9018174e-03
   6.1827016e-03
   4.6422750e-03
   0.0000000e+00
  -0.0000000e+00
   0.0000000e+00
   0.0000000e+00
   0.0000000e+00
   0.0000000e+00
   0.0000000e+00
   0.0000000e+00
   0.0000000e+00
   0.0000000e+00
   0.0000000e+00
   0.0000000e+00
   0.0000000e+00
   0.0000000e+00
   0.0000000e+00
  -0.0000000e+00
  -2.1402463e-02
  -2.4679302e-02
   4.7603712e-03
   1.6858817e-02
   1.6978367e-02
   0.0000000e+00
   0.0000000e+00
   2.0531135e-02
   4.4033358e-02
   0.0000000e+00
   0.0000000e+00
   0.0000000e+00
   0.0000000e+00
   0.0000000e+00
   0.0000000e+00
  -0.0000000e+00
  -1.0826220e-02
  -2.7270937e-02
  -1.4355969e-02
  -9.9179461e-03
  -5.5590832e-03
  -2.1434988e-03
   0.0000000e+00
   0.0000000e+00
   0.0000000e+00
   0.0000000e+00
   0.0000000e+00
   0.0000000e+00
   0.0000000e+00
   0.0000000e+00
   0.0000000e+00
   0.0000000e+00
   0.0000000e+00
   0.0000000e+00
   0.0000000e+00
  -0.0000000e+00
  -1.9415228e-02
  -5.6040799e-02
  -3.2453397e-02
  -3.1771287e-03
  -0.0000000e+00
   0.0000000e+00
   0.0000000e+00
   0.0000000e+00
   0.0000000e+00
   0.0000000e+00
   0.0000000e+00
   0.0000000e+00
   0.0000000e+00
   0.0000000e+00
   0.0000000e+00
  -0.0000000e+00
  -1.9396725e-02
   0.0000000e+00
  -0.0000000e+00
  -0.0000000e+00
  -2.3455558e-02
  -2.4229773e-02
  -1.5931135e-02
   0.0000000e+00
   0.0000000e+00
   0.0000000e+00
   0.0000000e+00
   0.0000000e+00
   0.0000000e+00
   0.0000000e+00
   0.0000000e+00
   0.0000000e+00
   0.0000000e+00
   0.0000000e+00
   0.0000000e+00
   0.0000000e+00
   0.0000000e+00
   0.0000000e+00
   0.0000000e+00
   0.0000000e+00
  -1.5438017e-03
  -5.6216307e-03
  -2.7965978e-03
  -1.6882938e-03
  -4.8683779e-03
  -1.4564689e-02
  -2.8544955e-02
  -2.7201075e-02
  -2.0844098e-02
  -2.3510743e-02
  -2.6449980e-02
  -2.0644547e-02
  -2.2218511e-02
  -0.0000000e+00
  -0.0000000e+00
  -0.0000000e+00
  -1.9543446e-02
  -1.6886534e-02
  -1.6613272e-02
  -0.0000000e+00
   0.0000000e+00
   0.0000000e+00
   0.0000000e+00
   0.0000000e+00
   0.0000000e+00
   0.0000000e+00
   0.0000000e+00
   0.0000000e+00
   0.0000000e+00
   0.0000000e+00
   0.0000000e+00
   0.0000000e+00
   0.0000000e+00
   9.2367803e-03
   6.2512206e-03
   3.9799102e-03
