   0.0000000e+00
   0.0000000e+00
   0.0000000e+00
   0.0000000e+00
   0.0000000e+00
   0.0000000e+00
   0.0000000e+00
   0.0000000e+00
   0.0000000e+00
   4.2874756e-03
   3.2115300e-03
   1.8766486e-03
   2.2023467e-03
   2.1051831e-03
   9.8646564e-05
  -3.3220640e-03
  -7.4650128e-03
  -1.0534162e-02
  -1.2996210e-02
  -1.6725121e-02
  -1.9339317e-02
  -1.9124861e-02
  -1.4084122e-02
  -9.8524375e-03
  -7.6538018e-03
   0.0000000e+00
   0.0000000e+00
   0.0000000e+00
   0.0000000e+00
   0.0000000e+00
   0.0000000e+00
   0.0000000e+00
   0.0000000e+00
   0.0000000e+00
   0.0000000e+00
   0.0000000e+00
   0.0000000e+00
   0.0000000e+00
   0.0000000e+00
   0.0000000e+00
   0.0000000e+00
   0.0000000e+00
   0.0000000e+00
   0.0000000e+00
   0.0000000e+00
  -0.0000000e+00
  -1.1362919e-02
  -1.6795791e-02
  -3.3778856e-02
  -3.3819543e-02
  -2.9825180e-02
  -2.8585335e-02
  -2.6797799e-02
  -2.1338947e-02
  -1.7185476e-02
  -1.9456507e-02
  -2.6549284e-02
  -2.9899349e-02
  -2.5574429e-02
  -0.0000000e+00
  -0.0000000e+00
  -1.7728503e-02
  -2.3017266e-02
  -0.0000000e+00
   0.0000000e+00
   0.0000000e+00
   0.0000000e+00
   0.0000000e+00
   0.0000000e+00
   0.0000000e+00
   0.0000000e+00
   0.0000000e+00
   0.0000000e+00
   0.0000000e+00
   0.0000000e+00
   0.0000000e+00
   0.0000000e+00
   0.0000000e+00
   0.0000000e+00
   0.0000000e+00
   0.0000000e+00
  -0.0000000e+00
  -0.0000000e+00
  -2.5204500e-02
  -3.0555071e-02
  -2.5550628e-02
  -1.2696370e-02
  -1.1482925e-02
  -1.1768282e-02
  -9.4923270e-03
  -1.0601003e-02
  -1.2873507e-02
  -1.9492000e-02
  -2.5376068e-02
  -2.8985754e-02
  -2.9673322e-02
  -2.5535606e-02
  -1.9525544e-02
  -2.3112631e-02
  -2.5717412e-02
  -1.7734994e-02
  -1.8400311e-02
   0.0000000e+00
   0.0000000e+00
   0.0000000e+00
   0.0000000e+00
   0.0000000e+00
   0.0000000e+00
   0.0000000e+00
   0.0000000e+00
   0.0000000e+00
   0.0000000e+00
   0.0000000e+00
   0.0000000e+00
   0.0000000e+00
   0.0000000e+00
   0.0000000e+00
   0.0000000e+00
   8.2873271e-03
   3.4248569e-03
  -1.8377365e-04
   2.1337242e-03
   9.1888746e-03
   8.3899618e-03
   9.7396789e-03
   7.2908336e-03
   7.3540754e-03
   1.3314371e-02
   9.8416160e-03
   5.1826860e-03
  -2.8160172e-03
  -9.9089215e-03
  -1.3072426e-02
  -1.3527035e-02
  -1.3280471e-02
  -1.9281739e-02
  -1.6827520e-02
  -1.2538466e-02
  -0.0000000e+00
   0.0000000e+00
   0.0000000e+00
   0.0000000e+00
   0.0000000e+00
   0.0000000e+00
   0.0000000e+00
   0.0000000e+00
   0.0000000e+00
   0.0000000e+00
   0.0000000e+00
   0.0000000e+00
   0.0000000e+00
   0.0000000e+00
   0.0000000e+00
   3.3535714e-02
   4.8934606e-02
   5.2758028e-02
   4.4923862e-02
   3.9317162e-02
   3.7568355e-02
   3.6152664e-02
   3.6460773e-02
   3.6641690e-02
   4.3347674e-02
   5.0208672e-02
   4.8654763e-02
   4.3635539e-02
   3.3133827e-02
   2.2605480e-02
   1.3736802e-02
   5.4158556e-03
   1.3164939e-03
  -4.0621334e-03
  -4.0532391e-03
   2.1823180e-03
   6.0311335e-03
   0.0000000e+00
   0.0000000e+00
   0.0000000e+00
   0.0000000e+00
   0.0000000e+00
   0.0000000e+00
   0.0000000e+00
   0.0000000e+00
   0.0000000e+00
   0.0000000e+00
   0.0000000e+00
   0.0000000e+00
   0.0000000e+00
   4.8481294e-02
   6.5412481e-02
   7.8577276e-02
   9.1899465e-02
   8.1761626e-02
   6.2956042e-02
   6.0443915e-02
   5.9236003e-02
   0.0000000e+00
   6.4281368e-02
   7.0000291e-02
   7.0355888e-02
   7.6587591e-02
   7.1828268e-02
   6.6128343e-02
   5.5235851e-02
   4.4641614e-02
   3.6498878e-02
   2.4226484e-02
   1.7259699e-02
   9.7799547e-03
   1.1983998e-02
   8.3475510e-03
   1.5631195e-02
   0.0000000e+00
   0.0000000e+00
   0.0000000e+00
   0.0000000e+00
   0.0000000e+00
   0.0000000e+00
   0.0000000e+00
   0.0000000e+00
   0.0000000e+00
   2.2042851e-02
   4.6436029e-02
   4.5495757e-02
   6.7883924e-02
   8.6376763e-02
   8.3693685e-02
   9.6974781e-02
   8.8768766e-02
   7.3153942e-02
   0.0000000e+00
   6.4632801e-02
   0.0000000e+00
   6.8554139e-02
   7.3950247e-02
   7.2272178e-02
   8.9531152e-02
   8.9753146e-02
   9.1122192e-02
   8.1599345e-02
   6.9187179e-02
   6.5307274e-02
   4.9724168e-02
   4.0139544e-02
   2.1553236e-02
   1.7984309e-02
   8.7436003e-03
   9.8248016e-03
   0.0000000e+00
   0.0000000e+00
   0.0000000e+00
   0.0000000e+00
   0.0000000e+00
   0.0000000e+00
   0.0000000e+00
   0.0000000e+00
   0.0000000e+00
   3.7232609e-02
   6.4275539e-02
   5.4556946e-02
   6.7269595e-02
   7.7155579e-02
   6.3907305e-02
   5.9033657e-02
   5.0827632e-02
   5.8611029e-02
   4.3950282e-02
   4.5892818e-02
   4.0854383e-02
   4.0137132e-02
   0.0000000e+00
   0.0000000e+00
   7.4121961e-02
   8.4697138e-02
   8.5254501e-02
   8.3400356e-02
   7.1357577e-02
   7.0050448e-02
   5.7947061e-02
   4.7741371e-02
   2.6067938e-02
   1.7627478e-02
   5.8920522e-03
  -7.6912992e-05
   0.0000000e+00
   0.0000000e+00
   0.0000000e+00
   0.0000000e+00
   0.0000000e+00
  -0.0000000e+00
  -7.9580500e-03
  -1.4136845e-03
   0.0000000e+00
   3.4254095e-02
   5.4086399e-02
   4.3155805e-02
   3.5745812e-02
   3.7816833e-02
   2.7349543e-02
   1.6043333e-03
  -1.2645064e-02
   1.3047115e-02
   1.3919110e-02
   1.4635505e-02
   1.7173406e-02
   0.0000000e+00
   0.0000000e+00
   0.0000000e+00
   3.6477651e-02
   4.5808740e-02
   4.2825091e-02
   4.6580756e-02
   4.1367288e-02
   3.9881666e-02
   3.5583638e-02
   2.6904006e-02
   1.7033560e-02
   0.0000000e+00
   2.2371344e-03
  -4.6688444e-03
   3.5303461e-03
   0.0000000e+00
   0.0000000e+00
   0.0000000e+00
   0.0000000e+00
  -2.8378811e-02
  -1.6128860e-02
   2.2351274e-03
   0.0000000e+00
   1.1922446e-02
   1.7279465e-02
   1.2941605e-02
  -1.8068344e-03
  -6.4320928e-03
  -1.0261685e-02
  -2.7580590e-02
  -4.0786588e-02
  -3.0661666e-02
  -1.0182180e-02
  -5.0758087e-03
  -1.1408012e-02
   0.0000000e+00
  -0.0000000e+00
  -0.0000000e+00
  -8.3761845e-03
  -1.8538101e-03
  -2.7123606e-03
  -9.6745939e-04
   2.4020546e-04
  -6.9252245e-04
  -1.0855761e-03
  -3.6315837e-03
   5.9338824e-04
   0.0000000e+00
  -6.7769640e-03
  -7.2995664e-03
  -8.9782367e-03
   0.0000000e+00
   0.0000000e+00
   0.0000000e+00
   0.0000000e+00
  -4.1118861e-02
  -2.1870997e-02
  -4.4326360e-03
  -0.0000000e+00
  -9.3095740e-03
  -1.4771019e-02
  -1.6009352e-02
  -2.7141428e-02
  -3.6625270e-02
  -3.7280276e-02
  -3.1700374e-02
  -3.5066370e-02
  -0.0000000e+00
  -0.0000000e+00
  -1.3623912e-02
  -2.1392168e-02
   0.0000000e+00
  -0.0000000e+00
  -0.0000000e+00
  -3.6910756e-02
  -3.3441597e-02
  -2.9600192e-02
  -3.1129712e-02
  -2.7464741e-02
  -2.7596573e-02
  -2.6445268e-02
  -2.2838582e-02
  -1.1207704e-02
  -0.0000000e+00
  -0.0000000e+00
  -1.3111957e-02
  -1.7504443e-02
  -0.0000000e+00
   0.0000000e+00
   0.0000000e+00
   0.0000000e+00
  -4.9177663e-02
  -2.3457948e-02
  -1.1772492e-02
  -0.0000000e+00
  -2.6225942e-02
  -3.4057015e-02
  -3.6517364e-02
  -4.1558517e-02
  -5.2119794e-02
  -4.9810982e-02
  -2.5907843e-02
  -1.4964369e-02
  -0.0000000e+00
  -0.0000000e+00
  -1.8277252e-02
  -2.0762776e-02
  -0.0000000e+00
   0.0000000e+00
  -4.3630378e-02
  -5.4381299e-02
  -5.0033993e-02
  -4.3484712e-02
  -4.5524384e-02
  -4.1597537e-02
  -4.0523443e-02
  -3.8323325e-02
  -3.0428626e-02
  -1.6364329e-02
  -1.6580608e-02
  -0.0000000e+00
  -1.9983217e-02
  -2.2168051e-02
  -0.0000000e+00
   0.0000000e+00
   0.0000000e+00
  -0.0000000e+00
  -4.5203571e-02
  -2.0550595e-02
  -0.0000000e+00
  -4.8583868e-02
  -3.8634783e-02
  -3.9861818e-02
  -4.7032191e-02
  -4.6937598e-02
  -5.2885459e-02
  -4.6567938e-02
  -1.6621207e-02
   0.0000000e+00
  -0.0000000e+00
  -0.0000000e+00
  -2.1243871e-02
  -1.5641870e-02
  -2.0482683e-02
   0.0000000e+00
  -5.0125605e-02
  -6.0223868e-02
  -5.4456579e-02
  -4.8535348e-02
  -4.6869367e-02
  -4.3562058e-02
  -4.1072302e-02
  -3.7201615e-02
  -2.7707037e-02
  -1.4242849e-02
  -1.8442404e-02
  -0.0000000e+00
  -2.5842590e-02
  -2.4123019e-02
  -2.1291404e-02
   0.0000000e+00
   0.0000000e+00
  -0.0000000e+00
  -3.4957543e-02
  -1.6507714e-02
  -4.3995704e-02
  -5.7131922e-02
  -3.4695891e-02
  -2.8464352e-02
  -3.8242643e-02
  -3.9626081e-02
  -3.4453052e-02
  -0.0000000e+00
  -9.1950796e-03
   0.0000000e+00
   0.0000000e+00
   0.0000000e+00
  -2.8089588e-02
  -1.4013118e-02
  -1.7081048e-02
  -3.5266973e-02
  -4.6284343e-02
  -4.9516698e-02
  -4.2690545e-02
  -4.1499437e-02
  -3.4265060e-02
  -3.1693094e-02
  -3.1002843e-02
  -2.4222186e-02
  -1.7940117e-02
  -1.9979912e-03
  -1.1922992e-02
  -0.0000000e+00
  -2.0192878e-02
  -2.1045609e-02
  -1.8452959e-02
   0.0000000e+00
   0.0000000e+00
  -0.0000000e+00
  -3.5507410e-02
  -2.6746325e-02
  -5.0865873e-02
  -5.0115553e-02
  -3.0544579e-02
  -2.3262739e-02
  -3.1610167e-02
  -3.2447226e-02
  -2.2921074e-02
  -0.0000000e+00
  -1.9990852e-03
   3.8814866e-03
   5.5614162e-03
   0.0000000e+00
  -0.0000000e+00
  -1.7412310e-02
  -2.0193107e-02
  -3.3562373e-02
  -3.6965844e-02
  -3.8094749e-02
  -3.2180315e-02
  -3.2593877e-02
  -2.5534816e-02
  -2.3664693e-02
  -2.3083964e-02
  -1.5166544e-02
  -1.3520160e-02
   1.2883187e-03
  -3.4964409e-03
  -0.0000000e+00
  -0.0000000e+00
  -1.6119442e-02
  -1.7606673e-02
   0.0000000e+00
   0.0000000e+00
  -0.0000000e+00
  -3.9856620e-02
  -3.8030405e-02
  -5.3682499e-02
  -4.4536370e-02
  -3.0420397e-02
  -2.3666173e-02
  -3.0618519e-02
  -2.9883406e-02
  -1.6495210e-02
  -1.2082186e-02
   1.3434447e-04
   4.0271431e-03
   5.5017664e-03
   0.0000000e+00
  -0.0000000e+00
  -1.9781659e-02
  -2.1567146e-02
  -3.5904361e-02
  -3.1401921e-02
  -3.2589471e-02
  -2.7336680e-02
  -2.8509314e-02
  -2.3200833e-02
  -2.2320057e-02
  -2.2035746e-02
  -1.3994052e-02
  -1.5355746e-02
  -9.7738328e-04
  -3.6806962e-05
  -0.0000000e+00
  -1.1857953e-02
  -1.1125735e-02
  -1.6804731e-02
   0.0000000e+00
   0.0000000e+00
  -4.8706971e-02
  -4.6225508e-02
  -5.1271920e-02
  -5.7333758e-02
  -3.8086896e-02
  -3.3826694e-02
  -2.9915603e-02
  -3.4963354e-02
  -3.0241865e-02
  -1.7796593e-02
  -1.6286831e-02
   1.1792631e-03
   4.8319747e-03
   0.0000000e+00
   0.0000000e+00
  -0.0000000e+00
  -1.9194273e-02
  -2.3631002e-02
  -3.4377724e-02
  -2.7276437e-02
  -3.1232209e-02
  -2.6371254e-02
  -2.7815272e-02
  -2.6078626e-02
  -2.7066881e-02
  -2.6927113e-02
  -2.0561343e-02
  -2.3848835e-02
  -8.9344799e-03
  -1.1745356e-03
  -0.0000000e+00
  -1.4484839e-02
  -3.9464665e-03
  -1.1093004e-02
   0.0000000e+00
   0.0000000e+00
  -4.5223657e-02
  -4.3405169e-02
  -4.8838734e-02
  -4.8551379e-02
  -3.3809051e-02
  -3.3101876e-02
  -3.1151239e-02
  -3.5096317e-02
  -2.9721728e-02
  -2.3065304e-02
  -2.2404928e-02
   1.4939777e-03
   0.0000000e+00
   0.0000000e+00
   0.0000000e+00
  -0.0000000e+00
  -1.4809052e-02
  -1.6114930e-02
  -2.6961571e-02
  -2.4229697e-02
  -2.8538348e-02
  -2.4551477e-02
  -2.5959162e-02
  -2.6190508e-02
  -2.6859607e-02
  -2.7781409e-02
  -2.4874543e-02
  -2.9194315e-02
  -1.5633261e-02
  -9.1841687e-03
  -0.0000000e+00
  -1.8235379e-02
  -1.5123626e-03
  -0.0000000e+00
   0.0000000e+00
   0.0000000e+00
  -3.5111601e-02
  -3.1718023e-02
  -3.6050884e-02
  -3.5687504e-02
  -2.7494349e-02
  -2.6403676e-02
  -2.4966224e-02
  -2.7517375e-02
  -2.4869639e-02
  -2.1025831e-02
  -1.9211710e-02
   1.0568499e-03
   0.0000000e+00
   0.0000000e+00
  -0.0000000e+00
  -0.0000000e+00
  -1.0920584e-02
  -7.2865119e-03
  -1.9055596e-02
  -2.1474716e-02
  -2.3209739e-02
  -1.9875309e-02
  -2.0435049e-02
  -2.0893935e-02
  -2.0795949e-02
  -2.2416516e-02
  -2.1748010e-02
  -2.5907950e-02
  -1.7021578e-02
  -1.3459624e-02
  -2.8550070e-02
  -1.6484008e-02
  -1.6276985e-03
  -0.0000000e+00
   0.0000000e+00
  -0.0000000e+00
  -2.8819585e-02
  -2.1321757e-02
  -2.6351354e-02
  -2.7436285e-02
  -2.5787281e-02
  -2.3770966e-02
  -2.2708633e-02
  -2.5183899e-02
  -2.5238549e-02
  -2.3367935e-02
  -1.9245436e-02
  -1.0442817e-03
   4.5837698e-03
  -1.3332335e-02
  -1.5320052e-02
  -0.0000000e+00
  -8.1772522e-03
   2.4362785e-04
  -1.3526965e-02
  -2.1169539e-02
  -1.9569339e-02
  -1.7166358e-02
  -1.6531749e-02
  -1.7342083e-02
  -1.6959941e-02
  -2.0023157e-02
  -2.1388089e-02
  -2.5836866e-02
  -2.2213314e-02
  -2.1038504e-02
  -3.2360578e-02
  -1.6400966e-02
  -3.4221975e-03
  -0.0000000e+00
   0.0000000e+00
  -3.5136058e-02
  -1.7056845e-02
  -7.4101875e-03
  -1.2021478e-02
  -1.4964706e-02
  -1.9202927e-02
  -1.6866944e-02
  -1.6328586e-02
  -1.8113093e-02
  -2.1232245e-02
  -2.1010750e-02
  -1.3765015e-02
  -6.7274605e-03
  -5.9741440e-03
  -2.6704231e-02
  -2.8344519e-02
  -2.0222054e-02
  -6.2316365e-03
   6.8578131e-03
  -3.3320383e-03
  -0.0000000e+00
  -1.1891650e-02
  -1.0246317e-02
  -7.8550207e-03
  -7.6305837e-03
  -9.1804252e-03
  -1.3714978e-02
  -1.6337366e-02
  -1.9209842e-02
  -2.6849082e-02
  -2.9791545e-02
  -2.9491473e-02
  -1.6203702e-02
  -9.8038033e-03
  -1.4368597e-02
  -2.2405667e-02
  -3.2174130e-02
  -1.0672997e-02
  -3.7528433e-03
  -7.3034478e-03
  -8.8943646e-03
  -1.1966781e-02
  -1.2078523e-02
  -1.3421085e-02
  -1.5771823e-02
  -1.8913052e-02
  -1.7239452e-02
  -1.5244495e-02
  -1.9385279e-02
  -2.0020493e-02
  -3.8705336e-02
  -3.8106199e-02
  -2.2615255e-02
  -1.2729084e-02
   3.0253682e-03
   0.0000000e+00
  -0.0000000e+00
  -1.1679399e-02
  -7.6042314e-03
  -4.2284008e-03
  -3.4024527e-03
  -7.5364440e-03
  -1.2925262e-02
  -1.6712776e-02
  -1.6794773e-02
  -2.3528420e-02
  -2.8248682e-02
  -2.3716410e-02
  -1.7367267e-02
  -1.5226488e-02
  -0.0000000e+00
  -3.4470449e-02
  -2.9924957e-02
  -1.2584792e-02
  -9.8333182e-03
  -1.3548874e-02
  -1.4204826e-02
  -1.5747822e-02
  -1.6910285e-02
  -1.8692117e-02
  -2.0591440e-02
  -2.2655835e-02
  -2.1737834e-02
  -2.4373003e-02
  -3.0388033e-02
  -2.7820431e-02
  -3.8473779e-02
  -4.0308672e-02
  -2.8311933e-02
  -2.2980018e-02
  -4.3787983e-03
   0.0000000e+00
  -0.0000000e+00
  -1.8420671e-02
  -1.3883105e-02
  -9.8999591e-03
  -8.7263282e-03
  -1.3458183e-02
  -1.9035875e-02
  -2.3483488e-02
  -2.2418946e-02
  -2.4155337e-02
  -2.6924490e-02
  -2.4499638e-02
  -2.1827912e-02
  -1.8556963e-02
  -0.0000000e+00
  -4.0511285e-02
  -3.0255200e-02
  -2.3236257e-02
  -2.5387359e-02
  -3.0983260e-02
  -3.0825269e-02
  -3.0585234e-02
  -3.2373014e-02
  -3.3379816e-02
  -3.3861168e-02
  -3.4080628e-02
  -3.5639655e-02
  -4.2360342e-02
  -4.4144021e-02
  -3.4340494e-02
  -3.4668871e-02
  -3.8418249e-02
  -3.7738202e-02
  -3.8490773e-02
  -1.8075690e-02
  -0.0000000e+00
  -0.0000000e+00
  -3.3516981e-02
  -3.0017402e-02
  -2.5409207e-02
  -2.4047866e-02
  -2.8007524e-02
  -3.3475727e-02
  -3.8197189e-02
  -3.7157244e-02
  -3.1254244e-02
  -2.8105688e-02
  -2.8788830e-02
  -3.0647171e-02
  -2.3745493e-02
   0.0000000e+00
  -4.1414148e-02
  -3.4044328e-02
  -4.3767780e-02
  -4.0327125e-02
  -5.3651250e-02
  -5.4284124e-02
  -5.0556614e-02
  -5.4152615e-02
  -5.1415368e-02
  -4.8805994e-02
  -4.9762331e-02
  -5.2115706e-02
  -5.1693784e-02
  -5.2357264e-02
  -3.9678856e-02
  -2.9827622e-02
  -4.0240272e-02
  -4.3123817e-02
  -4.8179308e-02
  -3.5661568e-02
  -0.0000000e+00
  -0.0000000e+00
  -0.0000000e+00
  -4.8241191e-02
  -4.6102805e-02
  -4.3464466e-02
  -4.6225771e-02
  -5.0525448e-02
  -5.4858990e-02
  -5.4982248e-02
  -5.1053681e-02
  -3.5978273e-02
  -3.4811792e-02
  -0.0000000e+00
  -3.5462522e-02
  -3.1818134e-02
  -3.7957028e-02
  -4.4530792e-02
  -4.7674156e-02
  -3.9432023e-02
  -5.6216659e-02
  -5.8922169e-02
  -5.0803347e-02
  -5.2276474e-02
  -5.0753103e-02
  -5.0951997e-02
  -5.3154816e-02
  -5.0261482e-02
  -4.4279628e-02
  -4.7679613e-02
  -3.8061533e-02
  -3.0537196e-02
  -4.0560483e-02
  -0.0000000e+00
  -4.3193883e-02
  -4.0598759e-02
  -0.0000000e+00
   0.0000000e+00
  -0.0000000e+00
  -4.9618576e-02
  -4.9534102e-02
  -4.9112802e-02
  -5.1008042e-02
  -5.3293819e-02
  -5.5430643e-02
  -5.6179626e-02
  -5.9929796e-02
  -3.8837116e-02
  -2.9956506e-02
  -4.5085728e-02
  -4.2425705e-02
  -3.4872771e-02
  -3.7918032e-02
  -4.8466898e-02
  -3.6487507e-02
  -2.9863080e-02
  -4.1793872e-02
  -4.4041343e-02
  -3.8304878e-02
  -3.7385317e-02
  -3.8347034e-02
  -4.2241567e-02
  -4.3077557e-02
  -3.6954227e-02
  -3.1969817e-02
  -3.4971187e-02
  -2.9926331e-02
  -2.8888766e-02
  -3.2614636e-02
  -2.8211157e-02
  -2.9017392e-02
  -3.1073866e-02
  -0.0000000e+00
  -0.0000000e+00
  -0.0000000e+00
  -3.6049077e-02
  -3.5757169e-02
  -3.9401948e-02
  -4.1522798e-02
  -4.2894143e-02
  -4.3316957e-02
  -4.3463418e-02
  -4.9816932e-02
  -3.2242491e-02
  -2.2326900e-02
  -3.9319505e-02
  -3.6148931e-02
  -3.0320347e-02
  -3.2262147e-02
  -3.9845724e-02
  -1.0869162e-02
  -9.9923180e-03
  -1.0422511e-02
  -1.0631572e-02
  -1.1706418e-02
  -8.7096126e-03
  -1.2808061e-02
  -1.9475907e-02
  -1.7438434e-02
  -1.1380195e-02
  -1.2306996e-02
  -1.2203468e-02
  -1.1512943e-02
  -1.7989018e-02
  -1.0551741e-02
  -4.5424043e-03
  -6.0067527e-03
  -6.4119460e-03
  -1.0328624e-02
  -0.0000000e+00
  -0.0000000e+00
  -6.4929117e-03
  -3.4745732e-03
  -1.2469326e-02
  -1.5585101e-02
  -1.7061334e-02
  -1.6390168e-02
  -1.5249212e-02
  -1.9861974e-02
  -1.1157984e-02
  -6.8117587e-03
  -1.2944140e-02
  -1.6330717e-02
  -1.5195178e-02
  -1.6170411e-02
  -1.6300095e-02
   2.6491306e-02
   2.4474952e-02
   3.6831881e-02
   3.7397094e-02
   3.1654953e-02
   3.4952189e-02
   2.8676495e-02
   2.3843400e-02
   2.6208871e-02
   2.7060158e-02
   2.0758783e-02
   2.4053426e-02
   2.4808824e-02
   1.6793789e-02
   2.8828370e-02
   3.0571803e-02
   3.3074979e-02
   3.4301559e-02
   1.6764220e-02
   0.0000000e+00
   0.0000000e+00
   3.3819825e-02
   4.6670959e-02
   3.4412855e-02
   3.0442085e-02
   2.8168829e-02
   2.8791107e-02
   3.1534206e-02
   2.8411489e-02
   2.7115138e-02
   2.1229236e-02
   2.4818584e-02
   2.5312670e-02
   1.8437233e-02
   1.8318432e-02
   2.4314246e-02
   6.7181154e-02
   6.7552005e-02
   8.6724903e-02
   8.5310541e-02
   8.5251523e-02
   8.0961796e-02
   7.2559950e-02
   7.8681105e-02
   7.6063586e-02
   7.3632989e-02
   6.7821730e-02
   7.2442920e-02
   7.7415832e-02
   7.3095861e-02
   8.2478425e-02
   8.2354433e-02
   8.6868753e-02
   7.9483397e-02
   6.4530970e-02
   0.0000000e+00
   5.3868453e-02
   6.6204112e-02
   8.4527437e-02
   8.0760652e-02
   8.3570540e-02
   8.2095411e-02
   8.4155727e-02
   8.4530963e-02
   8.2741809e-02
   7.6356125e-02
   6.9878702e-02
   7.9454471e-02
   7.6977586e-02
   6.5492922e-02
   6.3432190e-02
   7.0161716e-02
   9.3924532e-02
   9.7645611e-02
   1.0762765e-01
   1.0914479e-01
   1.1825489e-01
   1.0572823e-01
   9.7473377e-02
   1.1127470e-01
   1.0622537e-01
   1.0807851e-01
   1.1187684e-01
   1.1364460e-01
   1.1538315e-01
   1.1796839e-01
   1.2013093e-01
   1.1942239e-01
   1.2490125e-01
   1.0592438e-01
   1.0324487e-01
   9.9449469e-02
   7.4138017e-02
   7.5985532e-02
   8.4768815e-02
   9.5946516e-02
   1.0990200e-01
   1.1599776e-01
   1.2066479e-01
   1.1787202e-01
   1.1892377e-01
   1.1264900e-01
   1.1796343e-01
   1.1791454e-01
   9.9996827e-02
   9.9614788e-02
   9.2859339e-02
   8.9999794e-02
   9.3121582e-02
   9.9846479e-02
   9.7805030e-02
   1.0454802e-01
   1.0775739e-01
   9.9883152e-02
   9.7328297e-02
   1.0208953e-01
   1.0465988e-01
   1.1041448e-01
   1.1768392e-01
   1.1788354e-01
   1.1294603e-01
   1.1587583e-01
   1.1554887e-01
   1.1335848e-01
   1.1595285e-01
   1.0147224e-01
   9.6967876e-02
   9.0137453e-02
   7.4975155e-02
   7.0231473e-02
   7.0922489e-02
   8.2439415e-02
   9.7501894e-02
   1.0869427e-01
   1.1578956e-01
   1.1747564e-01
   1.1953718e-01
   1.1646141e-01
   1.2116274e-01
   1.0647286e-01
   8.5954411e-02
   9.6691753e-02
   9.0818013e-02
   7.9502854e-02
   6.6631804e-02
   7.3236917e-02
   7.0465981e-02
   7.4455669e-02
   6.5915542e-02
   6.8035524e-02
   7.3762022e-02
   7.0076420e-02
   7.7408850e-02
   7.9276401e-02
   8.0746330e-02
   8.2847235e-02
   8.0135696e-02
   7.9415597e-02
   7.7088671e-02
   7.4587021e-02
   7.0051355e-02
   6.5135062e-02
   5.8458894e-02
   5.3203814e-02
   5.7427166e-02
   5.5714938e-02
   5.3745268e-02
   5.5612953e-02
   6.1947212e-02
   7.1176067e-02
   7.8085399e-02
   8.4564564e-02
   8.4207560e-02
   8.3812648e-02
   7.6483796e-02
   6.0265435e-02
   5.4555850e-02
   6.1400515e-02
   6.2005844e-02
   5.6223999e-02
   2.6882710e-02
   2.9358464e-02
   2.3533744e-02
   1.6333258e-02
   1.0184970e-02
   1.7423614e-02
   2.6303001e-02
   2.6988514e-02
   3.0323209e-02
   2.9469045e-02
   2.8028846e-02
   2.5644629e-02
   2.7732780e-02
   2.7706466e-02
   2.1053481e-02
   1.8820678e-02
   8.7733682e-03
   3.8138225e-03
   6.8300157e-03
   1.2289740e-02
   2.2485967e-02
   2.3366825e-02
   2.3031917e-02
   1.9454757e-02
   1.6633272e-02
   1.9244358e-02
   2.0982606e-02
   2.1590558e-02
   1.8929223e-02
   2.2488408e-02
   1.6669319e-02
   1.0622011e-02
   1.6815153e-02
   1.5551092e-02
   2.1159273e-02
   2.6496607e-02
  -5.7640003e-03
  -8.2236884e-03
  -1.8673354e-02
  -2.9773395e-02
  -2.9157560e-02
  -1.9275093e-02
  -1.1145578e-02
  -8.7906068e-03
  -9.0989525e-03
  -7.3856094e-03
  -7.1843727e-03
  -1.2781874e-02
  -1.3994244e-02
  -1.6883454e-02
  -2.3616722e-02
  -2.3181333e-02
  -2.6204235e-02
  -2.8841720e-02
  -2.2644685e-02
  -1.5194078e-02
  -1.0730729e-02
  -1.1859800e-02
  -1.2763077e-02
  -1.5388685e-02
  -1.9296252e-02
  -2.2742587e-02
  -2.6983407e-02
  -3.0875232e-02
  -3.0076032e-02
  -2.0156230e-02
  -1.4933072e-02
  -1.2765231e-02
  -8.5388569e-03
  -1.0716948e-02
  -9.2285603e-03
  -4.9216101e-03
  -2.6710967e-02
  -3.0875532e-02
  -3.6855704e-02
  -3.8822857e-02
  -3.3860340e-02
  -2.7326178e-02
  -2.4406481e-02
  -2.5879145e-02
  -2.8697419e-02
  -2.9913215e-02
  -3.1397493e-02
  -3.4222413e-02
  -3.6601494e-02
  -3.9375800e-02
  -4.0156487e-02
  -3.6289236e-02
  -3.1311450e-02
  -2.8486750e-02
  -2.6724868e-02
  -2.5450897e-02
  -2.5452288e-02
  -2.6408503e-02
  -2.7605148e-02
  -2.9724340e-02
  -3.2920169e-02
  -3.6513672e-02
  -3.8595586e-02
  -3.8340678e-02
  -3.5092753e-02
  -2.9842277e-02
  -2.6252632e-02
  -2.4348765e-02
  -2.3041584e-02
  -2.2972814e-02
  -2.3722109e-02
  -2.4747894e-02
