  -8.7489259e-01
  -7.6316431e-01
  -6.4529580e-01
  -5.5870211e-01
  -4.8635864e-01
  -4.4367686e-01
  -4.3875471e-01
  -4.5489431e-01
  -4.6547970e-01
  -4.8428133e-01
  -5.7975136e-01
  -7.6902497e-01
  -9.4746941e-01
  -1.0306671e+00
  -9.9822724e-01
  -9.7011179e-01
  -9.8068929e-01
  -9.5526403e-01
  -8.8490564e-01
  -8.2965179e-01
  -8.3521473e-01
  -8.5811424e-01
  -8.9212425e-01
  -1.0141058e+00
  -1.1650630e+00
  -1.1506306e+00
  -8.7807775e-01
  -5.6889474e-01
  -3.3831118e-01
  -1.5494899e-01
   5.2265227e-02
   1.7384891e-01
  -7.0166616e-03
  -3.7711191e-01
  -7.4331316e-01
  -9.0088582e-01
  -2.2653272e+00
  -2.0261607e+00
  -1.6773549e+00
  -1.4414665e+00
  -1.2875228e+00
  -1.2005277e+00
  -1.1622543e+00
  -1.1348490e+00
  -9.7230434e-01
  -6.7501158e-01
  -4.0396455e-01
  -3.0016977e-01
  -3.0382398e-01
  -2.8957498e-01
  -1.5396452e-01
  -2.3298088e-01
  -6.0819387e-01
  -7.4913466e-01
  -6.9161046e-01
  -5.4464471e-01
  -5.3315556e-01
  -8.1773251e-01
  -1.0025285e+00
  -1.3664956e+00
  -1.9246355e+00
  -1.9055631e+00
  -1.2673774e+00
  -7.5207949e-01
  -8.2433861e-01
  -1.0887227e+00
  -7.2342730e-01
  -1.5776379e-01
  -2.8024149e-01
  -9.5581752e-01
  -1.7330532e+00
  -2.1855919e+00
  -2.1481190e+00
  -2.3464913e+00
  -2.2952092e+00
  -2.1527371e+00
  -1.9591342e+00
  -1.7234696e+00
  -1.4249445e+00
  -1.1957178e+00
  -1.1131583e+00
  -1.1264014e+00
  -1.1625764e+00
  -1.0428243e+00
  -6.0417455e-01
  -1.5755786e-01
  -2.9887632e-02
  -1.7797883e-01
  -6.1912149e-01
  -6.6002381e-01
  -6.0448885e-01
  -6.8919069e-01
  -7.7878767e-01
  -1.3940444e+00
  -1.8359387e+00
  -1.7323399e+00
  -1.4845780e+00
  -1.2331024e+00
  -1.6028320e+00
  -1.7838693e+00
  -1.7310457e+00
  -1.8796108e+00
  -1.7059014e+00
  -1.2558260e+00
  -7.5926399e-01
  -6.1973065e-01
  -9.9211174e-01
  -1.6145418e+00
   8.1083838e-01
   3.8512418e-01
   4.1526407e-02
  -2.0877960e-02
   7.0965663e-03
   8.1238806e-02
   3.1332207e-01
   5.4768932e-01
   6.3494778e-01
   4.8347848e-01
   3.6932394e-01
   3.4137964e-01
   5.7163472e-01
   1.1254827e+00
   1.0124879e+00
   5.8973528e-01
   1.1846386e-01
   9.3716666e-02
   6.7467763e-01
   4.1507947e-01
  -2.1589494e-01
  -4.5844662e-01
  -8.1188506e-01
  -4.2235529e-01
   3.0361435e-01
   6.7639232e-02
  -1.0579249e+00
  -1.4373137e+00
  -9.1859889e-01
  -6.2101740e-01
  -5.5783296e-01
  -3.5338813e-01
   1.0312085e-01
   6.7844375e-01
   1.1153635e+00
   1.1254859e+00
   4.3666139e+00
   4.0821342e+00
   3.6830549e+00
   3.4667485e+00
   3.2317228e+00
   2.9611244e+00
   2.8702667e+00
   2.8482809e+00
   2.8807449e+00
   2.7837257e+00
   2.7141519e+00
   2.6958263e+00
   2.6589742e+00
   3.0329964e+00
   2.5822563e+00
   1.8665730e+00
   1.8319142e+00
   1.8690646e+00
   2.4105535e+00
   2.2719660e+00
   1.6630731e+00
   1.9345529e+00
   1.9176286e+00
   2.2413316e+00
   2.6097748e+00
   2.0757017e+00
   1.3075718e+00
   1.0571703e+00
   1.5128887e+00
   1.6750355e+00
   1.7993948e+00
   1.9762950e+00
   1.7753226e+00
   2.3662550e+00
   3.5036976e+00
   4.1877337e+00
   6.7313685e+00
   6.6758623e+00
   6.4096527e+00
   6.1120338e+00
   5.7675028e+00
   5.3534832e+00
   5.0586143e+00
   4.8173866e+00
   4.6964364e+00
   4.5882382e+00
   4.3746576e+00
   4.1901860e+00
   4.1329513e+00
   4.5324306e+00
   4.0191965e+00
   3.1295083e+00
   3.5106955e+00
   3.8731036e+00
   3.9067035e+00
   4.0750484e+00
   4.3364019e+00
   4.6429462e+00
   4.7006574e+00
   4.8021207e+00
   4.6479602e+00
   4.5928440e+00
   4.4879456e+00
   4.1015873e+00
   4.0989966e+00
   3.8484135e+00
   3.8517466e+00
   3.8088076e+00
   3.3479319e+00
   4.0468006e+00
   5.3591809e+00
   6.2797675e+00
   7.3358135e+00
   7.3170009e+00
   7.0855540e+00
   6.8039970e+00
   6.5500066e+00
   6.2718942e+00
   5.9968266e+00
   5.6914800e+00
   5.4819095e+00
   5.2821078e+00
   4.9671530e+00
   4.5505562e+00
   4.2537489e+00
   4.6953129e+00
   4.8948847e+00
   4.2094893e+00
   3.8795960e+00
   4.3962875e+00
   4.9105339e+00
   5.3438066e+00
   6.1589534e+00
   6.5503740e+00
   6.3784196e+00
   6.2788151e+00
   5.9360580e+00
   6.0503166e+00
   6.3855293e+00
   6.0902309e+00
   5.7519391e+00
   5.2010819e+00
   4.6338272e+00
   4.1794233e+00
   4.1626940e+00
   4.9839721e+00
   6.0873749e+00
   6.9390706e+00
   6.4060597e+00
   6.2712054e+00
   5.9950627e+00
   5.8012505e+00
   5.7012854e+00
   5.6201414e+00
   5.4632683e+00
   5.1928887e+00
   5.0047343e+00
   4.8015413e+00
   4.5306730e+00
   4.1867426e+00
   3.5726175e+00
   3.6135194e+00
   4.7830685e+00
   4.7429290e+00
   3.0216484e+00
   3.1100740e+00
   4.8593421e+00
   5.5745063e+00
   6.1819710e+00
   6.9461489e+00
   6.6749830e+00
   6.4822797e+00
   6.1440082e+00
   5.5523734e+00
   5.9388589e+00
   6.3090482e+00
   6.1527295e+00
   5.3927639e+00
   4.1417460e+00
   3.4249580e+00
   3.8991165e+00
   4.7532902e+00
   5.6283727e+00
   6.2276052e+00
   4.3973513e+00
   4.1642652e+00
   3.8936424e+00
   3.7917299e+00
   3.8029697e+00
   3.8368468e+00
   3.7779479e+00
   3.6013610e+00
   3.4601874e+00
   3.3707576e+00
   3.2000372e+00
   3.1411180e+00
   2.6546664e+00
   2.1182408e+00
   3.5402095e+00
   4.2953749e+00
   1.8646817e+00
   1.0338748e+00
   3.3861399e+00
   4.5542216e+00
   4.7498355e+00
   5.7143173e+00
   5.7153583e+00
   5.4993048e+00
   5.1636834e+00
   3.7545040e+00
   3.7048681e+00
   4.7763772e+00
   5.2322779e+00
   4.4800844e+00
   2.9672561e+00
   2.1349914e+00
   2.6874897e+00
   3.5389791e+00
   4.2048407e+00
   4.4261923e+00
   1.7485480e+00
   1.5263045e+00
   1.3533643e+00
   1.3088868e+00
   1.3589718e+00
   1.4261318e+00
   1.4066303e+00
   1.3638824e+00
   1.2360227e+00
   1.2810879e+00
   1.2039706e+00
   1.3593549e+00
   1.6202394e+00
   8.2962602e-01
   1.4130421e+00
   2.8406436e+00
   1.0547079e+00
  -8.7872493e-01
   7.4193215e-01
   2.4853315e+00
   2.5649467e+00
   3.2101319e+00
   3.7475052e+00
   3.5153301e+00
   3.1769106e+00
   1.6388770e+00
   7.3612744e-01
   1.9320499e+00
   3.0792851e+00
   2.7655969e+00
   1.6633457e+00
   6.8043613e-01
   8.9402318e-01
   1.7199490e+00
   2.0888896e+00
   1.8980277e+00
  -1.9795961e+00
  -2.0382735e+00
  -2.0898948e+00
  -2.0810693e+00
  -2.0819591e+00
  -1.9304768e+00
  -1.9404193e+00
  -1.8404235e+00
  -1.9430870e+00
  -2.0038530e+00
  -1.9148787e+00
  -1.9777177e+00
  -4.8740307e-01
  -4.5824595e-01
  -1.6303366e+00
   4.0057916e-01
   6.7635932e-01
  -2.2010522e+00
  -2.7257488e+00
  -1.0049505e+00
  -4.9706204e-01
  -8.3033366e-01
  -6.0138098e-02
  -3.0296859e-01
  -3.0713635e-01
  -3.3491157e-01
  -2.2451910e+00
  -2.4821170e+00
  -1.3739853e+00
  -3.1219082e-02
   4.4215369e-01
  -1.0257907e+00
  -1.5070006e+00
  -1.1153417e+00
  -1.3608556e+00
  -1.7951889e+00
  -4.7992630e+00
  -4.7609099e+00
  -4.8330607e+00
  -4.7717772e+00
  -4.8025154e+00
  -4.5233164e+00
  -4.4661260e+00
  -4.3922433e+00
  -4.4170127e+00
  -4.6755962e+00
  -4.5108055e+00
  -4.7584348e+00
  -3.0307212e+00
  -2.4208152e+00
  -3.2444274e+00
  -2.3582667e-01
   3.5624491e-01
  -2.3669024e+00
  -3.8122432e+00
  -3.8674722e+00
  -2.9003680e+00
  -3.6429992e+00
  -3.7166295e+00
  -3.6577463e+00
  -3.1675496e+00
  -1.5117262e+00
  -3.1209712e+00
  -4.9848480e+00
  -4.9743723e+00
  -2.3300614e+00
  -2.1568859e-01
  -1.8460257e+00
  -3.2189493e+00
  -3.7049105e+00
  -4.3332333e+00
  -4.6088066e+00
  -6.4681516e+00
  -6.4300976e+00
  -6.4947143e+00
  -6.4515491e+00
  -6.4274926e+00
  -6.1325340e+00
  -6.0079355e+00
  -6.0041227e+00
  -6.0191679e+00
  -6.2725434e+00
  -6.1822429e+00
  -6.3255939e+00
  -4.8675823e+00
  -4.2788520e+00
  -3.7411790e+00
   3.0142689e-01
   6.0180819e-01
  -2.0214813e+00
  -3.8816738e+00
  -5.5915880e+00
  -4.5274329e+00
  -5.2169943e+00
  -6.0340209e+00
  -5.5757551e+00
  -4.8226962e+00
  -2.2992191e+00
  -2.9864018e+00
  -5.4619598e+00
  -6.3846097e+00
  -3.7176170e+00
  -6.6440320e-01
  -2.0702095e+00
  -4.3668137e+00
  -5.4243517e+00
  -6.1733274e+00
  -6.2933044e+00
  -7.4613452e+00
  -7.4583692e+00
  -7.4881248e+00
  -7.4967756e+00
  -7.3832526e+00
  -7.1415057e+00
  -6.9625015e+00
  -7.0406279e+00
  -7.0826287e+00
  -7.2533364e+00
  -7.2878174e+00
  -7.2040591e+00
  -6.2033672e+00
  -5.7462705e+00
  -3.6640418e+00
   1.2675860e+00
   1.3246024e+00
  -1.4963555e+00
  -3.6529799e+00
  -6.5855660e+00
  -5.7644644e+00
  -6.1725445e+00
  -7.4742531e+00
  -6.6438141e+00
  -5.7200403e+00
  -2.8161556e+00
  -2.3775961e+00
  -4.8803535e+00
  -6.5786842e+00
  -4.5324464e+00
  -1.0138354e+00
  -2.0628363e+00
  -5.1724563e+00
  -6.5579581e+00
  -7.3116350e+00
  -7.3141317e+00
  -7.3588776e+00
  -7.4104807e+00
  -7.3106420e+00
  -7.4328923e+00
  -7.1754832e+00
  -7.1506403e+00
  -6.9643179e+00
  -7.1333549e+00
  -7.2751957e+00
  -7.2965681e+00
  -7.4893480e+00
  -6.9934854e+00
  -6.6586427e+00
  -5.9327484e+00
  -2.6236795e+00
   2.6653706e+00
   3.6127013e+00
  -7.8809672e-01
  -3.5692635e+00
  -6.2055706e+00
  -6.7328006e+00
  -6.4345326e+00
  -7.2867495e+00
  -6.2659506e+00
  -5.1918816e+00
  -2.8133547e+00
  -9.6018017e-01
  -2.3424720e+00
  -4.5471020e+00
  -4.3085711e+00
  -1.3229297e+00
  -1.9055351e+00
  -5.4774501e+00
  -6.6135199e+00
  -7.2411176e+00
  -7.2695198e+00
  -5.9320869e+00
  -5.9497867e+00
  -5.8333502e+00
  -5.9222031e+00
  -5.6780100e+00
  -5.7733088e+00
  -5.6398907e+00
  -5.8791127e+00
  -6.0527782e+00
  -6.2442970e+00
  -6.3772154e+00
  -5.7929144e+00
  -5.6849174e+00
  -3.9270527e+00
  -9.7171754e-01
   3.2341406e+00
   4.6619949e+00
  -1.0810703e+00
  -3.4954247e+00
  -4.5979667e+00
  -6.5422258e+00
  -5.7004328e+00
  -5.5822487e+00
  -4.6245337e+00
  -3.3303142e+00
  -1.9617831e+00
   2.4013725e-01
  -1.3334525e-01
  -2.5068345e+00
  -3.2570302e+00
  -1.4532118e+00
  -1.9746438e+00
  -4.7003107e+00
  -5.3400207e+00
  -5.7544537e+00
  -5.8488221e+00
  -4.6282573e+00
  -4.6330371e+00
  -4.5522337e+00
  -4.5898948e+00
  -4.3851976e+00
  -4.4907203e+00
  -4.4029574e+00
  -4.6617689e+00
  -4.8657188e+00
  -5.1679811e+00
  -5.2557950e+00
  -4.7501106e+00
  -4.6211424e+00
  -2.4933681e+00
   1.8855868e-01
   3.1616731e+00
   3.5942633e+00
  -1.6886096e+00
  -3.1010778e+00
  -3.5407059e+00
  -5.4733124e+00
  -4.6652861e+00
  -4.4235091e+00
  -3.3056116e+00
  -2.0671260e+00
  -1.3609760e+00
   6.4550513e-01
   6.1578488e-01
  -1.6664983e+00
  -2.7527719e+00
  -1.6489725e+00
  -2.0563555e+00
  -3.9452097e+00
  -4.2613759e+00
  -4.4764252e+00
  -4.5427117e+00
  -3.2228793e+00
  -3.2229938e+00
  -3.2066491e+00
  -3.1785293e+00
  -3.0304634e+00
  -3.0959547e+00
  -3.0560230e+00
  -3.3131073e+00
  -3.5503168e+00
  -3.9490067e+00
  -3.9931230e+00
  -3.6539330e+00
  -3.3853106e+00
  -1.1526975e+00
   1.2600830e+00
   2.7798897e+00
   1.4041957e+00
  -2.5177127e+00
  -2.5084070e+00
  -2.6122572e+00
  -3.8623411e+00
  -3.3627098e+00
  -3.3790480e+00
  -1.9767967e+00
  -9.3012120e-01
  -8.0432738e-01
   7.2786240e-01
   7.7224288e-01
  -1.2858391e+00
  -2.4434000e+00
  -1.8993125e+00
  -2.1539469e+00
  -3.1082560e+00
  -3.1423592e+00
  -3.1401435e+00
  -3.1308512e+00
  -2.1917734e+00
  -2.1984324e+00
  -2.2170713e+00
  -2.2302327e+00
  -2.0787113e+00
  -2.1092155e+00
  -2.0759709e+00
  -2.2457533e+00
  -2.4555287e+00
  -2.5694518e+00
  -2.6594799e+00
  -2.6128995e+00
  -2.3108671e+00
  -1.3378143e+00
   2.6688614e-01
  -5.4999703e-01
  -4.2665935e+00
  -3.7702007e+00
  -2.1992800e+00
  -2.3005977e+00
  -1.2137651e-02
  -1.1215277e+00
  -3.2778764e+00
  -1.4335220e+00
  -1.4245987e+00
  -1.6675112e+00
  -1.2929008e+00
  -1.7640624e+00
  -2.6442940e+00
  -3.5925701e+00
  -3.0256519e+00
  -2.6957896e+00
  -2.8458939e+00
  -2.5317535e+00
  -2.3871605e+00
  -2.1422601e+00
  -2.8108208e+00
  -2.6984587e+00
  -2.7369828e+00
  -2.7495418e+00
  -2.6474588e+00
  -2.7386408e+00
  -2.6591766e+00
  -2.8084426e+00
  -2.7989464e+00
  -2.7705679e+00
  -2.7880669e+00
  -2.8019133e+00
  -2.8290839e+00
  -2.4714642e+00
  -2.2239275e+00
  -3.6619213e+00
  -5.9200749e+00
  -4.3532066e+00
  -3.0642765e+00
  -2.3076196e+00
   8.9606458e-01
  -8.7817740e-01
  -3.6401820e+00
  -2.3419375e+00
  -2.8606896e+00
  -3.1750622e+00
  -3.2194679e+00
  -3.7283483e+00
  -4.0525112e+00
  -4.7100716e+00
  -4.0874605e+00
  -3.6560378e+00
  -3.5325356e+00
  -3.1832414e+00
  -3.0820341e+00
  -2.7909570e+00
  -3.6936149e+00
  -3.4646764e+00
  -3.5241722e+00
  -3.5091395e+00
  -3.4940770e+00
  -3.6291313e+00
  -3.5226068e+00
  -3.6375163e+00
  -3.4158692e+00
  -3.3086018e+00
  -3.2280626e+00
  -3.2909760e+00
  -3.6115994e+00
  -3.7864592e+00
  -4.7318731e+00
  -6.3183763e+00
  -6.9200974e+00
  -4.8763262e+00
  -3.9469566e+00
  -2.4068115e+00
   9.4968545e-01
  -1.1892604e+00
  -3.9940200e+00
  -3.4095952e+00
  -4.3248916e+00
  -4.6535029e+00
  -4.9731327e+00
  -5.4206006e+00
  -5.4153905e+00
  -5.7591293e+00
  -5.1504375e+00
  -4.7223721e+00
  -4.3669615e+00
  -4.0651574e+00
  -4.0006652e+00
  -3.7143521e+00
  -5.4139260e+00
  -5.0496373e+00
  -5.1381727e+00
  -5.0219296e+00
  -5.2080993e+00
  -5.3529819e+00
  -5.2624107e+00
  -5.2984147e+00
  -4.8363548e+00
  -4.7879581e+00
  -4.5244363e+00
  -4.6247123e+00
  -5.2104373e+00
  -5.8500959e+00
  -7.8464687e+00
  -8.4648544e+00
  -6.6024516e+00
  -5.3882163e+00
  -5.0579404e+00
  -2.7546495e+00
  -1.0706194e+00
  -2.9262133e+00
  -4.4003506e+00
  -5.0999828e+00
  -6.1873772e+00
  -6.3961564e+00
  -6.7109226e+00
  -6.8433691e+00
  -6.9874679e+00
  -6.8862778e+00
  -6.4709302e+00
  -6.3004659e+00
  -5.7510312e+00
  -5.7091774e+00
  -5.6691551e+00
  -5.5128099e+00
  -6.5204768e+00
  -6.3354127e+00
  -6.3474154e+00
  -6.2686462e+00
  -6.5465838e+00
  -6.5855632e+00
  -6.6244717e+00
  -6.4785358e+00
  -6.2139778e+00
  -6.1836004e+00
  -5.9669864e+00
  -6.1451917e+00
  -6.5118337e+00
  -7.4110852e+00
  -8.0299740e+00
  -7.2372494e+00
  -5.8866170e+00
  -5.1767998e+00
  -4.8068452e+00
  -3.6718283e+00
  -3.9474843e+00
  -4.8890228e+00
  -4.7909407e+00
  -5.8593025e+00
  -6.6755762e+00
  -6.6379372e+00
  -6.6985064e+00
  -6.7600298e+00
  -7.2934314e+00
  -7.1977420e+00
  -7.0296240e+00
  -6.9549080e+00
  -6.6804256e+00
  -6.8109102e+00
  -6.7744233e+00
  -6.7525053e+00
  -6.3316522e+00
  -6.3277340e+00
  -6.3052874e+00
  -6.3422089e+00
  -6.5642719e+00
  -6.5633173e+00
  -6.6444654e+00
  -6.4686718e+00
  -6.4076538e+00
  -6.3481026e+00
  -6.2849178e+00
  -6.4754725e+00
  -6.7030787e+00
  -7.2517362e+00
  -6.5993915e+00
  -5.6558475e+00
  -5.1952505e+00
  -4.4549146e+00
  -4.1201639e+00
  -3.9136839e+00
  -4.5448804e+00
  -5.0043182e+00
  -4.7711186e+00
  -5.5679359e+00
  -5.9963002e+00
  -5.8974094e+00
  -5.8746805e+00
  -6.0302272e+00
  -6.5845113e+00
  -6.6458654e+00
  -6.6043754e+00
  -6.5190330e+00
  -6.4898314e+00
  -6.5886846e+00
  -6.5895834e+00
  -6.5742345e+00
  -5.4114494e+00
  -5.5639782e+00
  -5.5501332e+00
  -5.7116051e+00
  -5.8365560e+00
  -5.8243527e+00
  -5.9061942e+00
  -5.7782869e+00
  -5.8810802e+00
  -5.8027577e+00
  -5.9096951e+00
  -6.0748329e+00
  -6.1943946e+00
  -6.1224728e+00
  -4.5024738e+00
  -3.9428799e+00
  -4.2638354e+00
  -3.4180431e+00
  -3.1889734e+00
  -3.5473423e+00
  -3.9458256e+00
  -4.1556206e+00
  -4.2972932e+00
  -4.6844444e+00
  -4.6962729e+00
  -4.6125741e+00
  -4.5975256e+00
  -4.8582950e+00
  -5.2934132e+00
  -5.4955740e+00
  -5.5388956e+00
  -5.4486308e+00
  -5.5857692e+00
  -5.5975275e+00
  -5.6370277e+00
  -5.5899749e+00
  -3.1370135e+00
  -3.3204412e+00
  -3.4338784e+00
  -3.6584001e+00
  -3.6831260e+00
  -3.7102756e+00
  -3.7158807e+00
  -3.7785379e+00
  -3.8599034e+00
  -3.8447495e+00
  -4.0547486e+00
  -4.1185861e+00
  -4.1983198e+00
  -3.1794644e+00
  -1.8156438e+00
  -2.4276197e+00
  -2.6440646e+00
  -1.8979309e+00
  -1.9437111e+00
  -1.6263719e+00
  -1.0691165e+00
  -1.5612087e+00
  -2.6273112e+00
  -2.7365370e+00
  -2.4182366e+00
  -2.4667565e+00
  -2.6429372e+00
  -2.8865294e+00
  -3.0328695e+00
  -3.1574068e+00
  -3.2175307e+00
  -3.2344386e+00
  -3.2400804e+00
  -3.1555960e+00
  -3.2009329e+00
  -3.0986878e+00
   2.4961874e-01
   6.0994871e-02
  -1.5093540e-01
  -2.9825547e-01
  -3.0427438e-01
  -2.9723170e-01
  -2.8941113e-01
  -3.8366872e-01
  -3.7310794e-01
  -4.5588779e-01
  -5.7512534e-01
  -5.3064728e-01
  -4.0065852e-01
   5.1142043e-01
   5.5202192e-01
  -6.0395575e-01
  -6.1041480e-01
  -3.0912960e-01
   1.4071800e-02
   1.6955280e+00
   2.3778934e+00
   1.4843073e+00
   6.7022145e-01
   4.3702990e-01
   4.9866143e-01
   4.0938756e-01
   1.6642801e-01
   5.0474957e-02
   1.8227104e-02
   1.6107504e-01
   2.0996642e-01
   1.9291255e-01
   3.8608593e-01
   4.4337496e-01
   4.5911381e-01
   4.6157709e-01
   2.8088572e+00
   2.5444157e+00
   2.3523703e+00
   2.2706056e+00
   2.3112261e+00
   2.3845727e+00
   2.4009423e+00
   2.4286585e+00
   2.4238682e+00
   2.3490565e+00
   2.3112926e+00
   2.3699217e+00
   2.5925629e+00
   2.9442248e+00
   2.4170868e+00
   1.4511662e+00
   1.0791159e+00
   9.6800888e-01
   1.8546515e+00
   3.5863562e+00
   3.6100507e+00
   3.1220632e+00
   3.2453175e+00
   3.1468577e+00
   3.0331037e+00
   2.9649935e+00
   2.8468447e+00
   2.7064199e+00
   2.6292725e+00
   2.7723527e+00
   2.8974755e+00
   3.0650775e+00
   3.1933331e+00
   3.2044780e+00
   3.1888249e+00
   3.0451055e+00
   4.7482309e+00
   4.4394268e+00
   4.2827215e+00
   4.2581573e+00
   4.3406686e+00
   4.4642153e+00
   4.5485601e+00
   4.6990070e+00
   4.6856661e+00
   4.6643801e+00
   4.6624688e+00
   4.6459866e+00
   4.8312912e+00
   4.8040270e+00
   4.0928798e+00
   3.4278450e+00
   2.8298694e+00
   2.3750854e+00
   3.3529668e+00
   4.3740892e+00
   3.7824605e+00
   4.0933456e+00
   5.1120432e+00
   5.3219833e+00
   5.3797169e+00
   5.3506535e+00
   5.2747564e+00
   5.0965557e+00
   4.9407214e+00
   4.9825678e+00
   5.0862827e+00
   5.3566507e+00
   5.4088497e+00
   5.3641458e+00
   5.2550314e+00
   4.9842119e+00
   5.6657389e+00
   5.3842236e+00
   5.2774981e+00
   5.2868617e+00
   5.3523676e+00
   5.5020178e+00
   5.6738409e+00
   5.9020135e+00
   5.9101127e+00
   5.9640535e+00
   5.9337904e+00
   5.8022817e+00
   5.9086236e+00
   5.6863277e+00
   5.0500382e+00
   4.6430185e+00
   4.2241617e+00
   3.7885382e+00
   4.1987956e+00
   4.2644453e+00
   3.4937141e+00
   4.3846991e+00
   5.8798883e+00
   6.3674349e+00
   6.8061117e+00
   6.8410986e+00
   6.6473078e+00
   6.4851827e+00
   6.2792476e+00
   6.2664675e+00
   6.2789091e+00
   6.4665845e+00
   6.5018977e+00
   6.4066299e+00
   6.2162793e+00
   5.8869427e+00
   5.3024581e+00
   5.1114354e+00
   5.1075810e+00
   5.1072057e+00
   5.1006083e+00
   5.2593721e+00
   5.4304956e+00
   5.6582203e+00
   5.6809357e+00
   5.7942623e+00
   5.6891747e+00
   5.5401677e+00
   5.5985139e+00
   5.1063809e+00
   4.6885889e+00
   4.4593532e+00
   4.5257869e+00
   4.7146237e+00
   4.4255517e+00
   4.0462484e+00
   3.4992914e+00
   4.0483716e+00
   5.3526835e+00
   5.8388342e+00
   6.3630833e+00
   6.4502606e+00
   6.1532339e+00
   6.0424083e+00
   5.8648028e+00
   5.9564627e+00
   5.9616541e+00
   5.9936938e+00
   5.9960564e+00
   5.8830074e+00
   5.7190447e+00
   5.4545167e+00
   3.6885312e+00
   3.6227851e+00
   3.7728996e+00
   3.7480013e+00
   3.7552211e+00
   3.8986793e+00
   3.9326434e+00
   4.0330782e+00
   4.0094633e+00
   4.1157298e+00
   3.9516299e+00
   3.9282777e+00
   3.8359852e+00
   3.1054654e+00
   3.0697336e+00
   2.9962702e+00
   3.4428148e+00
   4.4047766e+00
   4.2108364e+00
   4.0171137e+00
   3.4907918e+00
   3.0714083e+00
   3.5758679e+00
   3.7698655e+00
   3.8096871e+00
   3.8459413e+00
   3.8136063e+00
   3.7055259e+00
   3.6037226e+00
   3.8108897e+00
   3.9947259e+00
   4.0689878e+00
   3.8824918e+00
   3.7855701e+00
   3.7327971e+00
   3.6743019e+00
   1.2015700e+00
   1.3057938e+00
   1.5481839e+00
   1.5864527e+00
   1.7363089e+00
   1.8195033e+00
   1.6972301e+00
   1.5822628e+00
   1.5137163e+00
   1.5195957e+00
   1.3474568e+00
   1.3609806e+00
   1.0814407e+00
   7.5166464e-01
   1.0377190e+00
   1.1003385e+00
   1.7473873e+00
   2.6611705e+00
   2.9442585e+00
   2.9977000e+00
   2.3100049e+00
   1.4599231e+00
   1.0038837e+00
   7.3493797e-01
   3.1483269e-01
   2.7272984e-01
   7.1368086e-01
   7.1323484e-01
   7.0292878e-01
   8.5194445e-01
   1.1181346e+00
   1.2654401e+00
   9.2230052e-01
   8.3113289e-01
   8.5444283e-01
   1.0169221e+00
  -1.2765077e+00
  -1.0766710e+00
  -8.5317868e-01
  -7.1307164e-01
  -5.1491541e-01
  -5.1800108e-01
  -6.7412436e-01
  -8.3333594e-01
  -8.8360697e-01
  -9.8088056e-01
  -1.1444445e+00
  -1.2047477e+00
  -1.3149445e+00
  -1.0152214e+00
  -7.6524872e-01
  -6.3484544e-01
  -8.2818583e-02
   7.1153782e-02
   2.0850237e-01
   2.7392632e-01
  -1.1496991e-01
  -5.6502408e-01
  -1.3832573e+00
  -1.9982457e+00
  -2.3739903e+00
  -2.3464046e+00
  -1.7581298e+00
  -1.4724813e+00
  -1.2963951e+00
  -1.2640359e+00
  -1.2572955e+00
  -1.3377104e+00
  -1.6406518e+00
  -1.7167680e+00
  -1.6788687e+00
  -1.4833443e+00
  -2.2729836e+00
  -2.2180392e+00
  -2.1540465e+00
  -2.1000581e+00
  -2.0777023e+00
  -2.1373415e+00
  -2.1917264e+00
  -2.2101116e+00
  -2.2368627e+00
  -2.3338656e+00
  -2.4116849e+00
  -2.3744385e+00
  -2.2483168e+00
  -2.0931706e+00
  -2.1994114e+00
  -2.2044878e+00
  -1.9716619e+00
  -1.9808232e+00
  -2.0012128e+00
  -1.9733046e+00
  -2.0169904e+00
  -2.1323938e+00
  -2.5117661e+00
  -2.7873011e+00
  -2.7930062e+00
  -2.6764716e+00
  -2.4527884e+00
  -2.2317877e+00
  -2.0193603e+00
  -1.9745986e+00
  -2.0989563e+00
  -2.2919633e+00
  -2.4172304e+00
  -2.4160769e+00
  -2.3721375e+00
  -2.3161807e+00
  -1.3842342e+00
  -1.4277566e+00
  -1.4757768e+00
  -1.5199540e+00
  -1.5720645e+00
  -1.6254115e+00
  -1.6698312e+00
  -1.7177087e+00
  -1.7646282e+00
  -1.7847992e+00
  -1.7471382e+00
  -1.6566157e+00
  -1.5801890e+00
  -1.5566784e+00
  -1.5630833e+00
  -1.5006944e+00
  -1.3332296e+00
  -1.1754645e+00
  -1.1416194e+00
  -1.2700756e+00
  -1.5079299e+00
  -1.6974006e+00
  -1.7525517e+00
  -1.6241330e+00
  -1.4397438e+00
  -1.3266234e+00
  -1.3674192e+00
  -1.4866712e+00
  -1.6099483e+00
  -1.6754949e+00
  -1.6789072e+00
  -1.6287111e+00
  -1.5387588e+00
  -1.4497925e+00
  -1.3818162e+00
  -1.3631691e+00
