   0.0000000e+00
   0.0000000e+00
   0.0000000e+00
   0.0000000e+00
   0.0000000e+00
   0.0000000e+00
   0.0000000e+00
  -0.0000000e+00
  -0.0000000e+00
  -1.0353313e-02
  -1.8441199e-02
  -1.9798797e-02
  -2.9472742e-02
  -2.9621253e-02
  -2.8055229e-02
  -2.6145110e-02
  -2.2897105e-02
  -1.9487082e-02
  -2.0064283e-02
  -2.2360673e-02
  -2.3518001e-02
  -2.1278162e-02
  -2.0813720e-02
  -2.1566329e-02
  -2.4525356e-02
  -0.0000000e+00
   0.0000000e+00
   0.0000000e+00
   0.0000000e+00
   0.0000000e+00
   0.0000000e+00
   0.0000000e+00
   0.0000000e+00
   0.0000000e+00
   0.0000000e+00
   0.0000000e+00
   0.0000000e+00
   0.0000000e+00
   0.0000000e+00
   0.0000000e+00
   0.0000000e+00
   0.0000000e+00
   0.0000000e+00
   0.0000000e+00
   0.0000000e+00
  -0.0000000e+00
  -2.5913125e-02
  -3.1755495e-02
  -3.6945470e-02
  -3.2766152e-02
  -2.7576132e-02
  -2.6092947e-02
  -1.9384873e-02
  -1.4233038e-02
  -1.4484851e-02
  -1.9248543e-02
  -2.4115898e-02
  -2.7641247e-02
  -2.9408856e-02
  -0.0000000e+00
  -0.0000000e+00
  -3.1567978e-02
  -3.6530971e-02
  -0.0000000e+00
  -0.0000000e+00
   0.0000000e+00
   0.0000000e+00
   0.0000000e+00
   0.0000000e+00
   0.0000000e+00
   0.0000000e+00
   0.0000000e+00
   0.0000000e+00
   0.0000000e+00
   0.0000000e+00
   0.0000000e+00
   0.0000000e+00
   0.0000000e+00
   0.0000000e+00
   0.0000000e+00
   0.0000000e+00
  -0.0000000e+00
   0.0000000e+00
   8.8946735e-03
   7.9005715e-03
   1.1182917e-02
   1.1051197e-02
   5.7531679e-03
   7.9699559e-03
   8.1440117e-03
   1.0479257e-02
   1.1530869e-02
   8.1167240e-03
   4.7950195e-03
  -1.6239429e-03
  -7.7391919e-03
  -1.3969208e-02
  -1.7837050e-02
  -2.5660673e-02
  -2.8160061e-02
  -2.0757925e-02
  -1.5165489e-02
   0.0000000e+00
   0.0000000e+00
   0.0000000e+00
   0.0000000e+00
   0.0000000e+00
   0.0000000e+00
   0.0000000e+00
   0.0000000e+00
   0.0000000e+00
   0.0000000e+00
   0.0000000e+00
   0.0000000e+00
   0.0000000e+00
   0.0000000e+00
   0.0000000e+00
   0.0000000e+00
   5.0758621e-02
   5.1294617e-02
   5.0042264e-02
   5.0326969e-02
   4.3960456e-02
   3.9420262e-02
   3.7338667e-02
   3.6436968e-02
   4.4485833e-02
   4.6233118e-02
   4.2711824e-02
   3.7679054e-02
   2.9338716e-02
   2.1221161e-02
   1.0330858e-02
   5.5517508e-03
  -8.2017930e-04
  -8.6451838e-03
  -5.9711791e-03
  -2.0942821e-03
   0.0000000e+00
   0.0000000e+00
   0.0000000e+00
   0.0000000e+00
   0.0000000e+00
   0.0000000e+00
   0.0000000e+00
   0.0000000e+00
   0.0000000e+00
   0.0000000e+00
   0.0000000e+00
   0.0000000e+00
   0.0000000e+00
   0.0000000e+00
   0.0000000e+00
   7.9872970e-02
   9.0393297e-02
   9.1605783e-02
   7.9101168e-02
   7.1311176e-02
   6.6484071e-02
   5.8679198e-02
   5.7956048e-02
   6.4666070e-02
   6.7459904e-02
   6.6121913e-02
   6.3413210e-02
   5.7773259e-02
   5.2223098e-02
   4.4165831e-02
   3.7031136e-02
   2.9842045e-02
   2.2183828e-02
   1.1659431e-02
   7.5539849e-03
   7.7841323e-03
   8.1840098e-03
   0.0000000e+00
   0.0000000e+00
   0.0000000e+00
   0.0000000e+00
   0.0000000e+00
   0.0000000e+00
   0.0000000e+00
   0.0000000e+00
   0.0000000e+00
   0.0000000e+00
   0.0000000e+00
   0.0000000e+00
   0.0000000e+00
   9.2454292e-02
   9.3559764e-02
   9.7868904e-02
   1.0546494e-01
   8.5568532e-02
   6.9890024e-02
   6.7617858e-02
   6.1203335e-02
   0.0000000e+00
   6.9449723e-02
   6.5799676e-02
   6.8045676e-02
   7.1610726e-02
   6.9935992e-02
   7.1374357e-02
   6.1752796e-02
   6.1469313e-02
   5.2849386e-02
   4.1994661e-02
   2.7755814e-02
   1.5573030e-02
   1.4068895e-02
   6.4303960e-03
   1.1454819e-02
   0.0000000e+00
   0.0000000e+00
   0.0000000e+00
   0.0000000e+00
   0.0000000e+00
   0.0000000e+00
   0.0000000e+00
   0.0000000e+00
   0.0000000e+00
   5.0289824e-02
   6.8663846e-02
   6.2528744e-02
   8.9382544e-02
   7.8162581e-02
   7.0852414e-02
   6.8814561e-02
   6.3806899e-02
   4.9154648e-02
   0.0000000e+00
   3.9302748e-02
   0.0000000e+00
   4.4413861e-02
   4.4856925e-02
   5.3791536e-02
   6.5297715e-02
   6.6706613e-02
   7.2651833e-02
   6.3605390e-02
   6.4250775e-02
   5.8874130e-02
   4.7906835e-02
   3.2492042e-02
   1.7255931e-02
   1.4381691e-02
  -2.9006258e-04
   8.9691182e-03
   0.0000000e+00
   0.0000000e+00
   0.0000000e+00
   0.0000000e+00
   0.0000000e+00
  -0.0000000e+00
  -0.0000000e+00
   0.0000000e+00
   0.0000000e+00
   4.5963101e-02
   6.1744787e-02
   4.7457781e-02
   5.4265499e-02
   4.3680258e-02
   2.7038995e-02
   2.7293584e-03
   1.6552223e-02
   2.4839681e-02
   1.1099858e-02
   1.0666504e-02
   9.7689198e-03
   6.3914029e-03
   0.0000000e+00
   0.0000000e+00
   4.2038679e-02
   4.2524438e-02
   4.7746234e-02
   4.4185627e-02
   4.2288389e-02
   4.1302964e-02
   3.3736907e-02
   2.2630416e-02
   1.1311820e-02
   8.8789571e-03
  -4.2257891e-03
  -1.1905890e-03
   0.0000000e+00
   0.0000000e+00
   0.0000000e+00
   0.0000000e+00
   0.0000000e+00
  -0.0000000e+00
  -6.8076513e-03
   1.2713791e-02
   0.0000000e+00
   2.0118339e-02
   3.2141782e-02
   1.9937489e-02
   1.0877982e-02
   5.4680146e-03
  -1.1639054e-02
  -4.3913834e-02
  -2.9774360e-02
  -8.5148141e-03
  -7.0870160e-03
  -9.9901753e-03
  -1.3005463e-02
  -0.0000000e+00
  -0.0000000e+00
  -0.0000000e+00
   7.4611073e-03
   7.4945954e-03
   9.6728262e-03
   1.2037843e-02
   9.7680800e-03
   1.0691193e-02
   7.3839314e-03
   4.8611583e-03
   3.5178617e-03
  -0.0000000e+00
  -6.6209385e-03
  -6.3178646e-03
  -1.7723301e-03
   0.0000000e+00
   0.0000000e+00
   0.0000000e+00
  -0.0000000e+00
  -3.0529617e-02
  -7.9827346e-03
   3.8281299e-03
  -0.0000000e+00
  -1.0483385e-02
  -6.2417714e-03
  -1.1719259e-02
  -2.5363408e-02
  -2.7898295e-02
  -3.4879293e-02
  -5.0201479e-02
  -5.3791132e-02
  -3.4569720e-02
  -1.4340324e-02
  -2.1746024e-02
  -2.8711997e-02
  -0.0000000e+00
  -0.0000000e+00
  -0.0000000e+00
  -2.8134899e-02
  -2.4779046e-02
  -2.5341190e-02
  -2.1472614e-02
  -2.1034762e-02
  -2.0688336e-02
  -2.0265352e-02
  -1.2743915e-02
  -5.8168173e-03
  -0.0000000e+00
  -1.2084511e-02
  -1.3504704e-02
  -1.5349570e-02
   0.0000000e+00
   0.0000000e+00
   0.0000000e+00
  -0.0000000e+00
  -4.3136500e-02
  -1.4219172e-02
  -1.1758181e-02
  -0.0000000e+00
  -3.5987467e-02
  -4.0277172e-02
  -3.9561901e-02
  -5.0184332e-02
  -5.4486990e-02
  -4.2725697e-02
  -2.2008658e-02
  -3.4223000e-02
  -0.0000000e+00
  -0.0000000e+00
  -1.9108495e-02
  -2.5068315e-02
   0.0000000e+00
   0.0000000e+00
  -0.0000000e+00
  -5.8495026e-02
  -4.6387788e-02
  -4.8164070e-02
  -4.5933019e-02
  -4.2929128e-02
  -4.3427691e-02
  -4.0200811e-02
  -2.3691585e-02
  -1.2774484e-02
  -0.0000000e+00
  -0.0000000e+00
  -1.9732773e-02
  -2.0957294e-02
   0.0000000e+00
   0.0000000e+00
   0.0000000e+00
  -0.0000000e+00
  -3.9998218e-02
  -1.9522902e-02
  -3.3549343e-02
  -0.0000000e+00
  -4.0909484e-02
  -4.8246577e-02
  -4.7840502e-02
  -5.2444361e-02
  -5.3905323e-02
  -3.5098925e-02
  -6.3709808e-03
  -1.0262490e-02
  -0.0000000e+00
  -0.0000000e+00
  -1.6630998e-02
  -1.8775045e-02
   0.0000000e+00
  -0.0000000e+00
  -5.8438646e-02
  -6.3468918e-02
  -5.2157555e-02
  -5.1571544e-02
  -4.9605940e-02
  -4.6689667e-02
  -4.4384789e-02
  -3.8692564e-02
  -2.1379730e-02
  -1.2962889e-02
  -2.0951727e-02
  -0.0000000e+00
  -2.3929486e-02
  -1.6547953e-02
   0.0000000e+00
   0.0000000e+00
   0.0000000e+00
  -0.0000000e+00
  -3.3816591e-02
  -2.2250194e-02
  -0.0000000e+00
  -5.4536741e-02
  -3.8346708e-02
  -4.3089498e-02
  -4.4697434e-02
  -4.4133760e-02
  -4.1995840e-02
  -2.3503758e-02
  -1.8070759e-03
   0.0000000e+00
   0.0000000e+00
  -0.0000000e+00
  -1.8856858e-02
  -1.5864313e-02
  -2.1550504e-02
  -0.0000000e+00
  -5.7835564e-02
  -5.6667842e-02
  -4.9092647e-02
  -4.7984671e-02
  -4.4635639e-02
  -4.4497553e-02
  -3.9508380e-02
  -3.2549642e-02
  -1.5991166e-02
  -7.9748509e-03
  -1.8639752e-02
  -0.0000000e+00
  -2.2179438e-02
  -1.4097652e-02
   0.0000000e+00
   0.0000000e+00
   0.0000000e+00
  -0.0000000e+00
  -2.9233145e-02
  -3.4655021e-02
  -6.4671876e-02
  -5.4499205e-02
  -3.3243306e-02
  -3.3613946e-02
  -3.7334248e-02
  -3.2084763e-02
  -2.7501808e-02
  -0.0000000e+00
   8.2450848e-04
   0.0000000e+00
   0.0000000e+00
   0.0000000e+00
  -2.2426791e-02
  -1.7651739e-02
  -2.9213453e-02
  -4.5028528e-02
  -5.2385844e-02
  -4.6147488e-02
  -4.2233013e-02
  -4.1517504e-02
  -3.6772948e-02
  -3.9757356e-02
  -3.2453161e-02
  -2.4895901e-02
  -1.0517061e-02
  -1.5725194e-03
  -1.3987733e-02
  -0.0000000e+00
  -1.7904290e-02
  -1.2574216e-02
  -1.0850749e-02
   0.0000000e+00
   0.0000000e+00
  -0.0000000e+00
  -3.2279626e-02
  -4.6753974e-02
  -6.0852434e-02
  -4.2385019e-02
  -3.0205082e-02
  -2.6382152e-02
  -2.9688716e-02
  -1.9107448e-02
  -1.1002463e-02
  -0.0000000e+00
   3.4032825e-03
   6.6491487e-03
   7.1056612e-03
   0.0000000e+00
  -0.0000000e+00
  -2.0708721e-02
  -3.5336230e-02
  -4.3255389e-02
  -4.0716484e-02
  -3.5928633e-02
  -3.2482672e-02
  -3.3453196e-02
  -2.8457537e-02
  -3.1930264e-02
  -2.4115551e-02
  -1.7821984e-02
  -9.0329628e-03
   4.2210505e-03
  -3.4605695e-03
  -0.0000000e+00
  -0.0000000e+00
  -1.1909738e-02
  -1.2560508e-02
   0.0000000e+00
   0.0000000e+00
  -0.0000000e+00
  -4.1746274e-02
  -5.6879286e-02
  -5.2328784e-02
  -3.6007699e-02
  -3.2237459e-02
  -2.8666025e-02
  -3.1596016e-02
  -1.7516989e-02
  -1.1413633e-02
  -6.1601606e-03
   5.8799931e-03
   5.2474542e-03
   6.4087963e-03
   0.0000000e+00
  -0.0000000e+00
  -2.1726985e-02
  -3.7852948e-02
  -3.8131215e-02
  -3.6065996e-02
  -3.4460757e-02
  -3.0237559e-02
  -3.2651577e-02
  -2.8645527e-02
  -3.1834781e-02
  -2.4899887e-02
  -2.1460256e-02
  -1.6065165e-02
   1.5854200e-03
   2.6339815e-04
  -0.0000000e+00
  -8.3763516e-03
  -5.6323200e-03
  -1.0916788e-02
   0.0000000e+00
   0.0000000e+00
  -4.5822227e-02
  -4.5159332e-02
  -5.7091691e-02
  -4.4631694e-02
  -3.2222483e-02
  -3.1743966e-02
  -2.8974548e-02
  -3.1760972e-02
  -1.7948370e-02
  -1.5089876e-02
  -8.3803311e-03
   7.9457965e-03
   4.8203071e-03
   0.0000000e+00
   0.0000000e+00
  -0.0000000e+00
  -1.9079432e-02
  -3.4609739e-02
  -3.2838970e-02
  -3.2145381e-02
  -3.2393776e-02
  -2.8220123e-02
  -3.1404532e-02
  -2.8093698e-02
  -3.1016136e-02
  -2.5354454e-02
  -2.4323424e-02
  -2.1035906e-02
  -2.0864462e-03
  -1.2679207e-03
  -0.0000000e+00
  -7.2712442e-03
  -1.4193003e-03
  -7.8876363e-03
   0.0000000e+00
  -0.0000000e+00
  -4.3738857e-02
  -4.4132479e-02
  -4.8956349e-02
  -3.4746218e-02
  -2.7218539e-02
  -2.7658060e-02
  -2.5856273e-02
  -2.8134361e-02
  -1.7385082e-02
  -1.8152472e-02
  -1.0061109e-02
   9.1287481e-03
   0.0000000e+00
   0.0000000e+00
   0.0000000e+00
  -0.0000000e+00
  -1.4144271e-02
  -2.5977118e-02
  -2.5181301e-02
  -2.6948482e-02
  -2.8041961e-02
  -2.4907921e-02
  -2.7832557e-02
  -2.5285594e-02
  -2.7411114e-02
  -2.3230199e-02
  -2.4344191e-02
  -2.2563333e-02
  -5.1659718e-03
  -6.3236497e-03
  -0.0000000e+00
  -6.5983622e-03
   2.3172575e-03
  -0.0000000e+00
   0.0000000e+00
  -0.0000000e+00
  -2.6893394e-02
  -2.5985224e-02
  -2.7864590e-02
  -2.3391740e-02
  -2.0480232e-02
  -1.8082321e-02
  -1.8217960e-02
  -1.9879550e-02
  -1.6834460e-02
  -1.6846633e-02
  -8.5009541e-03
   8.3382048e-03
   0.0000000e+00
  -0.0000000e+00
  -0.0000000e+00
  -0.0000000e+00
  -6.0202614e-03
  -9.0450030e-03
  -1.7806817e-02
  -2.0183653e-02
  -2.0704500e-02
  -1.8771015e-02
  -2.0495970e-02
  -1.8426770e-02
  -1.9052606e-02
  -1.8150965e-02
  -1.9006807e-02
  -2.0405183e-02
  -1.1283967e-02
  -1.5456074e-02
  -1.9535966e-02
  -4.1113575e-03
   1.0368248e-03
   0.0000000e+00
  -0.0000000e+00
  -0.0000000e+00
  -1.9794408e-02
  -1.9230489e-02
  -1.9847874e-02
  -1.9196259e-02
  -1.8345622e-02
  -1.5366766e-02
  -1.6609680e-02
  -1.7706245e-02
  -1.7798252e-02
  -1.6075758e-02
  -7.9986639e-03
   1.7861563e-03
  -9.0285278e-03
  -1.8046480e-02
  -2.1083521e-02
  -0.0000000e+00
  -4.8192684e-03
  -3.1786601e-03
  -1.3932832e-02
  -1.7001260e-02
  -1.7260404e-02
  -1.5834635e-02
  -1.5669385e-02
  -1.4720816e-02
  -1.5602454e-02
  -1.6103128e-02
  -1.5761811e-02
  -1.9338299e-02
  -1.8137328e-02
  -2.1013822e-02
  -1.9835062e-02
  -5.5281231e-03
  -3.2359780e-03
  -0.0000000e+00
  -0.0000000e+00
  -3.3738956e-02
  -1.1780718e-02
  -1.1289691e-02
  -1.0979590e-02
  -1.2346494e-02
  -1.2744963e-02
  -1.0441493e-02
  -1.2747934e-02
  -1.3786061e-02
  -1.5935395e-02
  -1.2495141e-02
  -7.7543939e-03
  -6.2591955e-03
  -1.5071917e-02
  -2.9587828e-02
  -2.4089556e-02
  -1.5125845e-02
  -4.4663651e-03
   2.7748186e-03
  -5.0720553e-03
  -0.0000000e+00
  -1.2357691e-02
  -1.1515473e-02
  -9.5299799e-03
  -9.9099111e-03
  -1.1234723e-02
  -1.2684766e-02
  -1.1547675e-02
  -1.5413853e-02
  -2.0862648e-02
  -2.1404217e-02
  -1.7691463e-02
  -6.9706463e-03
  -7.7949231e-03
  -1.7476471e-02
  -2.7695953e-02
  -2.7885852e-02
  -5.6686294e-03
  -5.4103765e-03
  -5.4814080e-03
  -5.1325466e-03
  -5.2154693e-03
  -5.8439528e-03
  -9.4515253e-03
  -1.1833549e-02
  -1.2673128e-02
  -8.6898245e-03
  -1.1508538e-02
  -1.7076853e-02
  -2.8129535e-02
  -3.8590834e-02
  -2.8698150e-02
  -1.6841295e-02
  -7.6166745e-03
   6.9376288e-03
   0.0000000e+00
  -0.0000000e+00
  -7.5636972e-03
  -6.8710223e-03
  -3.6111977e-03
  -5.5242451e-03
  -7.8495098e-03
  -9.6081058e-03
  -9.0783574e-03
  -9.6715260e-03
  -1.6602661e-02
  -1.6807230e-02
  -1.5332231e-02
  -9.0259910e-03
  -1.1068051e-02
  -0.0000000e+00
  -3.0833241e-02
  -1.7562434e-02
  -1.2733590e-02
  -1.5191318e-02
  -1.7740905e-02
  -1.7684428e-02
  -1.6792992e-02
  -1.7721821e-02
  -2.0990917e-02
  -2.3037752e-02
  -2.3162168e-02
  -2.4276024e-02
  -2.8929140e-02
  -2.4727292e-02
  -2.1551015e-02
  -3.0545419e-02
  -2.8984820e-02
  -2.7090894e-02
  -1.8412167e-02
   1.0709211e-03
   0.0000000e+00
  -0.0000000e+00
  -1.8855300e-02
  -1.5666096e-02
  -1.3670140e-02
  -1.4956492e-02
  -1.7319055e-02
  -1.9220550e-02
  -2.0301109e-02
  -1.7008957e-02
  -1.6407620e-02
  -1.8389300e-02
  -2.1498711e-02
  -1.6033571e-02
  -1.2288871e-02
  -0.0000000e+00
  -2.8604515e-02
  -1.7493390e-02
  -2.1913735e-02
  -2.5551066e-02
  -3.3411413e-02
  -3.1177038e-02
  -3.0672459e-02
  -3.1096583e-02
  -3.1507935e-02
  -3.2701947e-02
  -3.4375418e-02
  -3.6068197e-02
  -3.7612583e-02
  -3.0971430e-02
  -2.0738820e-02
  -2.5883595e-02
  -3.0375713e-02
  -3.2349169e-02
  -2.8846949e-02
  -8.8401450e-03
   0.0000000e+00
  -0.0000000e+00
  -2.7957096e-02
  -2.6318561e-02
  -2.4761628e-02
  -2.5560006e-02
  -2.7497943e-02
  -2.9817361e-02
  -3.0574599e-02
  -2.8603526e-02
  -2.5045885e-02
  -2.0366188e-02
  -2.6981960e-02
  -2.3357406e-02
  -1.7106871e-02
  -0.0000000e+00
  -2.7987791e-02
  -2.5455944e-02
  -2.9408984e-02
  -3.3055261e-02
  -4.6362210e-02
  -4.1498832e-02
  -4.0745217e-02
  -4.0886376e-02
  -3.9009679e-02
  -3.9936155e-02
  -4.3029130e-02
  -4.2742807e-02
  -4.0925290e-02
  -3.4862854e-02
  -1.9840559e-02
  -2.3114435e-02
  -3.0072031e-02
  -3.5667177e-02
  -3.6504295e-02
  -2.1890815e-02
   0.0000000e+00
  -0.0000000e+00
  -0.0000000e+00
  -3.5312369e-02
  -3.3778571e-02
  -3.4642160e-02
  -3.5764769e-02
  -3.8289856e-02
  -3.8085639e-02
  -3.9329924e-02
  -3.5124185e-02
  -2.2319465e-02
  -2.8458184e-02
  -0.0000000e+00
  -2.9189825e-02
  -2.4453269e-02
  -2.9026341e-02
  -3.4863554e-02
  -3.0647896e-02
  -3.3094116e-02
  -4.9371488e-02
  -4.2046182e-02
  -3.8250696e-02
  -3.8610775e-02
  -3.7951440e-02
  -4.1292254e-02
  -4.3157551e-02
  -3.6817167e-02
  -3.4540288e-02
  -3.2988176e-02
  -2.0975456e-02
  -2.5635943e-02
  -2.8702089e-02
  -0.0000000e+00
  -3.6773581e-02
  -2.8130515e-02
  -0.0000000e+00
   0.0000000e+00
  -0.0000000e+00
  -3.7369445e-02
  -3.6244370e-02
  -3.8388863e-02
  -3.8352560e-02
  -4.0025435e-02
  -3.7504967e-02
  -4.4593394e-02
  -4.3017138e-02
  -2.2036348e-02
  -2.8911577e-02
  -3.8144331e-02
  -3.0563473e-02
  -2.8010165e-02
  -3.3098832e-02
  -4.1353073e-02
  -1.8502899e-02
  -1.9600421e-02
  -2.3898793e-02
  -2.2729803e-02
  -1.9840607e-02
  -2.0107511e-02
  -2.5088964e-02
  -2.8788380e-02
  -2.4434423e-02
  -1.9982461e-02
  -2.1412039e-02
  -1.8915052e-02
  -2.0196723e-02
  -2.1491606e-02
  -1.6175468e-02
  -1.6240293e-02
  -1.8243607e-02
  -1.9100853e-02
  -0.0000000e+00
   0.0000000e+00
  -0.0000000e+00
  -1.7085074e-02
  -1.8294705e-02
  -2.3368124e-02
  -2.3211790e-02
  -2.4455367e-02
  -2.2517353e-02
  -2.8507292e-02
  -2.6342841e-02
  -1.3157208e-02
  -1.7574147e-02
  -2.3570066e-02
  -2.3155682e-02
  -2.2394052e-02
  -2.5741510e-02
  -2.5246724e-02
   1.9524670e-03
   3.7219257e-03
   9.7004492e-03
   6.2487330e-03
   7.3681353e-03
   7.5411494e-03
   2.7651811e-04
  -1.1338880e-03
   3.3905338e-03
   3.0605171e-03
   6.9937611e-05
   4.3839929e-03
  -2.6972368e-03
  -2.7458447e-03
   5.8833105e-03
   3.8541823e-03
   9.0544801e-03
   2.6788269e-03
  -1.6133647e-03
   0.0000000e+00
   0.0000000e+00
   1.4884268e-02
   1.4837941e-02
   7.0438194e-03
   6.2851086e-03
   3.2081683e-03
   4.6434337e-03
   1.5720830e-03
   3.6236444e-03
   5.5252332e-03
   4.5114767e-03
   5.6203427e-03
   1.7137055e-03
  -2.2712338e-03
  -2.6782763e-03
   1.2922123e-03
   2.8958296e-02
   3.5379611e-02
   4.5390531e-02
   4.1661769e-02
   4.2788565e-02
   3.7860978e-02
   3.4268416e-02
   3.6329146e-02
   3.7433144e-02
   3.5044517e-02
   3.2442857e-02
   3.8322270e-02
   3.1088520e-02
   3.1096919e-02
   3.8375128e-02
   3.7432689e-02
   4.3135431e-02
   3.2954324e-02
   2.6648536e-02
   0.0000000e+00
   0.0000000e+00
   4.6151143e-02
   4.8269782e-02
   4.3847352e-02
   4.3562483e-02
   4.0451501e-02
   4.1315399e-02
   4.0336881e-02
   4.1545581e-02
   3.6536872e-02
   3.8714211e-02
   4.6483714e-02
   3.8672414e-02
   3.0307237e-02
   3.1222776e-02
   3.3887777e-02
   5.7788603e-02
   6.6329539e-02
   7.3852412e-02
   7.5630508e-02
   7.7220127e-02
   6.4209446e-02
   6.8208270e-02
   7.3168680e-02
   7.1607791e-02
   7.3583394e-02
   7.3166244e-02
   7.6853752e-02
   7.2719127e-02
   7.2502725e-02
   7.4119247e-02
   7.6945998e-02
   7.6940969e-02
   6.4949296e-02
   6.4234138e-02
   0.0000000e+00
   5.1807703e-02
   6.4035438e-02
   6.7995749e-02
   7.3530875e-02
   7.7017851e-02
   7.8236043e-02
   7.8656897e-02
   7.8811288e-02
   7.8226998e-02
   7.4089453e-02
   8.2596980e-02
   8.2217492e-02
   7.2175927e-02
   6.5416589e-02
   6.2297240e-02
   6.2586434e-02
   7.9172559e-02
   8.3397880e-02
   8.6350903e-02
   9.3168214e-02
   9.2693470e-02
   8.0216281e-02
   8.7385707e-02
   9.2559144e-02
   9.3732432e-02
   1.0216557e-01
   1.0507200e-01
   1.0233235e-01
   9.9735297e-02
   1.0070511e-01
   9.5895231e-02
   1.0011234e-01
   9.5763586e-02
   8.4399231e-02
   8.7854790e-02
   7.2187116e-02
   6.2373612e-02
   6.3891277e-02
   6.8160504e-02
   8.1147872e-02
   9.0416834e-02
   9.7515166e-02
   9.9531062e-02
   1.0118848e-01
   1.0006890e-01
   1.0116933e-01
   1.0869326e-01
   9.1005787e-02
   8.2744516e-02
   8.4597312e-02
   7.3341988e-02
   7.3555909e-02
   7.8984052e-02
   7.7869669e-02
   7.9311676e-02
   8.0806732e-02
   7.6071337e-02
   7.9034559e-02
   8.1128880e-02
   8.3421864e-02
   8.9957975e-02
   9.5268913e-02
   9.9463664e-02
   9.6686006e-02
   9.4456285e-02
   9.4821148e-02
   8.9661047e-02
   8.8443287e-02
   8.4580466e-02
   7.6585963e-02
   7.1222551e-02
   6.4140983e-02
   5.8461852e-02
   5.5691838e-02
   5.7394359e-02
   6.5184683e-02
   7.6168589e-02
   8.3764717e-02
   8.9951664e-02
   9.3386345e-02
   9.3883134e-02
   9.6477747e-02
   8.8990226e-02
   6.9368906e-02
   6.7174122e-02
   7.3321976e-02
   6.1719123e-02
   6.3511871e-02
   5.2168760e-02
   5.0261319e-02
   4.7198482e-02
   4.2017981e-02
   3.9129470e-02
   5.1118236e-02
   5.2009594e-02
   5.3647891e-02
   5.8739651e-02
   5.7215825e-02
   5.9336293e-02
   6.1587133e-02
   6.3588612e-02
   6.0502831e-02
   5.7657275e-02
   5.3369358e-02
   4.5587637e-02
   4.1305382e-02
   3.5609011e-02
   3.7480414e-02
   4.0594779e-02
   3.8477842e-02
   3.8090188e-02
   3.7944321e-02
   4.3861523e-02
   4.7801174e-02
   5.3008817e-02
   5.5101324e-02
   5.6508161e-02
   5.6571122e-02
   4.0492270e-02
   3.5302307e-02
   3.8772784e-02
   4.0198568e-02
   4.0426575e-02
   4.3007962e-02
   1.3139937e-02
   8.9252675e-03
  -2.4136596e-03
  -8.0949571e-03
  -4.1663973e-03
   6.4085689e-03
   1.0796126e-02
   1.2296439e-02
   1.3910039e-02
   1.4126899e-02
   1.2990312e-02
   1.1807411e-02
   1.4218286e-02
   9.9079628e-03
   8.0507249e-03
   7.0181233e-03
  -1.9999663e-03
  -3.0119014e-03
   9.3960331e-04
   6.2918356e-03
   8.9771152e-03
   7.1421592e-03
   6.5507754e-03
   3.2896644e-03
   2.5153530e-03
   2.1320495e-03
   1.3562366e-03
   1.2155289e-04
   2.3932790e-03
   4.9084909e-03
  -1.8892589e-03
   1.7363114e-03
   5.5908635e-03
   4.6877177e-03
   1.2350789e-02
   1.4545954e-02
  -1.9981435e-02
  -2.6081704e-02
  -3.5690036e-02
  -3.7047774e-02
  -3.0238021e-02
  -2.2885703e-02
  -2.0468444e-02
  -2.1378195e-02
  -2.0666063e-02
  -1.9107005e-02
  -2.1882746e-02
  -2.7643349e-02
  -3.1104894e-02
  -3.5079598e-02
  -3.4520052e-02
  -2.9863708e-02
  -2.8832614e-02
  -2.6670957e-02
  -2.2266688e-02
  -1.9696103e-02
  -2.0933446e-02
  -2.3656700e-02
  -2.4908390e-02
  -2.7649829e-02
  -3.0836148e-02
  -3.2947026e-02
  -3.4727503e-02
  -3.4926396e-02
  -3.1196516e-02
  -2.5389699e-02
  -2.2543773e-02
  -1.9674417e-02
  -1.8813523e-02
  -2.0461142e-02
  -1.8333385e-02
  -1.7221268e-02
  -1.6090468e-02
  -1.6862921e-02
  -1.6789572e-02
  -1.4916553e-02
  -1.2641996e-02
  -1.1894267e-02
  -1.3838757e-02
  -1.7058937e-02
  -2.0120088e-02
  -2.2249231e-02
  -2.3798643e-02
  -2.4949653e-02
  -2.5513431e-02
  -2.5573002e-02
  -2.4208430e-02
  -2.1625975e-02
  -1.9474257e-02
  -1.7901905e-02
  -1.6616244e-02
  -1.5485842e-02
  -1.4394236e-02
  -1.3544288e-02
  -1.3276577e-02
  -1.3879973e-02
  -1.5065398e-02
  -1.6176123e-02
  -1.7191228e-02
  -1.8018907e-02
  -1.8442266e-02
  -1.8408794e-02
  -1.7845452e-02
  -1.6723813e-02
  -1.5677666e-02
  -1.5168040e-02
  -1.4999079e-02
  -1.5323758e-02
