  4.540730e-01
  3.205309e-01
  2.303241e-01
  1.737157e-01
  1.599683e-01
  1.524505e-01
  1.379864e-01
  1.228565e-01
  1.262134e-01
  1.277463e-01
  1.194607e-01
  1.173704e-01
  1.050930e-01
  8.651008e-02
  8.136158e-02
  7.869570e-02
  7.130775e-02
  6.825005e-02
  7.069878e-02
  7.176386e-02
  6.990181e-02
  6.814072e-02
  7.453074e-02
  8.211677e-02
  8.676259e-02
  9.039995e-02
  8.812503e-02
  8.436901e-02
  6.721620e-02
  6.520813e-02
  6.641331e-02
  6.811864e-02
  7.212884e-02
  1.476304e-01
  4.039880e-01
  7.264801e-01
