  -4.2437865e-03
  -6.9971643e-03
  -1.0719680e-02
  -0.0000000e+00
   0.0000000e+00
   0.0000000e+00
   0.0000000e+00
   0.0000000e+00
   0.0000000e+00
   0.0000000e+00
   0.0000000e+00
   0.0000000e+00
   0.0000000e+00
   0.0000000e+00
   0.0000000e+00
   0.0000000e+00
   0.0000000e+00
   0.0000000e+00
   0.0000000e+00
   0.0000000e+00
   0.0000000e+00
   0.0000000e+00
   0.0000000e+00
   0.0000000e+00
   0.0000000e+00
   0.0000000e+00
   0.0000000e+00
   0.0000000e+00
   0.0000000e+00
   0.0000000e+00
   0.0000000e+00
   0.0000000e+00
   0.0000000e+00
   0.0000000e+00
  -1.4757427e-03
  -2.7482148e-03
  -1.9495301e-02
  -1.7686566e-02
  -1.5007517e-02
  -1.3581361e-02
  -1.3249484e-02
  -1.5402586e-02
  -1.9242289e-02
  -2.2599975e-02
  -2.0525991e-02
  -1.2624749e-02
  -6.4518763e-03
  -0.0000000e+00
  -4.2247239e-03
  -2.6238985e-03
  -2.5481958e-03
  -4.4564122e-03
  -8.2772949e-03
  -1.3401358e-02
  -1.7521029e-02
  -2.1093027e-02
  -2.4855894e-02
  -2.7597379e-02
  -0.0000000e+00
   0.0000000e+00
  -2.5167703e-02
  -2.4295860e-02
   0.0000000e+00
   0.0000000e+00
   0.0000000e+00
   0.0000000e+00
   0.0000000e+00
  -2.3078280e-02
  -2.1919484e-02
  -2.5542217e-02
  -2.2444502e-02
  -2.0100106e-02
  -3.5322644e-02
  -3.5143882e-02
  -3.1115830e-02
  -2.7124550e-02
  -2.1565279e-02
  -1.9708494e-02
  -2.0836607e-02
  -2.1966543e-02
  -1.9424198e-02
  -1.1517256e-02
  -7.3520569e-03
  -7.0515007e-03
  -8.1738946e-03
  -8.1993397e-03
  -5.0213961e-03
  -8.4251538e-03
  -1.9053537e-02
  -2.8876390e-02
  -3.1719886e-02
  -2.9586175e-02
  -3.1198904e-02
  -3.1921498e-02
  -3.0965517e-02
  -3.2483331e-02
  -2.8639846e-02
  -2.1847864e-02
  -2.6033633e-02
  -3.3047775e-02
  -3.2987717e-02
  -3.2960852e-02
  -3.1623215e-02
  -2.5314929e-02
  -2.1180360e-02
  -2.6416752e-02
  -3.4716666e-02
  -3.5400435e-02
  -7.9975659e-03
  -6.5297978e-03
  -7.3911455e-03
  -8.1103044e-03
  -7.0493203e-03
  -9.8378100e-03
  -1.3387365e-02
  -1.2342660e-02
  -9.1902213e-03
  -5.0563491e-03
  -2.7636329e-03
   8.2697924e-04
   1.3265073e-03
  -2.6662492e-03
  -1.5993280e-03
  -4.9067335e-03
  -1.1453893e-02
  -1.6129484e-02
  -1.7316291e-02
  -1.4225713e-02
  -1.4351441e-02
  -1.5378602e-02
  -1.7358057e-02
  -1.7959459e-02
  -1.6346524e-02
  -1.2836033e-02
  -8.8728312e-03
  -1.0728176e-02
  -1.3248620e-02
  -1.0828444e-02
  -8.8284565e-03
  -2.2634016e-03
   2.5810285e-03
  -2.4634728e-03
  -1.0499125e-02
  -1.1094267e-02
   4.8652960e-02
   5.6792535e-02
   5.2111376e-02
   4.9959864e-02
   4.5781691e-02
   3.9274991e-02
   3.1779394e-02
   2.6938334e-02
   2.6834134e-02
   2.5479740e-02
   3.1979889e-02
   0.0000000e+00
   3.4294145e-02
   4.1189484e-02
   3.6270596e-02
   3.3761013e-02
   3.8447149e-02
   4.4077493e-02
   4.6606082e-02
   4.0307984e-02
   3.8354326e-02
   3.2729555e-02
   2.2715872e-02
   2.5577275e-02
   2.7905080e-02
   2.5433721e-02
   2.8361648e-02
   3.1102957e-02
   3.3236813e-02
   3.7307736e-02
   3.9230060e-02
   3.9758950e-02
   0.0000000e+00
   3.8038764e-02
   4.1714564e-02
   3.5483397e-02
   9.8956652e-02
   1.0786778e-01
   1.0338204e-01
   1.0113450e-01
   9.6347116e-02
   9.2124909e-02
   8.3085716e-02
   7.7550001e-02
   7.2567046e-02
   5.9682667e-02
   7.0562825e-02
   0.0000000e+00
   5.5975449e-02
   7.9076327e-02
   8.1006050e-02
   8.3731897e-02
   9.4527461e-02
   9.8990269e-02
   1.0637470e-01
   9.6573710e-02
   9.0342738e-02
   7.7955045e-02
   6.8908513e-02
   7.1599327e-02
   6.7518905e-02
   7.6101601e-02
   7.8306749e-02
   7.1902104e-02
   6.9248455e-02
   0.0000000e+00
   0.0000000e+00
   0.0000000e+00
   0.0000000e+00
   7.1853802e-02
   9.1901913e-02
   9.8747085e-02
   1.3087234e-01
   1.3066648e-01
   1.2689622e-01
   1.2582822e-01
   1.2323231e-01
   1.2507264e-01
   1.1409614e-01
   1.1056372e-01
   1.0926512e-01
   8.0525935e-02
   8.0917679e-02
   0.0000000e+00
   0.0000000e+00
   8.4594622e-02
   1.0722931e-01
   1.2041844e-01
   1.3073938e-01
   1.2694377e-01
   1.3024691e-01
   1.2180573e-01
   1.1272202e-01
   1.0024231e-01
   1.0496627e-01
   1.0938171e-01
   9.4343551e-02
   1.0511698e-01
   1.0657658e-01
   9.3427159e-02
   8.2608694e-02
   0.0000000e+00
   0.0000000e+00
   0.0000000e+00
   0.0000000e+00
   1.0017379e-01
   1.2506187e-01
   1.3382982e-01
   1.1956148e-01
   1.1564904e-01
   1.1390577e-01
   1.1788572e-01
   1.1471030e-01
   1.2057446e-01
   1.1084642e-01
   9.9859960e-02
   1.0602053e-01
   7.6027296e-02
   5.6090806e-02
   0.0000000e+00
   0.0000000e+00
   6.3642204e-02
   9.7070828e-02
   1.1695687e-01
   1.2328959e-01
   1.1331707e-01
   1.0870551e-01
   9.6559197e-02
   8.8684335e-02
   9.1434605e-02
   1.0885592e-01
   1.1155316e-01
   1.0132053e-01
   1.0340985e-01
   8.8474065e-02
   7.8736775e-02
   6.8112352e-02
   0.0000000e+00
   0.0000000e+00
   0.0000000e+00
   0.0000000e+00
   1.0183988e-01
   1.2077149e-01
   1.2404774e-01
   6.6925310e-02
   6.8749763e-02
   7.1417458e-02
   7.7481940e-02
   7.7170253e-02
   7.8489497e-02
   7.7903889e-02
   6.2552683e-02
   6.2355895e-02
   4.7631916e-02
   2.2756567e-02
   0.0000000e+00
   0.0000000e+00
   3.6587710e-02
   5.6469161e-02
   7.3445305e-02
   7.9252005e-02
   6.6264436e-02
   6.0125533e-02
   5.0429719e-02
   0.0000000e+00
   5.4678887e-02
   7.4919946e-02
   7.4007735e-02
   6.9568329e-02
   7.4293822e-02
   4.8429642e-02
   3.7990086e-02
   3.8096436e-02
   0.0000000e+00
   0.0000000e+00
   0.0000000e+00
   0.0000000e+00
   6.8369724e-02
   7.4181356e-02
   7.0670232e-02
   1.2861158e-02
   1.6306011e-02
   2.2161439e-02
   2.6466386e-02
   3.0850509e-02
   2.9173143e-02
   3.3369467e-02
   2.8256528e-02
   2.0829394e-02
   1.7722603e-02
   7.4988287e-03
   2.0917753e-03
   0.0000000e+00
   0.0000000e+00
   1.7130146e-02
   2.7863836e-02
   3.1001497e-02
   1.7131208e-02
   1.3683777e-02
   0.0000000e+00
   0.0000000e+00
   1.7066517e-02
   2.8933100e-02
   2.9698621e-02
   2.1667236e-02
   3.1445224e-02
   2.0610888e-02
   1.1961906e-03
   6.9284742e-03
   6.1618952e-03
   0.0000000e+00
   0.0000000e+00
   1.3773109e-02
   2.2902504e-02
   1.9505080e-02
   1.5693551e-02
  -2.6265336e-02
  -2.6991583e-02
  -1.8705770e-02
  -1.6432464e-02
  -9.1411397e-03
  -7.1585895e-03
  -5.5689504e-03
   1.7083205e-03
  -5.0931918e-03
  -2.4320732e-03
   5.7613263e-03
   1.8917846e-03
   0.0000000e+00
  -0.0000000e+00
  -8.9131761e-03
  -5.1168636e-03
  -5.3206217e-03
  -1.7912118e-02
  -1.5476028e-02
  -0.0000000e+00
   0.0000000e+00
  -5.5159316e-03
  -6.0376832e-04
  -3.2481286e-03
  -1.9688085e-02
  -9.1254003e-03
   6.2155318e-03
  -1.7643835e-02
  -1.7888432e-02
  -7.2386137e-03
  -0.0000000e+00
   0.0000000e+00
  -2.0737447e-02
  -1.8174117e-02
  -2.2312175e-02
  -2.6126929e-02
  -5.0805904e-02
  -5.8795165e-02
  -5.0227411e-02
  -4.8978817e-02
  -4.1790545e-02
  -3.1935774e-02
  -3.6996249e-02
  -2.0500507e-02
  -2.2164576e-02
  -1.6793255e-02
   7.1762670e-03
   3.6664046e-03
   0.0000000e+00
  -0.0000000e+00
  -2.4282907e-02
  -2.9326405e-02
  -3.2260921e-02
  -3.9669245e-02
  -2.9968353e-02
  -0.0000000e+00
   0.0000000e+00
  -1.9678754e-02
  -2.1394860e-02
  -2.5488781e-02
  -4.7941368e-02
  -4.8783205e-02
  -8.6735599e-03
  -2.4298754e-02
  -3.5854012e-02
  -2.0309627e-02
  -2.7849513e-02
  -0.0000000e+00
  -3.8526865e-02
  -4.7922138e-02
  -4.8169103e-02
  -5.4003555e-02
  -6.2567301e-02
  -7.9317272e-02
  -7.3351726e-02
  -7.2178900e-02
  -6.8199843e-02
  -4.8539598e-02
  -6.2326252e-02
  -4.1889135e-02
  -3.6261562e-02
  -2.8996496e-02
   6.8568140e-03
   0.0000000e+00
   0.0000000e+00
   0.0000000e+00
  -0.0000000e+00
  -4.7575928e-02
  -5.2822966e-02
  -5.0206702e-02
  -3.3336182e-02
  -0.0000000e+00
   0.0000000e+00
  -0.0000000e+00
  -2.9430548e-02
  -4.0501304e-02
  -6.3293070e-02
  -8.7103739e-02
  -3.1693555e-02
  -2.4042049e-02
  -4.7899649e-02
  -3.7493408e-02
  -3.6300495e-02
  -0.0000000e+00
  -5.9461348e-02
  -6.4628541e-02
  -5.8489509e-02
  -6.8333015e-02
  -5.6985591e-02
  -7.1409948e-02
  -6.9638960e-02
  -6.9883309e-02
  -7.0231460e-02
  -5.5687562e-02
  -7.1378328e-02
  -5.9960168e-02
  -5.3574704e-02
  -3.7701715e-02
   2.1252251e-03
   0.0000000e+00
   0.0000000e+00
   0.0000000e+00
  -0.0000000e+00
  -5.0882775e-02
  -6.1170939e-02
  -4.5411333e-02
  -1.8475592e-02
  -0.0000000e+00
   0.0000000e+00
  -0.0000000e+00
  -2.7226684e-02
  -5.0502416e-02
  -5.8354829e-02
  -8.0238178e-02
  -6.0944263e-02
  -3.5432551e-02
  -5.2205067e-02
  -5.2024357e-02
  -2.6641732e-02
  -1.9668375e-02
  -4.4624165e-02
  -5.5371694e-02
  -5.0759796e-02
  -5.8656704e-02
  -4.0221635e-02
  -4.8593413e-02
  -4.6716120e-02
  -4.8199993e-02
  -4.8130024e-02
  -4.7065727e-02
  -6.0274422e-02
  -5.8822889e-02
  -6.1378431e-02
  -3.5731476e-02
  -4.8645442e-04
   0.0000000e+00
   0.0000000e+00
   0.0000000e+00
  -0.0000000e+00
  -3.5121445e-02
  -4.9483210e-02
  -3.3741537e-02
  -6.5552797e-03
  -0.0000000e+00
   0.0000000e+00
  -0.0000000e+00
  -2.4321177e-02
  -4.7823858e-02
  -4.8343275e-02
  -4.8586644e-02
  -6.1332833e-02
  -5.4959733e-02
  -5.0571643e-02
  -4.4879828e-02
  -1.6818502e-02
  -1.0168326e-02
  -3.0000897e-02
  -3.5146188e-02
  -3.5686806e-02
  -3.9490957e-02
  -2.6353907e-02
  -3.0614836e-02
  -2.8351029e-02
  -2.9953668e-02
  -2.9472621e-02
  -3.5439968e-02
  -4.6606518e-02
  -5.1225115e-02
  -5.8792792e-02
  -2.8815173e-02
  -0.0000000e+00
   0.0000000e+00
   0.0000000e+00
   0.0000000e+00
  -0.0000000e+00
  -1.8294534e-02
  -3.3458866e-02
  -2.1615610e-02
   1.8371195e-03
   0.0000000e+00
   0.0000000e+00
  -0.0000000e+00
  -2.1784594e-02
  -3.8773444e-02
  -3.6302075e-02
  -2.5486102e-02
  -5.1221732e-02
  -6.0108121e-02
  -4.3917529e-02
  -3.4871326e-02
  -1.1260618e-02
  -6.2634917e-03
  -1.9966375e-02
  -2.0961959e-02
  -2.4204588e-02
  -2.5439626e-02
  -1.2954168e-02
  -1.4164945e-02
  -1.2119294e-02
  -1.2376010e-02
  -1.1680418e-02
  -1.7392518e-02
  -2.5394533e-02
  -3.3993274e-02
  -4.1402869e-02
  -1.3497601e-02
   0.0000000e+00
   0.0000000e+00
   0.0000000e+00
   0.0000000e+00
   0.0000000e+00
   3.7684718e-03
  -6.6283336e-03
  -4.0779598e-03
   8.7439689e-03
   0.0000000e+00
   0.0000000e+00
  -0.0000000e+00
  -1.7298553e-02
  -1.8795570e-02
  -1.7257150e-02
  -7.6272110e-03
  -2.7224164e-02
  -4.5830026e-02
  -2.8767722e-02
  -0.0000000e+00
  -9.4703336e-03
  -5.1496155e-03
  -1.1411664e-02
  -1.1308894e-02
  -1.4411099e-02
  -1.4056914e-02
  -2.0740440e-02
  -1.9981358e-02
  -1.8348580e-02
  -1.8084729e-02
  -1.6069522e-02
  -1.3612426e-02
  -1.4485169e-02
  -2.1429826e-02
  -2.6236556e-02
  -4.8815152e-03
   0.0000000e+00
   0.0000000e+00
   0.0000000e+00
   0.0000000e+00
   2.6083805e-03
   1.6258743e-02
   1.8047106e-02
   1.4240560e-02
   1.2383003e-02
   0.0000000e+00
   0.0000000e+00
  -0.0000000e+00
  -1.2016739e-02
  -2.1975851e-03
   1.3806110e-03
   2.0434664e-04
  -1.3070602e-02
  -1.5854197e-02
  -0.0000000e+00
   0.0000000e+00
  -1.4329367e-02
  -1.7262915e-02
  -1.9955557e-02
  -2.0329544e-02
  -2.2870271e-02
  -2.2533227e-02
  -3.9764926e-02
  -3.6568377e-02
  -3.6763698e-02
  -3.4286365e-02
  -3.1595234e-02
  -2.1907123e-02
  -1.6098715e-02
  -2.0249326e-02
  -2.5181200e-02
  -8.6979670e-03
   7.3421972e-03
   0.0000000e+00
   0.0000000e+00
  -1.8552520e-02
  -9.3440994e-03
   2.0010576e-02
   2.8935896e-02
   2.2573169e-02
   1.3453576e-02
   0.0000000e+00
   0.0000000e+00
  -0.0000000e+00
  -9.0751794e-03
   4.7141211e-03
   1.4169432e-02
   4.1221394e-03
  -1.1875980e-02
  -5.3192698e-03
  -0.0000000e+00
   0.0000000e+00
  -2.2479459e-02
  -3.4356061e-02
  -3.5747074e-02
  -3.8714588e-02
  -3.9520122e-02
  -4.0201597e-02
  -6.2503420e-02
  -5.6751925e-02
  -5.9394039e-02
  -5.4086756e-02
  -5.1265698e-02
  -3.5540860e-02
  -2.2988508e-02
  -2.3963757e-02
  -2.8912019e-02
  -1.8305192e-02
   2.0909651e-03
   0.0000000e+00
   0.0000000e+00
  -2.5400281e-02
  -1.8112011e-02
   2.0695299e-02
   3.4316197e-02
   2.5653591e-02
   0.0000000e+00
   0.0000000e+00
   0.0000000e+00
   0.0000000e+00
  -6.3405020e-03
   8.1410836e-03
   2.3480067e-02
   6.5715339e-03
  -1.3074623e-02
  -6.2709296e-04
   0.0000000e+00
   0.0000000e+00
  -2.4714213e-02
  -5.2626777e-02
  -5.4564379e-02
  -6.0416967e-02
  -5.9675694e-02
  -6.1044872e-02
  -9.4844453e-02
  -8.5994571e-02
  -9.2983328e-02
  -8.3136097e-02
  -8.2127281e-02
  -6.3068442e-02
  -4.2024508e-02
  -3.9331708e-02
  -4.1092571e-02
  -4.1962849e-02
  -1.6490155e-02
   0.0000000e+00
  -3.5102701e-02
  -4.4886240e-02
  -3.4630165e-02
   1.6373925e-02
   3.0148595e-02
   0.0000000e+00
   0.0000000e+00
   0.0000000e+00
   0.0000000e+00
   0.0000000e+00
  -0.0000000e+00
   5.4295626e-03
   2.3753060e-02
   0.0000000e+00
  -0.0000000e+00
  -0.0000000e+00
  -0.0000000e+00
  -1.8205016e-02
  -3.3125372e-02
  -7.3956221e-02
  -8.2681358e-02
  -9.1308542e-02
  -9.0249479e-02
  -9.0680771e-02
  -1.1323394e-01
  -1.0666673e-01
  -1.1078774e-01
  -1.0647738e-01
  -1.0522342e-01
  -8.8719003e-02
  -6.2839977e-02
  -5.3270038e-02
  -4.9459361e-02
  -5.2532552e-02
  -0.0000000e+00
  -5.7067191e-02
  -6.6649429e-02
  -7.5034313e-02
  -5.6183126e-02
   2.0484328e-03
   0.0000000e+00
   0.0000000e+00
   0.0000000e+00
   0.0000000e+00
   0.0000000e+00
   0.0000000e+00
  -0.0000000e+00
  -2.4395287e-03
   1.0865155e-02
   0.0000000e+00
  -0.0000000e+00
  -0.0000000e+00
  -0.0000000e+00
  -4.8261835e-02
  -4.7433097e-02
  -8.1342325e-02
  -1.0444275e-01
  -1.0759639e-01
  -1.1531048e-01
  -1.1034656e-01
  -1.1889410e-01
  -1.1279586e-01
  -1.1517241e-01
  -1.1613450e-01
  -1.1301461e-01
  -9.9701211e-02
  -7.0261322e-02
  -5.6589842e-02
  -4.8140675e-02
  -0.0000000e+00
  -6.0145149e-02
  -6.5928210e-02
  -8.7584451e-02
  -9.5647745e-02
  -7.5303584e-02
  -1.6440239e-02
   0.0000000e+00
   0.0000000e+00
   0.0000000e+00
   0.0000000e+00
   0.0000000e+00
   0.0000000e+00
  -0.0000000e+00
  -6.7068700e-03
  -5.4330811e-04
   0.0000000e+00
  -0.0000000e+00
   0.0000000e+00
  -0.0000000e+00
  -6.3499495e-02
  -6.0029131e-02
  -8.2761444e-02
  -1.1010784e-01
  -1.1048509e-01
  -1.2183776e-01
  -1.1544640e-01
  -1.1835469e-01
  -1.1087114e-01
  -1.1254166e-01
  -1.1868469e-01
  -1.1224648e-01
  -1.0363827e-01
  -6.9423690e-02
  -5.2696567e-02
  -0.0000000e+00
  -0.0000000e+00
  -7.4468106e-02
  -9.6885204e-02
  -1.0674591e-01
  -1.1338737e-01
  -9.8624930e-02
  -4.3132700e-02
  -0.0000000e+00
   0.0000000e+00
   0.0000000e+00
   0.0000000e+00
   0.0000000e+00
   0.0000000e+00
   0.0000000e+00
  -0.0000000e+00
  -0.0000000e+00
   0.0000000e+00
   0.0000000e+00
   0.0000000e+00
  -0.0000000e+00
  -7.2121039e-02
  -6.8316303e-02
  -8.2193412e-02
  -1.0553358e-01
  -1.0550845e-01
  -1.1753960e-01
  -1.1211842e-01
  -1.0217300e-01
  -9.3910493e-02
  -9.7238824e-02
  -9.8992698e-02
  -9.1975905e-02
  -8.2593136e-02
  -4.6697728e-02
  -3.8756641e-02
  -0.0000000e+00
  -3.2220498e-02
  -6.6653454e-02
  -8.1365687e-02
  -8.9178413e-02
  -1.0376766e-01
  -1.0617693e-01
  -7.4007444e-02
  -0.0000000e+00
   0.0000000e+00
   0.0000000e+00
   0.0000000e+00
   0.0000000e+00
   0.0000000e+00
   0.0000000e+00
  -0.0000000e+00
  -0.0000000e+00
   0.0000000e+00
   0.0000000e+00
   0.0000000e+00
  -0.0000000e+00
  -4.4456106e-02
  -5.9230082e-02
  -7.0536569e-02
  -8.3999723e-02
  -8.6183846e-02
  -9.1590025e-02
  -9.4264403e-02
  -7.1701065e-02
  -6.7616276e-02
  -6.8624333e-02
  -6.7968220e-02
  -6.2631436e-02
  -5.0928392e-02
  -2.2343870e-02
  -2.1839795e-02
  -0.0000000e+00
  -1.7075954e-02
  -4.0642338e-02
  -4.2903878e-02
  -5.7513051e-02
  -7.1420357e-02
  -8.4639676e-02
  -8.1981637e-02
  -0.0000000e+00
   0.0000000e+00
   0.0000000e+00
   0.0000000e+00
   0.0000000e+00
   0.0000000e+00
   0.0000000e+00
   0.0000000e+00
   0.0000000e+00
   0.0000000e+00
   0.0000000e+00
   0.0000000e+00
   0.0000000e+00
  -0.0000000e+00
  -2.8051358e-02
  -4.0031239e-02
  -5.3047936e-02
  -5.5143468e-02
  -6.2000662e-02
  -6.7343809e-02
  -3.4488786e-02
  -3.2994088e-02
  -3.3279363e-02
  -3.4691323e-02
  -3.2088537e-02
  -2.3261391e-02
  -5.4000700e-03
  -0.0000000e+00
  -0.0000000e+00
  -8.2169147e-03
  -6.0905753e-03
  -6.3930266e-03
  -2.3397762e-02
  -3.3757709e-02
  -5.0870173e-02
  -6.3632168e-02
  -3.6277232e-02
   0.0000000e+00
   0.0000000e+00
   0.0000000e+00
   0.0000000e+00
   0.0000000e+00
   0.0000000e+00
   0.0000000e+00
   0.0000000e+00
   0.0000000e+00
   0.0000000e+00
   0.0000000e+00
   0.0000000e+00
  -0.0000000e+00
   2.4102276e-03
  -6.1634229e-03
  -1.8409159e-02
  -2.0716170e-02
  -3.0243369e-02
  -3.3504564e-02
   1.3563800e-02
   1.4994625e-02
   1.2076443e-02
   5.2602333e-03
   2.9470795e-03
   1.5658792e-03
   6.4815544e-03
   0.0000000e+00
   0.0000000e+00
   0.0000000e+00
   2.2838663e-02
   2.9476512e-02
   1.6750626e-02
   1.0745105e-02
  -5.3426516e-03
  -2.2263300e-02
  -1.3095559e-02
   0.0000000e+00
   0.0000000e+00
   6.9604242e-03
   7.5407348e-03
   0.0000000e+00
   0.0000000e+00
   0.0000000e+00
   0.0000000e+00
   0.0000000e+00
   0.0000000e+00
   0.0000000e+00
   0.0000000e+00
   0.0000000e+00
   3.2392995e-02
   2.9876316e-02
   2.3083916e-02
   2.0429339e-02
   1.0331356e-02
   1.2975230e-02
   7.6507412e-02
   8.0032222e-02
   6.8414569e-02
   5.6158476e-02
   4.2412098e-02
   2.2142990e-02
   1.4913957e-02
   0.0000000e+00
   0.0000000e+00
   0.0000000e+00
   0.0000000e+00
   6.7002632e-02
   6.8623893e-02
   6.1105002e-02
   5.0545409e-02
   3.7547842e-02
   3.0019178e-02
   3.7529116e-02
   0.0000000e+00
   3.2759135e-02
   3.2576703e-02
   0.0000000e+00
   0.0000000e+00
   0.0000000e+00
   0.0000000e+00
   0.0000000e+00
   0.0000000e+00
   0.0000000e+00
   0.0000000e+00
   0.0000000e+00
   0.0000000e+00
   6.5495722e-02
   7.3311627e-02
   7.1203560e-02
   7.0634209e-02
   7.7408321e-02
   1.4343725e-01
   1.4319721e-01
   1.2262644e-01
   1.0830609e-01
   7.9313621e-02
   4.4592462e-02
   0.0000000e+00
   0.0000000e+00
   0.0000000e+00
   0.0000000e+00
   0.0000000e+00
   9.2484295e-02
   1.1375597e-01
   1.0834642e-01
   1.0831997e-01
   9.9160299e-02
   8.1546799e-02
   7.1910224e-02
   5.5277502e-02
   5.9799217e-02
   5.7578143e-02
   0.0000000e+00
   0.0000000e+00
   0.0000000e+00
   0.0000000e+00
   0.0000000e+00
   0.0000000e+00
   0.0000000e+00
   0.0000000e+00
   0.0000000e+00
   0.0000000e+00
   0.0000000e+00
   1.1277594e-01
   1.2267309e-01
   1.3959712e-01
   1.4514029e-01
   1.5913002e-01
   1.5708753e-01
   1.4192453e-01
   1.3064966e-01
   9.7336352e-02
   6.8008199e-02
   0.0000000e+00
   0.0000000e+00
   0.0000000e+00
   0.0000000e+00
   0.0000000e+00
   0.0000000e+00
   1.1869016e-01
   1.3021407e-01
   1.4069168e-01
   1.3707118e-01
   1.1157293e-01
   0.0000000e+00
   0.0000000e+00
   0.0000000e+00
   0.0000000e+00
   0.0000000e+00
   0.0000000e+00
   0.0000000e+00
   0.0000000e+00
   0.0000000e+00
   0.0000000e+00
   0.0000000e+00
   0.0000000e+00
   0.0000000e+00
   0.0000000e+00
   0.0000000e+00
   9.2336997e-02
   1.1612719e-01
   1.4041761e-01
   1.5485923e-01
   9.5951885e-02
   1.0870801e-01
   1.1570379e-01
   1.1073607e-01
   8.6631715e-02
   7.1766771e-02
   0.0000000e+00
   0.0000000e+00
   0.0000000e+00
   0.0000000e+00
   0.0000000e+00
   0.0000000e+00
   0.0000000e+00
   1.0549064e-01
   1.1799519e-01
   1.1692378e-01
   9.2438839e-02
   0.0000000e+00
   0.0000000e+00
   0.0000000e+00
   0.0000000e+00
   0.0000000e+00
   0.0000000e+00
   0.0000000e+00
   0.0000000e+00
   0.0000000e+00
   0.0000000e+00
   0.0000000e+00
   0.0000000e+00
   0.0000000e+00
   0.0000000e+00
   0.0000000e+00
   4.0883362e-02
   5.1211584e-02
   6.5180957e-02
   8.2010917e-02
   2.9516956e-02
   4.0517766e-02
   5.0058059e-02
   5.5815440e-02
   4.8592530e-02
   0.0000000e+00
   0.0000000e+00
   0.0000000e+00
   0.0000000e+00
   0.0000000e+00
   0.0000000e+00
   0.0000000e+00
   0.0000000e+00
   2.9907495e-02
   4.1211635e-02
   4.3901969e-02
   4.0029043e-02
   0.0000000e+00
  -0.0000000e+00
   0.0000000e+00
   0.0000000e+00
   0.0000000e+00
   0.0000000e+00
   0.0000000e+00
   0.0000000e+00
   0.0000000e+00
   0.0000000e+00
   0.0000000e+00
   0.0000000e+00
   0.0000000e+00
   0.0000000e+00
  -0.0000000e+00
  -3.9278208e-03
  -1.8255677e-03
   5.5212920e-03
   1.7128946e-02
  -8.6070588e-03
  -3.1281499e-03
   0.0000000e+00
  -0.0000000e+00
  -0.0000000e+00
   0.0000000e+00
   0.0000000e+00
   0.0000000e+00
   0.0000000e+00
   0.0000000e+00
   0.0000000e+00
   0.0000000e+00
  -1.1488174e-02
  -2.2107147e-02
  -3.1196010e-02
  -2.9644672e-02
  -1.8435439e-02
  -8.9651858e-03
  -0.0000000e+00
   0.0000000e+00
   0.0000000e+00
   0.0000000e+00
   0.0000000e+00
   0.0000000e+00
   0.0000000e+00
   0.0000000e+00
   0.0000000e+00
   0.0000000e+00
   0.0000000e+00
   0.0000000e+00
   0.0000000e+00
  -0.0000000e+00
  -0.0000000e+00
  -0.0000000e+00
  -0.0000000e+00
  -1.4984344e-02
  -0.0000000e+00
  -0.0000000e+00
   0.0000000e+00
  -0.0000000e+00
  -0.0000000e+00
   0.0000000e+00
   0.0000000e+00
   0.0000000e+00
   0.0000000e+00
   0.0000000e+00
   0.0000000e+00
   0.0000000e+00
  -6.5791093e-03
  -0.0000000e+00
  -0.0000000e+00
  -0.0000000e+00
  -2.3954636e-02
  -1.4144405e-02
  -9.5132560e-03
   0.0000000e+00
   0.0000000e+00
   0.0000000e+00
   0.0000000e+00
   0.0000000e+00
   0.0000000e+00
   0.0000000e+00
   0.0000000e+00
   0.0000000e+00
   0.0000000e+00
   0.0000000e+00
   0.0000000e+00
   0.0000000e+00
   0.0000000e+00
   0.0000000e+00
  -0.0000000e+00
  -0.0000000e+00
  -0.0000000e+00
  -0.0000000e+00
  -0.0000000e+00
  -0.0000000e+00
  -0.0000000e+00
  -0.0000000e+00
  -0.0000000e+00
   0.0000000e+00
   0.0000000e+00
   0.0000000e+00
   0.0000000e+00
  -0.0000000e+00
  -1.2754526e-03
  -0.0000000e+00
   0.0000000e+00
   0.0000000e+00
  -0.0000000e+00
  -6.3092033e-03
  -5.5919324e-03
  -4.3789067e-03
  -2.5656209e-03
  -1.7816295e-03
  -1.5661889e-03
  -1.6592395e-03
  -1.6913496e-03
  -0.0000000e+00
   0.0000000e+00
   0.0000000e+00
   0.0000000e+00
  -0.0000000e+00
  -0.0000000e+00
  -0.0000000e+00
   0.0000000e+00
  -0.0000000e+00
  -0.0000000e+00
  -0.0000000e+00
