   0.0000000e+00   0.0000000e+00   0.0000000e+00   0.0000000e+00   0.0000000e+00   0.0000000e+00   0.0000000e+00   0.0000000e+00   0.0000000e+00   0.0000000e+00   0.0000000e+00   0.0000000e+00   1.7326300e+00   0.0000000e+00   0.0000000e+00   0.0000000e+00   0.0000000e+00   1.5832316e+00   1.5369810e+00   1.2716620e+00   9.5211977e-01   8.7489402e-01   9.4101542e-01   9.4151157e-01   8.9941716e-01   0.0000000e+00   0.0000000e+00   0.0000000e+00   0.0000000e+00   0.0000000e+00   0.0000000e+00   0.0000000e+00   0.0000000e+00   0.0000000e+00   0.0000000e+00   0.0000000e+00
   0.0000000e+00   0.0000000e+00   0.0000000e+00   0.0000000e+00   0.0000000e+00   0.0000000e+00   0.0000000e+00   0.0000000e+00   0.0000000e+00   0.0000000e+00   0.0000000e+00   0.0000000e+00   1.3192968e+00   0.0000000e+00   0.0000000e+00   0.0000000e+00   4.0382996e+00   3.8676593e+00   3.2774427e+00   0.0000000e+00   0.0000000e+00   0.0000000e+00   0.0000000e+00   0.0000000e+00   0.0000000e+00   0.0000000e+00   0.0000000e+00   0.0000000e+00   0.0000000e+00   0.0000000e+00   0.0000000e+00   0.0000000e+00   0.0000000e+00   0.0000000e+00   0.0000000e+00   0.0000000e+00
   2.1665926e+00   1.5217080e+00   0.0000000e+00   0.0000000e+00   0.0000000e+00   0.0000000e+00   0.0000000e+00   0.0000000e+00   0.0000000e+00   0.0000000e+00   0.0000000e+00   0.0000000e+00   2.2683938e+00   3.0120153e+00   3.9488823e+00   4.2310286e+00   3.3925557e+00   2.6151764e+00   0.0000000e+00   0.0000000e+00   0.0000000e+00   0.0000000e+00   0.0000000e+00   0.0000000e+00   0.0000000e+00   0.0000000e+00   0.0000000e+00   0.0000000e+00   0.0000000e+00   0.0000000e+00   0.0000000e+00   0.0000000e+00   0.0000000e+00   0.0000000e+00   0.0000000e+00   2.5863295e+00
   1.8288758e+00   1.7823234e+00   2.0200934e+00   2.4427078e+00   2.8421004e+00   0.0000000e+00   0.0000000e+00   0.0000000e+00   0.0000000e+00   0.0000000e+00   0.0000000e+00   0.0000000e+00   0.0000000e+00   2.3149757e+00   2.4157591e+00   2.3340058e+00   1.8334328e+00   0.0000000e+00   0.0000000e+00   0.0000000e+00   0.0000000e+00   0.0000000e+00   0.0000000e+00   0.0000000e+00   0.0000000e+00   0.0000000e+00   0.0000000e+00   0.0000000e+00   0.0000000e+00   0.0000000e+00   0.0000000e+00   0.0000000e+00   2.3453426e+00   1.8993604e+00   2.0087051e+00   1.7855639e+00
   4.0689483e+00   4.3943615e+00   4.5477605e+00   4.4194026e+00   4.1285996e+00   3.9940126e+00   0.0000000e+00   0.0000000e+00   0.0000000e+00   0.0000000e+00   0.0000000e+00   0.0000000e+00   0.0000000e+00   3.9570360e+00   4.3789654e+00   4.4212513e+00   4.2543821e+00   0.0000000e+00   0.0000000e+00   0.0000000e+00   0.0000000e+00   0.0000000e+00   0.0000000e+00   0.0000000e+00   0.0000000e+00   0.0000000e+00   0.0000000e+00   0.0000000e+00   0.0000000e+00   0.0000000e+00   0.0000000e+00   0.0000000e+00   2.4829311e+00   2.5509384e+00   3.0488601e+00   3.5582173e+00
   6.3582200e+00   6.3971148e+00   6.1892327e+00   5.9764937e+00   5.0849895e+00   4.2644165e+00   0.0000000e+00   0.0000000e+00   0.0000000e+00   0.0000000e+00   0.0000000e+00   0.0000000e+00   5.4932784e+00   6.5501227e+00   6.9172024e+00   6.7570175e+00   5.8279591e+00   0.0000000e+00   0.0000000e+00   0.0000000e+00   0.0000000e+00   0.0000000e+00   0.0000000e+00   0.0000000e+00   0.0000000e+00   0.0000000e+00   0.0000000e+00   0.0000000e+00   0.0000000e+00   0.0000000e+00   0.0000000e+00   0.0000000e+00   4.3768952e+00   5.0085290e+00   5.6653194e+00   6.1283492e+00
   6.7187261e+00   6.7068923e+00   6.1811460e+00   5.8568162e+00   4.7370511e+00   3.1725189e+00   0.0000000e+00   0.0000000e+00   0.0000000e+00   0.0000000e+00   0.0000000e+00   5.1418894e+00   6.6188082e+00   6.7064799e+00   6.5838942e+00   6.1514582e+00   5.1381384e+00   4.6191032e+00   3.9648101e+00   4.1815343e+00   4.1795123e+00   0.0000000e+00   0.0000000e+00   0.0000000e+00   0.0000000e+00   0.0000000e+00   0.0000000e+00   0.0000000e+00   0.0000000e+00   0.0000000e+00   0.0000000e+00   0.0000000e+00   5.4715875e+00   5.9540223e+00   6.5350359e+00   6.7781901e+00
   4.9922333e+00   5.0222119e+00   4.5067110e+00   4.0321345e+00   3.2730421e+00   2.3613572e+00   2.2272003e+00   0.0000000e+00   0.0000000e+00   0.0000000e+00   0.0000000e+00   4.8755913e+00   5.3876133e+00   4.8989438e+00   4.2440348e+00   3.7064476e+00   3.2780410e+00   3.2326355e+00   0.0000000e+00   3.2148143e+00   3.4095359e+00   0.0000000e+00   0.0000000e+00   0.0000000e+00   0.0000000e+00   0.0000000e+00   0.0000000e+00   0.0000000e+00   0.0000000e+00   0.0000000e+00   0.0000000e+00   3.9575076e+00   4.9213157e+00   4.9770651e+00   5.0281228e+00   5.1684012e+00
   2.7202249e+00   2.7925689e+00   2.5405359e+00   2.2063069e+00   2.0966816e+00   2.6188517e+00   2.3496165e+00   0.0000000e+00   0.0000000e+00   0.0000000e+00   2.9027109e+00   3.1979616e+00   3.0342088e+00   2.6038952e+00   2.4575500e+00   2.6939750e+00   2.8098726e+00   0.0000000e+00   0.0000000e+00   1.9543653e+00   2.3122323e+00   0.0000000e+00   0.0000000e+00   0.0000000e+00   0.0000000e+00   0.0000000e+00   0.0000000e+00   0.0000000e+00   0.0000000e+00   0.0000000e+00   2.5622983e+00   2.9069352e+00   2.9116244e+00   2.7266507e+00   2.6580467e+00   2.7687161e+00
   1.6575421e+00   1.7944459e+00   1.8192682e+00   1.9791172e+00   2.3614933e+00   3.7310376e+00   3.2496710e+00   0.0000000e+00   0.0000000e+00   1.0992618e+00   1.4326472e+00   1.2811534e+00   1.2554364e+00   1.2851521e+00   3.0760748e+00   4.9070654e+00   4.8456960e+00   0.0000000e+00   0.0000000e+00   0.0000000e+00   0.0000000e+00   0.0000000e+00   0.0000000e+00   0.0000000e+00   0.0000000e+00   0.0000000e+00   0.0000000e+00   0.0000000e+00   0.0000000e+00   0.0000000e+00   1.5941899e+00   1.3039471e+00   6.7238688e-01   5.5627489e-01   1.2689711e+00   1.3952370e+00
   5.5141426e+00   5.4317303e+00   5.3382969e+00   5.3519248e+00   5.2468767e+00   5.6117773e+00   3.9217092e+00   1.4935801e+00   0.0000000e+00   2.0079848e+00   3.0137586e+00   3.1353415e+00   4.3116297e+00   5.1953755e+00   7.1661001e+00   8.3843138e+00   0.0000000e+00   0.0000000e+00   0.0000000e+00   0.0000000e+00   0.0000000e+00   0.0000000e+00   0.0000000e+00   0.0000000e+00   0.0000000e+00   0.0000000e+00   0.0000000e+00   0.0000000e+00   0.0000000e+00   0.0000000e+00   2.2415270e+00   2.7305297e+00   3.8762305e+00   4.0600554e+00   4.7795021e+00   5.1726221e+00
   7.8319683e+00   7.5912380e+00   7.4449992e+00   7.6784458e+00   7.4412122e+00   7.5389986e+00   5.2912273e+00   2.7585068e+00   0.0000000e+00   3.3768182e+00   5.7527037e+00   6.4406385e+00   6.9110622e+00   7.9635086e+00   9.1604681e+00   9.0917854e+00   0.0000000e+00   0.0000000e+00   0.0000000e+00   0.0000000e+00   0.0000000e+00   0.0000000e+00   0.0000000e+00   0.0000000e+00   0.0000000e+00   0.0000000e+00   0.0000000e+00   0.0000000e+00   0.0000000e+00   4.0441875e+00   5.0961399e+00   5.4948583e+00   6.5709033e+00   6.7884293e+00   7.2221375e+00   7.5036507e+00
   9.0617666e+00   8.8375502e+00   8.6261902e+00   9.0227175e+00   8.7868538e+00   8.7848740e+00   6.7547536e+00   4.3043618e+00   0.0000000e+00   0.0000000e+00   7.2881575e+00   8.0184422e+00   8.3015337e+00   9.1978045e+00   9.5784407e+00   8.4151011e+00   0.0000000e+00   0.0000000e+00   0.0000000e+00   0.0000000e+00   0.0000000e+00   0.0000000e+00   0.0000000e+00   0.0000000e+00   0.0000000e+00   0.0000000e+00   0.0000000e+00   0.0000000e+00   0.0000000e+00   5.9100275e+00   6.5478039e+00   6.9895759e+00   8.2465010e+00   8.3528433e+00   8.8266659e+00   8.8430309e+00
   9.8354940e+00   9.6531532e+00   9.4374981e+00   9.8685122e+00   9.7006729e+00   9.6161327e+00   7.9630756e+00   5.7408235e+00   5.0938244e+00   0.0000000e+00   8.2476339e+00   8.6262074e+00   9.0086317e+00   9.6771448e+00   9.3312731e+00   7.3868227e+00   0.0000000e+00   0.0000000e+00   0.0000000e+00   0.0000000e+00   0.0000000e+00   0.0000000e+00   0.0000000e+00   1.7781818e+00   2.9065039e+00   0.0000000e+00   0.0000000e+00   0.0000000e+00   0.0000000e+00   7.4091749e+00   7.2849369e+00   7.9609275e+00   9.3968029e+00   9.3905249e+00   9.9570863e+00   9.7186222e+00
   1.0257549e+01   1.0023882e+01   1.0061770e+01   1.0086190e+01   1.0114477e+01   9.7980916e+00   8.3466308e+00   6.7771874e+00   5.8696238e+00   7.2572119e+00   0.0000000e+00   7.5271886e+00   8.5758205e+00   9.0528547e+00   8.2042023e+00   6.3108506e+00   0.0000000e+00   0.0000000e+00   0.0000000e+00   0.0000000e+00   0.0000000e+00   0.0000000e+00   0.0000000e+00   2.2702174e+00   1.9934501e+00   0.0000000e+00   0.0000000e+00   0.0000000e+00   0.0000000e+00   7.6494965e+00   6.9932104e+00   8.5750453e+00   9.9331315e+00   9.9500748e+00   1.0460941e+01   1.0124261e+01
   1.0039146e+01   9.5651646e+00   9.9484045e+00   9.5821335e+00   9.6589184e+00   9.0035239e+00   7.1951088e+00   6.0662704e+00   5.6258337e+00   6.9598564e+00   6.8432732e+00   0.0000000e+00   7.0528177e+00   7.7136917e+00   7.3779964e+00   6.2803228e+00   4.0663886e+00   0.0000000e+00   0.0000000e+00   0.0000000e+00   0.0000000e+00   0.0000000e+00   0.0000000e+00   3.4430086e+00   3.4370603e+00   0.0000000e+00   0.0000000e+00   0.0000000e+00   0.0000000e+00   5.9249732e+00   6.2598751e+00   8.6926737e+00   9.2651712e+00   9.6568529e+00   9.7708969e+00   9.7035324e+00
   9.2944040e+00   8.9153109e+00   9.2324219e+00   8.8960028e+00   8.9249830e+00   7.9236360e+00   6.1027303e+00   5.0642271e+00   5.3756084e+00   6.3224888e+00   5.0390997e+00   0.0000000e+00   0.0000000e+00   6.5503097e+00   6.8088865e+00   6.1081257e+00   4.4091015e+00   3.4392653e+00   0.0000000e+00   0.0000000e+00   0.0000000e+00   0.0000000e+00   1.7808241e+00   3.7281346e+00   3.8298614e+00   2.0055344e+00   1.6551108e+00   1.7271665e+00   0.0000000e+00   0.0000000e+00   5.6311626e+00   8.1178093e+00   8.3748398e+00   8.8351955e+00   8.9235468e+00   9.0625420e+00
   8.2545013e+00   8.1121559e+00   8.1925488e+00   8.0565691e+00   7.9943399e+00   6.6162529e+00   4.9236817e+00   3.8552520e+00   5.0888295e+00   5.4708133e+00   3.0401392e+00   0.0000000e+00   0.0000000e+00   5.3413606e+00   6.2737131e+00   5.8484149e+00   4.4516802e+00   4.0623822e+00   2.5784054e+00   0.0000000e+00   0.0000000e+00   0.0000000e+00   1.6722237e+00   3.6668267e+00   3.8247194e+00   1.5174832e+00   1.6537385e+00   2.3963385e+00   0.0000000e+00   0.0000000e+00   4.9755502e+00   7.1956363e+00   7.2992334e+00   7.7111211e+00   7.9212379e+00   8.2577171e+00
   5.4417931e+00   5.5181426e+00   5.2491119e+00   5.4067764e+00   5.1797200e+00   3.9471927e+00   2.9732808e+00   3.0202301e+00   3.6441385e+00   2.4818539e+00   0.0000000e+00   0.0000000e+00   0.0000000e+00   0.0000000e+00   4.1357446e+00   3.9099244e+00   2.7285354e+00   2.9020677e+00   2.4256686e+00   0.0000000e+00   0.0000000e+00   0.0000000e+00   1.8489378e+00   1.2515262e+00   1.8093564e+00   2.0786476e+00   1.7166650e+00   1.4456917e+00   0.0000000e+00   0.0000000e+00   3.3125753e+00   4.2488762e+00   4.7855448e+00   4.9084848e+00   5.5286749e+00   5.6830575e+00
   3.6802640e+00   3.6101725e+00   3.4207265e+00   3.4838641e+00   3.2541022e+00   3.0961285e+00   3.1637583e+00   3.8780773e+00   4.9571066e+00   3.3931527e+00   0.0000000e+00   0.0000000e+00   0.0000000e+00   0.0000000e+00   0.0000000e+00   1.6814740e+00   2.5088782e+00   2.8936198e+00   2.1435173e+00   0.0000000e+00   0.0000000e+00   0.0000000e+00   2.4724321e+00   2.0565066e+00   2.4649043e+00   1.8932799e+00   2.9320021e+00   3.9292805e+00   3.4408834e+00   0.0000000e+00   2.2722192e+00   2.4883637e+00   3.1784592e+00   3.3290427e+00   3.7778816e+00   3.7318816e+00
   2.7835224e+00   2.7976460e+00   2.7160778e+00   2.7261791e+00   2.5529332e+00   2.9867964e+00   3.8247664e+00   4.8946834e+00   6.2074208e+00   4.6850047e+00   0.0000000e+00   0.0000000e+00   0.0000000e+00   0.0000000e+00   0.0000000e+00   1.0609652e+00   3.0347381e+00   3.3999419e+00   1.9292181e+00   0.0000000e+00   0.0000000e+00   0.0000000e+00   3.1188629e+00   3.1723740e+00   3.5752077e+00   2.3674862e+00   4.2314882e+00   5.8429613e+00   5.0262947e+00   3.6321034e+00   1.7956356e+00   1.3780099e+00   2.3105478e+00   2.4979670e+00   2.7977219e+00   2.7069778e+00
   3.4987178e+00   4.1112458e+00   4.2260373e+00   4.2578324e+00   4.2822122e+00   4.4319252e+00   5.6621503e+00   6.5149498e+00   7.6497626e+00   7.1255591e+00   2.1360793e+00   0.0000000e+00   0.0000000e+00   0.0000000e+00   0.0000000e+00   3.7103352e+00   5.2886178e+00   5.1367515e+00   1.8038936e+00   0.0000000e+00   0.0000000e+00   0.0000000e+00   3.9826531e+00   5.2424200e+00   5.9452715e+00   4.3728437e+00   6.0491041e+00   7.0389491e+00   6.2156632e+00   5.0121438e+00   2.3980468e+00   1.3658990e+00   2.7940107e+00   3.0474788e+00   3.2068327e+00   3.3918353e+00
   5.4134703e+00   6.2926539e+00   6.6301441e+00   6.4822283e+00   6.6281037e+00   5.6792607e+00   6.7496743e+00   7.0031900e+00   6.5537629e+00   7.0562325e+00   3.3319451e+00   0.0000000e+00   0.0000000e+00   0.0000000e+00   0.0000000e+00   5.4858127e+00   6.3642887e+00   6.4289870e+00   3.4482858e+00   0.0000000e+00   0.0000000e+00   0.0000000e+00   4.4444993e+00   5.7947364e+00   6.2847905e+00   7.3957281e+00   7.3501344e+00   5.5054073e+00   5.7880767e+00   5.5586052e+00   3.3594193e+00   2.5480806e+00   4.4106660e+00   5.1793880e+00   4.8569568e+00   5.3153572e+00
   5.8536558e+00   6.8372097e+00   7.0270252e+00   6.8409348e+00   6.9352469e+00   5.5691323e+00   6.3937588e+00   6.0304866e+00   5.2237444e+00   6.2933049e+00   3.6709266e+00   0.0000000e+00   0.0000000e+00   0.0000000e+00   0.0000000e+00   5.3608561e+00   5.9900990e+00   6.5676346e+00   4.6603727e+00   0.0000000e+00   0.0000000e+00   0.0000000e+00   4.4089389e+00   5.2133889e+00   6.0823612e+00   7.9765377e+00   6.4984875e+00   4.3874254e+00   5.2803330e+00   4.7135487e+00   3.4217358e+00   0.0000000e+00   4.8798680e+00   5.7915077e+00   5.3756089e+00   5.9381466e+00
   5.6014805e+00   6.4984385e+00   6.4141998e+00   6.2315569e+00   6.1770642e+00   4.7869053e+00   5.2223892e+00   4.3707265e+00   3.7339261e+00   5.2066107e+00   3.6303697e+00   1.6964600e+00   0.0000000e+00   0.0000000e+00   3.5062256e+00   4.4202423e+00   4.8828949e+00   6.0439887e+00   5.3742981e+00   0.0000000e+00   0.0000000e+00   2.8945811e+00   3.9350739e+00   4.1160965e+00   5.4382448e+00   7.1878029e+00   4.7547431e+00   3.3252425e+00   4.5450711e+00   3.3835206e+00   2.9803538e+00   0.0000000e+00   4.7172384e+00   5.5450430e+00   5.2492259e+00   5.8109570e+00
   4.1363592e+00   4.4622078e+00   3.9855528e+00   3.8482235e+00   3.4730221e+00   2.8745748e+00   2.5912325e+00   1.7513751e+00   2.1470033e+00   3.7239943e+00   2.9382650e+00   1.4334504e+00   0.0000000e+00   0.0000000e+00   2.3411626e+00   2.2649254e+00   2.5682489e+00   4.2485088e+00   4.6662053e+00   0.0000000e+00   0.0000000e+00   2.0022072e+00   2.4752436e+00   2.2951078e+00   3.8550354e+00   3.7532474e+00   1.8533892e+00   2.3637227e+00   3.2718401e+00   1.6291620e+00   0.0000000e+00   0.0000000e+00   3.3119401e+00   3.5896844e+00   3.8222992e+00   4.1589185e+00
   9.2370445e-01   1.2222139e+00   7.8603029e-01   9.9844158e-01   1.5039374e+00   1.2718108e+00   1.9039085e+00   1.4431167e+00   8.4173328e-01   2.0799036e+00   1.8617766e+00   6.2156540e-01   0.0000000e+00   0.0000000e+00   1.4450563e+00   1.4037319e+00   1.3855557e+00   9.8631668e-01   1.7498342e+00   0.0000000e+00   0.0000000e+00   1.1362048e+00   1.3236828e+00   1.3742286e+00   1.7366279e+00   2.1895289e+00   1.7190671e+00   1.4902625e+00   1.0796266e+00   1.0433726e+00   0.0000000e+00   0.0000000e+00   1.1961733e+00   1.1434526e+00   9.6471900e-01   8.3511877e-01
   3.2132204e+00   3.4042513e+00   3.3217857e+00   3.6135857e+00   3.7779255e+00   3.7137187e+00   4.0703559e+00   3.3954866e+00   3.1244605e+00   2.7887163e+00   1.3282413e+00   0.0000000e+00   0.0000000e+00   2.1125307e+00   3.1555004e+00   3.7267678e+00   3.9077358e+00   3.3363478e+00   3.0158296e+00   2.3636158e+00   0.0000000e+00   3.0572710e+00   3.7342343e+00   3.7112317e+00   4.2424479e+00   4.2818208e+00   2.6914506e+00   2.5067174e+00   2.3181710e+00   0.0000000e+00   0.0000000e+00   0.0000000e+00   0.0000000e+00   3.6395559e+00   3.6609962e+00   3.3543878e+00
   5.8327227e+00   5.7318206e+00   5.6774071e+00   5.8624859e+00   5.8152332e+00   5.9818233e+00   5.9143920e+00   5.4436636e+00   5.4607852e+00   4.2175126e+00   2.6423860e+00   0.0000000e+00   0.0000000e+00   3.5862844e+00   5.0328310e+00   5.9761086e+00   6.2953873e+00   5.8728789e+00   5.2468514e+00   4.6146126e+00   4.4516404e+00   4.9434419e+00   5.8701639e+00   5.9649957e+00   6.2173271e+00   5.9330144e+00   4.4370330e+00   4.3420534e+00   4.0856757e+00   0.0000000e+00   0.0000000e+00   0.0000000e+00   0.0000000e+00   5.6412473e+00   6.1888084e+00   6.0434459e+00
   7.3072362e+00   7.0518628e+00   6.8515490e+00   6.8305330e+00   6.7664234e+00   7.0283922e+00   6.7468319e+00   6.6556746e+00   6.5826672e+00   5.3397474e+00   4.7789487e+00   0.0000000e+00   0.0000000e+00   4.6731443e+00   6.0942628e+00   7.0063534e+00   7.4675785e+00   7.2918262e+00   7.0503373e+00   6.5529157e+00   6.0981910e+00   5.9321933e+00   6.6125275e+00   6.8526929e+00   6.6381865e+00   6.6200239e+00   5.9570987e+00   5.6941299e+00   5.4105623e+00   0.0000000e+00   0.0000000e+00   0.0000000e+00   0.0000000e+00   6.1134496e+00   7.1854454e+00   7.4390706e+00
   6.7761025e+00   6.7670813e+00   6.5005302e+00   6.3468304e+00   6.2299452e+00   6.3105774e+00   6.0758705e+00   6.0791488e+00   5.7182889e+00   5.0523400e+00   5.5576668e+00   0.0000000e+00   3.9192102e+00   4.8880792e+00   5.5438204e+00   6.0240207e+00   6.6535220e+00   6.8491316e+00   7.0319180e+00   6.7487717e+00   6.1747952e+00   5.4456835e+00   5.4332142e+00   5.6466017e+00   5.4554458e+00   5.9699049e+00   5.7229619e+00   5.2649879e+00   5.4005280e+00   0.0000000e+00   0.0000000e+00   0.0000000e+00   0.0000000e+00   5.0492764e+00   6.1706409e+00   6.6787853e+00
   4.4375606e+00   4.7544107e+00   4.5162964e+00   4.3556542e+00   4.0901279e+00   3.8975706e+00   3.6321750e+00   3.6704547e+00   3.4484611e+00   3.2956359e+00   3.9158309e+00   0.0000000e+00   2.9881153e+00   3.6238427e+00   3.5113254e+00   3.4436157e+00   3.8895113e+00   4.4099412e+00   4.6947036e+00   4.4446731e+00   4.1048746e+00   3.3913467e+00   2.8353138e+00   2.9471188e+00   3.1311181e+00   3.4901330e+00   3.3829408e+00   3.2397115e+00   3.6743107e+00   4.0892611e+00   3.8706205e+00   3.6866763e+00   0.0000000e+00   3.2673030e+00   3.7495413e+00   4.0110860e+00
   1.3673134e+00   1.4509256e+00   1.3599026e+00   1.3764654e+00   1.5365866e+00   1.4519427e+00   1.2581435e+00   1.4920419e+00   1.4735128e+00   1.3254990e+00   1.4421002e+00   1.1129994e+00   1.4153973e+00   1.8878554e+00   1.7930162e+00   1.5759015e+00   1.5909734e+00   1.6299069e+00   1.7013607e+00   1.5594193e+00   1.4384158e+00   1.2457357e+00   1.1321234e+00   1.2333161e+00   1.2852029e+00   1.2293973e+00   1.0550870e+00   1.0512902e+00   1.2921464e+00   1.5104198e+00   1.4325413e+00   1.5520490e+00   1.8286631e+00   1.8862692e+00   1.7380327e+00   1.4457568e+00
   1.8891367e+00   1.7294438e+00   1.6002494e+00   1.5980448e+00   1.6525741e+00   1.5810212e+00   1.4814668e+00   1.4397190e+00   1.2252953e+00   8.2837296e-01   6.9993407e-01   6.4488065e-01   1.1855834e+00   1.9714200e+00   2.0109119e+00   1.7241015e+00   1.8753607e+00   2.1154675e+00   2.1131473e+00   1.8625828e+00   1.8019638e+00   1.8445779e+00   1.9994900e+00   2.2850046e+00   2.0883610e+00   1.5494367e+00   1.2916135e+00   1.5197893e+00   1.9360613e+00   1.9824163e+00   1.7512118e+00   1.7239285e+00   1.9560449e+00   2.1161714e+00   2.2285678e+00   2.0923073e+00
   2.4642737e+00   2.2391832e+00   1.8915133e+00   1.6710737e+00   1.4811132e+00   1.4192140e+00   1.5323524e+00   1.6078863e+00   1.3947592e+00   8.6362606e-01   5.4231828e-01   0.0000000e+00   5.7005239e-01   1.4369771e+00   1.7113082e+00   1.2661049e+00   1.1578619e+00   1.4489452e+00   1.5693821e+00   1.6355574e+00   1.8154049e+00   1.8630714e+00   0.0000000e+00   0.0000000e+00   2.1028028e+00   1.7631662e+00   0.0000000e+00   0.0000000e+00   0.0000000e+00   0.0000000e+00   0.0000000e+00   2.4789584e+00   2.4762115e+00   2.5395308e+00   2.6055017e+00   2.5452976e+00
   1.8578738e+00   1.7224619e+00   1.5974966e+00   0.0000000e+00   0.0000000e+00   0.0000000e+00   0.0000000e+00   0.0000000e+00   0.0000000e+00   0.0000000e+00   0.0000000e+00   0.0000000e+00   0.0000000e+00   0.0000000e+00   0.0000000e+00   0.0000000e+00   0.0000000e+00   0.0000000e+00   0.0000000e+00   0.0000000e+00   0.0000000e+00   0.0000000e+00   0.0000000e+00   0.0000000e+00   0.0000000e+00   0.0000000e+00   0.0000000e+00   0.0000000e+00   0.0000000e+00   0.0000000e+00   0.0000000e+00   0.0000000e+00   0.0000000e+00   0.0000000e+00   2.0873794e+00   1.9732356e+00
