   1.4338162e+00   1.4965126e+00   1.4942604e+00   1.4139537e+00   1.3482447e+00   1.4882993e+00   1.7335943e+00   1.9573647e+00   2.1043377e+00   2.1927953e+00   2.2728437e+00   2.3372478e+00   2.3460639e+00   2.2816478e+00   2.1380758e+00   1.9449530e+00   1.7530367e+00   1.6469786e+00   1.5935438e+00   1.5275744e+00   1.4281816e+00   1.3177481e+00   1.2522862e+00   1.3190762e+00   1.4608243e+00   1.6028188e+00   1.7014349e+00   1.7748680e+00   1.8460836e+00   1.8579105e+00   1.7806370e+00   1.6598617e+00   1.5677783e+00   1.4973401e+00   1.4138646e+00   1.3812308e+00
   1.9757934e+00   2.1882353e+00   2.4869401e+00   2.8013203e+00   2.5860092e+00   2.3678167e+00   2.2731302e+00   2.0483081e+00   1.9182624e+00   1.9009808e+00   1.9557267e+00   2.1888385e+00   2.4018950e+00   2.6736111e+00   2.9163587e+00   2.7303753e+00   2.5102698e+00   2.4459589e+00   2.2775536e+00   2.1105456e+00   2.1401415e+00   2.2840374e+00   2.3727362e+00   2.5475037e+00   2.7827415e+00   2.9357063e+00   3.0304205e+00   3.1568170e+00   3.1353162e+00   2.7468491e+00   2.3040190e+00   1.9839417e+00   1.5636032e+00   1.4920490e+00   1.4655953e+00   1.4087658e+00
   1.8446395e+00   1.8635141e+00   1.1601963e+00   1.1971141e+00   1.2044927e+00   1.0236672e+00   1.2443678e+00   1.2638170e+00   1.3885148e+00   1.5523988e+00   1.4343778e+00   1.1327754e+00   1.1960213e+00   1.2283983e+00   9.9690002e-01   8.2286406e-01   1.0090489e+00   1.2409365e+00   1.0604020e+00   8.7527239e-01   7.3939335e-01   7.5286591e-01   8.9734185e-01   1.2054499e+00   1.3678170e+00   1.4954613e+00   1.3525438e+00   1.3291850e+00   1.3292767e+00   1.0422378e+00   1.1823982e+00   1.9519324e+00   1.1679355e+00   8.0970448e-01   1.4675236e+00   1.3709078e+00
   3.3808212e+00   3.7982852e+00   3.4887505e+00   3.3099761e+00   3.0689213e+00   3.4997067e+00   3.7558875e+00   3.7718318e+00   4.1214900e+00   4.1812463e+00   4.2167292e+00   4.2700658e+00   4.2671628e+00   4.2933826e+00   3.9907598e+00   3.7424567e+00   3.3465445e+00   3.1059399e+00   3.0569770e+00   3.1698468e+00   3.3097658e+00   3.1552424e+00   2.8878813e+00   2.7569633e+00   2.8260329e+00   3.1509323e+00   3.4390688e+00   3.7354589e+00   3.8989053e+00   4.0132236e+00   3.6052711e+00   3.3715041e+00   2.9209991e+00   2.9591999e+00   3.1789126e+00   2.9664237e+00
   5.0835414e+00   5.4766798e+00   5.4720378e+00   5.6928296e+00   5.6469889e+00   5.6147127e+00   5.6877484e+00   5.8556595e+00   6.1315727e+00   6.4700294e+00   6.7432971e+00   6.7780771e+00   6.6565866e+00   6.6966438e+00   6.5289969e+00   6.3041930e+00   6.2464442e+00   5.9115095e+00   5.8722591e+00   5.7405772e+00   5.0370555e+00   4.5244532e+00   4.2653813e+00   4.6006198e+00   5.1515937e+00   5.6740236e+00   6.0811815e+00   6.3293657e+00   6.5659733e+00   6.5599804e+00   6.5032401e+00   5.7195368e+00   4.9473391e+00   5.3291078e+00   5.0093632e+00   4.5197048e+00
   5.6180228e+00   5.9105873e+00   6.3001317e+00   6.5640630e+00   6.8962102e+00   6.3281664e+00   6.1954368e+00   6.7131653e+00   6.6536884e+00   6.9286742e+00   7.2706227e+00   7.2461204e+00   7.1477198e+00   7.2707548e+00   7.2335271e+00   7.2220201e+00   7.3495812e+00   6.7673258e+00   6.9961104e+00   6.7515736e+00   5.3608583e+00   4.9158433e+00   5.0471611e+00   5.7013963e+00   6.3296083e+00   6.7400141e+00   7.0112857e+00   7.1182408e+00   7.2819037e+00   7.0698828e+00   7.3710932e+00   7.1011691e+00   6.2175945e+00   6.2240929e+00   5.8078723e+00   5.4998845e+00
   4.6073258e+00   4.6925169e+00   5.5743865e+00   5.8719104e+00   6.0733974e+00   5.5611132e+00   5.2307232e+00   5.6088783e+00   5.5158571e+00   5.4597686e+00   5.5023038e+00   5.6464141e+00   5.5318917e+00   5.4265143e+00   5.7813166e+00   5.9461402e+00   6.1370890e+00   5.6678337e+00   5.5964387e+00   0.0000000e+00   4.5767987e+00   4.5410607e+00   5.0486041e+00   5.3320306e+00   5.5902036e+00   5.7057078e+00   5.8038343e+00   5.9160303e+00   6.1188910e+00   5.6953105e+00   5.6736730e+00   6.1397736e+00   5.6823023e+00   5.0063723e+00   4.6902424e+00   4.8579047e+00
   2.5052452e+00   2.3826036e+00   3.4002550e+00   3.6967382e+00   3.4507394e+00   3.4232767e+00   3.0348248e+00   2.8860084e+00   2.9786897e+00   2.9249432e+00   2.6210827e+00   2.9129124e+00   2.8206520e+00   2.4105179e+00   3.0268848e+00   3.2413630e+00   3.5097862e+00   3.3976886e+00   2.7154717e+00   0.0000000e+00   0.0000000e+00   3.1166654e+00   3.6388660e+00   3.3205352e+00   3.2044258e+00   3.1612493e+00   3.1534290e+00   3.2753479e+00   3.4127622e+00   3.1591587e+00   2.8005123e+00   3.4376696e+00   3.2844048e+00   2.4263630e+00   2.1861744e+00   2.5673878e+00
   1.5191705e+00   1.2181888e+00   1.8546178e+00   2.0985444e+00   1.7699194e+00   1.8808894e+00   1.6616819e+00   1.4606570e+00   1.6041392e+00   1.5322361e+00   1.1790907e+00   1.4616123e+00   1.4318153e+00   1.0941670e+00   1.3971177e+00   1.5223892e+00   1.8225532e+00   2.0143905e+00   1.5542607e+00   0.0000000e+00   0.0000000e+00   1.8513612e+00   2.1113024e+00   1.7871894e+00   1.6566126e+00   1.6363988e+00   1.5902152e+00   1.6789980e+00   1.9016409e+00   1.8058037e+00   1.2029464e+00   1.6944041e+00   1.7611721e+00   1.1722019e+00   1.0078580e+00   1.3441533e+00
   2.9059660e+00   2.3608968e+00   2.4389873e+00   2.7117500e+00   2.7847710e+00   2.4325721e+00   2.5277581e+00   3.0028841e+00   2.9982457e+00   2.5065885e+00   2.3543606e+00   2.5620680e+00   2.5265019e+00   2.5346966e+00   2.1792250e+00   2.1303096e+00   2.4009535e+00   2.7972984e+00   0.0000000e+00   0.0000000e+00   0.0000000e+00   2.0192127e+00   1.9875114e+00   2.3519537e+00   2.5476863e+00   2.6064858e+00   2.5739388e+00   2.6222601e+00   3.3410478e+00   2.9307952e+00   1.9094539e+00   2.4973285e+00   2.9494596e+00   2.6072953e+00   2.5235462e+00   2.8274884e+00
   4.5840873e+00   3.5352834e+00   4.5388578e+00   5.1810557e+00   4.6482890e+00   4.6558784e+00   4.6050450e+00   4.5810966e+00   4.7171666e+00   4.5305182e+00   3.9865981e+00   4.2540954e+00   3.9103289e+00   2.8738071e+00   3.5313993e+00   0.0000000e+00   4.3255790e+00   5.0686052e+00   0.0000000e+00   0.0000000e+00   0.0000000e+00   4.4432170e+00   4.4872083e+00   4.3304746e+00   4.3173108e+00   4.3217519e+00   4.4403317e+00   4.4036308e+00   5.2538280e+00   4.3257314e+00   3.0585439e+00   4.3612105e+00   4.7284352e+00   3.8494746e+00   3.3913495e+00   4.0809295e+00
   3.8019533e+00   3.3518109e+00   4.3591261e+00   4.7009029e+00   4.1598420e+00   4.3557353e+00   4.4404483e+00   4.2609487e+00   4.2685924e+00   4.4354782e+00   4.3720541e+00   4.4709954e+00   3.7462237e+00   2.7267032e+00   3.4893034e+00   3.9510465e+00   4.7920618e+00   4.8862834e+00   0.0000000e+00   0.0000000e+00   0.0000000e+00   4.4818864e+00   4.2749066e+00   4.0213757e+00   3.9687932e+00   4.0952711e+00   4.3647356e+00   4.3811474e+00   4.4789395e+00   3.6516516e+00   3.3747959e+00   0.0000000e+00   4.1798334e+00   3.5488546e+00   3.4080014e+00   3.6978741e+00
   2.6351767e+00   2.6585939e+00   3.3389537e+00   3.3585453e+00   3.0328834e+00   3.3008468e+00   3.4769573e+00   3.3844316e+00   3.4037437e+00   3.5863709e+00   3.9463415e+00   4.1218119e+00   3.4283338e+00   3.1194408e+00   3.6286554e+00   3.8361244e+00   4.5587220e+00   3.8344612e+00   0.0000000e+00   0.0000000e+00   3.6422002e+00   3.5496573e+00   3.1845038e+00   2.9829819e+00   3.0223324e+00   3.2374361e+00   3.5906680e+00   3.6095564e+00   3.3857222e+00   2.9426851e+00   3.1930196e+00   3.8640938e+00   3.2675695e+00   0.0000000e+00   3.4889905e+00   3.0540061e+00
   1.5828615e+00   1.8257244e+00   2.1629295e+00   2.0013142e+00   1.8737565e+00   2.1253362e+00   2.3618579e+00   2.4320466e+00   2.5163910e+00   2.6070976e+00   3.1931010e+00   3.4872017e+00   3.1190004e+00   3.6250344e+00   3.8600056e+00   3.6481237e+00   3.9317701e+00   2.5736632e+00   0.0000000e+00   0.0000000e+00   2.7201648e+00   2.3621619e+00   1.9347479e+00   1.8234112e+00   1.9807837e+00   2.2532193e+00   2.6443348e+00   2.6550500e+00   2.4101092e+00   2.4226713e+00   2.8333192e+00   3.0483090e+00   2.3605230e+00   0.0000000e+00   3.6198695e+00   2.5543680e+00
   1.1722737e+00   8.1727628e-01   1.0472806e+00   1.2499523e+00   1.0385705e+00   1.0509675e+00   1.2909570e+00   1.5845328e+00   1.8001181e+00   1.7404237e+00   1.8848367e+00   2.2086529e+00   2.9454344e+00   4.0786512e+00   4.3070139e+00   3.5910963e+00   2.3856109e+00   1.1721070e+00   0.0000000e+00   0.0000000e+00   1.4085219e+00   9.8622100e-01   7.5664389e-01   7.3688627e-01   9.9283420e-01   1.2509832e+00   1.5844098e+00   1.6016882e+00   2.0305247e+00   2.5690294e+00   2.2524587e+00   1.7535873e+00   1.6689064e+00   0.0000000e+00   3.9092189e+00   2.8127662e+00
   2.1999998e+00   1.2857660e+00   1.8713332e+00   1.9495774e+00   1.8607066e+00   1.7040883e+00   1.8615140e+00   2.0701187e+00   2.2859366e+00   1.9915429e+00   1.5854053e+00   1.4353973e+00   2.4103802e+00   3.5238481e+00   3.9661589e+00   3.2125458e+00   1.7394615e+00   6.1670776e-01   1.1858363e+00   0.0000000e+00   1.5151017e+00   1.4692089e+00   1.2384152e+00   1.4362206e+00   1.4195027e+00   1.6262450e+00   1.7313249e+00   1.9893295e+00   2.3902738e+00   3.1163942e+00   2.8740769e+00   1.4639614e+00   1.4762153e+00   2.7242452e+00   3.9043260e+00   4.0213561e+00
   3.3954911e+00   2.3267217e+00   2.7835612e+00   2.8213084e+00   2.6791553e+00   2.4963179e+00   2.4455514e+00   2.6838937e+00   2.7183881e+00   2.3402715e+00   2.0367930e+00   1.1491656e+00   1.7109538e+00   2.8026938e+00   3.5476921e+00   0.0000000e+00   1.7614189e+00   6.2227356e-01   1.7956204e+00   2.0506320e+00   2.0091655e+00   2.0004640e+00   1.8733271e+00   2.0925837e+00   1.9401579e+00   2.2099776e+00   2.0901704e+00   2.5186374e+00   2.4934468e+00   3.0524187e+00   3.3935511e+00   1.5955870e+00   1.1855793e+00   0.0000000e+00   0.0000000e+00   4.7610660e+00
   4.7657051e+00   3.6916289e+00   3.8219945e+00   3.8477035e+00   3.5686564e+00   3.4154100e+00   3.0894117e+00   3.4060800e+00   3.1692989e+00   2.7543130e+00   2.8206155e+00   1.0316732e+00   0.0000000e+00   0.0000000e+00   0.0000000e+00   0.0000000e+00   2.0528836e+00   8.5991943e-01   2.5859990e+00   2.4890974e+00   2.7038860e+00   2.5996318e+00   2.6267233e+00   2.7919154e+00   2.5473578e+00   2.9295874e+00   2.5656254e+00   3.1516056e+00   2.4997661e+00   2.7297950e+00   3.9095526e+00   1.9064584e+00   8.2891309e-01   0.0000000e+00   0.0000000e+00   0.0000000e+00
   5.5910533e+00   4.8690039e+00   5.4176532e+00   5.3162284e+00   3.9160667e+00   3.9722171e+00   3.6513756e+00   4.0736562e+00   3.4821665e+00   2.4527819e+00   2.6801634e+00   1.1911874e+00   0.0000000e+00   0.0000000e+00   0.0000000e+00   0.0000000e+00   2.5943936e+00   2.0917882e+00   3.6648401e+00   2.9623691e+00   3.4154096e+00   3.0352561e+00   3.1209496e+00   3.2658141e+00   3.1572815e+00   3.4200179e+00   2.8807552e+00   3.4931508e+00   1.9734273e+00   1.2952257e+00   0.0000000e+00   2.1718581e+00   5.0797764e-01   0.0000000e+00   0.0000000e+00   0.0000000e+00
   5.0927649e+00   4.5661983e+00   5.1353660e+00   5.3380508e+00   3.9513855e+00   3.7522502e+00   3.5300853e+00   3.8457031e+00   3.4345737e+00   2.0296962e+00   2.0759270e+00   1.5945014e+00   1.6373476e+00   0.0000000e+00   0.0000000e+00   0.0000000e+00   3.0552170e+00   2.6396832e+00   3.8342526e+00   3.0330820e+00   3.3116534e+00   2.9779897e+00   3.0248928e+00   3.0969453e+00   3.0210652e+00   3.1973062e+00   2.5776467e+00   2.9936094e+00   1.5765007e+00   1.0847286e+00   0.0000000e+00   1.8973545e+00   1.1317670e+00   1.1251471e+00   0.0000000e+00   0.0000000e+00
   0.0000000e+00   4.1219778e+00   4.4935308e+00   5.0769291e+00   4.1405649e+00   3.6119719e+00   3.3648982e+00   3.5742991e+00   3.3549495e+00   1.9040523e+00   1.6586385e+00   1.8737183e+00   1.7126427e+00   1.0797313e+00   0.0000000e+00   0.0000000e+00   3.3211129e+00   2.8998406e+00   3.9074049e+00   3.2511020e+00   3.3135624e+00   3.0093243e+00   3.0375652e+00   2.9693768e+00   2.9162574e+00   3.0298905e+00   2.3380151e+00   2.5209107e+00   1.2911425e+00   9.4282889e-01   0.0000000e+00   1.7190839e+00   1.7330716e+00   1.3394912e+00   0.0000000e+00   0.0000000e+00
   0.0000000e+00   3.2602294e+00   2.9171664e+00   4.1439438e+00   4.7073883e+00   3.6052133e+00   3.0629958e+00   3.1394606e+00   3.1862210e+00   2.3804503e+00   0.0000000e+00   1.9608403e+00   1.9224657e+00   1.4625461e+00   0.0000000e+00   0.0000000e+00   3.2402836e+00   2.6137109e+00   3.7941845e+00   3.8402929e+00   3.5414719e+00   3.2379083e+00   3.2855804e+00   2.8967144e+00   2.8511741e+00   2.9368720e+00   2.1714203e+00   1.9823491e+00   1.1695411e+00   9.1035645e-01   0.0000000e+00   0.0000000e+00   2.4430445e+00   1.6745605e+00   0.0000000e+00   0.0000000e+00
   0.0000000e+00   2.8726894e+00   2.0621080e+00   3.0725486e+00   4.8608797e+00   4.3223643e+00   3.2226272e+00   3.5349698e+00   3.6227145e+00   3.9294581e+00   0.0000000e+00   2.4163871e+00   0.0000000e+00   0.0000000e+00   0.0000000e+00   4.2616134e+00   2.8494684e+00   2.2231545e+00   3.7094710e+00   4.7829435e+00   4.7937222e+00   4.2439189e+00   4.3245294e+00   3.7466104e+00   3.6918275e+00   3.7782025e+00   3.1547124e+00   2.4105465e+00   1.3754708e+00   1.6478343e+00   0.0000000e+00   2.7950114e+00   2.5064807e+00   1.4481168e+00   0.0000000e+00   0.0000000e+00
   0.0000000e+00   3.0815318e+00   2.3340120e+00   0.0000000e+00   4.0717359e+00   4.3730545e+00   3.6435583e+00   4.0061750e+00   4.2017374e+00   4.8422594e+00   5.0945683e+00   3.3042700e+00   0.0000000e+00   0.0000000e+00   0.0000000e+00   4.0958762e+00   2.9014318e+00   2.4189987e+00   0.0000000e+00   5.1746039e+00   5.6487551e+00   5.1042733e+00   4.9027743e+00   4.5394745e+00   4.4306040e+00   4.4585695e+00   4.0643330e+00   3.2157550e+00   1.7337333e+00   1.8814483e+00   0.0000000e+00   3.3744504e+00   2.3523357e+00   1.2984368e+00   0.0000000e+00   0.0000000e+00
   0.0000000e+00   3.4416707e+00   2.8668377e+00   1.9656560e+00   0.0000000e+00   3.9501472e+00   3.9482431e+00   4.2303648e+00   4.5920310e+00   5.3833742e+00   6.0673129e+00   4.3222823e+00   2.0105844e+00   0.0000000e+00   0.0000000e+00   3.5580683e+00   3.0230530e+00   0.0000000e+00   0.0000000e+00   5.2137826e+00   6.1293821e+00   5.6826029e+00   5.1710323e+00   5.1012540e+00   4.9166265e+00   4.8931717e+00   4.7588215e+00   4.0564723e+00   2.1274440e+00   1.9836965e+00   0.0000000e+00   3.5308505e+00   2.1463661e+00   0.0000000e+00   0.0000000e+00   0.0000000e+00
   0.0000000e+00   3.8422074e+00   3.4230986e+00   1.2189809e+00   0.0000000e+00   2.5270659e+00   3.6704459e+00   3.5905755e+00   4.2310741e+00   5.0582648e+00   5.8523200e+00   5.3021059e+00   3.2337556e+00   0.0000000e+00   0.0000000e+00   2.4431296e+00   3.0657339e+00   0.0000000e+00   0.0000000e+00   0.0000000e+00   5.5962414e+00   5.3635509e+00   4.7050108e+00   4.8734389e+00   4.5860989e+00   4.5791531e+00   4.7012263e+00   4.6266430e+00   2.4688546e+00   0.0000000e+00   0.0000000e+00   2.6510756e+00   1.9492681e+00   0.0000000e+00   0.0000000e+00   0.0000000e+00
   0.0000000e+00   2.8106387e+00   2.5604823e+00   1.4330639e+00   0.0000000e+00   1.0130115e+00   1.3127258e+00   7.8790385e-01   2.0295215e+00   2.7847912e+00   3.5523961e+00   5.1630645e+00   5.2164297e+00   4.4087973e+00   2.5399818e+00   1.8504795e+00   2.5976868e+00   0.0000000e+00   0.0000000e+00   0.0000000e+00   2.9088471e+00   2.6789594e+00   2.4892564e+00   2.3546793e+00   2.1830378e+00   2.2530909e+00   2.4783022e+00   3.2051654e+00   1.9900569e+00   0.0000000e+00   1.6798844e+00   1.3221942e+00   1.2406615e+00   0.0000000e+00   0.0000000e+00   0.0000000e+00
   0.0000000e+00   0.0000000e+00   1.2881705e+00   1.9766439e+00   0.0000000e+00   1.2470310e+00   2.2456684e+00   2.2454374e+00   2.2595513e+00   1.6435065e+00   1.4175737e+00   3.5175447e+00   3.9625185e+00   1.8976681e+00   1.2374125e+00   9.8425478e-01   1.2393267e+00   0.0000000e+00   0.0000000e+00   0.0000000e+00   1.7243736e+00   1.9425275e+00   1.7656988e+00   1.9025716e+00   1.6843956e+00   1.6963270e+00   1.7389545e+00   1.9893517e+00   1.4241998e+00   0.0000000e+00   9.1128772e-01   9.9013036e-01   1.4538759e+00   0.0000000e+00   0.0000000e+00   0.0000000e+00
   0.0000000e+00   0.0000000e+00   0.0000000e+00   0.0000000e+00   0.0000000e+00   1.9466901e+00   3.7522211e+00   3.5650666e+00   3.3998375e+00   2.8055615e+00   1.7547882e+00   2.1880077e+00   2.4341946e+00   1.7851324e+00   1.3415738e+00   1.2390679e+00   1.4393705e+00   1.4764582e+00   0.0000000e+00   0.0000000e+00   2.6944634e+00   3.1298256e+00   3.1711433e+00   3.3142144e+00   2.9581716e+00   2.9498885e+00   2.6510131e+00   2.1753509e+00   1.1271878e+00   4.8373860e-01   5.8803606e-01   7.3074114e-01   0.0000000e+00   0.0000000e+00   0.0000000e+00   0.0000000e+00
   0.0000000e+00   0.0000000e+00   0.0000000e+00   0.0000000e+00   0.0000000e+00   2.5219229e+00   4.4064889e+00   3.7479050e+00   4.1916456e+00   4.5940866e+00   3.6217702e+00   3.2769140e+00   3.1343217e+00   3.1695577e+00   0.0000000e+00   2.5823689e+00   0.0000000e+00   2.8860205e+00   3.1806824e+00   3.3439642e+00   4.3439675e+00   4.6651149e+00   4.9188956e+00   4.8394190e+00   4.3926473e+00   4.2997422e+00   3.5884647e+00   2.7139134e+00   1.2317681e+00   8.0466989e-01   6.1040068e-01   1.0024382e+00   0.0000000e+00   0.0000000e+00   0.0000000e+00   0.0000000e+00
   0.0000000e+00   0.0000000e+00   0.0000000e+00   0.0000000e+00   0.0000000e+00   0.0000000e+00   0.0000000e+00   0.0000000e+00   3.6008444e+00   4.7885633e+00   4.8548508e+00   5.5217276e+00   5.0847597e+00   3.9996037e+00   3.7842283e+00   3.7386374e+00   0.0000000e+00   4.1029687e+00   4.2407598e+00   4.2578492e+00   4.8415704e+00   4.8438182e+00   4.9265881e+00   4.6495609e+00   4.2418938e+00   3.9142554e+00   3.0363255e+00   2.4079943e+00   1.5200660e+00   1.1146724e+00   9.6641582e-01   1.8660438e+00   0.0000000e+00   0.0000000e+00   0.0000000e+00   0.0000000e+00
   0.0000000e+00   0.0000000e+00   0.0000000e+00   0.0000000e+00   0.0000000e+00   0.0000000e+00   0.0000000e+00   0.0000000e+00   0.0000000e+00   3.2712579e+00   4.1514940e+00   4.6765199e+00   4.3228769e+00   3.7122803e+00   3.5368128e+00   3.3150771e+00   3.1032863e+00   3.4384863e+00   3.8165214e+00   4.0021062e+00   4.0898724e+00   3.8217685e+00   3.4783163e+00   3.1426449e+00   2.8269792e+00   2.3723228e+00   1.8914632e+00   1.7318170e+00   1.4587338e+00   1.2776604e+00   1.3612669e+00   0.0000000e+00   0.0000000e+00   0.0000000e+00   0.0000000e+00   0.0000000e+00
   0.0000000e+00   0.0000000e+00   0.0000000e+00   0.0000000e+00   0.0000000e+00   0.0000000e+00   0.0000000e+00   0.0000000e+00   0.0000000e+00   0.0000000e+00   1.8841344e+00   2.0063729e+00   2.1946788e+00   2.2784681e+00   2.0952463e+00   1.8127684e+00   1.6045586e+00   1.6512167e+00   2.0791602e+00   2.5771635e+00   2.4023468e+00   2.0455542e+00   1.5639542e+00   1.3372825e+00   1.3345441e+00   1.2855605e+00   1.2104545e+00   1.2619793e+00   9.8255372e-01   8.3661485e-01   0.0000000e+00   0.0000000e+00   0.0000000e+00   0.0000000e+00   0.0000000e+00   0.0000000e+00
   0.0000000e+00   0.0000000e+00   0.0000000e+00   0.0000000e+00   0.0000000e+00   0.0000000e+00   0.0000000e+00   0.0000000e+00   0.0000000e+00   0.0000000e+00   0.0000000e+00   1.3819156e+00   1.1831580e+00   1.0442973e+00   6.7785448e-01   6.8942159e-01   5.8264142e-01   7.7817857e-01   1.2162626e+00   1.3508915e+00   1.2825811e+00   1.1571087e+00   9.8399854e-01   1.0842433e+00   1.2787652e+00   1.4335357e+00   1.4089633e+00   1.4368416e+00   1.1060388e+00   9.5130634e-01   0.0000000e+00   0.0000000e+00   0.0000000e+00   0.0000000e+00   0.0000000e+00   0.0000000e+00
   0.0000000e+00   0.0000000e+00   0.0000000e+00   0.0000000e+00   0.0000000e+00   0.0000000e+00   0.0000000e+00   0.0000000e+00   0.0000000e+00   0.0000000e+00   3.4991074e+00   3.4639690e+00   3.4186764e+00   3.1021647e+00   2.5205812e+00   2.2615235e+00   1.9381278e+00   1.6458113e+00   1.9401863e+00   2.2225163e+00   2.3928938e+00   2.4935758e+00   2.5385520e+00   0.0000000e+00   0.0000000e+00   2.3574302e+00   2.1570468e+00   0.0000000e+00   0.0000000e+00   0.0000000e+00   0.0000000e+00   0.0000000e+00   0.0000000e+00   0.0000000e+00   0.0000000e+00   0.0000000e+00
   0.0000000e+00   0.0000000e+00   0.0000000e+00   0.0000000e+00   0.0000000e+00   0.0000000e+00   0.0000000e+00   0.0000000e+00   0.0000000e+00   1.7782055e+00   2.2497966e+00   2.5785930e+00   2.7379305e+00   2.8003143e+00   2.8239453e+00   2.8283203e+00   2.7458762e+00   2.5922036e+00   2.4801738e+00   2.3997406e+00   2.3218973e+00   2.2411883e+00   2.1332986e+00   1.9842001e+00   1.7938217e+00   0.0000000e+00   0.0000000e+00   0.0000000e+00   0.0000000e+00   0.0000000e+00   0.0000000e+00   0.0000000e+00   0.0000000e+00   0.0000000e+00   0.0000000e+00   0.0000000e+00
