   0.0000000e+00
   0.0000000e+00
   0.0000000e+00
   0.0000000e+00
   0.0000000e+00
   0.0000000e+00
   0.0000000e+00
  -0.0000000e+00
  -0.0000000e+00
  -0.0000000e+00
  -6.2920609e-03
  -8.4611166e-03
  -9.9165982e-03
  -9.6642658e-03
  -8.0507399e-03
  -6.3184265e-03
  -5.9754532e-03
  -7.4116650e-03
  -9.4365679e-03
  -1.1399096e-02
  -1.2576290e-02
  -1.2823617e-02
  -1.2698028e-02
   0.0000000e+00
   0.0000000e+00
   0.0000000e+00
   0.0000000e+00
   0.0000000e+00
   0.0000000e+00
   0.0000000e+00
   0.0000000e+00
   0.0000000e+00
   0.0000000e+00
   0.0000000e+00
   0.0000000e+00
   0.0000000e+00
   0.0000000e+00
   0.0000000e+00
   0.0000000e+00
   0.0000000e+00
   0.0000000e+00
   0.0000000e+00
   0.0000000e+00
  -0.0000000e+00
  -0.0000000e+00
  -1.1623915e-02
  -2.7218471e-02
  -3.3450756e-02
  -3.4253690e-02
  -3.1134794e-02
  -2.4395373e-02
  -1.6648460e-02
  -1.1257949e-02
  -1.0093401e-02
  -9.3613891e-03
  -7.7130729e-03
  -6.6773621e-03
  -6.4767534e-03
  -7.2775791e-03
  -8.6821116e-03
  -0.0000000e+00
   0.0000000e+00
   0.0000000e+00
  -0.0000000e+00
  -0.0000000e+00
  -0.0000000e+00
   0.0000000e+00
   0.0000000e+00
   0.0000000e+00
   0.0000000e+00
   0.0000000e+00
   0.0000000e+00
   0.0000000e+00
   0.0000000e+00
   0.0000000e+00
   0.0000000e+00
   0.0000000e+00
   0.0000000e+00
   0.0000000e+00
   0.0000000e+00
  -0.0000000e+00
  -1.9529812e-02
  -3.3610854e-02
  -3.4154657e-02
  -3.1073775e-02
  -2.7288124e-02
  -2.6782144e-02
  -2.6070505e-02
  -2.3777451e-02
  -2.2977902e-02
  -1.6710503e-02
  -1.1667916e-02
  -1.2270460e-02
  -1.0316457e-02
  -8.0505656e-03
  -1.0826796e-02
  -1.4328239e-02
   0.0000000e+00
  -1.1813939e-02
  -6.0408305e-03
  -4.7841065e-03
  -0.0000000e+00
   0.0000000e+00
   0.0000000e+00
   0.0000000e+00
   0.0000000e+00
   0.0000000e+00
   0.0000000e+00
   0.0000000e+00
   0.0000000e+00
   0.0000000e+00
   0.0000000e+00
   0.0000000e+00
   0.0000000e+00
   0.0000000e+00
   0.0000000e+00
   0.0000000e+00
   0.0000000e+00
   1.3639076e-02
   1.4443206e-02
   1.4727834e-02
   1.3222191e-02
   1.0034578e-02
   3.5483968e-03
  -1.8328797e-03
  -6.1428174e-03
  -6.7850458e-03
  -5.8097858e-03
  -6.3458723e-03
  -3.9405194e-03
  -3.3703409e-04
   4.4945607e-04
  -3.7547045e-03
  -5.6617086e-03
  -6.5190397e-03
  -2.4069175e-03
   2.1517408e-03
   2.9188988e-03
   0.0000000e+00
   0.0000000e+00
   0.0000000e+00
   0.0000000e+00
   0.0000000e+00
   0.0000000e+00
   0.0000000e+00
   0.0000000e+00
   0.0000000e+00
   0.0000000e+00
   0.0000000e+00
   0.0000000e+00
   0.0000000e+00
   0.0000000e+00
   0.0000000e+00
   8.7004617e-02
   9.5401041e-02
   9.2199437e-02
   8.9839354e-02
   7.7730283e-02
   7.2804838e-02
   6.4241230e-02
   5.2965190e-02
   4.8761200e-02
   3.6884099e-02
   3.3616267e-02
   3.3641092e-02
   3.1807609e-02
   3.2202177e-02
   3.6448807e-02
   3.8145140e-02
   3.1759903e-02
   2.8502390e-02
   2.5517266e-02
   2.6258606e-02
   2.0484033e-02
   0.0000000e+00
   0.0000000e+00
   0.0000000e+00
   0.0000000e+00
   0.0000000e+00
   0.0000000e+00
   0.0000000e+00
   0.0000000e+00
   0.0000000e+00
   0.0000000e+00
   0.0000000e+00
   0.0000000e+00
   0.0000000e+00
   0.0000000e+00
   1.2526931e-01
   1.3639297e-01
   1.4697759e-01
   1.4160001e-01
   1.3694589e-01
   1.2553938e-01
   1.1348667e-01
   9.9681519e-02
   9.3105629e-02
   9.0597622e-02
   8.3861426e-02
   7.8183696e-02
   7.1319334e-02
   6.9951244e-02
   6.7841783e-02
   7.3549643e-02
   7.5831570e-02
   7.2803259e-02
   6.9252476e-02
   5.8092792e-02
   5.8043420e-02
   4.4099346e-02
   0.0000000e+00
   0.0000000e+00
   0.0000000e+00
   0.0000000e+00
   0.0000000e+00
   0.0000000e+00
   0.0000000e+00
   0.0000000e+00
   0.0000000e+00
   0.0000000e+00
   0.0000000e+00
   8.5273374e-02
   9.2592649e-02
   1.1399767e-01
   1.3839209e-01
   1.5582564e-01
   1.5279622e-01
   1.4952587e-01
   1.3857761e-01
   1.3614522e-01
   1.1452640e-01
   9.9891730e-02
   1.0377920e-01
   9.4808809e-02
   1.0297164e-01
   1.0052536e-01
   8.8547558e-02
   9.8431692e-02
   9.7044051e-02
   1.0178930e-01
   9.9082813e-02
   9.8385438e-02
   9.5769905e-02
   7.9197593e-02
   7.7490240e-02
   6.1576374e-02
   4.7058961e-02
   0.0000000e+00
   0.0000000e+00
   0.0000000e+00
   0.0000000e+00
   0.0000000e+00
   0.0000000e+00
   0.0000000e+00
   0.0000000e+00
   0.0000000e+00
   0.0000000e+00
   9.6181779e-02
   1.0790302e-01
   1.1946830e-01
   1.2347861e-01
   1.2656967e-01
   1.1841756e-01
   1.1580987e-01
   1.0267105e-01
   9.7117707e-02
   8.8717126e-02
   7.8707091e-02
   8.1493970e-02
   6.7726695e-02
   7.3645867e-02
   8.0665134e-02
   8.2879215e-02
   1.0195895e-01
   1.0311527e-01
   1.0492244e-01
   1.0060122e-01
   9.5154263e-02
   9.3248315e-02
   7.9547442e-02
   7.0369102e-02
   5.6757398e-02
   3.9871007e-02
   0.0000000e+00
   0.0000000e+00
   0.0000000e+00
   0.0000000e+00
   0.0000000e+00
   0.0000000e+00
   0.0000000e+00
   6.3075643e-02
   6.6124607e-02
   6.9081275e-02
   8.2793593e-02
   8.2972392e-02
   8.3379447e-02
   7.5067580e-02
   7.0658118e-02
   6.5865703e-02
   6.1225813e-02
   5.3747561e-02
   4.1234046e-02
   4.6296455e-02
   5.0871536e-02
   4.9121786e-02
   0.0000000e+00
   0.0000000e+00
   3.8378582e-02
   5.7169337e-02
   7.2339505e-02
   7.4322522e-02
   7.3888421e-02
   7.2817385e-02
   6.6642813e-02
   6.2364750e-02
   5.4095998e-02
   3.9644975e-02
   2.6582325e-02
   2.5783660e-02
   2.5945409e-02
   0.0000000e+00
   0.0000000e+00
   0.0000000e+00
   0.0000000e+00
   0.0000000e+00
   1.1550868e-02
   3.8889304e-02
   5.1641676e-02
   4.1890741e-02
   4.4045769e-02
   3.7942380e-02
   3.2236487e-02
   2.6766691e-02
   2.1277849e-02
   1.8263098e-02
   1.3988585e-02
   1.1973179e-02
   0.0000000e+00
   7.3892432e-03
   1.6687328e-02
   1.3792197e-02
  -5.5205934e-04
   0.0000000e+00
   0.0000000e+00
   2.3320232e-02
   3.0698182e-02
   3.1854216e-02
   3.2505982e-02
   3.1691663e-02
   3.0730391e-02
   2.6559196e-02
   1.9985134e-02
   8.9942310e-03
  -1.5164252e-03
   5.6907977e-03
   1.7528316e-02
   0.0000000e+00
   0.0000000e+00
   0.0000000e+00
   0.0000000e+00
  -0.0000000e+00
  -2.9198929e-03
   1.2868996e-02
   1.9965110e-02
   9.7409070e-03
   6.6544753e-03
  -3.2349740e-04
  -9.1477688e-03
  -1.1728955e-02
  -1.6751494e-02
  -1.9498484e-02
  -2.2333855e-02
  -2.0122036e-02
  -2.9888398e-02
  -0.0000000e+00
  -1.4548650e-02
  -1.2739608e-02
  -1.6300099e-02
  -0.0000000e+00
  -0.0000000e+00
  -5.8492888e-03
  -3.0501063e-03
  -3.1878743e-03
  -2.3352671e-03
  -2.9930205e-03
  -1.9924985e-03
  -2.8744098e-03
  -7.5113601e-03
  -1.1867282e-02
  -0.0000000e+00
  -1.3365379e-02
   9.9077445e-05
   0.0000000e+00
   0.0000000e+00
   0.0000000e+00
   0.0000000e+00
  -0.0000000e+00
  -2.0280238e-02
  -1.3415473e-02
  -9.6746860e-03
  -1.8430160e-02
  -2.5820469e-02
  -3.1973675e-02
  -4.1434579e-02
  -4.4739276e-02
  -4.8582893e-02
  -5.1025949e-02
  -5.1960360e-02
  -4.4064026e-02
  -3.8915883e-02
  -4.6931127e-02
  -0.0000000e+00
  -3.4373865e-02
  -3.0125420e-02
  -0.0000000e+00
  -0.0000000e+00
  -3.1631713e-02
  -2.9744094e-02
  -3.2098271e-02
  -3.1909149e-02
  -3.1842053e-02
  -3.1084176e-02
  -2.7445531e-02
  -2.8993919e-02
  -2.5249252e-02
  -0.0000000e+00
  -3.5264875e-02
  -1.8351069e-02
  -0.0000000e+00
   0.0000000e+00
   0.0000000e+00
   0.0000000e+00
  -0.0000000e+00
  -4.3179788e-02
  -3.9725129e-02
  -4.5811399e-02
  -5.0467923e-02
  -5.4763600e-02
  -6.0215577e-02
  -6.8259999e-02
  -7.7051453e-02
  -7.9297796e-02
  -8.1141308e-02
  -7.9106644e-02
  -6.5645978e-02
  -5.7610426e-02
  -5.8209557e-02
  -0.0000000e+00
  -5.2882843e-02
  -0.0000000e+00
  -0.0000000e+00
  -0.0000000e+00
  -5.2494046e-02
  -5.3218719e-02
  -5.8063526e-02
  -5.9439227e-02
  -5.8827512e-02
  -5.9474081e-02
  -5.1449418e-02
  -4.7720175e-02
  -3.3270139e-02
  -0.0000000e+00
  -5.9165919e-02
  -3.4312338e-02
  -0.0000000e+00
   0.0000000e+00
   0.0000000e+00
   0.0000000e+00
  -0.0000000e+00
  -6.2880093e-02
  -5.8756242e-02
  -7.3213346e-02
  -7.2816111e-02
  -7.5356521e-02
  -7.9515062e-02
  -8.4540077e-02
  -9.8322362e-02
  -9.7966157e-02
  -1.0070495e-01
  -9.3408190e-02
  -8.4878616e-02
  -7.6189145e-02
  -5.8128126e-02
  -0.0000000e+00
  -5.8818851e-02
  -0.0000000e+00
   0.0000000e+00
  -0.0000000e+00
  -7.2233306e-02
  -7.4345810e-02
  -7.5748153e-02
  -7.6922901e-02
  -8.0987357e-02
  -7.9262890e-02
  -7.5317837e-02
  -6.2584229e-02
  -3.4887195e-02
  -0.0000000e+00
  -6.4736015e-02
  -3.2305904e-02
  -0.0000000e+00
   0.0000000e+00
   0.0000000e+00
   0.0000000e+00
  -6.2565365e-02
  -6.5668747e-02
  -6.9643008e-02
  -7.7482186e-02
  -7.5216398e-02
  -7.8449696e-02
  -8.2621433e-02
  -8.7838031e-02
  -9.5075704e-02
  -9.5809244e-02
  -9.6889824e-02
  -8.8666976e-02
  -8.7527530e-02
  -7.3560104e-02
  -4.7857423e-02
  -0.0000000e+00
  -5.0795350e-02
  -1.6906365e-02
   0.0000000e+00
  -6.5051006e-02
  -7.4073343e-02
  -7.9288974e-02
  -7.5699389e-02
  -7.8063250e-02
  -8.5207924e-02
  -8.1085160e-02
  -8.2337782e-02
  -6.4592138e-02
  -3.3281870e-02
  -0.0000000e+00
  -5.6828678e-02
  -2.0877052e-02
  -0.0000000e+00
   0.0000000e+00
   0.0000000e+00
   0.0000000e+00
  -5.3946666e-02
  -6.3399389e-02
  -6.8638451e-02
  -7.2811671e-02
  -7.0587724e-02
  -7.4067004e-02
  -7.8930348e-02
  -8.4654905e-02
  -8.6854324e-02
  -8.8093191e-02
  -8.7212354e-02
  -7.9676837e-02
  -7.9339705e-02
  -6.2996164e-02
  -3.9766230e-02
  -5.4193628e-02
  -4.0230665e-02
  -5.7593941e-03
  -3.8211119e-02
  -6.3940520e-02
  -6.9158540e-02
  -7.5197163e-02
  -7.1037542e-02
  -7.4804381e-02
  -8.1358030e-02
  -7.6503605e-02
  -7.8761026e-02
  -5.9459563e-02
  -2.9481733e-02
  -0.0000000e+00
  -4.9387622e-02
  -1.0644394e-02
   0.0000000e+00
   0.0000000e+00
   0.0000000e+00
   0.0000000e+00
  -4.4957335e-02
  -5.1506783e-02
  -5.7354774e-02
  -5.5386230e-02
  -5.5053163e-02
  -5.8660831e-02
  -6.5188013e-02
  -7.1332462e-02
  -6.9709785e-02
  -6.9700554e-02
  -6.5792181e-02
  -5.5969421e-02
  -5.1256863e-02
  -3.9004188e-02
  -2.7983345e-02
  -4.2318105e-02
  -2.1693759e-02
   3.4147310e-03
  -2.6901622e-02
  -5.6889025e-02
  -5.2152034e-02
  -5.7407152e-02
  -5.8419669e-02
  -6.4246848e-02
  -6.5063745e-02
  -6.2099118e-02
  -5.9620008e-02
  -4.2504326e-02
  -1.9335885e-02
  -0.0000000e+00
  -4.0336916e-02
   6.9338793e-04
   0.0000000e+00
   0.0000000e+00
   0.0000000e+00
   0.0000000e+00
  -3.2160241e-02
  -3.5329435e-02
  -3.6519863e-02
  -3.5894200e-02
  -3.4925584e-02
  -3.9274238e-02
  -4.3529578e-02
  -4.8790425e-02
  -5.0674919e-02
  -4.7521889e-02
  -4.4943485e-02
  -2.8954010e-02
  -2.1489573e-02
  -0.0000000e+00
  -1.7551241e-02
  -2.4792287e-02
  -8.7291179e-03
   3.2154750e-03
  -2.1519959e-02
  -3.9903328e-02
  -3.2759883e-02
  -3.3824846e-02
  -4.0389615e-02
  -4.6470821e-02
  -4.4082832e-02
  -4.0234815e-02
  -3.5017908e-02
  -2.1449644e-02
  -2.1559549e-03
  -0.0000000e+00
  -2.6705747e-02
   8.0859344e-03
   0.0000000e+00
   0.0000000e+00
   0.0000000e+00
  -2.6790404e-02
  -2.6210117e-02
  -2.5705107e-02
  -2.4872107e-02
  -2.5757557e-02
  -2.4256624e-02
  -2.8393766e-02
  -2.9578209e-02
  -3.3494692e-02
  -3.5512015e-02
  -3.1711839e-02
  -3.1279143e-02
  -1.4398804e-02
  -9.2049532e-03
  -0.0000000e+00
  -1.2301642e-02
  -1.5427482e-02
  -6.3983826e-03
  -2.5761458e-03
  -1.8154876e-02
  -2.7758025e-02
  -2.2629060e-02
  -2.1898320e-02
  -2.7785899e-02
  -3.3454474e-02
  -3.0451680e-02
  -2.5464324e-02
  -2.2432473e-02
  -1.1726500e-02
   3.3680850e-03
  -0.0000000e+00
  -2.0524253e-02
   9.5472978e-03
   0.0000000e+00
   0.0000000e+00
   0.0000000e+00
  -2.2798074e-02
  -2.0750141e-02
  -1.8641653e-02
  -1.6936107e-02
  -1.9006656e-02
  -1.7525282e-02
  -2.0688232e-02
  -1.8735442e-02
  -2.0799574e-02
  -2.1615066e-02
  -1.8320035e-02
  -1.9621357e-02
  -5.1178732e-03
  -4.4704073e-03
  -0.0000000e+00
  -9.7725037e-03
  -9.3668420e-03
  -7.8726765e-03
  -1.0687408e-02
  -1.6400881e-02
  -1.8655445e-02
  -1.6129170e-02
  -1.3953446e-02
  -1.6156286e-02
  -1.8137222e-02
  -1.8910572e-02
  -1.3708513e-02
  -1.4091684e-02
  -6.4584692e-03
   2.9430802e-03
  -0.0000000e+00
  -1.5633498e-02
   8.7942907e-03
   0.0000000e+00
   0.0000000e+00
   0.0000000e+00
  -2.0518049e-02
  -2.4113493e-02
  -1.8897744e-02
  -1.8802762e-02
  -2.0259071e-02
  -2.1008382e-02
  -2.1030618e-02
  -1.6948389e-02
  -1.5764134e-02
  -1.2848768e-02
  -1.2702354e-02
  -1.2918595e-02
  -9.0877041e-03
  -1.4854079e-02
  -2.0248582e-02
  -1.4644487e-02
  -1.0756227e-02
  -1.5885396e-02
  -2.3641851e-02
  -2.1549946e-02
  -1.9549256e-02
  -1.8645018e-02
  -1.4406566e-02
  -9.8786000e-03
  -1.0205893e-02
  -1.2132743e-02
  -1.1386058e-02
  -1.5171192e-02
  -1.1117041e-02
  -1.2553988e-02
  -2.5354904e-02
  -1.5405651e-02
   2.9679155e-03
  -0.0000000e+00
   0.0000000e+00
  -0.0000000e+00
  -2.4250992e-02
  -3.5957945e-02
  -3.0994689e-02
  -3.2587811e-02
  -3.3828553e-02
  -3.5727847e-02
  -3.3967599e-02
  -2.9370578e-02
  -2.5930762e-02
  -2.2024048e-02
  -2.3089984e-02
  -2.4562011e-02
  -3.2053534e-02
  -4.0504826e-02
  -3.7470079e-02
  -3.0968793e-02
  -2.1811981e-02
  -2.4184627e-02
  -3.1260703e-02
  -3.4078427e-02
  -3.1972237e-02
  -3.0206969e-02
  -2.5421534e-02
  -1.8162042e-02
  -1.7651720e-02
  -1.8948581e-02
  -2.5958557e-02
  -3.0970221e-02
  -3.1221291e-02
  -4.0195886e-02
  -3.2505368e-02
  -2.0417543e-02
  -1.3337874e-02
  -0.0000000e+00
   0.0000000e+00
  -3.3525035e-02
  -3.5008207e-02
  -4.4513133e-02
  -4.2755011e-02
  -4.5019936e-02
  -4.6516471e-02
  -4.8429523e-02
  -4.6200864e-02
  -4.1120417e-02
  -3.7448265e-02
  -3.4260534e-02
  -3.5357513e-02
  -3.9130811e-02
  -4.9489237e-02
  -5.5570289e-02
  -5.1337976e-02
  -4.7346353e-02
  -3.5399508e-02
  -2.9453769e-02
  -3.3043761e-02
  -4.0295839e-02
  -4.0262736e-02
  -3.8784426e-02
  -3.6071949e-02
  -2.8893020e-02
  -2.6948459e-02
  -2.9212650e-02
  -3.9533347e-02
  -4.5786027e-02
  -4.7049955e-02
  -5.3522084e-02
  -3.6796607e-02
  -0.0000000e+00
  -2.4896444e-02
  -0.0000000e+00
  -0.0000000e+00
  -4.3597613e-02
  -4.5040254e-02
  -5.3193414e-02
  -5.6942806e-02
  -5.9011791e-02
  -6.1262321e-02
  -6.2693439e-02
  -6.0427483e-02
  -5.4948322e-02
  -5.2262604e-02
  -5.1129054e-02
  -5.1757105e-02
  -5.8731522e-02
  -6.6296361e-02
  -6.9532104e-02
  -6.6864438e-02
  -5.9103477e-02
  -5.2805036e-02
  -3.4992609e-02
  -3.1733897e-02
  -4.2395163e-02
  -4.6072267e-02
  -4.7688771e-02
  -4.9127210e-02
  -4.3242924e-02
  -4.0039003e-02
  -4.4294156e-02
  -5.4752156e-02
  -6.2378857e-02
  -6.2388822e-02
  -5.8540210e-02
  -4.2366929e-02
  -3.4916307e-02
  -3.9422355e-02
  -3.4385231e-02
  -0.0000000e+00
  -5.7736861e-02
  -5.7116058e-02
  -5.3871848e-02
  -6.1832197e-02
  -6.1413459e-02
  -6.4501755e-02
  -6.6175207e-02
  -6.2907003e-02
  -5.9344504e-02
  -5.8098827e-02
  -5.9295744e-02
  -6.1218116e-02
  -6.6118740e-02
  -6.5319702e-02
  -6.6382982e-02
  -6.6551886e-02
  -6.1684251e-02
  -6.0594741e-02
  -4.2018991e-02
  -2.7761083e-02
  -3.1333238e-02
  -4.0833589e-02
  -0.0000000e+00
  -5.4168869e-02
  -4.8425853e-02
  -4.6667077e-02
  -5.2994624e-02
  -5.6873303e-02
  -6.1194506e-02
  -5.6602422e-02
  -4.6799332e-02
  -4.4873663e-02
  -3.9946921e-02
  -4.5512613e-02
  -4.6871945e-02
   0.0000000e+00
  -5.9701896e-02
  -6.0565953e-02
  -4.1155018e-02
  -4.5491632e-02
  -4.4798698e-02
  -4.9735922e-02
  -4.8060451e-02
  -4.5466110e-02
  -4.5236971e-02
  -4.4644240e-02
  -4.7335505e-02
  -4.9442794e-02
  -5.1374935e-02
  -4.9525626e-02
  -4.9192622e-02
  -4.6640709e-02
  -4.3660238e-02
  -4.8955619e-02
  -4.3251973e-02
  -0.0000000e+00
  -0.0000000e+00
  -0.0000000e+00
  -0.0000000e+00
  -4.0895902e-02
  -3.6714669e-02
  -3.6961440e-02
  -4.3230167e-02
  -4.2581741e-02
  -4.2583231e-02
  -3.7452258e-02
  -3.3217303e-02
  -3.7174020e-02
  -3.1865049e-02
  -3.8565323e-02
  -4.2000253e-02
  -0.0000000e+00
  -4.6918828e-02
  -4.3407198e-02
  -2.0531351e-02
  -1.9214287e-02
  -2.0880880e-02
  -2.5724962e-02
  -2.1173524e-02
  -2.1146704e-02
  -2.1929489e-02
  -2.2560906e-02
  -2.5674248e-02
  -2.7399205e-02
  -2.8642241e-02
  -2.7646158e-02
  -2.6427671e-02
  -2.1614011e-02
  -2.1088347e-02
  -2.7756229e-02
  -3.0521518e-02
  -1.9317521e-02
  -0.0000000e+00
  -0.0000000e+00
  -0.0000000e+00
  -1.8428167e-02
  -1.5898064e-02
  -1.7373789e-02
  -2.0515881e-02
  -2.0563286e-02
  -1.8631468e-02
  -1.4662382e-02
  -1.5153641e-02
  -1.9490214e-02
  -1.6252676e-02
  -0.0000000e+00
  -2.6565873e-02
  -2.2942166e-02
  -2.6446801e-02
  -2.0216646e-02
   1.0003226e-02
   1.6433466e-02
   1.1095276e-02
   8.2253944e-03
   1.3732071e-02
   1.0795001e-02
   1.0713012e-02
   7.9026986e-03
   4.7853561e-03
   3.1337319e-03
   1.1957060e-03
   1.5105009e-03
   3.7485936e-03
   9.5277261e-03
   7.2988123e-03
   3.4338860e-03
  -3.4104644e-03
  -1.1149927e-03
   1.5152489e-02
   0.0000000e+00
  -0.0000000e+00
   1.3053401e-02
   1.5041519e-02
   1.2660927e-02
   9.9851409e-03
   9.8597715e-03
   1.2125202e-02
   1.4575630e-02
   1.2150567e-02
   1.0323879e-02
   1.0434885e-02
   9.5357719e-03
  -1.2728835e-03
  -3.6813237e-03
   2.6621416e-03
   1.0706725e-02
   5.0146919e-02
   5.6545641e-02
   5.0721310e-02
   5.1081229e-02
   5.1912475e-02
   4.9694564e-02
   5.0359230e-02
   4.4451859e-02
   4.1035175e-02
   3.7394084e-02
   3.5958897e-02
   3.7875958e-02
   4.1821994e-02
   4.5802414e-02
   4.2685259e-02
   4.4314664e-02
   3.6738291e-02
   3.1832922e-02
   3.7933817e-02
   3.7028107e-02
   3.6241873e-02
   5.1501700e-02
   5.4640984e-02
   5.1419799e-02
   4.8669420e-02
   4.9107421e-02
   5.1243640e-02
   5.3444993e-02
   5.3173758e-02
   5.2116655e-02
   4.7435757e-02
   3.9739858e-02
   3.5862602e-02
   3.3639356e-02
   4.3420196e-02
   4.8316833e-02
   9.2882976e-02
   8.7518513e-02
   9.1582149e-02
   9.3104370e-02
   8.2665294e-02
   8.7776795e-02
   8.4765613e-02
   7.9593569e-02
   7.5908415e-02
   6.9825381e-02
   7.2483376e-02
   7.5321861e-02
   8.1488363e-02
   8.2072355e-02
   8.4517345e-02
   9.0586342e-02
   8.3153524e-02
   8.3511889e-02
   8.4010072e-02
   7.8863800e-02
   8.0581270e-02
   8.7256163e-02
   9.0470247e-02
   8.7704107e-02
   8.6983867e-02
   8.9096591e-02
   9.3812943e-02
   9.5622838e-02
   9.7125269e-02
   9.2720106e-02
   9.1376700e-02
   8.9486361e-02
   7.5106680e-02
   7.9154275e-02
   8.7871939e-02
   8.5972175e-02
   1.1291288e-01
   1.0107169e-01
   1.0874735e-01
   1.0542308e-01
   9.5377259e-02
   1.0001718e-01
   9.4058886e-02
   9.1557227e-02
   9.0438105e-02
   8.9723252e-02
   9.4676465e-02
   9.7172037e-02
   1.0217360e-01
   1.0524277e-01
   1.1320449e-01
   1.1780109e-01
   1.1822356e-01
   1.2228489e-01
   1.1765791e-01
   1.1376958e-01
   1.0490784e-01
   9.5744453e-02
   9.5738076e-02
   9.8913938e-02
   1.0282926e-01
   1.0704873e-01
   1.1191045e-01
   1.1379098e-01
   1.1139853e-01
   1.0819056e-01
   1.1442699e-01
   1.0827623e-01
   9.5896944e-02
   1.0596771e-01
   1.0793986e-01
   1.0940974e-01
   9.2868865e-02
   9.0974800e-02
   8.8449426e-02
   8.5084833e-02
   8.6948700e-02
   8.3089620e-02
   8.1099264e-02
   7.8471266e-02
   8.0110461e-02
   8.5642107e-02
   8.8124312e-02
   9.2678815e-02
   9.5027290e-02
   1.0056521e-01
   1.0467096e-01
   1.0690966e-01
   1.1369905e-01
   1.1160976e-01
   1.0636660e-01
   1.0204338e-01
   9.0523630e-02
   7.6835670e-02
   7.1241982e-02
   7.4862219e-02
   8.1522569e-02
   8.7192446e-02
   8.8275522e-02
   8.9004286e-02
   8.5145459e-02
   9.0051100e-02
   9.3071304e-02
   8.2009099e-02
   8.7976135e-02
   9.3613990e-02
   9.3457960e-02
   9.8761357e-02
   4.9445864e-02
   5.2554119e-02
   4.4981074e-02
   4.8795704e-02
   5.6111667e-02
   4.7894858e-02
   5.0725646e-02
   5.0053578e-02
   5.1469535e-02
   5.5849731e-02
   5.7165433e-02
   6.3694976e-02
   6.4366497e-02
   6.6806450e-02
   6.6680759e-02
   6.7164145e-02
   6.8867072e-02
   6.1505497e-02
   5.7756186e-02
   5.4729726e-02
   4.9041077e-02
   4.1624319e-02
   3.4077153e-02
   3.0238917e-02
   3.2551788e-02
   3.9590422e-02
   4.1315366e-02
   3.9541289e-02
   3.8668208e-02
   4.6136506e-02
   4.3147139e-02
   3.8158540e-02
   5.2528273e-02
   5.3661861e-02
   5.5473771e-02
   5.6504425e-02
  -8.0329529e-04
   2.8374401e-05
   9.7328884e-04
   4.9605025e-03
   4.1923625e-03
   3.0218140e-04
   4.3093436e-03
   7.5543821e-03
   9.6718073e-03
   1.1425070e-02
   1.1646097e-02
   1.4754804e-02
   1.5902391e-02
   1.6807111e-02
   1.5863081e-02
   1.1352769e-02
   5.6859748e-03
   6.8331731e-04
  -1.9505933e-03
  -4.5760502e-03
  -5.1861033e-03
  -5.8302558e-03
  -1.0809897e-02
  -1.7082974e-02
  -1.8131260e-02
  -1.1012300e-02
  -7.2301361e-03
  -9.9920006e-03
  -8.8932998e-03
  -5.8236541e-03
  -8.0484701e-03
  -6.5169879e-03
   1.2582318e-03
   5.2615856e-03
   5.9453300e-03
   1.4065262e-03
  -1.9560458e-02
  -1.6635172e-02
  -1.6260656e-02
  -2.1624185e-02
  -2.8990038e-02
  -2.9606316e-02
  -2.6139302e-02
  -2.2738414e-02
  -2.0567477e-02
  -1.8968966e-02
  -1.9616885e-02
  -2.0425346e-02
  -1.9282259e-02
  -1.8949565e-02
  -2.1973152e-02
  -2.7319426e-02
  -3.0594861e-02
  -2.9155036e-02
  -3.0273402e-02
  -3.3823892e-02
  -3.3825483e-02
  -3.4009822e-02
  -3.5839565e-02
  -3.4977607e-02
  -3.0773073e-02
  -2.5557319e-02
  -2.5740065e-02
  -2.9737491e-02
  -3.0401355e-02
  -3.0470369e-02
  -3.1886701e-02
  -3.1196114e-02
  -2.6212089e-02
  -1.9068748e-02
  -1.8185480e-02
  -2.1412533e-02
  -1.0705600e-02
  -1.1263246e-02
  -1.5367114e-02
  -2.1170489e-02
  -2.4081822e-02
  -2.2156503e-02
  -2.1011706e-02
  -2.2218490e-02
  -2.3361292e-02
  -2.3549501e-02
  -2.4080260e-02
  -2.5254583e-02
  -2.6912365e-02
  -2.9902957e-02
  -3.3778720e-02
  -3.6102835e-02
  -3.5280846e-02
  -3.2897696e-02
  -3.1722952e-02
  -3.0469999e-02
  -2.8423896e-02
  -2.7318334e-02
  -2.6231004e-02
  -2.2942631e-02
  -1.9825086e-02
  -2.0361422e-02
  -2.4030635e-02
  -2.7000025e-02
  -2.7953977e-02
  -2.8536942e-02
  -2.9647868e-02
  -2.8919151e-02
  -2.3867765e-02
  -1.7196987e-02
  -1.3039668e-02
  -1.1788420e-02
