   1.4241811e+00   1.3753050e+00   1.5179638e+00   1.6789564e+00   1.6163330e+00   1.2734854e+00   1.0196879e+00   1.0427049e+00   1.1573281e+00   1.2227085e+00   1.2796891e+00   1.3644468e+00   1.4919256e+00   1.6964911e+00   1.9185739e+00   2.0521307e+00   2.0646719e+00   1.9726807e+00   1.8487600e+00   1.6751112e+00   1.4625279e+00   1.3082594e+00   1.2582984e+00   1.3085073e+00   1.4114666e+00   1.5170607e+00   1.5671605e+00   1.5520706e+00   1.4777862e+00   1.4495157e+00   1.5240780e+00   1.6352070e+00   1.6989115e+00   1.7223614e+00   1.6943515e+00   1.5704958e+00
   1.4727240e+00   1.4666732e+00   1.6608534e+00   2.0640285e+00   2.3906340e+00   2.2249892e+00   2.1895316e+00   2.1904804e+00   2.0803003e+00   1.9956222e+00   2.0987790e+00   2.3075936e+00   2.4026554e+00   2.4438469e+00   2.5759368e+00   2.7895594e+00   2.8050992e+00   2.5999730e+00   2.6205935e+00   2.8146898e+00   2.8019567e+00   2.7365856e+00   2.6216244e+00   2.2850437e+00   2.1769750e+00   2.2407403e+00   2.2398343e+00   2.3278592e+00   2.3800053e+00   2.4783547e+00   2.5756931e+00   2.5719542e+00   2.3580081e+00   2.0654747e+00   1.8695794e+00   1.6935874e+00
   1.2516700e+00   1.3851745e+00   1.4579570e+00   1.2491236e+00   1.3732978e+00   1.3581387e+00   1.3085107e+00   1.0870453e+00   9.7387093e-01   1.0213658e+00   1.1689856e+00   1.3939718e+00   1.5121766e+00   1.5129124e+00   1.4036754e+00   1.4325541e+00   1.5499915e+00   1.4041798e+00   1.4353981e+00   1.6334268e+00   1.6803899e+00   1.6651554e+00   1.7547394e+00   1.9722179e+00   2.1662052e+00   1.9524263e+00   1.4587638e+00   1.4361485e+00   1.6243584e+00   1.6593720e+00   1.5568721e+00   1.5233767e+00   1.4252033e+00   1.2629614e+00   1.2299021e+00   1.3260224e+00
   1.7800525e+00   1.8730614e+00   1.8985157e+00   2.2850447e+00   2.2493014e+00   1.8167729e+00   2.0783517e+00   2.1306071e+00   2.2477527e+00   2.4458187e+00   2.6137321e+00   2.9096606e+00   2.9873381e+00   3.0372951e+00   2.9978650e+00   2.8993998e+00   2.7454071e+00   2.4147880e+00   2.1446352e+00   1.9848433e+00   1.8561052e+00   1.5102408e+00   1.2215462e+00   1.3723941e+00   1.6029023e+00   1.6595036e+00   1.4367374e+00   1.2971450e+00   1.4012443e+00   1.6567301e+00   1.4426697e+00   1.7903377e+00   2.2796865e+00   2.0535538e+00   2.0920715e+00   1.9381171e+00
   4.9287410e+00   4.7889261e+00   4.6979399e+00   4.9565458e+00   4.8629270e+00   4.6033497e+00   4.6280456e+00   4.4471369e+00   4.6535583e+00   4.9354386e+00   5.1013899e+00   5.3563480e+00   5.4638510e+00   5.6672077e+00   5.7652006e+00   5.9160299e+00   6.2108421e+00   6.0512123e+00   5.8303223e+00   5.7090397e+00   5.1332469e+00   4.3295288e+00   3.8677022e+00   3.8623900e+00   4.1911907e+00   4.5243754e+00   4.5692658e+00   4.4834204e+00   4.3559794e+00   4.6687737e+00   4.6698055e+00   4.6741118e+00   5.0705271e+00   4.9921474e+00   5.0286965e+00   5.1506052e+00
   6.9421224e+00   6.4874926e+00   6.8493904e+00   6.7552265e+00   6.3875408e+00   6.4351186e+00   6.1280946e+00   6.0006762e+00   6.0641807e+00   6.1595363e+00   6.3300896e+00   6.4615821e+00   6.6419024e+00   6.8720808e+00   7.2631125e+00   7.5194955e+00   7.7657356e+00   7.8819818e+00   7.7132449e+00   7.3748760e+00   6.6493534e+00   6.0458845e+00   5.9322023e+00   6.1775736e+00   6.4629063e+00   6.6899595e+00   6.8337597e+00   6.8189430e+00   6.6890526e+00   6.7018232e+00   7.0090541e+00   6.8200932e+00   6.4604587e+00   6.7938246e+00   6.8414330e+00   6.9898958e+00
   7.0354089e+00   6.6295746e+00   7.0239281e+00   7.0295019e+00   6.5659002e+00   6.7060417e+00   6.3628215e+00   6.1659005e+00   5.9859413e+00   5.7829951e+00   5.9269845e+00   6.0729379e+00   6.3557586e+00   6.4539722e+00   6.8077540e+00   7.1383833e+00   7.0056466e+00   6.9421610e+00   6.7399487e+00   6.4385999e+00   6.2925023e+00   6.3751568e+00   6.5423630e+00   6.5732645e+00   6.5979294e+00   6.7252806e+00   6.9723410e+00   7.0401282e+00   7.0619105e+00   6.8759131e+00   6.9742369e+00   6.9114331e+00   6.2407612e+00   6.5389785e+00   6.7868412e+00   6.8067679e+00
   5.3145571e+00   5.4247168e+00   5.3613939e+00   5.4961133e+00   5.3586191e+00   5.2929754e+00   5.1365232e+00   4.7575950e+00   4.4752278e+00   4.1941252e+00   4.1813721e+00   4.3596253e+00   4.6918869e+00   4.8331522e+00   4.8411508e+00   5.0286756e+00   4.5581130e+00   4.2623911e+00   4.4161739e+00   4.1875396e+00   4.5426636e+00   5.2010078e+00   5.3556670e+00   5.1493855e+00   5.0713701e+00   5.1245569e+00   5.2984810e+00   5.4038415e+00   5.4303959e+00   5.2965813e+00   5.0318604e+00   4.8969430e+00   4.5308042e+00   4.4371843e+00   4.9124550e+00   5.0719976e+00
   2.7027059e+00   3.1106758e+00   2.8658977e+00   2.9996345e+00   3.0097842e+00   2.7591350e+00   2.7766538e+00   2.4877388e+00   2.3803661e+00   2.2662787e+00   2.2126124e+00   2.3631196e+00   2.5410559e+00   2.5529459e+00   2.4433508e+00   2.5994246e+00   2.5093091e+00   2.4413247e+00   2.4061553e+00   0.0000000e+00   0.0000000e+00   2.8662174e+00   2.9140530e+00   2.7347441e+00   2.7849226e+00   2.8274021e+00   2.8862848e+00   2.8607178e+00   2.7467735e+00   2.7899079e+00   2.4929793e+00   2.4650407e+00   2.5144932e+00   2.3026817e+00   2.5494897e+00   2.6450300e+00
   6.2311196e-01   7.4471337e-01   8.9019257e-01   1.0606377e+00   6.6978019e-01   4.6687499e-01   5.5458546e-01   6.7905456e-01   9.7037375e-01   1.1104708e+00   1.2667904e+00   1.3509632e+00   1.1979445e+00   6.7213762e-01   8.6576581e-01   1.4053140e+00   2.4627047e+00   2.8095012e+00   0.0000000e+00   0.0000000e+00   0.0000000e+00   5.8821476e-01   6.0770339e-01   6.4717841e-01   9.4464773e-01   1.0236320e+00   1.0187871e+00   7.0277607e-01   4.8730105e-01   7.3503435e-01   7.0864952e-01   0.0000000e+00   1.6086018e+00   1.7161988e+00   1.2507045e+00   7.3566443e-01
   4.0015764e+00   4.0663985e+00   3.8745634e+00   4.3853756e+00   4.2285290e+00   4.0749763e+00   4.1898563e+00   4.0102751e+00   4.2636480e+00   4.4327567e+00   4.5071331e+00   4.4349627e+00   4.4806463e+00   4.3226269e+00   4.2167791e+00   4.9902279e+00   5.4083435e+00   0.0000000e+00   0.0000000e+00   0.0000000e+00   0.0000000e+00   3.8732159e+00   3.6966313e+00   3.6104420e+00   3.8865309e+00   3.8418390e+00   3.7294620e+00   3.5271283e+00   3.4147475e+00   3.9852867e+00   3.6697321e+00   3.8882405e+00   4.7981861e+00   0.0000000e+00   4.4279644e+00   4.1629327e+00
   5.8023291e+00   6.1209517e+00   5.9736776e+00   6.2602925e+00   6.4344511e+00   6.2076135e+00   6.0638113e+00   5.8606377e+00   5.9302850e+00   6.0118022e+00   6.2785273e+00   6.2702188e+00   6.4347229e+00   6.6977725e+00   6.6498346e+00   7.0135951e+00   5.9051371e+00   3.4531400e+00   2.6395943e+00   3.3029542e+00   0.0000000e+00   5.7392478e+00   5.4509654e+00   5.0397954e+00   5.3467774e+00   5.6080790e+00   5.9613791e+00   5.8849559e+00   5.2662606e+00   5.5019965e+00   5.3261795e+00   5.3052835e+00   5.6021376e+00   0.0000000e+00   6.1675868e+00   6.2589641e+00
   6.2955256e+00   6.5358334e+00   6.5395327e+00   6.7656212e+00   7.0390592e+00   6.9115772e+00   6.5968919e+00   6.3457561e+00   6.2006621e+00   6.1171832e+00   6.5000105e+00   6.8286552e+00   7.1660466e+00   7.4210815e+00   7.3982534e+00   7.3164654e+00   5.3821678e+00   3.4608197e+00   3.7641943e+00   4.3369303e+00   5.2969117e+00   6.1633849e+00   5.7320390e+00   5.1483059e+00   5.3735719e+00   6.0134163e+00   6.7198496e+00   6.8200870e+00   6.4097815e+00   5.8852930e+00   5.5128765e+00   5.6346264e+00   5.2944813e+00   0.0000000e+00   6.7947149e+00   6.7707152e+00
   6.1694574e+00   6.1879070e+00   6.3303223e+00   6.5587654e+00   6.8768011e+00   6.8610477e+00   6.4251604e+00   6.0976088e+00   5.7215948e+00   5.5323234e+00   5.9234178e+00   6.6202831e+00   7.2173581e+00   7.3196088e+00   7.2257128e+00   6.7033329e+00   4.5490279e+00   3.6149924e+00   4.7006083e+00   5.0213135e+00   5.2451563e+00   5.8572760e+00   5.2403964e+00   4.6268497e+00   4.7519979e+00   5.7061856e+00   6.6318550e+00   6.8878031e+00   7.0152727e+00   5.7712789e+00   0.0000000e+00   5.3123668e+00   0.0000000e+00   0.0000000e+00   6.8209840e+00   6.5409651e+00
   5.0623881e+00   4.6161040e+00   4.7583886e+00   5.0497041e+00   5.4770625e+00   5.4482035e+00   4.9560896e+00   4.4467727e+00   3.7517880e+00   3.7585625e+00   3.8164894e+00   4.7805067e+00   5.9893718e+00   5.8230917e+00   5.2918951e+00   4.2774547e+00   3.4557421e+00   4.1791618e+00   4.7889188e+00   4.4994397e+00   4.4611291e+00   4.2359533e+00   3.2519584e+00   2.9950657e+00   3.0529648e+00   4.0590969e+00   4.8549911e+00   5.1628299e+00   6.4486306e+00   4.9643618e+00   3.4261593e+00   3.5695542e+00   0.0000000e+00   0.0000000e+00   5.7497362e+00   5.1381956e+00
   3.7306373e+00   3.1520364e+00   3.1718830e+00   3.4566540e+00   3.6685252e+00   3.7229414e+00   3.2214941e+00   3.0707314e+00   2.7761103e+00   2.6420408e+00   2.6782022e+00   2.2669332e+00   3.4766564e+00   3.9796767e+00   2.9995688e+00   2.2841239e+00   2.5913992e+00   3.5422494e+00   3.3917176e+00   3.1798525e+00   3.1403028e+00   2.7606212e+00   2.2725801e+00   2.4040990e+00   2.5978783e+00   2.5110133e+00   2.9972612e+00   2.6223980e+00   3.3481135e+00   4.1174626e+00   2.5126339e+00   1.6935558e+00   0.0000000e+00   0.0000000e+00   0.0000000e+00   3.8873107e+00
   3.3273339e+00   2.9272218e+00   2.9308352e+00   3.2507548e+00   3.3347180e+00   3.6833892e+00   3.4607391e+00   3.6584311e+00   3.6932414e+00   3.5100513e+00   3.4055758e+00   2.3035071e+00   2.5504932e+00   0.0000000e+00   2.1780677e+00   1.7417281e+00   1.9307412e+00   2.7193089e+00   3.0859094e+00   3.3601587e+00   3.2648287e+00   2.8605986e+00   2.9565647e+00   3.5060983e+00   3.5482879e+00   3.0733387e+00   3.0266531e+00   2.2756543e+00   2.6321948e+00   0.0000000e+00   2.5966954e+00   1.7190123e+00   0.0000000e+00   0.0000000e+00   0.0000000e+00   3.4180117e+00
   3.2669072e+00   3.1862969e+00   3.2175391e+00   3.5903764e+00   3.5714712e+00   4.3216472e+00   4.5166798e+00   5.0893373e+00   5.4523411e+00   5.2533278e+00   4.9491086e+00   3.3698378e+00   2.1950381e+00   0.0000000e+00   1.8781896e+00   1.7414317e+00   1.3127930e+00   1.7553231e+00   3.1845884e+00   4.1642079e+00   3.9878225e+00   3.6090655e+00   4.3726320e+00   5.3868675e+00   5.1510916e+00   4.5355735e+00   3.8229306e+00   2.7835522e+00   2.8091929e+00   0.0000000e+00   3.0971134e+00   2.5112848e+00   0.0000000e+00   0.0000000e+00   0.0000000e+00   3.2216802e+00
   4.6008247e+00   4.9260678e+00   5.3473107e+00   5.5378418e+00   5.6808832e+00   6.3502663e+00   6.7574827e+00   7.4345111e+00   7.6534715e+00   7.6101249e+00   7.2596013e+00   6.0081215e+00   5.0269952e+00   0.0000000e+00   3.3065279e+00   3.6921543e+00   3.4145263e+00   1.9753739e+00   3.3030247e+00   6.2366617e+00   6.1633985e+00   5.8948295e+00   6.5919218e+00   7.5588711e+00   7.2757312e+00   7.0109728e+00   6.3016313e+00   5.1552910e+00   4.5582371e+00   0.0000000e+00   4.9883884e+00   4.3833354e+00   0.0000000e+00   0.0000000e+00   0.0000000e+00   3.8181626e+00
   5.2280717e+00   5.8749804e+00   6.4386125e+00   6.6635389e+00   6.6631474e+00   7.1065750e+00   7.5699902e+00   8.1315441e+00   8.2726822e+00   8.2495623e+00   8.1438780e+00   7.2948442e+00   6.8006401e+00   6.0131755e+00   4.3153272e+00   5.3563323e+00   5.0178185e+00   2.0309589e+00   3.6415365e+00   6.9160528e+00   6.9350257e+00   7.0918441e+00   7.4408040e+00   7.9260998e+00   7.9887815e+00   7.7615004e+00   7.5532990e+00   6.4763317e+00   4.5309639e+00   0.0000000e+00   6.0076132e+00   5.0850816e+00   0.0000000e+00   0.0000000e+00   0.0000000e+00   0.0000000e+00
   5.6403437e+00   6.5881548e+00   7.2096996e+00   7.5487690e+00   7.4579620e+00   7.7298212e+00   8.2012367e+00   8.6413498e+00   8.7926006e+00   8.8006716e+00   8.8788738e+00   8.3743849e+00   8.2454128e+00   7.4336886e+00   5.3100967e+00   6.7362103e+00   6.4265423e+00   2.2657831e+00   3.9241288e+00   7.3494735e+00   7.6172190e+00   8.0016174e+00   8.0625000e+00   8.1929026e+00   8.5410080e+00   8.3336983e+00   8.5002632e+00   7.5490789e+00   4.6435947e+00   0.0000000e+00   6.8584433e+00   5.6464505e+00   0.0000000e+00   0.0000000e+00   0.0000000e+00   0.0000000e+00
   5.7012370e+00   6.9840346e+00   7.4982965e+00   8.1514379e+00   8.0598056e+00   8.2314641e+00   8.6101077e+00   8.8844125e+00   9.2360712e+00   9.3068527e+00   9.4867750e+00   9.2930187e+00   9.3647322e+00   8.6921348e+00   6.5340861e+00   0.0000000e+00   7.7870421e+00   2.9443023e+00   0.0000000e+00   7.3708765e+00   8.2862803e+00   8.5354000e+00   8.3613220e+00   8.3148941e+00   8.8938808e+00   8.6743908e+00   9.0436632e+00   8.3714174e+00   5.0841408e+00   0.0000000e+00   7.5715594e+00   6.0544916e+00   0.0000000e+00   0.0000000e+00   0.0000000e+00   0.0000000e+00
   0.0000000e+00   6.0816940e+00   6.3740358e+00   7.1509604e+00   7.3132424e+00   7.6546040e+00   8.0708342e+00   8.3828283e+00   9.1404047e+00   9.2008467e+00   9.3460871e+00   9.2122650e+00   8.7575655e+00   8.3124719e+00   7.2182779e+00   0.0000000e+00   8.2092347e+00   0.0000000e+00   0.0000000e+00   0.0000000e+00   7.8369889e+00   7.7476292e+00   7.7864661e+00   7.9467149e+00   8.2414055e+00   8.3039727e+00   8.1835489e+00   7.9234524e+00   5.4141000e+00   0.0000000e+00   7.5559869e+00   6.6889886e+00   0.0000000e+00   0.0000000e+00   0.0000000e+00   0.0000000e+00
   0.0000000e+00   4.7254128e+00   4.8031249e+00   5.2847362e+00   5.6686006e+00   6.3014379e+00   6.8397560e+00   7.3779821e+00   8.1203012e+00   8.2961216e+00   8.4588594e+00   8.4258223e+00   7.7837000e+00   7.2436037e+00   6.9908624e+00   0.0000000e+00   7.6208882e+00   0.0000000e+00   0.0000000e+00   0.0000000e+00   6.5966005e+00   6.5012703e+00   6.6823626e+00   6.8856955e+00   7.0034504e+00   7.1756172e+00   6.8452053e+00   6.8876543e+00   5.3512106e+00   0.0000000e+00   6.8195591e+00   6.6870623e+00   0.0000000e+00   0.0000000e+00   0.0000000e+00   0.0000000e+00
   0.0000000e+00   3.1464869e+00   2.9059680e+00   3.0743766e+00   3.5104442e+00   4.3372231e+00   5.0133033e+00   5.8108471e+00   6.3947229e+00   6.7467537e+00   7.0001045e+00   7.1211424e+00   6.5176725e+00   5.8939998e+00   6.2443833e+00   0.0000000e+00   6.4792067e+00   6.4617195e+00   0.0000000e+00   0.0000000e+00   4.8578262e+00   4.8596640e+00   5.0877598e+00   5.2391901e+00   5.2585559e+00   5.4487065e+00   5.1685848e+00   5.4547353e+00   4.9356331e+00   0.0000000e+00   5.5650368e+00   6.2068326e+00   0.0000000e+00   0.0000000e+00   0.0000000e+00   0.0000000e+00
   0.0000000e+00   1.4257477e+00   5.9174809e-01   7.0740617e-01   6.7362881e-01   1.2773602e+00   2.0636812e+00   3.0615527e+00   3.3273702e+00   3.9377638e+00   4.4634479e+00   4.8539040e+00   4.7819177e+00   4.3269707e+00   0.0000000e+00   4.3258843e+00   4.4268286e+00   5.0079453e+00   0.0000000e+00   0.0000000e+00   2.3480395e+00   2.5467399e+00   2.5580357e+00   2.4699376e+00   2.5881388e+00   2.6126514e+00   3.0183674e+00   3.3891161e+00   3.7280219e+00   0.0000000e+00   3.3491570e+00   4.7028099e+00   0.0000000e+00   0.0000000e+00   0.0000000e+00   0.0000000e+00
   0.0000000e+00   1.2608345e+00   2.6579077e+00   3.7228997e+00   3.1681988e+00   3.0676792e+00   2.4839797e+00   2.0418417e+00   1.5685744e+00   8.6110747e-01   6.1811298e-01   1.4495444e+00   2.0692649e+00   0.0000000e+00   1.9322104e+00   1.7716020e+00   2.1073649e+00   1.9590728e+00   0.0000000e+00   0.0000000e+00   1.3035498e+00   1.4249127e+00   1.4804871e+00   1.5670102e+00   1.5408520e+00   1.5791599e+00   1.5165111e+00   1.3765318e+00   1.6283454e+00   1.5828351e+00   1.7111039e+00   3.4487407e+00   0.0000000e+00   0.0000000e+00   0.0000000e+00   0.0000000e+00
   0.0000000e+00   0.0000000e+00   3.9895732e+00   4.9470820e+00   4.6891747e+00   5.2300243e+00   5.0290990e+00   4.7899499e+00   4.3304005e+00   3.6936297e+00   3.1952021e+00   2.8683608e+00   2.6503389e+00   2.2004807e+00   2.4345925e+00   2.8935487e+00   2.8129294e+00   0.0000000e+00   0.0000000e+00   1.8869697e+00   2.9497955e+00   3.5784476e+00   3.7153499e+00   3.7622890e+00   3.8098903e+00   3.5675113e+00   3.2997546e+00   2.7802434e+00   2.1019437e+00   1.5817673e+00   1.9372557e+00   3.0252085e+00   0.0000000e+00   0.0000000e+00   0.0000000e+00   0.0000000e+00
   0.0000000e+00   0.0000000e+00   0.0000000e+00   0.0000000e+00   0.0000000e+00   6.2089766e+00   6.6349573e+00   6.8064761e+00   6.8393335e+00   6.6436338e+00   6.1667285e+00   5.5429748e+00   4.8451743e+00   4.3224602e+00   4.4305084e+00   4.5984440e+00   4.4723730e+00   3.6820211e+00   3.3915021e+00   3.7189384e+00   4.5186227e+00   5.4034700e+00   5.5955482e+00   5.6765140e+00   5.6667557e+00   5.4312682e+00   5.1520818e+00   4.4954214e+00   3.6856940e+00   3.0699496e+00   2.6946034e+00   0.0000000e+00   0.0000000e+00   0.0000000e+00   0.0000000e+00   0.0000000e+00
   0.0000000e+00   0.0000000e+00   0.0000000e+00   0.0000000e+00   0.0000000e+00   5.6134598e+00   6.4254351e+00   7.1552735e+00   7.9837389e+00   8.4847260e+00   8.2874574e+00   7.9773469e+00   7.3232374e+00   7.1921769e+00   6.6108702e+00   6.0473614e+00   6.0245059e+00   5.3723547e+00   5.5409436e+00   5.4841850e+00   5.3704368e+00   6.0347490e+00   6.1902592e+00   6.4406918e+00   6.3638196e+00   6.3175790e+00   6.0562680e+00   5.4403744e+00   5.0641078e+00   4.5484448e+00   3.5918083e+00   0.0000000e+00   0.0000000e+00   0.0000000e+00   0.0000000e+00   0.0000000e+00
   0.0000000e+00   0.0000000e+00   0.0000000e+00   0.0000000e+00   0.0000000e+00   0.0000000e+00   0.0000000e+00   0.0000000e+00   7.2139840e+00   8.3853140e+00   8.7262392e+00   8.6527262e+00   8.3284702e+00   8.1308813e+00   7.3358817e+00   6.4937134e+00   6.2885613e+00   5.9126635e+00   5.9283667e+00   5.5899129e+00   5.0900526e+00   5.2152939e+00   5.2298827e+00   5.6301041e+00   5.6655102e+00   5.6453109e+00   5.3425140e+00   4.8099985e+00   4.7559466e+00   4.3488960e+00   0.0000000e+00   0.0000000e+00   0.0000000e+00   0.0000000e+00   0.0000000e+00   0.0000000e+00
   0.0000000e+00   0.0000000e+00   0.0000000e+00   0.0000000e+00   0.0000000e+00   0.0000000e+00   0.0000000e+00   0.0000000e+00   0.0000000e+00   6.0030131e+00   6.9415793e+00   7.0382900e+00   6.9733515e+00   6.4536476e+00   5.9859324e+00   5.3280439e+00   4.7823944e+00   4.5509005e+00   4.0312157e+00   3.6797092e+00   3.4497237e+00   3.2991199e+00   3.2441239e+00   3.5339210e+00   3.6594553e+00   3.4581945e+00   3.2306952e+00   2.8469293e+00   2.8489439e+00   2.8144903e+00   0.0000000e+00   0.0000000e+00   0.0000000e+00   0.0000000e+00   0.0000000e+00   0.0000000e+00
   0.0000000e+00   0.0000000e+00   0.0000000e+00   0.0000000e+00   0.0000000e+00   0.0000000e+00   0.0000000e+00   0.0000000e+00   0.0000000e+00   0.0000000e+00   3.2041521e+00   3.5674381e+00   3.6541047e+00   3.4081697e+00   3.1152754e+00   2.5159567e+00   1.9302652e+00   1.6526144e+00   1.2654944e+00   1.0860041e+00   1.0146360e+00   1.0943807e+00   1.2024230e+00   1.1962254e+00   1.2485677e+00   1.3240229e+00   1.1871696e+00   1.0609404e+00   9.9577332e-01   1.2487422e+00   0.0000000e+00   0.0000000e+00   0.0000000e+00   0.0000000e+00   0.0000000e+00   0.0000000e+00
   0.0000000e+00   0.0000000e+00   0.0000000e+00   0.0000000e+00   0.0000000e+00   0.0000000e+00   0.0000000e+00   0.0000000e+00   0.0000000e+00   2.5266781e+00   2.0119803e+00   1.6811798e+00   1.7315918e+00   1.7166808e+00   1.6809660e+00   1.6049095e+00   1.4221194e+00   1.3650155e+00   1.0358939e+00   7.7702510e-01   8.2654786e-01   8.5738730e-01   7.9508263e-01   7.4463248e-01   1.0066624e+00   0.0000000e+00   6.0136813e-01   5.7413560e-01   4.8948365e-01   0.0000000e+00   0.0000000e+00   0.0000000e+00   0.0000000e+00   0.0000000e+00   0.0000000e+00   0.0000000e+00
   0.0000000e+00   0.0000000e+00   0.0000000e+00   0.0000000e+00   0.0000000e+00   0.0000000e+00   0.0000000e+00   0.0000000e+00   0.0000000e+00   3.7730727e+00   3.7881203e+00   3.4774218e+00   3.1876001e+00   2.8609464e+00   2.5429182e+00   2.1205485e+00   1.6518971e+00   1.4482007e+00   1.1634496e+00   9.5133400e-01   1.0866208e+00   1.2867217e+00   1.2302052e+00   9.1199410e-01   0.0000000e+00   0.0000000e+00   0.0000000e+00   0.0000000e+00   0.0000000e+00   0.0000000e+00   0.0000000e+00   0.0000000e+00   0.0000000e+00   0.0000000e+00   0.0000000e+00   0.0000000e+00
   0.0000000e+00   0.0000000e+00   0.0000000e+00   0.0000000e+00   0.0000000e+00   0.0000000e+00   0.0000000e+00   0.0000000e+00   0.0000000e+00   0.0000000e+00   2.0214150e+00   2.1540849e+00   2.1213548e+00   1.9112034e+00   1.5539212e+00   1.2099779e+00   9.9466258e-01   9.7196317e-01   9.9279606e-01   9.9292529e-01   9.9617064e-01   1.0044806e+00   9.4745595e-01   0.0000000e+00   0.0000000e+00   0.0000000e+00   0.0000000e+00   0.0000000e+00   0.0000000e+00   0.0000000e+00   0.0000000e+00   0.0000000e+00   0.0000000e+00   0.0000000e+00   0.0000000e+00   0.0000000e+00
