   2.2720902e-02
   9.9865408e-03
   3.4816250e-03
  -9.3278567e-03
  -0.0000000e+00
  -0.0000000e+00
  -0.0000000e+00
  -0.0000000e+00
  -0.0000000e+00
  -0.0000000e+00
   0.0000000e+00
   0.0000000e+00
   4.7650352e-02
   2.4639538e-02
   1.3705971e-02
  -4.8668419e-05
   0.0000000e+00
   0.0000000e+00
   0.0000000e+00
   0.0000000e+00
   0.0000000e+00
   0.0000000e+00
   0.0000000e+00
   0.0000000e+00
   0.0000000e+00
   0.0000000e+00
   0.0000000e+00
   0.0000000e+00
   0.0000000e+00
   0.0000000e+00
   0.0000000e+00
   0.0000000e+00
   0.0000000e+00
   0.0000000e+00
   0.0000000e+00
   7.4756374e-02
   1.8509380e-02
   1.4609854e-02
   8.5629049e-03
  -1.5668493e-03
  -1.2278502e-02
  -1.5014205e-02
  -1.7633718e-02
  -1.9428304e-02
  -1.9846465e-02
  -2.8681196e-02
  -2.1479325e-02
   7.2975543e-03
   5.3884971e-03
   1.7174809e-02
   2.0970563e-02
   1.8337984e-02
   1.1956914e-02
   4.2226291e-03
   1.8833635e-03
   1.2157797e-03
  -5.4533959e-03
  -1.8319275e-02
  -1.3146500e-02
   2.1199370e-02
   5.1009627e-02
   1.6202050e-02
   5.1350959e-03
   0.0000000e+00
   0.0000000e+00
  -0.0000000e+00
  -0.0000000e+00
  -0.0000000e+00
   1.6051515e-03
   1.3985894e-03
   3.4619509e-02
   2.4882069e-02
   3.5803411e-03
   1.3210545e-02
   8.0537884e-03
  -1.2343254e-02
  -2.5731703e-02
  -3.2066624e-02
  -3.4705328e-02
  -3.5913667e-02
  -3.8701994e-02
  -4.7816427e-02
  -4.3009761e-02
  -1.0861575e-02
  -2.6121172e-04
   9.1799407e-03
   1.7054136e-02
   1.8030570e-02
   1.2484116e-02
   1.8567821e-03
  -1.1024429e-02
  -2.3215740e-02
  -3.0190182e-02
  -2.8461837e-02
  -1.8461879e-02
  -2.2506122e-03
   1.3134043e-02
   1.3509996e-02
   7.5960832e-03
  -2.6891637e-03
  -1.5815721e-02
  -3.4832855e-02
  -4.5175881e-02
  -4.0190328e-02
  -3.0770346e-02
  -2.2343019e-02
  -1.4714448e-02
  -6.4549750e-03
   6.4312135e-03
   1.6331754e-02
   5.1456415e-03
  -1.9226096e-02
  -3.3259702e-02
  -3.8417891e-02
  -3.9029463e-02
  -3.8837418e-02
  -3.9005215e-02
  -6.1740555e-02
  -8.2413422e-02
  -3.1809251e-03
  -5.6398565e-03
   1.8560402e-03
   6.5922591e-03
   6.1661731e-03
  -5.1075128e-04
  -1.3861251e-02
  -3.0149901e-02
  -4.4428498e-02
  -4.7453297e-02
  -4.1700935e-02
  -2.9558690e-02
  -1.3421734e-02
  -3.0158715e-03
   4.0958581e-03
   3.9294748e-03
  -1.6052598e-02
  -4.0324038e-02
  -5.5875571e-02
  -5.8904406e-02
  -4.7218455e-02
  -3.0749183e-02
  -2.2423579e-02
  -1.9167897e-02
  -4.9044517e-03
   1.1838479e-02
   1.3178237e-02
  -2.5824792e-03
  -2.0611315e-02
  -3.0333174e-02
  -3.3112359e-02
  -3.3729183e-02
  -3.0921405e-02
  -2.5771391e-02
  -3.4319272e-02
   0.0000000e+00
  -2.3030855e-02
  -1.7577885e-02
  -7.3797228e-03
  -5.5586201e-03
  -5.4481832e-03
  -1.2258915e-02
  -2.3833815e-02
  -3.5399942e-02
  -4.1395225e-02
  -3.8419902e-02
  -3.4503505e-02
  -2.7915779e-02
  -1.4521920e-02
  -2.3233076e-03
   1.3969707e-02
   6.2366176e-03
  -2.0780848e-02
  -3.5623803e-02
  -4.3170436e-02
  -4.3006824e-02
  -3.5682695e-02
  -1.9409795e-02
  -1.4110051e-02
  -2.0958691e-02
   9.8078527e-03
   4.7820355e-04
  -1.0764498e-03
  -8.5581509e-03
  -1.5789629e-02
  -2.1201763e-02
  -2.3477317e-02
  -2.4833167e-02
  -2.2009970e-02
  -1.3073462e-02
  -4.0093933e-03
   0.0000000e+00
  -0.0000000e+00
  -1.9050592e-02
  -1.0854885e-02
  -1.3502741e-02
  -1.3673022e-02
  -1.7987013e-02
  -2.1403815e-02
  -2.1924717e-02
  -1.9857987e-02
  -1.5329096e-02
  -1.9013208e-02
  -1.8337831e-02
  -7.4850712e-03
   7.5666641e-03
   1.6923018e-02
   1.9913624e-03
  -1.3585504e-02
  -1.3821684e-02
  -2.5982052e-02
  -2.6262007e-02
  -2.4453722e-02
  -6.0329209e-03
  -3.5138262e-03
  -1.2347378e-03
   3.3924218e-03
  -6.8045331e-03
  -5.6318732e-03
  -4.4266580e-03
  -6.5792512e-03
  -1.1020315e-02
  -1.5561335e-02
  -1.8297135e-02
  -1.5218358e-02
  -4.1975897e-03
   1.8844131e-02
   0.0000000e+00
  -0.0000000e+00
  -1.5127403e-02
  -1.9361585e-02
  -2.2433726e-02
  -1.8618634e-02
  -1.5170833e-02
  -8.0873892e-03
   2.3155329e-03
   9.3924546e-05
  -2.3183491e-03
  -1.3611938e-02
  -1.3322147e-02
  -4.5415840e-03
   5.7475095e-03
   8.8005737e-03
   5.0495726e-03
   1.0545372e-02
   2.1953653e-02
  -0.0000000e+00
  -1.4327021e-02
   0.0000000e+00
   0.0000000e+00
   5.6796571e-03
   5.2629405e-03
  -4.7669924e-04
  -3.2628160e-03
   1.8177052e-03
   5.5930268e-03
   3.6490311e-03
  -3.8231808e-03
  -1.1140106e-02
  -1.4344365e-02
  -1.0330000e-02
   3.4335598e-03
   3.1619659e-02
   1.9071039e-02
   0.0000000e+00
  -1.7043241e-02
  -2.9267746e-02
  -2.7438915e-02
  -1.5160646e-02
  -3.8732232e-03
   1.0977359e-02
   4.0213101e-02
   2.7798618e-03
  -4.8437464e-03
  -1.4144556e-02
  -1.2415721e-02
  -5.9468090e-03
   3.9062697e-03
   1.2681527e-02
   2.1104193e-02
   4.1901806e-02
   5.1244703e-02
   0.0000000e+00
   0.0000000e+00
   0.0000000e+00
   0.0000000e+00
   1.1161528e-02
   4.6890379e-03
  -1.6460722e-03
   4.2354494e-03
   9.1998532e-03
   1.2189297e-02
   8.3125576e-03
  -1.7986486e-03
  -1.0289235e-02
  -1.2111104e-02
  -6.1587335e-03
   9.6362081e-03
   3.6853364e-02
   3.6623330e-02
   0.0000000e+00
  -0.0000000e+00
  -3.4350245e-02
  -2.4679585e-02
  -6.5371999e-03
   6.5249324e-03
   2.7114462e-02
   6.0710875e-02
   0.0000000e+00
  -0.0000000e+00
  -1.2728663e-02
  -1.2082622e-02
  -1.0900774e-03
   1.1703442e-02
   2.3852294e-02
   3.7830954e-02
   6.2480118e-02
   6.4716320e-02
   0.0000000e+00
   0.0000000e+00
   0.0000000e+00
   0.0000000e+00
   1.4325130e-02
   5.0012904e-03
   2.9035795e-03
   1.0549809e-02
   1.3842957e-02
   1.4610678e-02
   7.2903865e-03
  -5.0959752e-03
  -1.1913072e-02
  -9.6501001e-03
  -4.5960495e-04
   1.6443081e-02
   4.2195586e-02
   4.6003109e-02
   0.0000000e+00
   0.0000000e+00
  -4.0969845e-02
  -2.0174496e-02
   1.9489659e-03
   1.7519875e-02
   4.8141231e-02
   8.3588368e-02
   0.0000000e+00
  -0.0000000e+00
  -4.9883907e-03
  -7.9154308e-03
   1.1347881e-02
   2.4288700e-02
   3.7478589e-02
   5.1925764e-02
   7.1125438e-02
   6.1736089e-02
   0.0000000e+00
   0.0000000e+00
   0.0000000e+00
   0.0000000e+00
   1.7367523e-02
   7.6796947e-03
   1.0281084e-02
   1.1202149e-02
   1.2997916e-02
   1.0670713e-02
   1.1796671e-03
  -1.0143328e-02
  -1.2449097e-02
  -6.2018287e-03
   4.7054798e-03
   2.1913124e-02
   4.3810371e-02
   3.8415515e-02
   0.0000000e+00
   0.0000000e+00
  -0.0000000e+00
  -1.6143452e-02
   7.3627367e-03
   2.7864779e-02
   6.3777951e-02
   7.6035819e-02
   0.0000000e+00
  -0.0000000e+00
  -2.3453932e-03
   7.5115761e-03
   2.0569256e-02
   3.3021579e-02
   4.6631962e-02
   5.9298421e-02
   6.8090307e-02
   3.9094628e-02
   0.0000000e+00
   0.0000000e+00
   0.0000000e+00
   2.6301527e-02
   1.7415487e-02
   1.4988474e-02
   1.2884112e-02
   6.4489767e-03
   6.0010813e-03
   1.3682503e-03
  -7.1062143e-03
  -1.2825811e-02
  -9.3505717e-03
  -5.8205417e-04
   1.1441343e-02
   2.8994045e-02
   4.6113404e-02
   2.4186702e-02
   0.0000000e+00
   0.0000000e+00
  -0.0000000e+00
  -7.1858497e-03
   1.6321601e-02
   4.1053038e-02
   6.9980328e-02
   7.0320564e-02
   0.0000000e+00
  -0.0000000e+00
  -1.2589115e-02
   2.5005545e-02
   2.9734705e-02
   4.2745860e-02
   5.7514778e-02
   6.6465947e-02
   5.9959115e-02
   2.2479177e-02
  -6.6372982e-04
   0.0000000e+00
   0.0000000e+00
   2.1650993e-02
   6.9827314e-03
   1.4794929e-02
   9.2589746e-03
  -3.6142419e-03
  -4.1699657e-03
  -7.3707698e-03
  -1.1495960e-02
  -1.0966446e-02
  -4.3800656e-03
   5.2116920e-03
   1.7830837e-02
   3.5651610e-02
   4.7208836e-02
   0.0000000e+00
   0.0000000e+00
   0.0000000e+00
   0.0000000e+00
   7.5865101e-03
   2.7594545e-02
   5.0284695e-02
   6.1530330e-02
   4.6629257e-02
   0.0000000e+00
   0.0000000e+00
   0.0000000e+00
   3.7321412e-02
   3.8508330e-02
   5.0654090e-02
   6.4654921e-02
   6.7413635e-02
   4.7376346e-02
   1.2151411e-02
  -8.4503211e-03
   0.0000000e+00
   1.1893601e-02
   1.4808679e-02
   4.1740917e-03
   5.4951125e-03
  -1.1196911e-03
  -1.3609146e-02
  -1.2031488e-02
  -1.1885366e-02
  -1.1414076e-02
  -7.1960408e-03
   7.3772444e-04
   1.0117387e-02
   2.1592656e-02
   3.6096772e-02
   4.2445056e-02
   0.0000000e+00
   0.0000000e+00
   0.0000000e+00
   0.0000000e+00
   1.8849857e-02
   3.4194543e-02
   4.9695958e-02
   4.4951862e-02
   2.4004909e-02
   0.0000000e+00
   0.0000000e+00
   0.0000000e+00
   4.0348476e-02
   4.2832655e-02
   5.1188639e-02
   6.0047445e-02
   5.3605600e-02
   2.6375044e-02
  -2.3858878e-04
  -1.0215333e-02
   1.5029688e-03
   9.7268969e-03
   5.6990455e-04
  -6.0770534e-03
  -8.1094853e-03
  -1.2980049e-02
  -2.1587242e-02
  -1.9169797e-02
  -1.6916215e-02
  -1.3676822e-02
  -7.2592008e-03
   1.5480009e-03
   1.0940167e-02
   1.9926546e-02
   2.7697314e-02
   2.8042592e-02
   0.0000000e+00
   0.0000000e+00
   0.0000000e+00
   0.0000000e+00
   0.0000000e+00
   3.3035712e-02
   4.1094074e-02
   2.7399603e-02
   4.6351757e-03
   0.0000000e+00
   0.0000000e+00
   0.0000000e+00
   4.2430833e-02
   4.1177992e-02
   4.2918107e-02
   4.3598950e-02
   2.8273010e-02
   2.3449019e-03
  -1.0861027e-02
  -1.1133354e-02
  -3.8176816e-03
  -9.3584000e-03
  -9.3858750e-03
  -1.7821819e-02
  -2.0122727e-02
  -2.2234260e-02
  -3.0081127e-02
  -2.9235771e-02
  -2.7743116e-02
  -2.4867640e-02
  -1.9231233e-02
  -1.1947456e-02
  -4.1236736e-03
   2.8551420e-03
   8.0097983e-03
   1.3897485e-02
   0.0000000e+00
   0.0000000e+00
   0.0000000e+00
   0.0000000e+00
   0.0000000e+00
   2.7079998e-02
   3.0396555e-02
   1.4235831e-02
  -6.6005578e-03
   0.0000000e+00
   0.0000000e+00
   0.0000000e+00
   3.6535860e-02
   3.3758527e-02
   2.9089857e-02
   2.5701592e-02
   9.0715206e-03
  -9.9516168e-03
  -1.2770936e-02
  -1.1612026e-02
  -1.1241197e-02
  -1.3929645e-02
  -1.8585004e-02
  -2.6747647e-02
  -2.8600065e-02
  -2.9746051e-02
  -2.9597928e-02
  -3.0955983e-02
  -3.2303033e-02
  -3.2451401e-02
  -3.0362150e-02
  -2.8016608e-02
  -2.6390169e-02
  -2.5510274e-02
  -1.9766196e-02
  -1.3014920e-02
   0.0000000e+00
   0.0000000e+00
   0.0000000e+00
   0.0000000e+00
   1.2242611e-02
   1.9587626e-02
   2.1347346e-02
   7.3994322e-03
  -1.2240761e-02
   0.0000000e+00
   0.0000000e+00
   0.0000000e+00
   2.4622959e-02
   2.2707141e-02
   1.4858130e-02
   1.4291844e-02
   2.2190023e-03
  -1.1258073e-02
  -7.9219188e-03
  -1.1339930e-02
  -1.4789752e-02
  -1.8454765e-02
  -2.2088422e-02
  -2.6481547e-02
  -2.7877759e-02
  -2.8677961e-02
  -1.5536364e-02
  -1.6354149e-02
  -1.8322655e-02
  -2.0198249e-02
  -2.1802487e-02
  -2.4201166e-02
  -2.8731465e-02
  -3.8274215e-02
  -4.2118607e-02
  -3.0240631e-02
   0.0000000e+00
   0.0000000e+00
   0.0000000e+00
  -1.3930433e-02
   2.0628612e-03
   6.6331283e-03
   1.1809959e-02
   6.7430597e-03
  -8.7444326e-03
   0.0000000e+00
   0.0000000e+00
   0.0000000e+00
   1.9546645e-02
   1.1530882e-02
   2.1000156e-03
   1.0289032e-02
   3.9227583e-03
  -9.4796919e-03
  -5.4931425e-03
  -8.0344103e-03
  -9.9139094e-03
  -1.1266561e-02
  -1.3431828e-02
  -1.5714244e-02
  -1.6244945e-02
  -1.5833670e-02
  -2.0919051e-03
  -7.8459506e-04
  -1.3457776e-03
  -3.1164025e-03
  -6.0154650e-03
  -1.0134432e-02
  -1.6869571e-02
  -3.0753950e-02
  -5.0878501e-02
  -4.5988882e-02
   0.0000000e+00
   0.0000000e+00
  -0.0000000e+00
  -2.0971474e-02
  -7.9060211e-03
  -6.1977174e-03
   3.5943433e-03
   1.3693698e-02
   0.0000000e+00
   0.0000000e+00
   0.0000000e+00
   0.0000000e+00
   2.3927487e-02
   2.0379849e-03
  -9.7441880e-03
   1.5520763e-02
   1.2258448e-02
  -5.0932084e-03
   0.0000000e+00
   0.0000000e+00
   2.6203376e-04
   4.1817172e-04
  -9.8798680e-04
  -2.9619632e-03
  -4.2157275e-03
  -3.7805659e-03
  -4.4386027e-03
   8.3663233e-04
   4.9293373e-03
   6.0287725e-03
   4.3720899e-03
   5.5067879e-04
  -6.5179245e-03
  -2.1957207e-02
  -5.7795200e-02
  -6.3381268e-02
   0.0000000e+00
  -0.0000000e+00
  -4.1237775e-02
  -3.2720709e-02
  -2.2149832e-02
  -1.0415800e-02
   0.0000000e+00
   0.0000000e+00
   0.0000000e+00
   0.0000000e+00
   0.0000000e+00
   0.0000000e+00
   0.0000000e+00
   1.1990963e-03
  -1.8459458e-02
   2.7797941e-02
   2.3285100e-02
   0.0000000e+00
   0.0000000e+00
   0.0000000e+00
   2.5101044e-03
   1.8774812e-03
  -4.2057554e-04
  -3.5850407e-03
  -6.4276116e-03
  -7.0791902e-03
  -2.6977952e-02
  -2.0615312e-02
  -1.0506930e-02
  -1.8566471e-03
   3.3036085e-03
   5.1770368e-03
   4.0367787e-03
  -4.0865852e-03
  -5.0470407e-02
  -6.5278575e-02
   0.0000000e+00
  -0.0000000e+00
  -4.7002778e-02
  -4.8345062e-02
  -4.0096393e-02
  -2.1124891e-02
   0.0000000e+00
   0.0000000e+00
   0.0000000e+00
   0.0000000e+00
   0.0000000e+00
   0.0000000e+00
   0.0000000e+00
   1.0824200e-02
  -2.3226206e-02
   3.4760754e-02
   2.9644423e-02
   0.0000000e+00
  -7.9708968e-03
   4.8607870e-03
  -1.6677528e-03
  -4.5954932e-03
  -9.9705649e-03
  -1.6255577e-02
  -2.2678308e-02
  -2.6956072e-02
  -5.3256880e-02
  -5.3148719e-02
  -4.4187856e-02
  -3.0754894e-02
  -1.8334673e-02
  -8.5220357e-03
  -1.6433444e-03
   4.3763711e-05
  -2.4723496e-02
  -5.2477790e-02
  -2.3576900e-02
  -3.5191308e-02
  -5.0490436e-02
  -5.5703631e-02
  -5.5771575e-02
  -4.0922473e-02
   0.0000000e+00
   0.0000000e+00
   0.0000000e+00
   0.0000000e+00
   0.0000000e+00
   0.0000000e+00
   0.0000000e+00
   2.3427451e-02
  -2.0560121e-02
   1.6794578e-02
   2.7169383e-02
   0.0000000e+00
  -1.2643474e-03
   4.5024632e-03
  -5.8833855e-03
  -8.7029123e-03
  -1.7038429e-02
  -2.6952868e-02
  -3.7452867e-02
  -4.6764041e-02
  -5.9894498e-02
  -6.6581160e-02
  -6.3933290e-02
  -5.2799809e-02
  -3.8104870e-02
  -2.3245075e-02
  -8.4879640e-03
  -3.3450897e-03
  -2.2164358e-02
  -3.2575308e-02
  -2.3059869e-02
  -2.9694845e-02
  -4.4592933e-02
  -5.9165534e-02
  -7.3597082e-02
  -6.9441751e-02
   0.0000000e+00
   0.0000000e+00
   0.0000000e+00
   0.0000000e+00
   0.0000000e+00
   0.0000000e+00
   0.0000000e+00
   3.3605096e-02
  -9.0335923e-03
   0.0000000e+00
   2.4121340e-02
   0.0000000e+00
  -0.0000000e+00
   6.7743647e-04
  -4.2521628e-03
  -4.5662396e-03
  -1.1965864e-02
  -2.3323356e-02
  -3.6280598e-02
  -4.8911215e-02
  -5.2888081e-02
  -6.2223077e-02
  -6.3934454e-02
  -5.8038352e-02
  -4.5813639e-02
  -3.0975265e-02
  -1.1101429e-02
  -1.0381238e-03
  -0.0000000e+00
  -1.6905126e-02
  -1.1477096e-02
  -1.7756915e-02
  -3.2158793e-02
  -5.4938749e-02
  -8.5516192e-02
  -9.7443694e-02
   0.0000000e+00
   0.0000000e+00
   0.0000000e+00
   0.0000000e+00
   0.0000000e+00
   0.0000000e+00
   0.0000000e+00
   4.4503559e-02
  -3.4328767e-03
   0.0000000e+00
   0.0000000e+00
   0.0000000e+00
  -0.0000000e+00
  -2.1745413e-02
  -7.3790642e-03
  -1.3152169e-04
  -2.4023907e-03
  -1.2416023e-02
  -2.6001499e-02
  -4.0094168e-02
  -3.7524150e-02
  -4.7781525e-02
  -5.1721648e-02
  -5.0272238e-02
  -4.4084104e-02
  -3.5853121e-02
  -1.9329322e-02
   0.0000000e+00
  -1.4447424e-03
  -1.2309663e-02
  -5.8588445e-03
  -7.5396141e-03
  -1.7390016e-02
  -3.8839464e-02
  -7.7561608e-02
  -1.0899833e-01
   0.0000000e+00
   0.0000000e+00
   0.0000000e+00
   0.0000000e+00
   0.0000000e+00
   0.0000000e+00
   0.0000000e+00
   3.7048886e-02
   0.0000000e+00
   0.0000000e+00
   0.0000000e+00
   0.0000000e+00
  -0.0000000e+00
  -3.9988220e-02
  -1.6141187e-02
  -7.6364998e-04
   5.1930094e-03
   1.4615906e-03
  -1.0135056e-02
  -2.4070283e-02
  -1.9555030e-02
  -3.1269333e-02
  -3.6605383e-02
  -3.8194259e-02
  -3.9054822e-02
  -3.9446494e-02
  -3.3682157e-02
   0.0000000e+00
   9.7535662e-03
  -8.9064094e-03
  -5.4120124e-03
  -4.0426367e-03
  -8.5692968e-03
  -2.4363843e-02
  -5.9780192e-02
  -1.0195312e-01
   0.0000000e+00
   0.0000000e+00
   0.0000000e+00
   0.0000000e+00
   0.0000000e+00
   0.0000000e+00
   0.0000000e+00
   0.0000000e+00
   0.0000000e+00
   0.0000000e+00
   0.0000000e+00
   0.0000000e+00
   0.0000000e+00
  -0.0000000e+00
  -2.9300676e-02
  -4.6780502e-03
   7.3750398e-03
   1.3236877e-02
   6.9632187e-03
  -5.5446725e-03
  -8.9166556e-03
  -2.1643255e-02
  -2.7356428e-02
  -3.0902384e-02
  -3.7966210e-02
  -4.2249095e-02
  -3.0198009e-02
   0.0000000e+00
   0.0000000e+00
  -3.4488729e-03
  -3.2051282e-03
  -1.9733429e-03
  -5.0383150e-03
  -1.5992440e-02
  -4.5919689e-02
  -9.3219327e-02
   0.0000000e+00
   0.0000000e+00
   0.0000000e+00
   0.0000000e+00
   0.0000000e+00
   0.0000000e+00
   0.0000000e+00
   0.0000000e+00
   0.0000000e+00
   0.0000000e+00
   0.0000000e+00
   0.0000000e+00
   0.0000000e+00
  -0.0000000e+00
  -4.2363982e-02
  -2.4666905e-02
   7.1681007e-03
   1.8134045e-02
   1.7293152e-02
   6.0766057e-03
   4.8354915e-04
  -1.4072521e-02
  -1.8938120e-02
  -2.1254047e-02
  -3.7143590e-02
  -4.6166437e-02
   0.0000000e+00
   0.0000000e+00
   0.0000000e+00
   0.0000000e+00
   9.6746302e-03
   6.2736793e-03
   2.2786577e-03
  -5.6126849e-03
  -2.7890030e-02
  -7.2133094e-02
  -6.3873803e-02
   0.0000000e+00
  -0.0000000e+00
  -0.0000000e+00
  -0.0000000e+00
   0.0000000e+00
   0.0000000e+00
   0.0000000e+00
   0.0000000e+00
   0.0000000e+00
   0.0000000e+00
   0.0000000e+00
   0.0000000e+00
  -0.0000000e+00
  -4.6741222e-02
  -3.3857471e-02
   3.2235243e-03
   2.4605408e-02
   2.7704515e-02
   1.7092777e-02
   8.1454396e-03
  -8.5990228e-03
  -1.1948728e-02
  -1.0755235e-02
  -3.2750861e-02
  -4.5610223e-02
   0.0000000e+00
   0.0000000e+00
   0.0000000e+00
   0.0000000e+00
   0.0000000e+00
   1.7133487e-02
   1.1781961e-02
   4.2638912e-03
  -1.3977063e-02
  -5.1415668e-02
  -6.3873803e-02
  -0.0000000e+00
  -0.0000000e+00
  -0.0000000e+00
  -0.0000000e+00
   0.0000000e+00
   0.0000000e+00
   0.0000000e+00
   0.0000000e+00
   0.0000000e+00
   0.0000000e+00
   0.0000000e+00
   0.0000000e+00
   0.0000000e+00
   0.0000000e+00
  -4.2019884e-02
  -5.7705720e-03
   3.0829585e-02
   3.8403907e-02
   2.7404218e-02
   1.5056766e-02
  -1.3101949e-03
  -2.6521264e-03
   4.0438271e-03
  -1.4543959e-02
  -3.4247351e-02
   0.0000000e+00
   0.0000000e+00
   0.0000000e+00
   0.0000000e+00
   0.0000000e+00
   1.7041358e-02
   1.8897712e-02
   1.2372448e-02
   2.3827800e-04
  -2.6010143e-02
  -2.3820545e-02
  -0.0000000e+00
  -0.0000000e+00
   0.0000000e+00
   0.0000000e+00
   0.0000000e+00
  -0.0000000e+00
   0.0000000e+00
   0.0000000e+00
   0.0000000e+00
   0.0000000e+00
   0.0000000e+00
   0.0000000e+00
   0.0000000e+00
  -0.0000000e+00
  -5.1512341e-02
  -1.9537430e-02
   2.8470797e-02
   4.2442676e-02
   3.3797166e-02
   2.1064776e-02
   7.0521391e-03
   7.7258153e-03
   1.8438333e-02
   1.2574333e-02
   7.4755428e-03
   0.0000000e+00
   0.0000000e+00
   0.0000000e+00
   0.0000000e+00
   0.0000000e+00
   0.0000000e+00
   1.1964646e-02
   1.3641343e-02
   8.7136073e-03
  -6.9596653e-03
  -1.4309040e-02
  -0.0000000e+00
  -0.0000000e+00
   0.0000000e+00
  -0.0000000e+00
  -0.0000000e+00
  -0.0000000e+00
   0.0000000e+00
   0.0000000e+00
   0.0000000e+00
   0.0000000e+00
   0.0000000e+00
   0.0000000e+00
   0.0000000e+00
  -0.0000000e+00
  -3.0693341e-02
  -2.1729695e-02
   1.7417952e-02
   3.7251018e-02
   3.5302699e-02
   2.6903016e-02
   1.2404348e-02
   1.7094027e-02
   3.1299482e-02
   3.1138609e-02
   2.4720113e-02
   0.0000000e+00
   0.0000000e+00
   0.0000000e+00
   0.0000000e+00
   0.0000000e+00
   0.0000000e+00
  -0.0000000e+00
   5.3553434e-03
   1.3610646e-02
   7.0713195e-03
  -5.5131506e-03
   0.0000000e+00
   0.0000000e+00
   0.0000000e+00
  -0.0000000e+00
   0.0000000e+00
   0.0000000e+00
   0.0000000e+00
   0.0000000e+00
   0.0000000e+00
   0.0000000e+00
   0.0000000e+00
   0.0000000e+00
   0.0000000e+00
   0.0000000e+00
  -0.0000000e+00
  -1.1971423e-02
   1.3913967e-02
   3.9335796e-02
   4.0402966e-02
   2.0603294e-02
   8.6084644e-03
   1.5503745e-02
   3.7511528e-02
   4.4468936e-02
   0.0000000e+00
   0.0000000e+00
   0.0000000e+00
   0.0000000e+00
   0.0000000e+00
   0.0000000e+00
  -0.0000000e+00
  -2.9839976e-02
  -9.1981635e-03
   1.3266505e-02
   1.7441333e-02
   0.0000000e+00
  -0.0000000e+00
   0.0000000e+00
   0.0000000e+00
   0.0000000e+00
   0.0000000e+00
   0.0000000e+00
   0.0000000e+00
   0.0000000e+00
   0.0000000e+00
   0.0000000e+00
   0.0000000e+00
   0.0000000e+00
   0.0000000e+00
   0.0000000e+00
  -0.0000000e+00
  -1.1019458e-02
  -1.5349685e-02
   1.7870224e-02
   2.7552910e-02
   1.4814374e-02
   0.0000000e+00
   0.0000000e+00
   3.0138010e-02
   0.0000000e+00
   0.0000000e+00
   0.0000000e+00
   0.0000000e+00
   0.0000000e+00
   0.0000000e+00
   0.0000000e+00
  -0.0000000e+00
  -1.7620312e-02
  -3.4137880e-02
  -7.7739972e-03
   5.8345694e-03
  -2.1094876e-03
  -6.3230472e-03
   0.0000000e+00
   0.0000000e+00
   0.0000000e+00
   0.0000000e+00
   0.0000000e+00
   0.0000000e+00
   0.0000000e+00
   0.0000000e+00
   0.0000000e+00
   0.0000000e+00
   0.0000000e+00
   0.0000000e+00
   0.0000000e+00
  -0.0000000e+00
  -1.4719469e-02
  -6.4871959e-02
  -3.4966029e-02
  -9.2345842e-03
  -0.0000000e+00
   0.0000000e+00
   0.0000000e+00
   0.0000000e+00
   0.0000000e+00
   0.0000000e+00
   0.0000000e+00
   0.0000000e+00
   0.0000000e+00
   0.0000000e+00
   0.0000000e+00
  -0.0000000e+00
  -2.0390824e-02
   0.0000000e+00
  -0.0000000e+00
  -4.5126025e-02
  -1.3897787e-02
  -2.0087754e-02
  -1.0721678e-02
   0.0000000e+00
   0.0000000e+00
   0.0000000e+00
   0.0000000e+00
   0.0000000e+00
   0.0000000e+00
   0.0000000e+00
   0.0000000e+00
   0.0000000e+00
   0.0000000e+00
   0.0000000e+00
   0.0000000e+00
   0.0000000e+00
   0.0000000e+00
   0.0000000e+00
   0.0000000e+00
   0.0000000e+00
  -1.5186116e-02
  -1.6399438e-02
  -9.3933673e-03
  -8.4244384e-03
  -1.0396862e-02
  -1.9739897e-02
  -3.0868402e-02
  -2.5592463e-02
  -2.0870677e-02
  -2.2190916e-02
  -2.1358895e-02
  -1.7718704e-02
  -1.9678655e-02
  -0.0000000e+00
  -0.0000000e+00
  -0.0000000e+00
  -1.2278625e-02
  -5.0398040e-03
  -1.1843490e-02
   0.0000000e+00
   0.0000000e+00
   0.0000000e+00
   0.0000000e+00
   0.0000000e+00
   0.0000000e+00
   0.0000000e+00
   0.0000000e+00
   0.0000000e+00
   0.0000000e+00
   0.0000000e+00
   0.0000000e+00
   0.0000000e+00
   0.0000000e+00
  -7.2081063e-03
  -1.0905831e-02
  -7.2433334e-03
