   2.9988391e+00
   1.3738276e+00
   6.5269037e-01
  -4.1179305e-01
  -7.0812931e-01
   8.8231568e-01
   9.5872930e-01
   4.7362980e-01
   1.0105729e+00
   1.4179527e+00
   4.9446862e-01
   1.5480329e+00
   2.9632903e+00
   2.4658435e+00
   1.5223070e+00
   6.8990004e-01
  -1.6494103e-01
  -2.5105487e-01
  -4.5871641e-01
  -1.3641068e-01
   1.1123512e+00
   1.0132804e+00
   6.9240810e-01
   3.3433668e+00
   6.2032070e+00
   3.1909061e+00
  -1.1538476e+00
   6.1936962e-01
   2.0351727e+00
   2.4930152e+00
   2.3668452e+00
   2.7816814e+00
   3.6333382e+00
   4.9451969e+00
   6.0465270e+00
   5.8298388e+00
   7.7150132e-01
   5.8905229e-01
   4.4965569e-01
   1.7755048e-02
  -4.4473410e-01
  -7.5713256e-01
  -9.3430457e-01
  -9.4190708e-01
  -1.2834906e+00
  -1.2919039e+00
  -1.8767639e+00
   1.1857825e-01
   8.4981670e-02
   5.6867899e-01
   1.1756525e+00
   1.3944368e+00
   1.1135724e+00
   7.6738231e-01
   6.2664665e-01
   9.5367189e-01
   1.1059198e+00
   9.5709001e-01
   9.9842912e-01
   3.1889924e+00
   5.7947035e+00
   3.1226673e+00
   2.3003927e+00
   5.1138510e+00
   6.1605635e+00
   4.5150122e+00
   3.0443547e+00
   3.7466366e+00
   3.7435695e+00
   1.9183981e+00
   1.8596729e+00
   1.2915692e+00
  -5.3447567e-01
  -3.9397637e-02
   2.5923450e-01
  -3.7414816e-01
  -1.1070555e+00
  -1.5233110e+00
  -1.7227763e+00
  -1.7958503e+00
  -1.8964853e+00
  -2.2361504e+00
  -2.6823553e+00
  -1.7943191e+00
  -5.9105543e-01
   3.2739653e-02
   6.0646052e-01
   9.1829950e-01
   8.6419020e-01
   4.7745554e-01
  -2.1292638e-01
  -9.4906590e-01
  -1.5705781e+00
  -1.7951518e+00
  -1.4877626e+00
  -7.9679117e-01
   2.0832570e-01
   6.2156289e-01
   5.0586084e-01
   1.0197920e-01
  -4.2938201e-01
  -1.4339227e+00
  -2.4305610e+00
  -2.5589109e+00
  -2.1652737e+00
  -1.6523935e+00
  -1.1948371e+00
  -9.6071176e-01
  -3.2803191e-01
   1.7421588e-01
   3.3458767e-01
  -6.3288697e-01
  -1.4420320e+00
  -1.8604604e+00
  -1.9725103e+00
  -1.9708501e+00
  -1.9270514e+00
  -2.1274485e+00
  -4.5049022e+00
  -5.8807775e-01
  -4.3196017e-01
  -2.6645272e-01
   1.7115393e-01
   3.0557124e-01
   1.5077030e-01
  -3.3078203e-01
  -1.1369206e+00
  -1.9663931e+00
  -2.5036652e+00
  -2.4771530e+00
  -2.0458079e+00
  -1.3623276e+00
  -6.1183794e-01
  -3.5751921e-01
   2.5177315e-02
  -4.5785369e-01
  -1.6792424e+00
  -2.7414955e+00
  -3.3303123e+00
  -3.1191148e+00
  -2.3770058e+00
  -1.6375798e+00
  -1.2704356e+00
  -1.0039310e+00
   3.4375922e-01
   4.6675501e-01
   2.1236060e-01
  -7.6723210e-01
  -1.3711351e+00
  -1.6512162e+00
  -1.7158151e+00
  -1.6785856e+00
  -1.4493045e+00
  -1.1716227e+00
  -3.0176660e+00
  -5.0007672e-01
  -1.4337785e+00
  -7.4909175e-01
  -3.1345551e-01
  -1.6800717e-01
  -3.3147854e-01
  -8.3128897e-01
  -1.5413986e+00
  -2.0859686e+00
  -2.2460700e+00
  -2.0837620e+00
  -1.8509269e+00
  -1.3136713e+00
  -6.1199421e-01
  -4.0332889e-03
   4.0227792e-01
  -5.6633347e-01
  -1.7494055e+00
  -2.3261959e+00
  -2.6479061e+00
  -2.3601585e+00
  -1.7833579e+00
  -1.1601395e+00
  -8.9023601e-01
  -6.4148200e-01
  -2.1021859e-02
  -1.6065082e-02
  -2.1516875e-01
  -6.4548173e-01
  -9.6359814e-01
  -1.1448322e+00
  -1.2394971e+00
  -1.2700100e+00
  -9.4877158e-01
  -7.8550752e-02
  -5.1774006e-01
  -5.7235606e-01
  -1.9915117e+00
  -9.3935149e-01
  -6.7480871e-01
  -5.3293068e-01
  -6.3192902e-01
  -9.2658808e-01
  -1.1382970e+00
  -1.1526649e+00
  -1.0433915e+00
  -1.1512269e+00
  -1.3583666e+00
  -9.2930332e-01
  -1.6258673e-01
   5.4006364e-01
   3.3875717e-01
  -5.0529034e-01
  -6.4020847e-01
  -1.1897175e+00
  -1.6450117e+00
  -1.4398377e+00
  -9.3728928e-01
  -4.9409295e-01
   3.2475835e-03
  -6.2330256e-02
  -2.3060255e-01
  -3.4184229e-01
  -2.1241088e-01
  -2.1045584e-01
  -3.6813456e-01
  -6.2091006e-01
  -9.2749186e-01
  -9.9873802e-01
  -5.9870203e-01
   8.1720087e-01
   1.1637594e+00
  -6.7642323e-01
  -1.4042683e+00
  -1.2283158e+00
  -1.3403012e+00
  -9.6684015e-01
  -7.7688193e-01
  -5.9657711e-01
   3.6273895e-02
   5.5804234e-01
   1.5078731e-03
  -8.1408809e-01
  -1.2053993e+00
  -7.3670948e-01
  -3.1195876e-02
   3.6861351e-01
   3.4569601e-01
   4.3813199e-01
   1.3151478e+00
  -2.3419904e-01
  -4.9776000e-01
  -4.0386426e-01
  -1.7448101e-01
   1.2847452e-02
   4.0031767e-01
   3.2187790e-01
  -1.2854778e-01
  -3.5396761e-02
   3.1826688e-01
   4.0251471e-01
   1.3465027e-01
  -3.9699367e-01
  -8.6358159e-01
  -9.1680458e-01
  -2.8407048e-01
   1.6132827e+00
   2.6386730e+00
  -3.4555090e-01
  -7.0388681e-01
  -1.7235716e+00
  -2.1477215e+00
  -1.3332984e+00
  -5.9014738e-01
   2.4728675e-01
   2.0565276e+00
   2.5117005e+00
   3.7181263e-01
  -1.2171053e+00
  -1.3351241e+00
  -9.2959169e-01
  -1.2632165e-01
   5.7618627e-01
   1.2201196e+00
   2.2650719e+00
   3.2990058e+00
   3.8644730e-01
  -3.5198028e-02
   1.3644026e-01
  -2.2793267e-02
   5.5124676e-01
   4.3386022e-01
   2.6542860e-01
   2.7983692e-01
   4.5199160e-01
   7.8425718e-01
   7.6355968e-01
   2.4649004e-01
  -4.9822791e-01
  -9.7506179e-01
  -8.6099167e-01
   4.8110028e-02
   2.1853722e+00
   3.6560514e+00
  -1.2823678e-01
  -9.8547997e-02
  -1.7410819e+00
  -2.6660752e+00
  -1.2161342e+00
  -8.3098252e-02
   1.2053949e+00
   3.8642421e+00
   2.7787801e+00
  -2.2910807e-01
  -1.4591485e+00
  -1.3989702e+00
  -9.1490042e-01
   3.6661446e-01
   1.3794870e+00
   2.3447639e+00
   3.6637633e+00
   4.3255553e+00
   5.2916217e-01
   7.3248058e-02
   3.0926298e-01
   4.0451799e-02
   1.0727506e+00
   4.9606773e-01
   3.5265486e-01
   7.3505363e-01
   8.3262090e-01
   1.0536832e+00
   7.8383972e-01
  -6.6916899e-02
  -9.5599063e-01
  -1.1464375e+00
  -6.4296218e-01
   5.6968264e-01
   2.7752272e+00
   4.2277893e+00
  -3.3558328e-01
  -3.7039601e-01
  -1.3919460e+00
  -3.1621869e+00
  -7.2286442e-01
   7.1850525e-01
   2.4993890e+00
   5.7281963e+00
   1.8030717e+00
  -4.4418166e-01
  -9.3346932e-01
  -9.2114457e-01
  -2.0664386e-01
   1.3909149e+00
   2.4014519e+00
   3.3719198e+00
   4.5729733e+00
   4.6926663e+00
   7.3422469e-01
   1.7791441e-01
   4.4332669e-01
   4.2524074e-01
   1.7149577e+00
   5.1735130e-01
   7.7929752e-01
   8.3789996e-01
   8.6370806e-01
   9.1236005e-01
   3.8401570e-01
  -5.9124754e-01
  -1.3007733e+00
  -1.0505499e+00
  -2.4749725e-01
   1.0736234e+00
   3.1419180e+00
   3.9943655e+00
  -2.8796412e-01
  -2.4226408e-01
  -6.2919892e-01
  -2.9053726e+00
  -2.0132829e-01
   1.4588698e+00
   3.5574128e+00
   6.0930477e+00
   9.8556502e-01
  -9.0301130e-02
  -2.3114273e-01
  -1.6848826e-01
   7.8828267e-01
   2.0351313e+00
   3.0014304e+00
   3.9016634e+00
   4.8745087e+00
   4.3884328e+00
   7.8102013e-01
   6.3264328e-02
   3.5385656e-01
   9.0989233e-01
   1.8747352e+00
   6.7246688e-01
   1.1247545e+00
   5.5226696e-01
   4.9637829e-01
   3.3044600e-01
  -3.0474692e-01
  -1.0531655e+00
  -1.2163049e+00
  -5.6618603e-01
   3.7919113e-01
   1.6955904e+00
   3.5321419e+00
   3.3548203e+00
  -3.2128664e-01
  -4.7842413e-01
  -5.6106268e-01
  -1.7346118e+00
   6.4117727e-01
   2.4653186e+00
   4.4898537e+00
   5.1920773e+00
   7.1902310e-01
   1.4842915e-01
  -1.3816822e-01
   2.0524460e-01
   1.9830705e+00
   2.7018356e+00
   3.6250441e+00
   4.4181047e+00
   4.8380016e+00
   3.5672810e+00
   5.7693439e-01
  -1.5255994e-01
   1.0594471e-01
   1.2556997e+00
   1.4073490e+00
   7.9901286e-01
   1.0970700e+00
  -2.5840036e-01
  -2.8765705e-01
  -4.5277874e-01
  -8.7747543e-01
  -1.1118472e+00
  -8.0072431e-01
   5.2699145e-04
   9.4163797e-01
   2.2511934e+00
   3.9251706e+00
   2.7317377e+00
  -6.3463650e-01
  -7.9380888e-01
  -4.0139870e-01
  -1.2467283e-01
   1.7337239e+00
   3.4134408e+00
   4.9214701e+00
   3.7619052e+00
   2.4552646e-01
  -1.4262710e-01
  -9.2422461e-02
   9.6163567e-01
   2.9263470e+00
   3.3049031e+00
   4.1276961e+00
   4.6846645e+00
   4.2713815e+00
   2.3857146e+00
  -3.9893970e-02
  -4.3959548e-01
   6.4588696e-01
   1.1621900e+00
   9.2378472e-01
   4.8540056e-01
   2.5167441e-01
  -1.3348313e+00
  -1.2169928e+00
  -1.1786408e+00
  -1.2017992e+00
  -9.7743835e-01
  -3.9913898e-01
   4.2393132e-01
   1.3393912e+00
   2.5299137e+00
   3.8806269e+00
   1.4280665e+00
  -6.3300872e-01
  -6.4627121e-01
  -3.0017530e-01
   7.9482462e-01
   2.5616354e+00
   3.9120635e+00
   4.7123081e+00
   2.4780313e+00
  -1.3150426e-01
  -1.3889015e-01
   2.0368993e-01
   2.5385784e+00
   3.3555646e+00
   3.6113049e+00
   4.1883462e+00
   4.3006387e+00
   2.9421266e+00
   8.9285262e-01
  -7.3298020e-01
  -5.3802234e-01
   6.1300618e-01
   1.4110496e-01
  -2.2886178e-01
  -6.6734814e-01
  -1.0391255e+00
  -2.5280334e+00
  -2.3475099e+00
  -2.1535229e+00
  -1.8667520e+00
  -1.3327655e+00
  -5.5183303e-01
   3.6111833e-01
   1.2673641e+00
   2.2666584e+00
   3.1522303e+00
   6.0803447e-01
  -4.1759563e-01
  -3.1177697e-01
  -8.9366377e-02
   1.1928416e+00
   2.9193620e+00
   3.8467179e+00
   3.9626712e+00
   1.4647472e+00
   2.1359273e-01
  -5.6041575e-02
   3.6064046e-01
   3.3243998e+00
   3.6095146e+00
   3.5261829e+00
   3.6617534e+00
   3.1830190e+00
   1.0494795e+00
  -6.4328816e-01
  -1.3525690e+00
  -7.8691131e-01
  -7.0996554e-01
  -9.2528886e-01
  -1.5527416e+00
  -2.2173254e+00
  -2.4653379e+00
  -3.5667496e+00
  -3.5431398e+00
  -3.4351306e+00
  -3.1642708e+00
  -2.6537608e+00
  -1.9518482e+00
  -1.1477296e+00
  -3.7580756e-01
   5.6597381e-01
   1.5682434e+00
   3.1565853e-01
  -6.0473552e-01
  -7.1951906e-01
  -2.5995520e-01
   6.1704415e-01
   2.6079686e+00
   3.2936216e+00
   3.0361843e+00
   2.4433459e-01
   3.4996100e-01
  -1.0714457e-02
   1.3106758e+00
   3.3852545e+00
   3.3609320e+00
   2.8995449e+00
   2.6964623e+00
   1.9387564e+00
  -2.9205679e-01
  -1.2634772e+00
  -1.5420721e+00
  -1.3344125e+00
  -1.7418604e+00
  -1.9120864e+00
  -2.9842796e+00
  -3.3653115e+00
  -3.4821774e+00
  -3.2018778e+00
  -3.3038643e+00
  -3.4261645e+00
  -3.4910338e+00
  -3.3843224e+00
  -3.1539089e+00
  -2.9968582e+00
  -2.9771688e+00
  -2.8504006e+00
  -1.5008313e+00
  -3.1079498e-01
  -8.6573777e-01
  -2.5588664e+00
  -1.5339524e+00
  -1.9671771e-03
   2.0328838e+00
   2.6329712e+00
   2.3590792e+00
  -4.9396589e-01
   3.6539879e-01
   6.0769836e-02
   1.8020805e+00
   2.7581892e+00
   2.5117261e+00
   1.9050234e+00
   1.7121321e+00
   1.2602686e+00
  -7.3107577e-01
  -9.3803771e-01
  -1.3637262e+00
  -1.6221506e+00
  -2.2111888e+00
  -2.4760509e+00
  -2.9150065e+00
  -3.0696478e+00
  -3.1345902e+00
  -1.6629522e+00
  -1.6789187e+00
  -1.8135955e+00
  -2.0098284e+00
  -2.1836510e+00
  -2.3831778e+00
  -2.7863310e+00
  -3.5431949e+00
  -4.7522034e+00
  -4.3860087e+00
  -1.0350163e+00
  -1.7239316e+00
  -4.0515965e+00
  -3.4202571e+00
  -7.6688778e-01
   9.3873647e-01
   1.3994970e+00
   1.8009979e+00
  -3.8934807e-01
   3.6863432e-01
   1.7348500e-01
   1.4649102e+00
   2.4212479e+00
   1.6847065e+00
   6.2014062e-01
   7.7970981e-01
   1.2221903e+00
  -5.9742519e-01
   2.5438194e-02
  -3.7519785e-01
  -1.1811816e+00
  -1.3854087e+00
  -1.4643269e+00
  -1.6345253e+00
  -1.7173151e+00
  -1.7103746e+00
  -1.1121438e-01
   2.2263343e-02
   2.8172237e-02
  -1.2251421e-01
  -3.4901880e-01
  -6.4522128e-01
  -1.1356773e+00
  -1.9517788e+00
  -3.6363556e+00
  -5.3983824e+00
  -1.5906807e+00
  -4.4255120e+00
  -4.5466649e+00
  -3.5497250e+00
  -1.3269859e+00
  -6.7978102e-01
  -2.6205357e-01
   1.6606612e+00
   6.6579004e-01
   5.3236565e-01
   3.0093104e-01
   1.4635941e+00
   2.4286330e+00
   8.2830989e-01
  -9.7139222e-01
  -4.8556673e-02
   1.6638982e+00
   3.7656020e-02
  -5.7375452e-02
   3.3650959e-01
   1.7485310e-01
   1.7983717e-01
   1.4509885e-01
  -1.5280191e-02
  -1.6231972e-01
  -2.0489174e-01
  -4.8744888e-02
   2.4655912e-01
   6.0577887e-01
   7.7939891e-01
   6.8297946e-01
   4.1006244e-01
  -8.9704685e-02
  -8.8708489e-01
  -2.6733477e+00
  -5.5276309e+00
  -2.5185974e+00
  -4.6084857e+00
  -3.9002320e+00
  -3.6102607e+00
  -2.7345492e+00
  -2.0265402e+00
  -3.9406564e-01
   1.4533355e+00
   8.6579975e-01
   5.4447209e-01
   4.3780688e-01
   7.1455722e-01
   3.0918908e+00
   1.1638221e+00
  -1.9383785e+00
  -1.4600061e-01
   2.1500395e+00
   6.3618814e-01
  -1.9674875e-01
   1.8932457e-01
   7.0428137e-01
   6.1723203e-01
   5.1365876e-01
   2.6583118e-01
   3.7149916e-02
  -1.0348554e-01
  -1.4332457e+00
  -1.2432205e+00
  -7.0804473e-01
  -1.0280785e-02
   4.3598163e-01
   6.3860902e-01
   5.9413611e-01
   2.7365416e-01
  -1.0905555e+00
  -5.0611228e+00
  -4.3075508e+00
  -3.3514358e+00
  -3.8291433e+00
  -4.4013191e+00
  -4.3669377e+00
  -3.4914290e+00
  -1.7146793e-01
   8.0212704e-01
   7.7913034e-01
   3.6629616e-01
   1.1585899e-01
  -5.9425149e-03
   1.2897102e+00
   2.3244898e+00
  -2.2183597e+00
  -3.8102107e-01
   2.2693746e+00
   7.9260383e-01
  -4.7253926e-01
   5.5126941e-01
   4.9141135e-01
   2.1037577e-01
  -1.0332539e-01
  -5.5942375e-01
  -9.6723130e-01
  -1.2951610e+00
  -2.9684066e+00
  -3.1658688e+00
  -2.9708201e+00
  -2.2705890e+00
  -1.4946639e+00
  -8.3572363e-01
  -2.3973633e-01
   1.2234533e-01
   1.7384669e-01
  -4.8537661e+00
  -2.7685431e+00
  -2.0164876e+00
  -3.6035447e+00
  -4.3232466e+00
  -4.7984006e+00
  -4.4905217e+00
  -1.1181006e+00
   1.0471364e-01
   5.9849463e-01
  -5.2001385e-02
  -1.4345524e-01
  -4.5562767e-01
   5.6021430e-01
   2.8656344e+00
  -1.7839366e+00
  -3.3715855e-01
   1.5750080e+00
   1.0681715e+00
  -7.5512916e-02
   9.9137617e-01
   1.2928207e-01
  -1.8807046e-01
  -6.1628645e-01
  -1.3294426e+00
  -1.9649077e+00
  -2.5259564e+00
  -3.2649630e+00
  -3.7458662e+00
  -3.9605786e+00
  -3.6532564e+00
  -2.9806871e+00
  -2.2570193e+00
  -1.3529750e+00
  -4.9419554e-01
  -1.8077574e+00
  -3.0305949e+00
  -2.0165244e+00
  -1.7471164e+00
  -2.8845219e+00
  -3.8601503e+00
  -4.9482776e+00
  -5.6715318e+00
  -3.0153597e+00
  -9.5867070e-01
   3.5272698e-01
  -1.0251823e-01
  -6.6718403e-01
  -1.1628780e+00
  -2.2690608e-01
   3.7263766e+00
  -8.8956683e-01
  -6.4524242e-01
   1.2934929e+00
   1.0216516e+00
   2.9332120e-01
   8.4603119e-01
   7.8266358e-02
  -4.0821797e-02
  -3.0508475e-01
  -1.0820862e+00
  -1.8710927e+00
  -2.6020307e+00
  -2.8265057e+00
  -3.4453521e+00
  -3.8424077e+00
  -3.8791394e+00
  -3.5500286e+00
  -3.0270619e+00
  -2.1229318e+00
  -4.9427905e-01
  -1.1196147e+00
  -1.0668820e+00
  -1.0154040e+00
  -9.5384917e-01
  -1.9549297e+00
  -3.2078929e+00
  -4.8875422e+00
  -6.6150513e+00
  -4.4686125e+00
  -2.1272784e+00
   1.3104264e-01
  -5.9628381e-01
  -1.9309869e+00
  -1.6537590e+00
  -8.5798701e-01
   2.4671608e+00
   2.7202888e-01
  -4.4244588e-01
   1.2082488e+00
   8.6687305e-01
   7.8504684e-01
  -1.1416482e-01
  -2.3338961e-01
   8.2293377e-02
   3.1021756e-01
  -2.8958809e-01
  -1.1500179e+00
  -2.0177743e+00
  -1.9452672e+00
  -2.6995905e+00
  -3.1948036e+00
  -3.4147651e+00
  -3.4393656e+00
  -3.3999245e+00
  -2.9810884e+00
  -1.8100204e-01
   5.4425837e-01
  -6.1086271e-01
  -5.8918134e-01
  -3.0118962e-01
  -9.6793224e-01
  -2.1822887e+00
  -4.0658446e+00
  -6.6707581e+00
  -5.2332438e+00
  -3.4786308e+00
  -4.8948639e-01
  -1.3977662e+00
  -2.7633578e+00
  -2.9377801e+00
  -2.1320548e+00
   5.9729913e-01
   1.5379767e+00
  -2.0563672e-01
   5.4844477e-01
   7.9203063e-01
   9.0028931e-01
  -8.8539239e-01
  -1.0510281e+00
  -8.0226979e-02
   6.5779559e-01
   7.1135576e-01
  -2.5249960e-02
  -9.8100330e-01
  -7.5808750e-01
  -1.7187789e+00
  -2.3611727e+00
  -2.6876608e+00
  -2.9774850e+00
  -3.5190698e+00
  -3.2814503e+00
   2.1995139e-01
   2.4577328e+00
  -4.4134158e-02
  -2.7476554e-01
  -3.5710407e-02
  -3.7806467e-01
  -1.2657845e+00
  -3.0139348e+00
  -5.9428513e+00
  -5.4335272e+00
  -2.9485692e+00
  -2.0602590e+00
  -1.4507065e+00
  -2.9025383e+00
  -2.7493945e+00
  -3.3836928e+00
  -3.6577867e-02
   2.2954130e+00
   2.6467876e-01
   8.8255793e-01
   1.1272099e+00
   1.0928057e+00
  -8.7726098e-01
  -2.1830377e+00
  -3.9200940e-01
   5.3937202e-01
   1.3511375e+00
   1.1917005e+00
   3.5687763e-01
   1.2965267e-01
  -9.7734484e-01
  -1.7113894e+00
  -2.1262581e+00
  -2.6635313e+00
  -3.6792401e+00
  -2.9638080e+00
   5.3540235e-01
   3.3093882e+00
   8.9159942e-01
   3.7359594e-01
   3.4807828e-01
  -8.3591306e-02
  -7.3805687e-01
  -2.2048324e+00
  -5.0794459e+00
  -5.8118691e+00
  -1.8713473e+00
  -2.9618780e+00
  -1.6738254e+00
  -3.4474085e+00
  -2.3275409e+00
  -3.8137522e+00
   2.0920891e-01
   2.0589952e+00
   1.1167450e+00
   3.6736794e+00
   3.7035276e+00
   7.8376766e-01
  -4.5810297e-02
  -2.3115222e+00
  -1.0795487e+00
   3.1976219e-01
   1.3653236e+00
   1.7941210e+00
   1.2641056e+00
   8.3787601e-01
  -2.9869638e-01
  -1.0410802e+00
  -1.3879761e+00
  -2.1438510e+00
  -3.7188449e+00
  -1.3257456e+00
   1.2378602e+00
   2.8201488e+00
   5.1730070e-01
   1.0216376e+00
   1.0266612e+00
   6.2033816e-01
   6.3837948e-02
  -1.0602446e+00
  -3.6017651e+00
  -5.5475518e+00
  -1.5695030e+00
  -2.6070672e+00
  -1.5062234e+00
  -2.3005466e+00
  -1.6298131e-01
  -2.1845594e+00
   5.5910077e-01
  -6.3712013e-01
   4.9250020e-02
   9.2924563e-01
   1.3457115e+00
   5.5626045e-02
   7.0416809e-02
  -1.8445349e+00
  -1.9826872e+00
  -3.9758366e-01
   1.2021526e+00
   2.0135797e+00
   1.8180434e+00
   1.1946273e+00
   1.3383481e-01
  -5.2380389e-01
  -7.1138430e-01
  -1.4704743e+00
  -3.4644407e+00
  -2.4421100e-02
   1.3290610e+00
   2.4868147e+00
   5.3077647e-01
   6.3482267e-01
   1.4857362e+00
   1.2277820e+00
   8.2941612e-01
  -4.6649796e-02
  -2.2009995e+00
  -4.0749884e+00
  -1.3903540e+00
  -1.3897644e+00
  -1.4329129e+00
  -1.1150980e+00
   1.9500924e-01
  -2.0383456e-01
  -8.9163973e-01
  -1.7484319e+00
  -1.3820162e+00
  -1.3973530e+00
  -5.6301784e-01
   3.8038607e-01
   2.7825288e-02
  -7.5475593e-01
  -1.3444792e+00
  -1.1179373e+00
   9.4278757e-01
   2.0323378e+00
   2.0342101e+00
   1.3552135e+00
   5.1558685e-01
   6.6186338e-02
   1.0520366e-01
  -4.0057835e-01
  -1.8753907e+00
   9.7096478e-01
   1.1414497e+00
   1.9255932e+00
   6.7588864e-01
  -1.3435902e-02
   6.1338677e-01
   1.4463682e+00
   1.3528616e+00
   8.1859973e-01
  -6.2379246e-01
  -2.3563546e+00
  -1.1687789e+00
  -1.4777112e+00
  -6.1745820e-01
  -7.0448194e-01
  -1.0855991e-01
  -6.8773003e-01
  -1.3962790e+00
  -1.2453925e+00
  -1.6397804e+00
  -5.4918808e-01
   7.0602084e-01
   2.2132329e-02
   3.6930880e-01
  -4.0580855e-01
  -6.9249811e-01
  -1.2089630e+00
   5.2112971e-01
   1.7289264e+00
   1.9004879e+00
   1.5408789e+00
   8.9526674e-01
   6.5220679e-01
   8.7358741e-01
   6.6817384e-01
  -4.0429740e-02
   7.0795687e-01
   3.6322994e-01
   5.4851321e-01
   2.4899707e-01
   9.3681137e-02
  -6.3992043e-02
   5.6093424e-01
   1.2727277e+00
   1.1313612e+00
   2.9702419e-01
  -1.1077494e+00
  -5.0533308e-01
  -1.1799456e+00
  -2.8347063e-01
  -1.6694515e-02
  -5.9530157e-01
  -7.0664063e-01
  -1.6846879e+00
  -9.7798553e-01
  -5.4572848e-01
  -1.0950857e+00
   4.8777514e-01
   3.0711532e-01
   3.3911939e-01
  -7.0117529e-02
  -1.1013060e+00
  -9.8615168e-01
   1.0771742e-01
   1.3941142e+00
   1.8706890e+00
   1.7239202e+00
   1.0900404e+00
   9.8413033e-01
   1.5759085e+00
   1.6143955e+00
   9.5516717e-01
   9.9303537e-01
   1.7634068e-01
  -4.2048738e-03
  -1.7515426e-01
  -1.7728969e-01
   1.4177602e-02
  -5.5973340e-02
   2.7415922e-01
   9.4127325e-01
   7.0940232e-01
  -1.9783018e-01
   2.3422761e-02
  -5.5905482e-02
  -1.2891235e-01
  -2.6760929e-01
  -3.0163389e-01
  -5.1300863e-01
  -1.0953633e+00
  -5.8897105e-01
  -3.6626942e-01
   1.1331306e-01
   4.4913243e-01
   2.1616618e-01
  -1.2703609e-01
  -1.3382765e-02
  -8.2053286e-01
  -6.9923779e-01
   2.5878565e-01
   1.3165448e+00
   2.0273134e+00
   1.2662443e+00
   7.0290661e-01
   4.8595380e-01
   1.6785026e+00
   2.0965956e+00
   1.1354789e+00
   5.3522265e-01
  -2.1809054e-02
  -2.0545391e-01
  -4.2807771e-01
  -4.0865427e-01
  -1.7048595e-01
  -6.7850315e-01
  -6.0303250e-01
   2.1045727e-01
   7.8867835e-01
   7.9059275e-01
   7.9514440e-02
   4.3182521e-03
  -2.4635448e-01
   2.0007716e-01
   4.3088732e-03
   1.0905266e-01
  -5.7341589e-01
  -2.5771382e-01
  -5.4853335e-02
   6.9865064e-01
   3.7720381e-01
   2.2229565e-02
  -2.6287072e-01
  -8.4308358e-01
  -1.2155912e+00
  -1.2173335e+00
  -6.7213388e-02
  -1.8287373e-01
   1.2084598e+00
   1.8081820e-02
  -7.0747926e-02
  -1.2060259e+00
  -3.0702699e-01
   9.5429394e-01
   5.5808385e-01
  -3.8393469e-01
  -2.7828422e-01
  -4.8089955e-01
  -6.1354175e-01
  -3.9321434e-01
  -3.5267618e-01
  -7.8873449e-01
  -6.5910060e-01
  -1.1746699e+00
   1.3032243e-01
  -1.1934029e-01
  -3.1475854e-01
   1.8303553e-01
  -2.2730045e-01
  -1.0524013e-01
  -2.3417877e-01
  -1.2902570e-01
  -1.5865444e-02
  -6.4881984e-01
  -4.7759291e-01
  -4.8214534e-02
  -4.6407285e-02
   3.3245597e-01
   3.2230022e-01
  -2.3031919e-01
  -1.6119215e+00
  -2.3888984e+00
  -8.4333370e-01
  -2.1027872e+00
  -1.1073478e+00
  -1.8055371e+00
  -5.7619224e-01
   1.1457148e+00
   1.1190934e+00
   1.2803163e+00
   2.8622119e-01
  -4.5148810e-01
  -3.2268984e-01
  -6.5959777e-01
  -8.1795664e-01
  -3.3970001e-01
  -5.0660005e-01
  -7.2663085e-01
   5.3807151e-01
  -8.6653239e-01
  -1.4109522e+00
  -6.8986205e-01
  -9.8401880e-01
  -4.4441400e-01
   6.9292482e-01
   1.3349954e-01
  -3.4092950e-01
  -3.2746417e-01
  -2.3873607e-01
  -8.7151744e-01
  -7.9885165e-01
  -5.0944185e-02
  -2.6702782e-01
  -2.0318823e-01
  -1.0077927e+00
  -7.7216688e-01
  -3.8420861e-01
  -2.2317804e-01
  -9.3551317e-01
  -1.3532063e+00
  -1.4726491e+00
  -6.5715775e-01
  -1.0893427e+00
  -8.2007814e-01
  -6.2650714e-01
  -5.9473544e-01
  -7.8067329e-01
  -1.1152678e+00
  -1.1305446e+00
  -8.2539083e-01
  -7.5745709e-01
  -1.0688806e+00
  -1.1110328e+00
  -3.8438332e-01
   2.3525408e-01
   6.6368893e-01
   1.4726339e-01
  -4.6769856e-01
  -2.1603852e-01
  -3.5013712e-01
  -2.4070390e-01
  -3.9076956e-01
  -2.2749027e-01
  -2.2699753e-02
  -2.8768197e-01
  -5.5165075e-01
  -3.6515963e-01
  -4.4961245e-02
   1.7283612e-01
   7.7322183e-02
  -5.6338995e-02
  -5.3750109e-03
  -3.0722856e-02
  -6.6632569e-02
  -3.8560905e-01
  -7.3445215e-01
  -4.0076108e-01
