-START-OF-DATA-
   1.000 5.87366e-04
   6.000 5.89120e-04
  11.000 5.90874e-04
  16.000 5.92628e-04
  21.000 5.94382e-04
  26.000 5.96136e-04
  31.000 5.97890e-04
  36.000 5.99644e-04
  41.000 6.01398e-04
  46.000 6.03152e-04
  51.000 6.04906e-04
  56.000 6.06660e-04
  61.000 6.08414e-04
  66.000 6.10168e-04
  71.000 6.11922e-04
  76.000 6.13676e-04
  81.000 6.15430e-04
  86.000 6.17185e-04
  91.000 6.18939e-04
  96.000 6.20693e-04
 101.000 6.22447e-04
 106.000 6.24201e-04
 111.000 6.25955e-04
 116.000 6.27709e-04
 121.000 6.29463e-04
 126.000 6.31217e-04
 131.000 6.32971e-04
 136.000 6.34725e-04
 141.000 6.36479e-04
 146.000 6.38233e-04
 151.000 6.39987e-04
 156.000 6.41741e-04
 161.000 6.43495e-04
 166.000 6.45249e-04
 171.000 6.47003e-04
 176.000 6.48757e-04
 181.000 6.50511e-04
 186.000 6.52265e-04
 191.000 6.54019e-04
 196.000 6.55773e-04
 201.000 6.57527e-04
 206.000 6.59281e-04
 211.000 6.61035e-04
 216.000 6.62789e-04
 221.000 6.64543e-04
 226.000 6.66297e-04
 231.000 6.68051e-04
 236.000 6.69805e-04
 241.000 6.71559e-04
 246.000 6.73313e-04
 251.000 6.75068e-04
 256.000 6.76822e-04
 261.000 6.78576e-04
 266.000 6.80330e-04
 271.000 6.82084e-04
 276.000 6.83838e-04
 281.000 6.85592e-04
 286.000 6.87346e-04
 291.000 6.89100e-04
 296.000 6.90854e-04
 301.000 6.92608e-04
 306.000 6.94362e-04
 311.000 6.96116e-04
 316.000 6.97870e-04
 321.000 6.99624e-04
 326.000 7.01378e-04
 331.000 7.03132e-04
 336.000 7.04886e-04
 341.000 7.06640e-04
 346.000 7.08394e-04
 351.000 7.10148e-04
 356.000 7.11902e-04
 361.000 7.13656e-04
 366.000 7.15410e-04
 371.000 7.17164e-04
 376.000 7.18918e-04
 381.000 7.20672e-04
 386.000 7.22426e-04
 391.000 7.24180e-04
 396.000 7.25934e-04
 401.000 7.27688e-04
 406.000 7.29442e-04
 411.000 7.31196e-04
 416.000 7.32951e-04
 421.000 7.34705e-04
 426.000 7.36459e-04
 431.000 7.38213e-04
 436.000 7.39967e-04
 441.000 7.41721e-04
 446.000 7.43475e-04
 451.000 7.45229e-04
 456.000 7.46983e-04
 461.000 7.48737e-04
 466.000 7.50491e-04
 471.000 7.52245e-04
 476.000 7.53999e-04
 481.000 7.55753e-04
 486.000 7.57507e-04
 491.000 7.59261e-04
 496.000 7.61015e-04
 501.000 7.62769e-04
 506.000 7.64523e-04
 511.000 7.66277e-04
 516.000 7.68031e-04
 521.000 7.69785e-04
 526.000 7.71539e-04
 531.000 7.73293e-04
 536.000 7.75047e-04
 541.000 7.76801e-04
 546.000 7.78555e-04
 551.000 7.80309e-04
 556.000 7.82063e-04
 561.000 7.83817e-04
 566.000 7.85571e-04
 571.000 7.87325e-04
 576.000 7.89079e-04
 581.000 7.90834e-04
 586.000 7.92588e-04
 591.000 7.94342e-04
 596.000 7.96096e-04
 601.000 7.97850e-04
 606.000 7.99604e-04
 611.000 8.01358e-04
 616.000 8.03112e-04
 621.000 8.04866e-04
 626.000 8.06620e-04
 631.000 8.08374e-04
 636.000 8.10128e-04
 641.000 8.11882e-04
 646.000 8.13636e-04
 651.000 8.15390e-04
 656.000 8.17144e-04
 661.000 8.18898e-04
 666.000 8.20652e-04
 671.000 8.22406e-04
 676.000 8.24160e-04
 681.000 8.25914e-04
 686.000 8.27668e-04
 691.000 8.29422e-04
 696.000 8.31176e-04
 701.000 8.32930e-04
 706.000 8.34684e-04
 711.000 8.36438e-04
 716.000 8.38192e-04
 721.000 8.39946e-04
 726.000 8.41700e-04
 731.000 8.43454e-04
 736.000 8.45208e-04
 741.000 8.46962e-04
 746.000 8.48717e-04
 751.000 8.50471e-04
 756.000 8.52225e-04
 761.000 8.53979e-04
 766.000 8.55733e-04
 771.000 8.57487e-04
 776.000 8.59241e-04
 781.000 8.60995e-04
 786.000 8.62749e-04
 791.000 8.64503e-04
 796.000 8.66257e-04
 801.000 8.68011e-04
 806.000 8.69765e-04
 811.000 8.71519e-04
 816.000 8.73273e-04
 821.000 8.75027e-04
 826.000 8.76781e-04
 831.000 8.78535e-04
 836.000 8.80289e-04
 841.000 8.82043e-04
 846.000 8.83797e-04
 851.000 8.85551e-04
 856.000 8.87305e-04
 861.000 8.89059e-04
 866.000 8.90813e-04
 871.000 8.92567e-04
 876.000 8.94321e-04
 881.000 8.96075e-04
 886.000 8.97829e-04
 891.000 8.99583e-04
 896.000 9.01337e-04
 901.000 9.03091e-04
 906.000 9.04845e-04
 911.000 9.06600e-04
 916.000 9.08354e-04
 921.000 9.10108e-04
 926.000 9.11862e-04
 931.000 9.13616e-04
 936.000 9.15370e-04
 941.000 9.17124e-04
 946.000 9.18878e-04
 951.000 9.20632e-04
 956.000 9.22386e-04
 961.000 9.24140e-04
 966.000 9.25894e-04
 971.000 9.27648e-04
 976.000 9.29402e-04
 981.000 9.31156e-04
 986.000 9.32910e-04
 991.000 9.34664e-04
 996.000 9.36418e-04
1001.000 9.38172e-04
1006.000 9.39926e-04
1011.000 9.41680e-04
1016.000 9.43434e-04
1021.000 9.45188e-04
1026.000 9.46942e-04
1031.000 9.48696e-04
1036.000 9.50450e-04
1041.000 9.52204e-04
1046.000 9.53958e-04
1051.000 9.55712e-04
1056.000 9.57466e-04
1061.000 9.59220e-04
1066.000 9.60974e-04
1071.000 9.62729e-04
1076.000 9.64483e-04
1081.000 9.66237e-04
1086.000 9.67991e-04
1091.000 9.69745e-04
1096.000 9.71499e-04
1101.000 9.73253e-04
1106.000 9.75007e-04
1111.000 9.76761e-04
1116.000 9.78515e-04
1121.000 9.80269e-04
1126.000 9.82023e-04
1131.000 9.83777e-04
1136.000 9.85531e-04
1141.000 9.87285e-04
1146.000 9.89039e-04
1151.000 9.90793e-04
1156.000 9.92547e-04
1161.000 9.94301e-04
1166.000 9.96055e-04
1171.000 9.97809e-04
1176.000 9.99563e-04
1181.000 1.00132e-03
1186.000 1.00307e-03
1191.000 1.00483e-03
1196.000 1.00658e-03
1201.000 1.00833e-03
1206.000 1.01009e-03
1211.000 1.01184e-03
1216.000 1.01360e-03
1221.000 1.01535e-03
1226.000 1.01710e-03
1231.000 1.01886e-03
1236.000 1.02061e-03
1241.000 1.02237e-03
1246.000 1.02412e-03
1251.000 1.02587e-03
1256.000 1.02763e-03
1261.000 1.02938e-03
1266.000 1.03114e-03
1271.000 1.03289e-03
1276.000 1.03464e-03
1281.000 1.03640e-03
1286.000 1.03815e-03
1291.000 1.03991e-03
1296.000 1.04166e-03
1301.000 1.04341e-03
1306.000 1.04517e-03
1311.000 1.04692e-03
1316.000 1.04868e-03
1321.000 1.05043e-03
1326.000 1.05218e-03
1331.000 1.05394e-03
1336.000 1.05569e-03
1341.000 1.05745e-03
1346.000 1.05920e-03
1351.000 1.06095e-03
1356.000 1.06271e-03
1361.000 1.06446e-03
1366.000 1.06622e-03
1371.000 1.06797e-03
1376.000 1.06972e-03
1381.000 1.07148e-03
1386.000 1.07323e-03
1391.000 1.07499e-03
1396.000 1.07674e-03
1401.000 1.07849e-03
1406.000 1.08025e-03
1411.000 1.08200e-03
1416.000 1.08376e-03
1421.000 1.08551e-03
1426.000 1.08726e-03
1431.000 1.08902e-03
1436.000 1.09077e-03
1441.000 1.09253e-03
1446.000 1.09428e-03
1451.000 1.09603e-03
1456.000 1.09779e-03
1461.000 1.09954e-03
1466.000 1.10130e-03
1471.000 1.10305e-03
1476.000 1.10480e-03
1481.000 1.10656e-03
1486.000 1.10831e-03
1491.000 1.11007e-03
1496.000 1.11182e-03
1501.000 1.11358e-03
1506.000 1.11533e-03
1511.000 1.11708e-03
1516.000 1.11884e-03
1521.000 1.12059e-03
1526.000 1.12235e-03
1531.000 1.12410e-03
1536.000 1.12585e-03
1541.000 1.12761e-03
1546.000 1.12936e-03
1551.000 1.13112e-03
1556.000 1.13287e-03
1561.000 1.13462e-03
1566.000 1.13638e-03
1571.000 1.13813e-03
1576.000 1.13989e-03
1581.000 1.14164e-03
1586.000 1.14339e-03
1591.000 1.14515e-03
1596.000 1.14690e-03
1601.000 1.14866e-03
1606.000 1.15041e-03
1611.000 1.15216e-03
1616.000 1.15392e-03
1621.000 1.15567e-03
1626.000 1.15743e-03
1631.000 1.15918e-03
1636.000 1.16093e-03
1641.000 1.16269e-03
1646.000 1.16444e-03
1651.000 1.16620e-03
1656.000 1.16795e-03
1661.000 1.16970e-03
1666.000 1.17146e-03
1671.000 1.17321e-03
1676.000 1.17497e-03
1681.000 1.17672e-03
1686.000 1.17847e-03
1691.000 1.18023e-03
1696.000 1.18198e-03
1701.000 1.18374e-03
1706.000 1.18549e-03
1711.000 1.18724e-03
1716.000 1.18900e-03
1721.000 1.19075e-03
1726.000 1.19251e-03
1731.000 1.19426e-03
1736.000 1.19601e-03
1741.000 1.19777e-03
1746.000 1.19952e-03
1751.000 1.20128e-03
1756.000 1.20303e-03
1761.000 1.20478e-03
1766.000 1.20654e-03
1771.000 1.20829e-03
1776.000 1.21005e-03
1781.000 1.21180e-03
1786.000 1.21355e-03
1791.000 1.21531e-03
1796.000 1.21706e-03
1801.000 1.21882e-03
1806.000 1.22057e-03
1811.000 1.22232e-03
1816.000 1.22408e-03
1821.000 1.22583e-03
1826.000 1.22759e-03
1831.000 1.22934e-03
1836.000 1.23110e-03
1841.000 1.23285e-03
1846.000 1.23460e-03
1851.000 1.23636e-03
1856.000 1.23811e-03
1861.000 1.23987e-03
1866.000 1.24162e-03
1871.000 1.24337e-03
1876.000 1.24513e-03
1881.000 1.24688e-03
1886.000 1.24864e-03
1891.000 1.25039e-03
1896.000 1.25214e-03
1901.000 1.25390e-03
1906.000 1.25565e-03
1911.000 1.25741e-03
1916.000 1.25916e-03
1921.000 1.26091e-03
1926.000 1.26267e-03
1931.000 1.26442e-03
1936.000 1.26618e-03
1941.000 1.26793e-03
1946.000 1.26968e-03
1951.000 1.27144e-03
1956.000 1.27319e-03
1961.000 1.27495e-03
1966.000 1.27670e-03
1971.000 1.27845e-03
1976.000 1.28021e-03
1981.000 1.28196e-03
1986.000 1.28372e-03
1991.000 1.28547e-03
1996.000 1.28722e-03
2001.000 1.28898e-03
2006.000 1.29073e-03
2011.000 1.29249e-03
2016.000 1.29424e-03
2021.000 1.29599e-03
2026.000 1.29775e-03
2031.000 1.29950e-03
2036.000 1.30126e-03
2041.000 1.30301e-03
2046.000 1.30476e-03
2051.000 1.30652e-03
2056.000 1.30827e-03
2061.000 1.31003e-03
2066.000 1.31178e-03
2071.000 1.31353e-03
2076.000 1.31529e-03
2081.000 1.31704e-03
2086.000 1.31880e-03
2091.000 1.32055e-03
2096.000 1.32230e-03
2101.000 1.32406e-03
2106.000 1.32581e-03
2111.000 1.32757e-03
2116.000 1.32932e-03
2121.000 1.33107e-03
2126.000 1.33283e-03
2131.000 1.33458e-03
2136.000 1.33634e-03
2141.000 1.33809e-03
2146.000 1.33985e-03
2151.000 1.34160e-03
2156.000 1.34335e-03
2161.000 1.34511e-03
2166.000 1.34686e-03
2171.000 1.34862e-03
2176.000 1.35037e-03
2181.000 1.35212e-03
2186.000 1.35388e-03
2191.000 1.35563e-03
2196.000 1.35739e-03
2201.000 1.35914e-03
2206.000 1.36089e-03
2211.000 1.36265e-03
2216.000 1.36440e-03
2221.000 1.36616e-03
2226.000 1.36791e-03
2231.000 1.36966e-03
2236.000 1.37142e-03
2241.000 1.37317e-03
2246.000 1.37493e-03
2251.000 1.37668e-03
2256.000 1.37843e-03
2261.000 1.38019e-03
2266.000 1.38194e-03
2271.000 1.38370e-03
2276.000 1.38545e-03
2281.000 1.38720e-03
2286.000 1.38896e-03
2291.000 1.39071e-03
2296.000 1.39247e-03
2301.000 1.39422e-03
2306.000 1.39597e-03
2311.000 1.39773e-03
2316.000 1.39948e-03
2321.000 1.40124e-03
2326.000 1.40299e-03
2331.000 1.40474e-03
2336.000 1.40650e-03
2341.000 1.40825e-03
2346.000 1.41001e-03
2351.000 1.41176e-03
2356.000 1.41351e-03
2361.000 1.41527e-03
2366.000 1.41702e-03
2371.000 1.41878e-03
2376.000 1.42053e-03
2381.000 1.42228e-03
2386.000 1.42404e-03
2391.000 1.42579e-03
2396.000 1.42755e-03
2401.000 1.42930e-03
2406.000 1.43105e-03
2411.000 1.43281e-03
2416.000 1.43456e-03
2421.000 1.43632e-03
2426.000 1.43807e-03
2431.000 1.43982e-03
2436.000 1.44158e-03
2441.000 1.44333e-03
2446.000 1.44509e-03
2451.000 1.44684e-03
2456.000 1.44859e-03
2461.000 1.45035e-03
2466.000 1.45210e-03
2471.000 1.45386e-03
2476.000 1.45561e-03
2481.000 1.45737e-03
2486.000 1.45912e-03
2491.000 1.46087e-03
2496.000 1.46263e-03
2501.000 1.46438e-03
2506.000 1.46614e-03
2511.000 1.46789e-03
2516.000 1.46964e-03
2521.000 1.47140e-03
2526.000 1.47315e-03
2531.000 1.47491e-03
2536.000 1.47666e-03
2541.000 1.47841e-03
2546.000 1.48017e-03
2551.000 1.48192e-03
2556.000 1.48368e-03
2561.000 1.48543e-03
2566.000 1.48718e-03
2571.000 1.48894e-03
2576.000 1.49069e-03
2581.000 1.49245e-03
2586.000 1.49420e-03
2591.000 1.49595e-03
2596.000 1.49771e-03
2601.000 1.49946e-03
2606.000 1.50122e-03
2611.000 1.50297e-03
2616.000 1.50472e-03
2621.000 1.50648e-03
2626.000 1.50823e-03
2631.000 1.50999e-03
2636.000 1.51174e-03
2641.000 1.51349e-03
2646.000 1.51525e-03
2651.000 1.51700e-03
2656.000 1.51876e-03
2661.000 1.52051e-03
2666.000 1.52226e-03
2671.000 1.52402e-03
2676.000 1.52577e-03
2681.000 1.52753e-03
2686.000 1.52928e-03
2691.000 1.53103e-03
2696.000 1.53279e-03
2701.000 1.53454e-03
2706.000 1.53630e-03
2711.000 1.53805e-03
2716.000 1.53980e-03
2721.000 1.54156e-03
2726.000 1.54331e-03
2731.000 1.54507e-03
2736.000 1.54682e-03
2741.000 1.54857e-03
2746.000 1.55033e-03
2751.000 1.55208e-03
2756.000 1.55384e-03
2761.000 1.55559e-03
2766.000 1.55734e-03
2771.000 1.55910e-03
2776.000 1.56085e-03
2781.000 1.56261e-03
2786.000 1.56436e-03
2791.000 1.56611e-03
2796.000 1.56787e-03
2801.000 1.56962e-03
2806.000 1.57138e-03
2811.000 1.57313e-03
2816.000 1.57489e-03
2821.000 1.57664e-03
2826.000 1.57839e-03
2831.000 1.58015e-03
2836.000 1.58190e-03
2841.000 1.58366e-03
2846.000 1.58541e-03
2851.000 1.58716e-03
2856.000 1.58892e-03
2861.000 1.59067e-03
2866.000 1.59243e-03
2871.000 1.59418e-03
2876.000 1.59593e-03
2881.000 1.59769e-03
2886.000 1.59944e-03
2891.000 1.60120e-03
2896.000 1.60295e-03
2901.000 1.60470e-03
2906.000 1.60646e-03
2911.000 1.60821e-03
2916.000 1.60997e-03
2921.000 1.61172e-03
2926.000 1.61347e-03
2931.000 1.61523e-03
2936.000 1.61698e-03
2941.000 1.61874e-03
2946.000 1.62049e-03
2951.000 1.62224e-03
2956.000 1.62400e-03
2961.000 1.62575e-03
2966.000 1.62751e-03
2971.000 1.62926e-03
2976.000 1.63101e-03
2981.000 1.63277e-03
2986.000 1.63452e-03
2991.000 1.63628e-03
2996.000 1.63803e-03
3001.000 1.63978e-03
3006.000 1.64154e-03
3011.000 1.64329e-03
3016.000 1.64505e-03
3021.000 1.64680e-03
3026.000 1.64855e-03
3031.000 1.65031e-03
3036.000 1.65206e-03
3041.000 1.65382e-03
3046.000 1.65557e-03
3051.000 1.65732e-03
3056.000 1.65908e-03
3061.000 1.66083e-03
3066.000 1.66259e-03
3071.000 1.66434e-03
3076.000 1.66609e-03
3081.000 1.66785e-03
3086.000 1.66960e-03
3091.000 1.67136e-03
3096.000 1.67311e-03
3101.000 1.67486e-03
3106.000 1.67662e-03
3111.000 1.67837e-03
3116.000 1.68013e-03
3121.000 1.68188e-03
3126.000 1.68363e-03
3131.000 1.68539e-03
3136.000 1.68714e-03
3141.000 1.68890e-03
3146.000 1.69065e-03
3151.000 1.69241e-03
3156.000 1.69416e-03
3161.000 1.69591e-03
3166.000 1.69767e-03
3171.000 1.69942e-03
3176.000 1.70118e-03
3181.000 1.70293e-03
3186.000 1.70468e-03
3191.000 1.70644e-03
3196.000 1.70819e-03
3201.000 1.70995e-03
3206.000 1.71170e-03
3211.000 1.71345e-03
3216.000 1.71521e-03
3221.000 1.71696e-03
3226.000 1.71872e-03
3231.000 1.72047e-03
3236.000 1.72222e-03
3241.000 1.72398e-03
3246.000 1.72573e-03
3251.000 1.72749e-03
3256.000 1.72924e-03
3261.000 1.73099e-03
3266.000 1.73275e-03
3271.000 1.73450e-03
3276.000 1.73626e-03
3281.000 1.73801e-03
3286.000 1.73976e-03
3291.000 1.74152e-03
3296.000 1.74327e-03
3301.000 1.74503e-03
3306.000 1.74678e-03
3311.000 1.74853e-03
3316.000 1.75029e-03
3321.000 1.75204e-03
3326.000 1.75380e-03
3331.000 1.75555e-03
3336.000 1.75730e-03
3341.000 1.75906e-03
3346.000 1.76081e-03
3351.000 1.76257e-03
3356.000 1.76432e-03
3361.000 1.76607e-03
3366.000 1.76783e-03
3371.000 1.76958e-03
3376.000 1.77134e-03
3381.000 1.77309e-03
3386.000 1.77484e-03
3391.000 1.77660e-03
3396.000 1.77835e-03
3401.000 1.78011e-03
3406.000 1.78186e-03
3411.000 1.78361e-03
3416.000 1.78537e-03
3421.000 1.78712e-03
3426.000 1.78888e-03
3431.000 1.79063e-03
3436.000 1.79238e-03
3441.000 1.79414e-03
3446.000 1.79589e-03
3451.000 1.79765e-03
3456.000 1.79940e-03
3461.000 1.80116e-03
3466.000 1.80291e-03
3471.000 1.80466e-03
3476.000 1.80642e-03
3481.000 1.80817e-03
3486.000 1.80993e-03
3491.000 1.81168e-03
3496.000 1.81343e-03
3501.000 1.81519e-03
3506.000 1.81694e-03
3511.000 1.81870e-03
3516.000 1.82045e-03
3521.000 1.82220e-03
3526.000 1.82396e-03
3531.000 1.82571e-03
3536.000 1.82747e-03
3541.000 1.82922e-03
3546.000 1.83097e-03
3551.000 1.83273e-03
3556.000 1.83448e-03
3561.000 1.83624e-03
3566.000 1.83799e-03
3571.000 1.83974e-03
3576.000 1.84150e-03
3581.000 1.84325e-03
3586.000 1.84501e-03
3591.000 1.84676e-03
3596.000 1.84851e-03
3601.000 1.85027e-03
3606.000 1.85202e-03
3611.000 1.85378e-03
3616.000 1.85553e-03
3621.000 1.85728e-03
3626.000 1.85904e-03
3631.000 1.86079e-03
3636.000 1.86255e-03
3641.000 1.86430e-03
3646.000 1.86605e-03
3651.000 1.86781e-03
3656.000 1.86956e-03
3661.000 1.87132e-03
3666.000 1.87307e-03
3671.000 1.87482e-03
3676.000 1.87658e-03
3681.000 1.87833e-03
3686.000 1.88009e-03
3691.000 1.88184e-03
3696.000 1.88359e-03
3701.000 1.88535e-03
3706.000 1.88710e-03
3711.000 1.88886e-03
3716.000 1.89061e-03
3721.000 1.89236e-03
3726.000 1.89412e-03
3731.000 1.89587e-03
3736.000 1.89763e-03
3741.000 1.89938e-03
3746.000 1.90113e-03
3751.000 1.90289e-03
3756.000 1.90464e-03
3761.000 1.90640e-03
3766.000 1.90815e-03
3771.000 1.90990e-03
3776.000 1.91166e-03
3781.000 1.91341e-03
3786.000 1.91517e-03
3791.000 1.91692e-03
3796.000 1.91868e-03
3801.000 1.92043e-03
3806.000 1.92218e-03
3811.000 1.92394e-03
3816.000 1.92569e-03
3821.000 1.92745e-03
3826.000 1.92920e-03
3831.000 1.93095e-03
3836.000 1.93271e-03
3841.000 1.93446e-03
3846.000 1.93622e-03
3851.000 1.93797e-03
3856.000 1.93972e-03
3861.000 1.94148e-03
3866.000 1.94323e-03
3871.000 1.94499e-03
3876.000 1.94674e-03
3881.000 1.94849e-03
3886.000 1.95025e-03
3891.000 1.95200e-03
3896.000 1.95376e-03
3901.000 1.95551e-03
3906.000 1.95726e-03
3911.000 1.95902e-03
3916.000 1.96077e-03
3921.000 1.96253e-03
3926.000 1.96428e-03
3931.000 1.96603e-03
3936.000 1.96779e-03
3941.000 1.96954e-03
3946.000 1.97130e-03
3951.000 1.97305e-03
3956.000 1.97480e-03
3961.000 1.97656e-03
3966.000 1.97831e-03
3971.000 1.98007e-03
3976.000 1.98182e-03
3981.000 1.98357e-03
3986.000 1.98533e-03
3991.000 1.98708e-03
3996.000 1.98884e-03
4001.000 1.99059e-03
4006.000 1.99234e-03
4011.000 1.99410e-03
4016.000 1.99585e-03
4021.000 1.99761e-03
4026.000 1.99936e-03
4031.000 2.00111e-03
4036.000 2.00287e-03
4041.000 2.00462e-03
4046.000 2.00638e-03
4051.000 2.00813e-03
4056.000 2.00988e-03
4061.000 2.01164e-03
4066.000 2.01339e-03
4071.000 2.01515e-03
4076.000 2.01690e-03
4081.000 2.01865e-03
4086.000 2.02041e-03
4091.000 2.02216e-03
4096.000 2.02392e-03
4101.000 2.02567e-03
4106.000 2.02742e-03
4111.000 2.02918e-03
4116.000 2.03093e-03
4121.000 2.03269e-03
4126.000 2.03444e-03
4131.000 2.03620e-03
4136.000 2.03795e-03
4141.000 2.03970e-03
4146.000 2.04146e-03
4151.000 2.04321e-03
4156.000 2.04497e-03
4161.000 2.04672e-03
4166.000 2.04847e-03
4171.000 2.05023e-03
4176.000 2.05198e-03
4181.000 2.05374e-03
4186.000 2.05549e-03
4191.000 2.05724e-03
4196.000 2.05900e-03
4201.000 2.06075e-03
4206.000 2.06251e-03
4211.000 2.06426e-03
4216.000 2.06601e-03
4221.000 2.06777e-03
4226.000 2.06952e-03
4231.000 2.07128e-03
4236.000 2.07303e-03
4241.000 2.07478e-03
4246.000 2.07654e-03
4251.000 2.07829e-03
4256.000 2.08005e-03
4261.000 2.08180e-03
4266.000 2.08355e-03
4271.000 2.08531e-03
4276.000 2.08706e-03
4281.000 2.08882e-03
4286.000 2.09057e-03
4291.000 2.09232e-03
4296.000 2.09408e-03
4301.000 2.09583e-03
4306.000 2.09759e-03
4311.000 2.09934e-03
4316.000 2.10109e-03
4321.000 2.10285e-03
4326.000 2.10460e-03
4331.000 2.10636e-03
4336.000 2.10811e-03
4341.000 2.10986e-03
4346.000 2.11162e-03
4351.000 2.11337e-03
4356.000 2.11513e-03
4361.000 2.11688e-03
4366.000 2.11863e-03
4371.000 2.12039e-03
4376.000 2.12214e-03
4381.000 2.12390e-03
4386.000 2.12565e-03
4391.000 2.12740e-03
4396.000 2.12916e-03
4401.000 2.13091e-03
4406.000 2.13267e-03
4411.000 2.13442e-03
4416.000 2.13617e-03
4421.000 2.13793e-03
4426.000 2.13968e-03
4431.000 2.14144e-03
4436.000 2.14319e-03
4441.000 2.14494e-03
4446.000 2.14670e-03
4451.000 2.14845e-03
4456.000 2.15021e-03
4461.000 2.15196e-03
4466.000 2.15372e-03
4471.000 2.15547e-03
4476.000 2.15722e-03
4481.000 2.15898e-03
4486.000 2.16073e-03
4491.000 2.16249e-03
4496.000 2.16424e-03
4501.000 2.16599e-03
4506.000 2.16775e-03
4511.000 2.16950e-03
4516.000 2.17126e-03
4521.000 2.17301e-03
4526.000 2.17476e-03
4531.000 2.17652e-03
4536.000 2.17827e-03
4541.000 2.18003e-03
4546.000 2.18178e-03
4551.000 2.18353e-03
4556.000 2.18529e-03
4561.000 2.18704e-03
4566.000 2.18880e-03
4571.000 2.19055e-03
4576.000 2.19230e-03
4581.000 2.19406e-03
4586.000 2.19581e-03
4591.000 2.19757e-03
4596.000 2.19932e-03
4601.000 2.20107e-03
4606.000 2.20283e-03
4611.000 2.20458e-03
4616.000 2.20634e-03
4621.000 2.20809e-03
4626.000 2.20984e-03
4631.000 2.21160e-03
4636.000 2.21335e-03
4641.000 2.21511e-03
4646.000 2.21686e-03
4651.000 2.21861e-03
4656.000 2.22037e-03
4661.000 2.22212e-03
4666.000 2.22388e-03
4671.000 2.22563e-03
4676.000 2.22738e-03
4681.000 2.22914e-03
4686.000 2.23089e-03
4691.000 2.23265e-03
4696.000 2.23440e-03
4701.000 2.23615e-03
4706.000 2.23791e-03
4711.000 2.23966e-03
4716.000 2.24142e-03
4721.000 2.24317e-03
4726.000 2.24492e-03
4731.000 2.24668e-03
4736.000 2.24843e-03
4741.000 2.25019e-03
4746.000 2.25194e-03
4751.000 2.25369e-03
4756.000 2.25545e-03
4761.000 2.25720e-03
4766.000 2.25896e-03
4771.000 2.26071e-03
4776.000 2.26247e-03
4781.000 2.26422e-03
4786.000 2.26597e-03
4791.000 2.26773e-03
4796.000 2.26948e-03
4801.000 2.27124e-03
4806.000 2.27299e-03
4811.000 2.27474e-03
4816.000 2.27650e-03
4821.000 2.27825e-03
4826.000 2.28001e-03
4831.000 2.28176e-03
4836.000 2.28351e-03
4841.000 2.28527e-03
4846.000 2.28702e-03
4851.000 2.28878e-03
4856.000 2.29053e-03
4861.000 2.29228e-03
4866.000 2.29404e-03
4871.000 2.29579e-03
4876.000 2.29755e-03
4881.000 2.29930e-03
4886.000 2.30105e-03
4891.000 2.30281e-03
4896.000 2.30456e-03
4901.000 2.30632e-03
4906.000 2.30807e-03
4911.000 2.30982e-03
4916.000 2.31158e-03
4921.000 2.31333e-03
4926.000 2.31509e-03
4931.000 2.31684e-03
4936.000 2.31859e-03
4941.000 2.32035e-03
4946.000 2.32210e-03
4951.000 2.32386e-03
4956.000 2.32561e-03
4961.000 2.32736e-03
4966.000 2.32912e-03
4971.000 2.33087e-03
4976.000 2.33263e-03
4981.000 2.33438e-03
4986.000 2.33613e-03
4991.000 2.33789e-03
4996.000 2.33964e-03
5001.000 2.34140e-03
-END-OF-DATA-
force pCO2 follows the value above (in ppm)
