   7.0298040e-01
   5.9658794e-01
   4.8015732e-01
   3.7860125e-01
   3.1835689e-01
   3.5783628e-01
   5.0030684e-01
   7.4881950e-01
   1.0207232e+00
   1.2074028e+00
   1.2736976e+00
   1.1935008e+00
   1.0535036e+00
   8.7632568e-01
   6.3128173e-01
   3.1238621e-01
  -7.3808482e-02
  -3.6124849e-01
  -4.6681505e-01
  -4.4125581e-01
  -3.1594867e-01
  -1.2172408e-01
   1.4768778e-01
   3.7831786e-01
   4.3724230e-01
   2.9963034e-01
   1.6338031e-01
   2.9112819e-01
   7.2103832e-01
   1.1759083e+00
   1.3936198e+00
   1.3892290e+00
   1.2481992e+00
   1.1000674e+00
   9.5071418e-01
   8.1089693e-01
   1.1111381e+00
   1.1234131e+00
   9.2160273e-01
   7.3144388e-01
   5.6044197e-01
   3.9712685e-01
   2.5418070e-01
   2.4791923e-01
   3.8093257e-01
   4.2170769e-01
   4.5139992e-01
   5.1822263e-01
   6.2417656e-01
   7.5759894e-01
   6.6865957e-01
   3.9229059e-01
   1.8583372e-02
  -2.2488759e-01
  -1.0055408e-01
   2.1649420e-01
   5.5062234e-01
   9.2805314e-01
   1.1482172e+00
   1.2516631e+00
   1.3135813e+00
   7.8578836e-01
   7.6021552e-03
  -3.6665332e-02
   6.1453211e-01
   1.1334237e+00
   1.1535190e+00
   1.0245024e+00
   9.5706487e-01
   1.0642233e+00
   1.1937330e+00
   1.1049285e+00
   1.0942498e+00
   1.1436424e+00
   8.4428191e-01
   7.4978334e-01
   6.4738965e-01
   5.0113678e-01
   8.2879804e-02
  -9.7809151e-02
   2.8514141e-01
   1.6823386e-01
  -6.3830785e-02
   2.1137165e-01
   7.0128036e-01
   8.4567273e-01
   4.8280656e-01
   5.4194689e-01
   4.3710956e-01
  -1.9548967e-01
  -1.6010006e-01
   3.9471632e-01
   1.0621593e+00
   1.7466642e+00
   1.7064548e+00
   1.4129522e+00
   1.6409106e+00
   1.2513649e+00
   3.7659761e-01
   1.5632798e-01
   3.9094451e-01
   6.9034690e-01
   9.0074790e-01
   1.1495442e+00
   1.1983314e+00
   1.2582622e+00
   1.3108798e+00
   1.0215160e+00
  -9.7358164e-02
  -7.6735809e-02
  -2.1994385e-01
  -1.6940976e-01
  -1.1043370e-01
  -8.4221922e-02
  -4.7588736e-01
  -7.6003021e-01
  -3.2372433e-01
  -3.8401489e-01
  -8.0294508e-01
  -6.3787365e-01
  -4.9595101e-02
  -9.7304322e-03
  -3.6371684e-01
   2.4198717e-01
   1.4674583e-01
  -1.2029853e+00
  -1.1656234e+00
  -7.3954314e-03
   8.3184922e-01
   1.2826878e+00
   1.2126569e+00
   1.0057027e+00
   1.2104123e+00
   7.1799600e-01
  -2.7411944e-01
  -4.3080997e-01
  -5.2512503e-01
  -5.4135686e-01
  -3.7008759e-02
   2.6293316e-01
   1.8189652e-01
   1.1371425e-01
  -4.2635664e-02
  -2.1349911e-01
  -1.2029984e+00
  -1.2075050e+00
  -1.2292308e+00
  -1.1830031e+00
  -9.3579400e-01
  -8.5895908e-01
  -1.0126367e+00
  -1.2466397e+00
  -1.2010601e+00
  -1.2776484e+00
  -1.6868804e+00
  -1.4742277e+00
  -9.6630508e-01
  -9.2987049e-01
  -7.5777459e-01
   7.1389303e-03
  -5.4038757e-01
  -2.4546278e+00
  -2.1305101e+00
  -9.7247191e-02
   5.2055836e-01
   3.2355714e-01
   2.8691509e-01
   1.7482497e-01
   7.3927246e-02
  -7.2052896e-01
  -1.7075657e+00
  -1.4910994e+00
  -1.3909146e+00
  -1.5472188e+00
  -1.0006843e+00
  -9.1594601e-01
  -1.0955362e+00
  -1.1533533e+00
  -1.4389265e+00
  -1.3362249e+00
  -1.6421213e+00
  -1.6032646e+00
  -1.6316880e+00
  -1.5807183e+00
  -1.3137439e+00
  -1.2753617e+00
  -1.2661853e+00
  -1.4022324e+00
  -1.5296794e+00
  -1.7729641e+00
  -2.2243686e+00
  -1.7454469e+00
  -1.2502763e+00
  -1.1838566e+00
  -6.4731610e-01
  -1.5982544e-01
  -1.3225843e+00
  -3.3251531e+00
  -2.4742236e+00
  -5.2627072e-02
   6.9545180e-02
  -5.9011608e-01
  -7.3626125e-01
  -8.1600869e-01
  -1.0934396e+00
  -1.9833013e+00
  -2.6115811e+00
  -2.2487051e+00
  -1.7881833e+00
  -1.5223866e+00
  -1.2356555e+00
  -1.4587879e+00
  -1.7114792e+00
  -1.8489568e+00
  -2.0859971e+00
  -1.8428171e+00
  -1.6076311e+00
  -1.5367692e+00
  -1.5237328e+00
  -1.3943129e+00
  -1.2612892e+00
  -1.1982879e+00
  -1.1842774e+00
  -1.3120910e+00
  -1.3811173e+00
  -1.6004106e+00
  -1.8998846e+00
  -1.3565499e+00
  -7.5715780e-01
  -8.2928803e-01
  -6.2411840e-01
  -4.0453517e-01
  -1.8237866e+00
  -3.2660715e+00
  -2.0315835e+00
  -2.1044267e-01
  -5.9554489e-01
  -1.4133030e+00
  -1.5828696e+00
  -1.5167372e+00
  -1.7463629e+00
  -2.3286943e+00
  -2.5242651e+00
  -2.3109488e+00
  -1.6575603e+00
  -8.6569284e-01
  -8.6816370e-01
  -1.3661499e+00
  -1.7305941e+00
  -2.0089710e+00
  -2.0842326e+00
  -1.8387439e+00
  -1.3878490e+00
  -1.3322580e+00
  -1.2163716e+00
  -1.0770823e+00
  -9.7785771e-01
  -8.6222839e-01
  -8.9566338e-01
  -1.0028281e+00
  -1.1978930e+00
  -1.1401329e+00
  -9.0478855e-01
  -4.4286686e-01
   5.5159934e-02
  -4.2784950e-01
  -7.1150146e-01
  -7.1487832e-01
  -1.7763711e+00
  -2.1258284e+00
  -1.1439918e+00
  -4.3952012e-01
  -1.1845378e+00
  -1.9970540e+00
  -1.8100468e+00
  -1.6222806e+00
  -1.8918396e+00
  -2.0819728e+00
  -1.9844859e+00
  -1.8312849e+00
  -1.1992346e+00
  -3.4447964e-01
  -4.4299349e-01
  -1.0317218e+00
  -1.5288472e+00
  -1.8356359e+00
  -1.7777643e+00
  -1.5683983e+00
  -1.0209265e+00
  -9.7351938e-01
  -8.3680862e-01
  -7.8561133e-01
  -5.7151496e-01
  -4.6329680e-01
  -4.8924783e-01
  -5.5840802e-01
  -9.5990604e-01
  -6.5745336e-01
   1.8120322e-01
   7.8742349e-01
   6.6650033e-01
  -2.6664463e-01
  -5.1638657e-01
  -9.1215503e-01
  -1.1901175e+00
  -3.7527686e-01
  -1.8295817e-01
  -4.9384865e-01
  -1.3902764e+00
  -2.0071995e+00
  -1.3360217e+00
  -1.1761091e+00
  -1.6971767e+00
  -1.7598076e+00
  -1.4421619e+00
  -1.1826822e+00
  -6.5176845e-01
  -5.3704333e-02
  -1.0684067e-01
  -6.2404555e-01
  -1.2000421e+00
  -1.4209334e+00
  -1.3080736e+00
  -1.1199950e+00
  -4.6020722e-01
  -3.6664641e-01
  -3.6809200e-01
  -4.2293268e-01
  -6.4118624e-02
  -4.6563726e-02
   2.7621385e-02
  -7.8009821e-02
  -4.6249950e-01
  -1.5745756e-01
   1.0180027e+00
   2.1133747e+00
   8.4095317e-01
  -2.8734276e-01
   1.4702475e-01
  -8.5309708e-01
  -2.3289417e-01
   1.4004464e+00
   6.8959594e-01
  -3.0163217e-01
  -1.1344454e+00
  -1.2980573e+00
  -3.9870441e-01
  -3.9733639e-01
  -1.2643044e+00
  -1.5101576e+00
  -9.8954445e-01
  -6.0167086e-01
  -1.0812229e-01
   2.6702446e-01
   2.8436217e-01
  -1.2901641e-01
  -6.8768412e-01
  -7.9485953e-01
  -6.8620956e-01
  -4.8718747e-01
   6.7095399e-01
   9.0545248e-01
   6.0537382e-01
   6.0983964e-01
   8.7861354e-01
   7.2465154e-01
   1.0228769e+00
   5.9281925e-01
   8.6923247e-01
   8.5558253e-01
   1.9182756e+00
   3.4225284e+00
   4.4387387e-01
  -5.0062491e-02
   1.3269285e+00
  -2.2676684e-01
   1.1856569e+00
   2.7908368e+00
   1.6801056e+00
   1.3755880e-01
  -2.8628736e-01
   4.9863766e-01
   8.7934304e-01
   5.9670250e-01
  -2.9391625e-01
  -6.3512909e-01
  -2.5808988e-01
   1.0559902e-01
   8.9267334e-01
   1.3126116e+00
   1.4235385e+00
   8.7242455e-01
   4.4610040e-01
   3.9731711e-01
   4.6872795e-01
   7.5972642e-01
   1.8517209e+00
   2.1192195e+00
   1.7750880e+00
   1.9692476e+00
   2.0162096e+00
   1.8545113e+00
   2.1302683e+00
   1.5705762e+00
   2.1740968e+00
   2.0764306e+00
   3.2720009e+00
   3.9132075e+00
   3.1125361e-01
   4.9640891e-01
   1.6111588e+00
   3.6666954e-01
   2.1661935e+00
   3.4403057e+00
   2.2409160e+00
   3.2936566e-01
   3.7310481e-01
   1.7041595e+00
   1.8126475e+00
   1.1912991e+00
   8.6179173e-01
   1.0643449e+00
   9.5148754e-01
   1.4878321e+00
   2.3335325e+00
   2.6047771e+00
   2.8659451e+00
   2.0842011e+00
   1.7135999e+00
   1.6405814e+00
   1.7440567e+00
   2.0290294e+00
   2.6308765e+00
   2.8228676e+00
   2.5731030e+00
   2.8821237e+00
   2.8408613e+00
   2.8244841e+00
   2.8952961e+00
   2.4682763e+00
   2.9915736e+00
   2.9794888e+00
   4.3947301e+00
   4.0548449e+00
   5.6506962e-01
   7.6791519e-01
   1.2724820e+00
   5.2228546e-01
   2.7010610e+00
   3.9920912e+00
   2.3207965e+00
   2.5311279e-01
   6.8773389e-01
   2.1391037e+00
   2.4313498e+00
   1.6931999e+00
   1.7354128e+00
   2.3172283e+00
   2.3446720e+00
   3.0559516e+00
   3.4041791e+00
   3.5034900e+00
   3.7353430e+00
   2.9247060e+00
   2.5806260e+00
   2.4426737e+00
   2.6269212e+00
   2.7714443e+00
   3.0962634e+00
   3.1692206e+00
   3.0610185e+00
   3.4225614e+00
   3.3631329e+00
   3.5420382e+00
   3.3670769e+00
   3.1844866e+00
   3.5044954e+00
   3.6472356e+00
   5.1888583e+00
   3.9472351e+00
   9.1100162e-01
   8.5009860e-01
   6.8638778e-01
   4.5924246e-01
   3.0098602e+00
   4.4035177e+00
   2.1287248e+00
   5.6519229e-02
   8.4500694e-01
   2.2510297e+00
   2.8465826e+00
   2.1438458e+00
   2.3836610e+00
   3.1821908e+00
   3.6937668e+00
   4.4567685e+00
   4.1177628e+00
   4.1132650e+00
   4.1809201e+00
   3.4348175e+00
   3.1072719e+00
   2.9001527e+00
   3.1663184e+00
   3.1321809e+00
   2.8418229e+00
   2.7291621e+00
   2.8050043e+00
   3.0570101e+00
   3.0938253e+00
   3.5152043e+00
   3.1236517e+00
   3.3654515e+00
   3.4917131e+00
   3.8904139e+00
   5.0114827e+00
   3.1829082e+00
   1.1734081e+00
   4.9482023e-01
  -2.4321413e-01
   3.9170289e-02
   3.0424811e+00
   4.4185097e+00
   1.3593107e+00
  -3.3832315e-01
   8.4921632e-01
   2.0904879e+00
   2.9131899e+00
   2.6245043e+00
   2.5920857e+00
   3.1580261e+00
   4.9154408e+00
   5.1553069e+00
   3.9246613e+00
   4.1483887e+00
   3.6520364e+00
   3.1100478e+00
   2.8028445e+00
   2.5522316e+00
   2.8507216e+00
   2.6214229e+00
   1.4654448e+00
   1.3188797e+00
   1.4820434e+00
   1.4990991e+00
   1.5164557e+00
   1.8267632e+00
   1.5849466e+00
   2.2500362e+00
   2.5001569e+00
   3.1408262e+00
   3.4417956e+00
   1.1984743e+00
   2.6192215e-01
   6.1893776e-02
  -8.2212114e-01
  -2.1500425e-01
   2.7313645e+00
   3.2260327e+00
   3.4749579e-01
  -4.6968397e-01
   8.2928640e-01
   1.8438447e+00
   2.3420515e+00
   2.1156499e+00
   2.0594671e+00
   2.6050251e+00
   3.8485146e+00
   3.2599261e+00
   2.6228070e+00
   3.1034300e+00
   2.1802406e+00
   1.5815207e+00
   1.1608229e+00
   1.0422025e+00
   1.2458678e+00
   1.1063743e+00
   7.6328769e-02
  -2.7625859e-03
   1.6845840e-01
   6.2781557e-02
  -1.7536677e-02
   1.1638653e-01
   1.8712163e-02
   9.3977928e-01
   1.3543081e+00
   2.0800285e+00
   1.9642440e+00
  -5.5489820e-01
  -8.5731864e-01
  -3.6952263e-01
  -1.3105853e+00
  -5.2660656e-01
   2.3182962e+00
   2.1764722e+00
  -4.4296500e-01
  -6.3489836e-01
   6.7176831e-01
   1.2996422e+00
   1.4788715e+00
   1.2444512e+00
   1.5160433e+00
   2.1878552e+00
   2.3388360e+00
   1.3943517e+00
   1.4722593e+00
   1.9152371e+00
   8.4122950e-01
   1.3078712e-01
  -3.7999392e-01
  -4.2615303e-01
  -2.6551488e-01
  -3.0498803e-01
  -1.4883327e+00
  -1.4442103e+00
  -1.3010891e+00
  -1.4918990e+00
  -1.7184660e+00
  -1.8130631e+00
  -1.7516204e+00
  -6.2172565e-01
  -3.7186961e-03
   7.4390708e-01
   3.4949238e-01
  -2.4140437e+00
  -2.2105402e+00
  -8.5289664e-01
  -1.8162991e+00
  -9.0315705e-01
   1.8070297e+00
   1.0657541e+00
  -1.2261997e+00
  -8.3614411e-01
   4.3055034e-01
   5.4957644e-01
   3.7347396e-01
   9.7114240e-02
   9.0121747e-01
   1.7834065e+00
   4.3739865e-01
  -6.8499653e-01
   2.5215651e-01
   5.1487887e-01
  -5.9902177e-01
  -1.4605930e+00
  -2.0614839e+00
  -2.0542310e+00
  -1.9176012e+00
  -1.8400577e+00
  -3.5700545e+00
  -3.2837048e+00
  -3.2587116e+00
  -3.3108585e+00
  -3.6455753e+00
  -3.9035769e+00
  -3.8556275e+00
  -3.1860101e+00
  -2.1730623e+00
  -1.6401794e+00
  -1.9647872e+00
  -3.6155486e+00
  -3.7079511e+00
  -2.3617449e+00
  -3.1977315e+00
  -2.6639452e+00
   6.7240673e-01
   6.4752269e-01
  -1.9264164e+00
  -2.1970949e+00
  -9.6742237e-01
  -1.4981202e+00
  -2.4720683e+00
  -1.6325455e+00
  -4.9207389e-02
   3.8448691e-01
  -7.5082433e-01
  -1.4061967e+00
  -1.2221961e+00
  -1.5730076e+00
  -2.5634942e+00
  -3.3562040e+00
  -3.7849057e+00
  -3.9849401e+00
  -3.8693910e+00
  -3.7947149e+00
  -4.0950871e+00
  -3.8035154e+00
  -3.7042832e+00
  -3.6776028e+00
  -3.8724928e+00
  -4.1031914e+00
  -4.2110071e+00
  -4.0325303e+00
  -3.1302919e+00
  -2.4135938e+00
  -2.6039915e+00
  -3.3886492e+00
  -3.7289236e+00
  -3.2807317e+00
  -4.1402340e+00
  -4.0709343e+00
  -1.5422902e-01
   8.8162768e-01
  -2.0362759e+00
  -3.1997526e+00
  -2.2450175e+00
  -2.5131912e+00
  -3.8397691e+00
  -2.4879956e+00
  -6.7165250e-01
  -7.0438188e-01
  -2.0072039e-02
  -1.6332087e-01
  -1.5699023e+00
  -2.2429590e+00
  -3.0523882e+00
  -3.6553907e+00
  -3.9624903e+00
  -4.2725949e+00
  -4.2658224e+00
  -4.2849169e+00
  -4.3916426e+00
  -4.1162448e+00
  -3.9039063e+00
  -3.8115501e+00
  -3.8711777e+00
  -4.0722814e+00
  -4.3388148e+00
  -4.5512695e+00
  -3.9148807e+00
  -2.9139260e+00
  -2.8519931e+00
  -3.1540336e+00
  -3.6216855e+00
  -3.9098594e+00
  -4.8754893e+00
  -5.2745945e+00
  -1.0426916e+00
   9.5041441e-01
  -2.1253696e+00
  -3.9096267e+00
  -3.3342182e+00
  -3.2846972e+00
  -4.7231836e+00
  -3.3788189e+00
  -1.3366586e+00
  -1.5886455e+00
   5.5736471e-01
   1.0557934e+00
  -1.7008717e+00
  -2.6789986e+00
  -3.2188787e+00
  -3.6924646e+00
  -3.9409485e+00
  -4.3334065e+00
  -4.4251223e+00
  -4.5418883e+00
  -4.2182644e+00
  -4.0114617e+00
  -3.5654927e+00
  -3.4236060e+00
  -3.3328452e+00
  -3.4958235e+00
  -3.9631029e+00
  -4.4064353e+00
  -4.4786590e+00
  -2.8816917e+00
  -2.2112128e+00
  -2.8762690e+00
  -3.1991506e+00
  -3.9718439e+00
  -5.2735929e+00
  -6.2605954e+00
  -2.3054142e+00
   6.0441083e-01
  -2.1966536e+00
  -4.0590023e+00
  -4.2108754e+00
  -3.6495581e+00
  -4.6301835e+00
  -4.5905677e+00
  -2.2746269e+00
  -2.1749982e+00
   8.4285498e-01
   2.4611283e+00
  -1.3423743e+00
  -2.6615029e+00
  -2.6460093e+00
  -3.1139740e+00
  -3.4474245e+00
  -3.8742091e+00
  -4.0599719e+00
  -4.3054502e+00
  -3.7015975e+00
  -3.4105609e+00
  -2.9187717e+00
  -2.6482704e+00
  -2.6629647e+00
  -2.8282785e+00
  -3.2675152e+00
  -3.7602570e+00
  -4.2182827e+00
  -2.5958321e+00
  -1.1133131e+00
  -2.4641471e+00
  -2.8871572e+00
  -2.9046966e+00
  -4.2874246e+00
  -5.8973012e+00
  -3.5526166e+00
  -4.7341555e-01
  -2.0095711e+00
  -2.9410492e+00
  -3.3330703e+00
  -3.1553521e+00
  -3.3878911e+00
  -5.1244798e+00
  -3.2232461e+00
  -2.2746668e+00
  -8.2885319e-01
   1.8846191e+00
  -5.3954887e-01
  -1.9418356e+00
  -1.3861132e+00
  -2.1817567e+00
  -2.6508565e+00
  -3.1650264e+00
  -3.3694611e+00
  -3.5877199e+00
  -3.2395580e+00
  -2.9004202e+00
  -2.4739852e+00
  -2.1302710e+00
  -2.1825686e+00
  -2.3520074e+00
  -2.6760318e+00
  -3.2910292e+00
  -3.7315865e+00
  -2.4983253e+00
  -7.5529802e-01
  -1.6823410e+00
  -2.3382831e+00
  -2.0436356e+00
  -3.1580615e+00
  -5.1251335e+00
  -4.0697746e+00
  -1.0018944e+00
  -1.4746088e+00
  -2.0278287e+00
  -2.2192011e+00
  -2.5333548e+00
  -2.6688290e+00
  -4.6894584e+00
  -3.7047687e+00
  -2.6620197e+00
  -2.1550465e+00
   8.0937636e-01
   8.3691664e-03
  -1.1450707e+00
  -5.1266897e-01
  -1.4899893e+00
  -2.0014393e+00
  -2.5545142e+00
  -2.8721495e+00
  -2.9943342e+00
  -2.6856875e+00
  -2.3454838e+00
  -2.0124249e+00
  -1.6287522e+00
  -1.6574634e+00
  -1.8246472e+00
  -2.0212162e+00
  -2.7593853e+00
  -3.1235743e+00
  -2.4205828e+00
  -6.2871003e-01
  -6.7740351e-01
  -1.5050714e+00
  -1.1806259e+00
  -1.9294336e+00
  -4.0812154e+00
  -4.1820087e+00
  -1.2398632e+00
  -7.2514284e-01
  -1.1604590e+00
  -1.0983142e+00
  -1.8049629e+00
  -2.0542662e+00
  -3.8415594e+00
  -3.9464610e+00
  -3.1417952e+00
  -3.1935196e+00
  -3.3264977e-01
   4.9439132e-01
  -2.1060002e-01
   3.1729853e-01
  -7.5713462e-01
  -1.2951351e+00
  -1.8557495e+00
  -2.3290102e+00
  -2.3585970e+00
  -1.8733104e+00
  -1.6723706e+00
  -1.4196040e+00
  -1.0784220e+00
  -9.2415804e-01
  -1.0648967e+00
  -1.1914603e+00
  -1.9673266e+00
  -2.4003540e+00
  -2.2717286e+00
  -7.4197783e-01
   6.0379078e-01
  -2.3057886e-02
  -3.2454754e-01
  -7.3097204e-01
  -2.6263304e+00
  -3.4192896e+00
  -8.3734299e-01
   3.4369690e-01
  -4.7566688e-01
  -3.9774848e-01
  -9.5825094e-01
  -1.5094917e+00
  -2.5028245e+00
  -3.6610237e+00
  -3.6078692e+00
  -3.2533429e+00
  -1.0437360e+00
   8.6567199e-01
   9.5378136e-01
   1.1357593e+00
   1.6855050e-01
  -4.1202209e-01
  -9.0580651e-01
  -1.5744051e+00
  -1.6027327e+00
  -6.8592232e-01
  -5.9959233e-01
  -4.1289592e-01
  -9.9743024e-02
   9.0200439e-02
   1.9859999e-02
  -1.6174261e-01
  -7.7876693e-01
  -1.3665596e+00
  -1.6593508e+00
  -3.8022006e-01
   1.4019861e+00
   1.1918159e+00
   7.0105541e-01
   3.8081151e-01
  -7.5815815e-01
  -1.4825284e+00
  -1.3570577e-01
   9.9998003e-01
   1.1697474e-01
  -3.6725420e-01
  -1.1427745e-01
  -4.1757900e-01
  -1.2060353e+00
  -2.3861785e+00
  -2.8787439e+00
  -2.0335019e+00
  -5.5620933e-01
   1.0432490e+00
   2.0106461e+00
   2.1666713e+00
   1.4438150e+00
   7.9524457e-01
   2.4759014e-01
  -3.4466133e-01
  -5.4972839e-01
   3.5533684e-01
   4.6536940e-01
   6.0151267e-01
   8.9247787e-01
   9.0065241e-01
   8.5958165e-01
   6.4016855e-01
   1.1686646e-01
  -2.1915354e-01
  -9.0098083e-01
  -6.1198249e-03
   1.7714107e+00
   1.5114214e+00
   1.3318481e+00
   1.3783910e+00
   7.9314178e-01
   2.5491887e-01
   3.3501786e-01
   1.1108412e+00
   6.7512560e-01
   7.0408911e-02
   6.3752598e-01
   6.3970923e-01
   1.8738560e-01
  -8.4007084e-01
  -1.8065889e+00
  -1.0845888e+00
  -1.7922391e-01
   9.4514287e-01
   2.4079266e+00
   2.8556790e+00
   2.4704955e+00
   1.8347672e+00
   1.1724428e+00
   7.1418929e-01
   4.2434198e-01
   1.2468195e+00
   1.3834745e+00
   1.5012875e+00
   1.7247393e+00
   1.5387767e+00
   1.4700143e+00
   1.2296345e+00
   8.2051488e-01
   8.6106271e-01
  -1.6923909e-01
   1.1783626e-01
   1.9687593e+00
   1.6534481e+00
   1.5402618e+00
   2.0450089e+00
   1.9977963e+00
   1.6952594e+00
   8.9772141e-01
   1.1801485e+00
   1.1945388e+00
   8.7037408e-01
   1.3905731e+00
   1.5512193e+00
   1.7980380e+00
   8.5254091e-01
  -7.8246286e-01
  -5.6260997e-01
  -2.6435968e-01
   5.2694255e-01
   2.1908379e+00
   2.9678228e+00
   3.1021701e+00
   2.6002545e+00
   1.9261725e+00
   1.5601006e+00
   1.2587969e+00
   1.7231515e+00
   1.8463504e+00
   1.9714090e+00
   2.1149370e+00
   1.8153820e+00
   1.6812500e+00
   1.4323954e+00
   1.2105241e+00
   1.5374789e+00
   3.1141080e-01
  -5.1525647e-02
   1.8083123e+00
   1.6938151e+00
   1.2909910e+00
   1.9233925e+00
   2.4149372e+00
   2.4712961e+00
   1.5091809e+00
   1.3563484e+00
   1.4635369e+00
   1.5378524e+00
   1.9002643e+00
   2.0873897e+00
   3.0287654e+00
   2.3285641e+00
   1.4390674e-01
  -5.1306138e-01
  -8.0640798e-01
  -2.6122102e-01
   1.2296286e+00
   2.2019774e+00
   2.9053436e+00
   2.7199973e+00
   2.2042910e+00
   1.9402513e+00
   1.6974311e+00
   1.5846141e+00
   1.6748796e+00
   1.8057705e+00
   1.9123062e+00
   1.6044919e+00
   1.4308078e+00
   1.1629894e+00
   1.1910634e+00
   1.6325456e+00
   4.4216886e-01
  -3.3629227e-01
   1.0732129e+00
   1.3556195e+00
   7.0938480e-01
   8.8550996e-01
   1.7873648e+00
   2.3219647e+00
   1.7718276e+00
   1.5091651e+00
   1.2275846e+00
   1.2792811e+00
   1.7707502e+00
   2.0231481e+00
   3.0626542e+00
   3.0936291e+00
   1.0737326e+00
  -5.6133661e-01
  -1.3517032e+00
  -1.2372947e+00
  -2.7175917e-01
   6.2411485e-01
   1.6440971e+00
   1.9208325e+00
   1.6902665e+00
   1.6376505e+00
   1.5375153e+00
   9.9496800e-01
   1.1451842e+00
   1.2773128e+00
   1.3485075e+00
   1.0677541e+00
   8.9444351e-01
   5.6461352e-01
   7.9300845e-01
   1.4212543e+00
   4.7969276e-01
  -4.9372724e-01
  -7.1558982e-02
   2.1424730e-01
  -1.8058513e-01
  -4.2213133e-01
   5.6864059e-01
   1.4240147e+00
   1.1423663e+00
   1.1109107e+00
   4.9483526e-01
  -2.8256968e-02
   8.1234586e-01
   1.3088225e+00
   1.8924736e+00
   2.8423572e+00
   1.8239952e+00
  -1.9083372e-01
  -1.2922914e+00
  -1.8739249e+00
  -1.6718280e+00
  -1.1154566e+00
  -1.8788019e-01
   4.4534957e-01
   4.8838919e-01
   6.9689667e-01
   8.4582889e-01
   3.4232372e-01
   7.1037692e-01
   8.7293887e-01
   8.2550120e-01
   5.6142765e-01
   3.2078862e-01
  -7.4524969e-02
   2.7110675e-01
   1.1615959e+00
   6.4519274e-01
  -4.6374974e-01
  -9.2393857e-01
  -1.1349128e+00
  -1.4196109e+00
  -1.4708546e+00
  -3.9530391e-01
   5.1727593e-01
   4.6609603e-02
   1.4909256e-01
  -2.6512226e-01
  -1.2855512e+00
  -4.6553189e-01
   2.8627607e-01
   5.2925044e-01
   1.7589577e+00
   1.7611681e+00
   3.3550167e-01
  -6.9182920e-01
  -1.7357253e+00
  -2.3605289e+00
  -2.3177164e+00
  -1.6765004e+00
  -1.0234439e+00
  -7.6259661e-01
  -4.3165785e-01
  -7.1807250e-02
  -3.1362665e-01
   2.8496248e-01
   5.0777578e-01
   3.5288990e-01
   4.0758759e-02
  -3.0572310e-01
  -5.7035798e-01
  -1.1802842e-01
   7.7839452e-01
   6.8348324e-01
  -2.4553895e-01
  -9.2604798e-01
  -1.5588003e+00
  -2.3557355e+00
  -2.2361772e+00
  -8.5242951e-01
   2.1922100e-01
  -3.1460744e-01
  -4.1350418e-01
  -5.0408310e-01
  -1.4118119e+00
  -1.1650691e+00
  -6.2119657e-01
  -4.5992595e-01
   4.0428451e-01
   8.4055418e-01
   2.8659776e-01
  -2.6465273e-01
  -1.0706978e+00
  -2.1060965e+00
  -2.6027069e+00
  -2.4459796e+00
  -2.0764661e+00
  -1.6779273e+00
  -1.2942334e+00
  -9.0506852e-01
  -1.0432899e+00
  -5.8625858e-01
  -4.4068128e-01
  -6.3879693e-01
  -9.7140468e-01
  -1.1381892e+00
  -9.4047159e-01
  -3.1022858e-01
   3.2700810e-01
   4.0651453e-01
   1.8690493e-02
  -3.7616968e-01
  -9.5076114e-01
  -1.8552191e+00
  -1.9569817e+00
  -9.7197819e-01
  -4.5335164e-02
  -1.3147470e-01
  -3.1366122e-01
  -3.5994174e-01
  -7.3795420e-01
  -1.0116572e+00
  -1.1056903e+00
  -9.8143935e-01
  -4.6954343e-01
  -5.9822478e-02
  -1.4575379e-01
  -2.6193601e-01
  -4.2396391e-01
  -9.9012309e-01
  -1.6801929e+00
  -2.2538767e+00
  -2.4674540e+00
  -2.2493589e+00
  -1.8521321e+00
  -1.4780060e+00
  -7.1012926e-01
  -6.9670580e-01
  -7.9977876e-01
  -9.5296061e-01
  -1.0506710e+00
  -9.4117683e-01
  -6.3544202e-01
  -2.0125432e-01
   1.4129795e-01
   2.7348828e-01
   2.6178147e-01
   1.6710126e-01
   4.3139765e-03
  -2.4416234e-01
  -4.2773446e-01
  -4.6964884e-01
  -4.8804724e-01
  -5.5532181e-01
  -5.8963484e-01
  -5.5465225e-01
  -5.2424395e-01
  -5.3942347e-01
  -5.5051485e-01
  -4.7828117e-01
  -3.4244123e-01
  -2.2625564e-01
  -1.8306199e-01
  -1.3528426e-01
  -6.1552018e-02
  -9.4600320e-02
  -2.9846969e-01
  -6.3901041e-01
  -9.1880345e-01
  -1.0024241e+00
  -9.3142193e-01
  -8.0202168e-01
