   8.4891828e-03
   6.2078284e-03
   0.0000000e+00
   0.0000000e+00
   0.0000000e+00
   0.0000000e+00
   0.0000000e+00
   0.0000000e+00
   0.0000000e+00
   0.0000000e+00
   1.9792727e-02
   1.5975972e-02
   1.1816692e-02
   6.8792065e-03
   0.0000000e+00
  -0.0000000e+00
  -0.0000000e+00
  -0.0000000e+00
  -0.0000000e+00
  -0.0000000e+00
  -0.0000000e+00
   0.0000000e+00
   0.0000000e+00
   0.0000000e+00
   0.0000000e+00
   0.0000000e+00
   0.0000000e+00
   0.0000000e+00
   0.0000000e+00
   0.0000000e+00
   0.0000000e+00
   0.0000000e+00
   0.0000000e+00
   0.0000000e+00
   0.0000000e+00
   1.0954818e-02
   1.1948152e-02
   1.3073283e-02
   9.9174883e-03
   7.6105967e-03
   6.7189841e-03
   5.7254357e-03
   5.3264728e-03
   7.6860524e-03
   8.0766265e-03
   6.1624171e-03
   0.0000000e+00
   9.9493470e-03
   1.0040104e-02
   9.6703358e-03
   5.7177977e-03
  -4.8515937e-04
  -4.0253103e-03
  -3.1888105e-03
  -4.5989855e-04
   1.9595134e-03
   7.5344777e-03
   1.4042476e-02
   1.4993140e-02
   1.6064078e-02
   1.2466429e-02
   3.2046796e-03
  -2.7116790e-03
   2.9073671e-03
   0.0000000e+00
   0.0000000e+00
   0.0000000e+00
   0.0000000e+00
   0.0000000e+00
   0.0000000e+00
   1.9613009e-02
   1.6035304e-02
   2.0569814e-02
   1.8527552e-02
   1.3722236e-02
   1.1066391e-02
   9.4213150e-03
   6.2007806e-03
   5.0642522e-04
   4.4911234e-03
   6.4695142e-03
   1.1249812e-03
   2.4317483e-03
   0.0000000e+00
   1.4413124e-02
   1.0355148e-02
   5.8878944e-03
   6.5116342e-03
   1.2057230e-04
  -3.3678075e-03
   1.5502151e-03
   6.7078844e-03
   1.7933501e-02
   2.3638897e-02
   1.8196266e-02
   2.1322127e-02
   2.2315137e-02
   1.0606893e-02
   7.6207955e-04
  -3.9860825e-04
   0.0000000e+00
   0.0000000e+00
   0.0000000e+00
   0.0000000e+00
   0.0000000e+00
   0.0000000e+00
   2.3163496e-02
   1.7736178e-02
   2.3501837e-03
   2.4736364e-04
  -2.1369966e-04
   1.0507051e-03
   1.3648530e-03
   7.6649689e-05
  -7.8502018e-03
  -5.0685285e-03
  -8.0147694e-04
  -8.2413321e-03
  -1.0518850e-02
  -7.9553777e-05
   6.3002463e-03
  -2.3891514e-03
  -3.0373372e-03
   5.2192160e-03
  -9.7883781e-03
  -1.8919712e-02
  -3.5841647e-03
   8.8591175e-03
   1.6311380e-02
   1.8178174e-02
   1.3776574e-02
   1.7806174e-02
   2.0052961e-02
   6.3359505e-03
  -5.1818392e-03
  -6.3032686e-03
   0.0000000e+00
   0.0000000e+00
   0.0000000e+00
   0.0000000e+00
   0.0000000e+00
   0.0000000e+00
   6.4104060e-03
   9.8533987e-04
  -1.8316466e-02
  -1.8609265e-02
  -1.7380361e-02
  -1.3581089e-02
  -1.0608885e-02
  -1.0736911e-02
  -1.4052193e-02
  -1.5752751e-02
  -1.4885033e-02
  -2.1535559e-02
  -2.5043871e-02
  -1.5666725e-02
  -0.0000000e+00
  -9.9369679e-03
  -5.1042261e-03
  -1.7291275e-03
  -2.7005538e-02
  -4.0940960e-02
  -5.6459991e-03
   1.3679061e-02
   7.6370312e-03
   3.9682976e-03
   5.1577608e-03
   5.5254172e-03
   8.8157324e-04
  -1.6349304e-02
  -2.3557331e-02
  -1.6856446e-02
  -2.3484671e-02
  -0.0000000e+00
   0.0000000e+00
   0.0000000e+00
  -0.0000000e+00
  -0.0000000e+00
  -1.4948175e-02
  -1.6650440e-02
  -2.6335647e-02
  -2.6029902e-02
  -2.5182398e-02
  -2.1331765e-02
  -1.8549176e-02
  -1.8641952e-02
  -1.8783141e-02
  -2.1166878e-02
  -2.2696437e-02
  -3.0752996e-02
  -3.2836925e-02
  -2.0442927e-02
  -0.0000000e+00
  -8.0063455e-03
  -4.1540945e-04
  -8.1763463e-03
  -4.0462937e-02
  -5.3285948e-02
   0.0000000e+00
   0.0000000e+00
  -6.9092319e-04
  -8.6523884e-03
  -6.0177566e-03
  -7.8222472e-03
  -1.9325133e-02
  -3.5349287e-02
  -3.7437703e-02
  -2.7528772e-02
  -2.3669029e-02
  -1.8167579e-02
  -0.0000000e+00
  -0.0000000e+00
  -0.0000000e+00
  -2.3902889e-02
  -2.8295185e-02
  -2.5972085e-02
  -2.4938412e-02
  -2.4749914e-02
  -2.2633215e-02
  -2.0424882e-02
  -1.9250061e-02
  -1.8714115e-02
  -1.9863755e-02
  -2.1206172e-02
  -2.2673232e-02
  -2.7573898e-02
  -2.7421199e-02
  -1.6399511e-02
  -0.0000000e+00
  -0.0000000e+00
   1.1407788e-03
  -1.1323933e-02
  -4.3275207e-02
  -4.6864193e-02
   0.0000000e+00
   0.0000000e+00
  -9.7645416e-03
  -1.9807554e-02
  -1.9222150e-02
  -0.0000000e+00
  -2.6012151e-02
  -3.6502257e-02
  -3.5940666e-02
  -3.0072561e-02
  -1.8055879e-02
  -1.0275640e-02
  -1.6083619e-02
  -2.0082544e-02
  -2.4645876e-02
  -2.9666390e-02
  -2.9996090e-02
  -2.6984133e-02
  -2.0494165e-02
  -1.9768739e-02
  -1.6601037e-02
  -1.5656948e-02
  -1.4407797e-02
  -1.4111917e-02
  -1.5465183e-02
  -1.7450908e-02
  -1.9443618e-02
  -1.6567623e-02
  -1.3904704e-02
  -6.3114562e-03
  -1.7688448e-03
  -0.0000000e+00
  -0.0000000e+00
  -1.1828220e-02
  -3.3278675e-02
  -2.7554950e-02
   0.0000000e+00
   0.0000000e+00
  -0.0000000e+00
  -2.5733473e-02
  -2.4471323e-02
  -0.0000000e+00
  -2.4767004e-02
  -2.8710190e-02
  -2.6439894e-02
  -2.2935657e-02
  -1.2302562e-02
  -5.6317979e-03
  -1.2767051e-02
  -1.7511584e-02
  -2.4870737e-02
  -2.6946757e-02
  -2.5070287e-02
  -2.2403816e-02
  -1.4135543e-02
  -1.2680780e-02
  -1.0736836e-02
  -9.6961707e-03
  -7.4348529e-03
  -8.0613904e-03
  -7.8700949e-03
  -1.1343018e-02
  -1.3777791e-02
  -5.8964696e-03
   7.8067102e-04
   5.0309189e-03
   2.9403515e-03
   0.0000000e+00
  -0.0000000e+00
  -1.2249379e-02
  -1.4227537e-02
  -5.5854721e-03
   0.0000000e+00
   0.0000000e+00
  -0.0000000e+00
  -2.5726802e-02
  -1.7547799e-02
  -0.0000000e+00
  -2.2396235e-02
  -2.1163708e-02
  -1.6669316e-02
  -1.2881768e-02
  -7.3094391e-03
  -4.1397498e-03
  -7.3446806e-03
  -1.2819912e-02
  -1.8810319e-02
  -1.9189250e-02
  -1.7095763e-02
  -1.4670894e-02
  -4.6129795e-03
  -2.9888784e-03
  -4.2745951e-03
  -2.0834948e-03
  -5.7240672e-05
  -8.4333913e-04
   3.4657292e-04
  -3.6211419e-03
  -4.2574606e-03
   1.6298573e-03
   1.4093291e-02
   1.4936021e-02
   2.5292925e-04
   0.0000000e+00
  -0.0000000e+00
  -0.0000000e+00
   6.7306850e-03
   1.2916290e-02
   0.0000000e+00
   0.0000000e+00
  -0.0000000e+00
  -1.2065166e-02
  -3.2605886e-03
  -0.0000000e+00
  -1.7919546e-02
  -1.3984999e-02
  -7.9768272e-03
  -4.0081725e-03
  -4.6838762e-04
   5.7189714e-04
  -2.7890629e-04
  -5.2721971e-03
  -8.2819154e-03
  -8.1136534e-03
  -6.3513550e-03
  -4.5871134e-03
   9.4148712e-03
   1.0318615e-02
   5.9507773e-03
   9.8263565e-03
   8.2261628e-03
   9.5914472e-03
   8.8704601e-03
   6.2638866e-03
   1.0193653e-02
   1.0080451e-02
   2.7893202e-02
   1.8976687e-02
  -4.9523168e-03
   0.0000000e+00
   0.0000000e+00
   0.0000000e+00
   2.2068623e-02
   2.1343338e-02
   0.0000000e+00
   0.0000000e+00
   0.0000000e+00
   9.9609587e-03
   1.0806060e-02
   5.4515795e-03
  -4.4333972e-03
  -1.6422328e-03
   1.1439803e-03
   6.6110808e-03
   1.1786807e-02
   1.3154820e-02
   1.2418616e-02
   7.1251779e-03
   6.4883046e-03
   5.6414246e-03
   8.2834428e-03
   8.9718886e-03
   2.2844421e-02
   2.2599671e-02
   1.9406937e-02
   2.3404321e-02
   1.8941415e-02
   2.2743259e-02
   1.8552583e-02
   1.8101498e-02
   2.1791337e-02
   2.3265898e-02
   4.1227713e-02
   1.7474102e-02
  -3.5963118e-03
   0.0000000e+00
   0.0000000e+00
   0.0000000e+00
   2.6822448e-02
   2.2420590e-02
   0.0000000e+00
   0.0000000e+00
   0.0000000e+00
   2.2909729e-02
   1.7758617e-02
   1.2520696e-02
   1.0921829e-02
   1.1149702e-02
   1.1818563e-02
   2.1382483e-02
   2.4769256e-02
   2.8048443e-02
   2.5730366e-02
   1.9145552e-02
   1.9718999e-02
   1.8446786e-02
   2.2483235e-02
   2.1715960e-02
   3.0621178e-02
   2.9527107e-02
   2.9210178e-02
   3.2234043e-02
   2.8570568e-02
   3.2654766e-02
   2.7022192e-02
   2.8605379e-02
   2.9516025e-02
   3.5370413e-02
   4.8130572e-02
   1.8393210e-02
   0.0000000e+00
   0.0000000e+00
   0.0000000e+00
   0.0000000e+00
   3.0341465e-02
   2.3851385e-02
   0.0000000e+00
   0.0000000e+00
   0.0000000e+00
   2.8036945e-02
   2.3144566e-02
   1.8442146e-02
   2.3843393e-02
   2.4083028e-02
   2.7642557e-02
   3.5696797e-02
   3.4281019e-02
   3.8205944e-02
   3.3424705e-02
   2.7098574e-02
   2.6797524e-02
   2.6248520e-02
   3.0181373e-02
   2.8618896e-02
   3.4314755e-02
   3.2598916e-02
   3.5261229e-02
   3.6724187e-02
   3.5577778e-02
   3.8686577e-02
   3.3169664e-02
   3.6577497e-02
   3.4729272e-02
   4.4660021e-02
   4.9120165e-02
   1.6847989e-02
   5.1720137e-03
   0.0000000e+00
   0.0000000e+00
   0.0000000e+00
   0.0000000e+00
   2.4602368e-02
   0.0000000e+00
   0.0000000e+00
   0.0000000e+00
   2.9070832e-02
   2.7408056e-02
   2.3726333e-02
   3.3144698e-02
   3.6350708e-02
   4.5048371e-02
   4.6838187e-02
   4.0778980e-02
   4.4176247e-02
   3.6764503e-02
   3.1664975e-02
   2.9667009e-02
   3.0309726e-02
   3.3260364e-02
   3.1618617e-02
   2.7987858e-02
   2.6421083e-02
   2.9967109e-02
   2.9255994e-02
   3.2501802e-02
   3.2441281e-02
   3.0970145e-02
   3.5159562e-02
   3.4196857e-02
   4.3468393e-02
   3.4841578e-02
   1.2470454e-02
   5.5019137e-03
   0.0000000e+00
   0.0000000e+00
   0.0000000e+00
   3.3877558e-02
   2.2201979e-02
   0.0000000e+00
   0.0000000e+00
   0.0000000e+00
   0.0000000e+00
   2.8824210e-02
   2.6754156e-02
   3.0995706e-02
   4.4630893e-02
   5.9276741e-02
   4.4839405e-02
   3.8961574e-02
   3.8298886e-02
   2.9208478e-02
   2.6843498e-02
   2.2751397e-02
   2.4793239e-02
   2.5349325e-02
   2.5703309e-02
   1.4691688e-02
   1.4055175e-02
   1.6177630e-02
   1.4295610e-02
   1.7376222e-02
   1.5963357e-02
   1.8195938e-02
   2.2400316e-02
   2.4068886e-02
   3.1232744e-02
   1.7718211e-02
   3.8535349e-03
   2.5694235e-03
   0.0000000e+00
  -0.0000000e+00
   0.0000000e+00
   2.5270764e-02
   1.3745943e-02
   0.0000000e+00
   0.0000000e+00
   0.0000000e+00
   0.0000000e+00
   2.1087073e-02
   2.0040991e-02
   2.2054076e-02
   3.3006996e-02
   3.8357522e-02
   2.6066145e-02
   2.6972534e-02
   2.4297182e-02
   1.6252341e-02
   1.3585250e-02
   1.0029127e-02
   1.2200939e-02
   1.1535972e-02
   1.3400619e-02
   1.7882391e-03
   1.8756103e-03
   2.9266181e-03
   5.5419264e-04
   2.0956006e-03
   6.2005699e-04
   4.9996832e-03
   1.0558725e-02
   1.3775920e-02
   1.9489313e-02
   5.0022956e-03
  -5.8790335e-03
  -1.7668874e-03
   0.0000000e+00
  -0.0000000e+00
   7.9559442e-03
   2.0699892e-02
   4.7192304e-03
  -6.8809794e-03
   0.0000000e+00
   0.0000000e+00
   0.0000000e+00
   1.1645964e-02
   1.1938605e-02
   1.6102396e-02
   2.1201070e-02
   1.8108509e-02
   1.0946018e-02
   1.5712824e-02
   1.2009142e-02
   3.7296803e-03
  -3.1919766e-04
  -3.6181188e-03
  -1.8293208e-03
  -2.2515971e-03
   2.6553916e-04
  -1.1188759e-02
  -1.0505432e-02
  -1.0324651e-02
  -1.2801366e-02
  -1.3488861e-02
  -1.4365973e-02
  -8.7520890e-03
  -1.2472534e-03
   2.9229547e-03
   7.3633613e-03
  -5.8882111e-03
  -1.6365297e-02
  -8.7804017e-03
   0.0000000e+00
  -0.0000000e+00
   3.9460117e-03
   0.0000000e+00
  -0.0000000e+00
  -9.5694050e-03
   0.0000000e+00
   0.0000000e+00
   0.0000000e+00
   9.6817594e-04
   2.8106428e-03
   1.1235237e-02
   8.4726596e-03
  -2.6192116e-03
  -2.8754468e-03
   4.0039099e-03
   1.3683639e-05
  -8.8989511e-03
  -1.4679790e-02
  -1.7834492e-02
  -1.6703436e-02
  -1.6176837e-02
  -1.3528528e-02
  -2.8680312e-02
  -2.7356271e-02
  -2.7874654e-02
  -2.9608136e-02
  -3.2949567e-02
  -3.3370938e-02
  -2.9957604e-02
  -2.1058399e-02
  -1.4196871e-02
  -1.3592592e-02
  -2.0927554e-02
  -2.9445548e-02
  -2.0502429e-02
  -0.0000000e+00
  -2.4094503e-02
  -8.8985132e-03
   0.0000000e+00
  -0.0000000e+00
  -1.5750945e-02
   0.0000000e+00
   0.0000000e+00
  -0.0000000e+00
  -1.8635150e-02
  -6.7029665e-03
   2.3736754e-03
  -4.7588538e-04
  -8.6748432e-03
  -1.2870501e-02
  -1.0182249e-02
  -1.5413281e-02
  -2.7612051e-02
  -3.2897025e-02
  -3.6237586e-02
  -3.6984459e-02
  -3.4939911e-02
  -3.3019997e-02
  -3.4875847e-02
  -3.2873090e-02
  -3.2597646e-02
  -3.3177525e-02
  -3.5600912e-02
  -3.6725432e-02
  -3.6327954e-02
  -3.0640393e-02
  -2.0953322e-02
  -2.0076243e-02
  -2.5312444e-02
  -2.9570365e-02
  -2.6375258e-02
  -2.8735996e-02
  -3.7822410e-02
  -1.9515975e-02
   0.0000000e+00
  -0.0000000e+00
  -1.9759892e-02
  -2.4162740e-02
   0.0000000e+00
  -0.0000000e+00
  -2.9678706e-02
  -9.6772760e-03
  -4.1884105e-03
  -2.9689439e-03
  -6.1216101e-04
  -1.0757131e-02
  -1.8563239e-02
  -1.9505873e-02
  -3.2125104e-02
  -3.5860393e-02
  -3.9352633e-02
  -4.1670684e-02
  -4.0598556e-02
  -3.9180681e-02
  -4.0063057e-02
  -3.7029024e-02
  -3.5703424e-02
  -3.5526238e-02
  -3.6915902e-02
  -3.9259903e-02
  -4.1234747e-02
  -3.9453559e-02
  -2.7542818e-02
  -2.3613345e-02
  -2.8054116e-02
  -2.9589621e-02
  -3.2994080e-02
  -3.5654031e-02
  -4.9579117e-02
  -2.9876668e-02
   0.0000000e+00
  -0.0000000e+00
  -0.0000000e+00
  -2.5925774e-02
  -0.0000000e+00
  -0.0000000e+00
  -4.0106304e-02
  -1.4442150e-02
  -8.5355925e-03
  -0.0000000e+00
   8.4430636e-03
  -1.1140445e-02
  -2.3761924e-02
  -2.3314469e-02
  -3.3829242e-02
  -3.7434749e-02
  -4.1264266e-02
  -4.4853598e-02
  -4.4842646e-02
  -4.3994300e-02
  -4.4260003e-02
  -3.9270654e-02
  -3.6170918e-02
  -3.5960086e-02
  -3.6068656e-02
  -4.0847205e-02
  -4.4148862e-02
  -4.8032273e-02
  -3.4523938e-02
  -2.1731742e-02
  -2.7955474e-02
  -3.0737584e-02
  -3.8160481e-02
  -4.4182081e-02
  -5.9966620e-02
  -4.1010893e-02
   0.0000000e+00
   0.0000000e+00
  -0.0000000e+00
  -3.1244096e-02
  -2.8982534e-02
  -3.6041126e-02
  -5.0402284e-02
  -2.4404944e-02
  -0.0000000e+00
  -6.6453302e-03
   1.3601721e-02
   0.0000000e+00
  -0.0000000e+00
  -2.3654001e-02
  -3.0335462e-02
  -3.6557481e-02
  -4.1468803e-02
  -4.5854956e-02
  -4.7343723e-02
  -4.7133680e-02
  -4.1191850e-02
  -3.5636835e-02
  -3.1082954e-02
  -3.0559035e-02
  -3.1366467e-02
  -3.5734437e-02
  -3.9642774e-02
  -4.6353910e-02
  -3.6573015e-02
  -1.4634349e-02
  -2.0319469e-02
  -3.1607596e-02
  -3.1010566e-02
  -3.4043938e-02
  -5.4874305e-02
  -4.6651337e-02
  -0.0000000e+00
   0.0000000e+00
  -0.0000000e+00
  -2.8747432e-02
  -3.4099247e-02
  -2.8767308e-02
  -4.4555593e-02
  -3.3488446e-02
  -1.3437838e-02
  -1.2547832e-02
   0.0000000e+00
   0.0000000e+00
  -0.0000000e+00
  -1.8560610e-02
  -2.1209139e-02
  -3.0275792e-02
  -3.5370436e-02
  -4.0990237e-02
  -4.1709442e-02
  -4.3525461e-02
  -3.5021827e-02
  -2.9819004e-02
  -2.5437344e-02
  -2.3962779e-02
  -2.5570322e-02
  -2.8054344e-02
  -3.2606024e-02
  -3.9233174e-02
  -3.2721248e-02
  -1.2866064e-02
  -1.3766916e-02
  -2.3810854e-02
  -2.2935679e-02
  -2.2692164e-02
  -4.2820923e-02
  -4.4679165e-02
  -3.2040955e-02
   0.0000000e+00
  -0.0000000e+00
  -1.9889921e-02
  -2.7199766e-02
  -2.3322998e-02
  -3.5575105e-02
  -3.3720560e-02
  -1.6562098e-02
  -0.0000000e+00
   0.0000000e+00
   0.0000000e+00
  -0.0000000e+00
  -1.2238374e-02
  -1.2675054e-02
  -2.2662938e-02
  -2.7014362e-02
  -3.4163188e-02
  -3.4295361e-02
  -3.6687378e-02
  -2.7955705e-02
  -2.3461377e-02
  -1.9709961e-02
  -1.7122839e-02
  -1.9124852e-02
  -1.9872135e-02
  -2.4819070e-02
  -3.0776305e-02
  -2.7468977e-02
  -1.4597367e-02
  -0.0000000e+00
  -1.4453472e-02
  -1.4454327e-02
  -1.2190873e-02
  -2.9004835e-02
  -4.3917764e-02
  -2.2728297e-02
  -0.0000000e+00
  -1.0563644e-02
  -1.0440114e-02
  -1.7187154e-02
  -1.8720474e-02
  -2.5068709e-02
  -3.4237765e-02
  -0.0000000e+00
   0.0000000e+00
   0.0000000e+00
   0.0000000e+00
  -0.0000000e+00
  -5.1933127e-03
  -4.4140737e-03
  -1.4412261e-02
  -1.7892024e-02
  -2.6348270e-02
  -2.6512038e-02
  -2.8850092e-02
  -1.9834960e-02
  -1.6263917e-02
  -1.3271395e-02
  -9.5565766e-03
  -1.0756912e-02
  -1.1407799e-02
  -1.5651131e-02
  -2.1521755e-02
  -2.1713210e-02
  -1.7954527e-02
  -0.0000000e+00
   7.7152945e-05
  -4.9226754e-03
  -4.2477562e-03
  -1.4685457e-02
  -3.5225879e-02
  -2.4540793e-02
  -1.6684904e-03
  -1.9446864e-03
  -4.7927909e-03
  -6.9614422e-03
  -1.3414481e-02
  -1.6109392e-02
  -2.4613433e-02
  -0.0000000e+00
   0.0000000e+00
   0.0000000e+00
   0.0000000e+00
   0.0000000e+00
   7.0592935e-03
   4.8335390e-03
  -4.3023955e-03
  -7.6188059e-03
  -1.6326332e-02
  -1.8312100e-02
  -1.9487381e-02
  -7.4882489e-03
  -4.8328154e-03
  -1.3196713e-03
   2.3046609e-03
   1.6107335e-03
  -1.1493258e-04
  -4.5474814e-03
  -9.6991286e-03
  -1.4252240e-02
  -1.5095164e-02
   0.0000000e+00
   1.6178291e-02
   1.1117238e-02
   8.1998305e-03
  -6.1061274e-04
  -1.4560552e-02
  -1.2647234e-02
   6.0599643e-03
   8.0405977e-03
  -1.6388924e-03
  -0.0000000e+00
  -3.4864643e-03
  -7.8674871e-03
  -1.5928686e-02
  -1.9892831e-02
   0.0000000e+00
   0.0000000e+00
   0.0000000e+00
   0.0000000e+00
   0.0000000e+00
   2.1105399e-02
   1.2318773e-02
   5.5892430e-03
  -2.8053601e-03
  -7.1688914e-03
  -8.3705541e-03
   7.4369623e-03
   1.0188514e-02
   1.4530552e-02
   1.6593855e-02
   1.4223688e-02
   1.2872468e-02
   6.1773588e-03
   3.2940612e-03
  -2.3708777e-03
  -1.0114465e-02
   0.0000000e+00
   2.4623202e-02
   1.9780773e-02
   2.1756912e-02
   1.6255591e-02
   8.4490385e-03
   2.6683646e-03
   0.0000000e+00
   1.4750616e-02
   5.8290253e-03
   2.9785645e-03
   8.7609021e-03
   6.2657162e-03
  -4.7319875e-04
  -9.9021069e-03
  -0.0000000e+00
   0.0000000e+00
   0.0000000e+00
   0.0000000e+00
   3.9273977e-02
   4.0119682e-02
   3.2511961e-02
   2.1465227e-02
   1.2268819e-02
   7.1039768e-03
   4.6088668e-03
   2.1563083e-02
   2.4925902e-02
   2.9521635e-02
   2.9451001e-02
   2.4794672e-02
   2.3621542e-02
   1.5168210e-02
   1.5406627e-02
   1.0794734e-02
  -4.5654735e-03
   0.0000000e+00
   2.6754195e-02
   0.0000000e+00
   2.6581988e-02
   2.9761709e-02
   2.9036134e-02
   1.9919495e-02
   1.1828307e-02
   1.9903295e-02
   1.5153437e-02
   1.5775759e-02
   1.9087207e-02
   2.2116528e-02
   3.5571687e-02
  -0.0000000e+00
  -0.0000000e+00
   0.0000000e+00
   0.0000000e+00
   0.0000000e+00
   3.9492983e-02
   5.0236624e-02
   4.7881078e-02
   3.5591435e-02
   2.5736345e-02
   2.0226371e-02
   1.7161468e-02
   2.8914873e-02
   3.2484360e-02
   3.6720015e-02
   3.5075027e-02
   2.8774209e-02
   2.7149038e-02
   1.8889014e-02
   2.3257475e-02
   2.1993415e-02
   0.0000000e+00
   0.0000000e+00
   2.0066924e-02
   0.0000000e+00
   0.0000000e+00
   2.9992547e-02
   3.6280598e-02
   3.2011662e-02
   2.1025510e-02
   0.0000000e+00
   2.2827134e-02
   2.3856707e-02
   0.0000000e+00
   3.2334376e-02
   4.8993429e-02
   0.0000000e+00
   0.0000000e+00
   0.0000000e+00
   0.0000000e+00
   0.0000000e+00
   2.8050673e-02
   4.2271733e-02
   4.9515277e-02
   4.0550023e-02
   3.1414103e-02
   2.6444092e-02
   2.4198774e-02
   2.4309818e-02
   2.7240967e-02
   3.1058619e-02
   2.9094856e-02
   2.2593962e-02
   1.9994365e-02
   1.4143582e-02
   2.3969436e-02
   2.5919275e-02
   0.0000000e+00
   0.0000000e+00
   1.4360344e-02
   0.0000000e+00
   0.0000000e+00
   0.0000000e+00
   0.0000000e+00
   2.9373299e-02
   2.5259880e-02
   2.1886983e-02
   1.7055672e-02
   0.0000000e+00
   0.0000000e+00
   0.0000000e+00
   0.0000000e+00
   4.7710626e-02
   0.0000000e+00
   0.0000000e+00
   0.0000000e+00
   0.0000000e+00
   0.0000000e+00
   0.0000000e+00
   3.0891281e-02
   2.9218579e-02
   2.2938719e-02
   2.0463625e-02
   2.0217702e-02
   1.2508260e-02
   1.5552022e-02
   1.8727126e-02
   1.6589643e-02
   1.1383524e-02
   7.4260142e-03
   3.8144104e-03
   1.8476162e-02
   2.1135256e-02
   0.0000000e+00
  -0.0000000e+00
  -3.1591544e-03
   0.0000000e+00
  -0.0000000e+00
   0.0000000e+00
   0.0000000e+00
   1.5306353e-02
   1.4878228e-02
   1.8421420e-02
   2.2390017e-03
  -0.0000000e+00
   0.0000000e+00
  -0.0000000e+00
   0.0000000e+00
   4.5483224e-02
   0.0000000e+00
   0.0000000e+00
   0.0000000e+00
   0.0000000e+00
   0.0000000e+00
  -0.0000000e+00
   2.2957323e-03
   7.1009262e-03
   4.6497108e-03
   5.5919825e-03
   7.7196578e-03
   3.4360974e-03
   8.3371801e-03
   9.6942699e-03
   6.4910380e-03
   2.6986208e-03
  -2.8815698e-03
  -4.7283755e-03
   1.0785758e-02
   1.7736360e-02
   0.0000000e+00
  -0.0000000e+00
  -1.7484427e-02
  -0.0000000e+00
  -2.1792752e-02
  -1.8161966e-02
  -2.3843145e-03
   4.7887179e-03
   0.0000000e+00
  -0.0000000e+00
  -9.2209619e-03
  -0.0000000e+00
   0.0000000e+00
  -0.0000000e+00
   8.0092056e-03
   2.9727565e-02
   0.0000000e+00
   0.0000000e+00
   0.0000000e+00
   0.0000000e+00
   0.0000000e+00
  -0.0000000e+00
  -2.0140054e-02
  -1.3590275e-02
  -1.1758892e-02
  -9.4452742e-03
  -4.4430750e-03
  -2.8422563e-03
   3.3587005e-03
   3.0990995e-03
  -1.6092145e-03
  -6.2725167e-03
  -1.1175892e-02
  -8.5528372e-03
   4.0383096e-03
   1.3567629e-02
   0.0000000e+00
  -0.0000000e+00
  -1.8411534e-02
  -2.7510807e-02
  -3.5096638e-02
  -2.3039147e-02
  -5.7346688e-03
   0.0000000e+00
   0.0000000e+00
  -0.0000000e+00
  -1.3810274e-02
  -0.0000000e+00
  -0.0000000e+00
  -0.0000000e+00
  -4.2401031e-03
   1.0776839e-02
   0.0000000e+00
   0.0000000e+00
   0.0000000e+00
   0.0000000e+00
  -0.0000000e+00
  -0.0000000e+00
  -3.4562288e-02
  -2.8820846e-02
  -2.3453150e-02
  -2.0587934e-02
  -1.3774005e-02
  -1.4634199e-02
  -1.0127077e-02
  -1.1143506e-02
  -1.6225313e-02
  -1.9775723e-02
  -1.8166701e-02
  -9.2703093e-03
  -3.0248758e-04
   0.0000000e+00
   0.0000000e+00
  -0.0000000e+00
  -6.0647497e-03
  -9.8966166e-03
  -0.0000000e+00
  -0.0000000e+00
  -0.0000000e+00
   0.0000000e+00
  -0.0000000e+00
  -0.0000000e+00
  -9.3113582e-03
  -1.1051723e-02
  -1.2990817e-02
  -1.3960741e-02
  -8.7591537e-03
   1.6738981e-04
  -0.0000000e+00
  -0.0000000e+00
   0.0000000e+00
   0.0000000e+00
  -0.0000000e+00
  -0.0000000e+00
  -0.0000000e+00
  -3.6301008e-02
  -3.1283087e-02
  -2.7885915e-02
  -2.2109343e-02
  -0.0000000e+00
  -0.0000000e+00
  -0.0000000e+00
  -0.0000000e+00
  -0.0000000e+00
  -0.0000000e+00
  -0.0000000e+00
  -0.0000000e+00
   0.0000000e+00
   0.0000000e+00
   1.4445133e-03
   1.6184243e-03
   6.7450180e-04
  -3.2266708e-04
  -1.0825952e-03
  -1.6635319e-03
  -2.8000811e-03
  -4.0757668e-03
  -4.5048455e-03
  -4.1173473e-03
  -3.7607427e-03
  -3.8181983e-03
  -3.5301200e-03
  -2.4367786e-03
  -1.4754426e-03
  -1.1351655e-03
  -7.3667577e-04
  -7.4386062e-04
  -1.1617981e-03
  -2.3171494e-03
  -3.9642496e-03
  -4.6482688e-03
  -0.0000000e+00
  -0.0000000e+00
  -0.0000000e+00
  -0.0000000e+00
