   0.0000000e+00
   0.0000000e+00
   0.0000000e+00
   0.0000000e+00
   0.0000000e+00
   0.0000000e+00
   0.0000000e+00
   0.0000000e+00
   0.0000000e+00
   0.0000000e+00
  -2.1251818e-02
  -1.8440037e-02
  -2.3372062e-02
  -2.7075414e-02
  -2.0765916e-02
  -1.5483932e-02
  -1.0712581e-02
  -8.9700511e-03
  -9.6407498e-03
  -1.1101579e-02
  -1.3979430e-02
  -1.7422068e-02
  -2.2621427e-02
  -2.7598255e-02
  -3.1350541e-02
  -3.5291258e-02
  -3.7381314e-02
  -3.7714018e-02
  -2.5739556e-02
   0.0000000e+00
   0.0000000e+00
   0.0000000e+00
   0.0000000e+00
   0.0000000e+00
   0.0000000e+00
   0.0000000e+00
   0.0000000e+00
   0.0000000e+00
   0.0000000e+00
   0.0000000e+00
   0.0000000e+00
   0.0000000e+00
  -0.0000000e+00
  -4.7932785e-02
  -5.3735358e-02
  -4.8089069e-02
  -4.2947208e-02
  -4.1776121e-02
  -4.4311184e-02
  -4.3139007e-02
  -3.7353089e-02
  -2.8445829e-02
  -2.1847345e-02
  -1.9783395e-02
  -2.7586501e-02
  -3.3285428e-02
  -3.6468733e-02
  -3.8576387e-02
  -4.0044364e-02
  -3.9572079e-02
  -3.8086176e-02
  -3.8044374e-02
  -3.9723653e-02
  -4.0276065e-02
  -3.3839783e-02
   0.0000000e+00
   0.0000000e+00
   0.0000000e+00
   0.0000000e+00
   0.0000000e+00
   0.0000000e+00
   0.0000000e+00
   0.0000000e+00
   0.0000000e+00
   0.0000000e+00
   0.0000000e+00
   0.0000000e+00
  -3.5285283e-03
  -1.9697263e-02
  -2.5777904e-02
  -1.8183511e-02
  -8.8644857e-03
  -7.3371700e-04
   1.3157045e-03
  -4.8710005e-03
  -1.0518632e-02
  -1.1598380e-02
  -0.0000000e+00
  -0.0000000e+00
  -0.0000000e+00
  -0.0000000e+00
  -2.4363503e-02
  -2.7140409e-02
  -2.9070850e-02
  -2.9048033e-02
  -2.5598027e-02
  -2.0365187e-02
  -1.5262267e-02
  -1.0678227e-02
  -8.0877896e-03
  -7.8455536e-03
   0.0000000e+00
   0.0000000e+00
   0.0000000e+00
   0.0000000e+00
   0.0000000e+00
   0.0000000e+00
   0.0000000e+00
   0.0000000e+00
   0.0000000e+00
   0.0000000e+00
   0.0000000e+00
   0.0000000e+00
   2.8053850e-02
   3.4867231e-02
   4.3087173e-02
   5.4267053e-02
   5.1268499e-02
   0.0000000e+00
   4.0820993e-02
   3.4955427e-02
   2.1215010e-02
   1.5305881e-02
   0.0000000e+00
   0.0000000e+00
  -0.0000000e+00
  -0.0000000e+00
   7.5749007e-03
   1.1538602e-02
   1.1495472e-02
   1.0871386e-02
   1.2355897e-02
   1.5388454e-02
   1.7601513e-02
   1.9765383e-02
   1.9196151e-02
   1.5448657e-02
   0.0000000e+00
   0.0000000e+00
   0.0000000e+00
   0.0000000e+00
   0.0000000e+00
   0.0000000e+00
   0.0000000e+00
   0.0000000e+00
   0.0000000e+00
   0.0000000e+00
   0.0000000e+00
   7.2532921e-02
   8.4339589e-02
   1.0172515e-01
   1.0711931e-01
   9.2624299e-02
   0.0000000e+00
   0.0000000e+00
   0.0000000e+00
   6.0739153e-02
   5.6130972e-02
   5.0609753e-02
   4.9631952e-02
   0.0000000e+00
   6.1298378e-02
   5.2075640e-02
   5.1189751e-02
   5.4452270e-02
   5.5903547e-02
   5.6339271e-02
   5.7423800e-02
   5.8637131e-02
   5.7644393e-02
   5.3743280e-02
   4.4521768e-02
   2.2998741e-02
   0.0000000e+00
   0.0000000e+00
   0.0000000e+00
   0.0000000e+00
   0.0000000e+00
   0.0000000e+00
   0.0000000e+00
   0.0000000e+00
   0.0000000e+00
   0.0000000e+00
   6.3171355e-02
   9.7544014e-02
   1.1986420e-01
   1.2267239e-01
   1.0936925e-01
   0.0000000e+00
   0.0000000e+00
   0.0000000e+00
   0.0000000e+00
   0.0000000e+00
   8.6384095e-02
   9.3447521e-02
   8.4599778e-02
   8.4461165e-02
   9.1093808e-02
   9.3055345e-02
   8.6969733e-02
   8.3878703e-02
   8.4262781e-02
   8.5762165e-02
   8.5018374e-02
   7.9799399e-02
   7.4640878e-02
   6.8268709e-02
   6.2282253e-02
   2.9906159e-02
   0.0000000e+00
   0.0000000e+00
   0.0000000e+00
   0.0000000e+00
   0.0000000e+00
   0.0000000e+00
   0.0000000e+00
   0.0000000e+00
   0.0000000e+00
   0.0000000e+00
   7.6474005e-02
   1.1513148e-01
   1.2164915e-01
   1.0023139e-01
   0.0000000e+00
   0.0000000e+00
   0.0000000e+00
   0.0000000e+00
   0.0000000e+00
   0.0000000e+00
   9.8731048e-02
   1.1320739e-01
   9.9160537e-02
   9.4638526e-02
   1.0253548e-01
   1.0854405e-01
   1.0354532e-01
   9.6716493e-02
   9.3109533e-02
   8.9892022e-02
   8.5708775e-02
   7.6075204e-02
   7.1141355e-02
   6.3844666e-02
   6.2782101e-02
   3.5147479e-02
   0.0000000e+00
   0.0000000e+00
   0.0000000e+00
   0.0000000e+00
   0.0000000e+00
   0.0000000e+00
   0.0000000e+00
   0.0000000e+00
   0.0000000e+00
   0.0000000e+00
   7.3104171e-02
   9.1863856e-02
   8.4818721e-02
   0.0000000e+00
   0.0000000e+00
   0.0000000e+00
   0.0000000e+00
   0.0000000e+00
   3.2636268e-02
   5.0089288e-02
   6.8397924e-02
   7.4613087e-02
   6.8564430e-02
   6.5039158e-02
   6.9741048e-02
   8.0816522e-02
   8.6196139e-02
   7.9873480e-02
   7.0409194e-02
   6.0060065e-02
   5.4519176e-02
   4.9150176e-02
   4.8915420e-02
   4.5243777e-02
   4.3217450e-02
   2.8874990e-02
   7.7321537e-03
   0.0000000e+00
   0.0000000e+00
   0.0000000e+00
   0.0000000e+00
   0.0000000e+00
   0.0000000e+00
   0.0000000e+00
   0.0000000e+00
   0.0000000e+00
   3.9000085e-02
   3.9050292e-02
   3.0030934e-02
   0.0000000e+00
   0.0000000e+00
   0.0000000e+00
   0.0000000e+00
   0.0000000e+00
   9.4771193e-03
   1.6264983e-02
   1.5628602e-02
   1.0872516e-02
   1.1294306e-02
   1.4090703e-02
   1.8895013e-02
   2.8567372e-02
   3.6637604e-02
   3.0643186e-02
   2.0353856e-02
   1.1469319e-02
   9.9036433e-03
   1.2568994e-02
   1.6858652e-02
   1.7758368e-02
   1.4254414e-02
   9.0125343e-03
  -2.6078790e-04
  -6.0207923e-03
  -0.0000000e+00
   0.0000000e+00
   0.0000000e+00
   0.0000000e+00
   0.0000000e+00
   0.0000000e+00
   0.0000000e+00
   0.0000000e+00
  -1.5080542e-03
  -7.7656633e-03
  -1.2750085e-02
  -0.0000000e+00
   0.0000000e+00
   0.0000000e+00
   0.0000000e+00
   0.0000000e+00
  -2.0833487e-02
  -2.4886645e-02
  -2.7199524e-02
  -3.6369454e-02
  -4.3628737e-02
  -3.5911165e-02
  -2.2278147e-02
  -1.3284244e-02
  -1.1378935e-02
  -1.8122304e-02
  -2.3334954e-02
  -2.6313450e-02
  -2.4355423e-02
  -1.9614102e-02
  -1.4865136e-02
  -1.1599484e-02
  -1.2587125e-02
  -1.3249398e-02
  -1.2643623e-02
  -1.1195103e-02
  -0.0000000e+00
   0.0000000e+00
   0.0000000e+00
   0.0000000e+00
   0.0000000e+00
   0.0000000e+00
   0.0000000e+00
  -0.0000000e+00
  -3.2399111e-02
  -4.1061278e-02
  -3.5909425e-02
  -0.0000000e+00
  -0.0000000e+00
  -0.0000000e+00
   0.0000000e+00
   0.0000000e+00
  -4.4194380e-02
  -5.3096972e-02
  -5.0483044e-02
  -5.7006165e-02
  -7.3707961e-02
  -6.8412170e-02
  -4.5103930e-02
  -3.8415045e-02
  -4.0193055e-02
  -4.2708661e-02
  -4.5233414e-02
  -4.5726761e-02
  -4.5314584e-02
  -4.3938212e-02
  -4.4329739e-02
  -3.8450707e-02
  -3.6112685e-02
  -3.3390366e-02
  -2.6162347e-02
  -1.5197661e-02
  -0.0000000e+00
   0.0000000e+00
   0.0000000e+00
   0.0000000e+00
   0.0000000e+00
   0.0000000e+00
   0.0000000e+00
  -4.6397106e-02
  -5.5055864e-02
  -5.9565168e-02
  -4.4968446e-02
  -0.0000000e+00
  -0.0000000e+00
  -0.0000000e+00
   0.0000000e+00
   0.0000000e+00
  -5.7084054e-02
  -6.5734267e-02
  -5.9111960e-02
  -6.1156601e-02
  -7.6663181e-02
  -7.3197164e-02
  -0.0000000e+00
  -5.0002214e-02
  -5.2381374e-02
  -4.9473535e-02
  -5.1477216e-02
  -5.2782960e-02
  -5.6448143e-02
  -5.9965350e-02
  -6.1180398e-02
  -6.0066540e-02
  -5.5169269e-02
  -5.0189834e-02
  -3.8093161e-02
  -1.6969142e-02
  -0.0000000e+00
   0.0000000e+00
   0.0000000e+00
   0.0000000e+00
   0.0000000e+00
   0.0000000e+00
   0.0000000e+00
  -5.3628754e-02
  -6.5969072e-02
  -6.3480817e-02
  -4.0671293e-02
  -0.0000000e+00
  -3.9650626e-02
  -4.0230579e-02
  -3.6437825e-02
   0.0000000e+00
  -5.9313302e-02
  -6.3428849e-02
  -5.6271542e-02
  -5.3895023e-02
  -5.2280530e-02
  -0.0000000e+00
  -0.0000000e+00
  -4.9210187e-02
  -4.9337268e-02
  -4.2757038e-02
  -4.5301307e-02
  -5.0889462e-02
  -6.0238909e-02
  -6.8747751e-02
  -7.2538570e-02
  -7.6775886e-02
  -7.0589870e-02
  -6.4532883e-02
  -4.9117055e-02
  -1.7033299e-02
  -0.0000000e+00
   0.0000000e+00
   0.0000000e+00
   0.0000000e+00
   0.0000000e+00
   0.0000000e+00
   0.0000000e+00
  -5.0835833e-02
  -5.5797651e-02
  -4.4673797e-02
  -2.7087556e-02
  -2.7268491e-02
  -4.1351974e-02
  -3.8281370e-02
  -3.8620450e-02
  -4.4339016e-02
  -4.8772151e-02
  -4.8939336e-02
  -4.3297805e-02
  -4.2864654e-02
  -2.3126770e-02
  -0.0000000e+00
   0.0000000e+00
  -3.1993538e-02
  -3.1034714e-02
  -3.2348506e-02
  -3.2922763e-02
  -4.3991748e-02
  -5.4898329e-02
  -6.5099053e-02
  -6.7731506e-02
  -7.5302213e-02
  -7.2233751e-02
  -6.6768803e-02
  -5.4573745e-02
  -1.7421011e-02
   4.8343705e-03
   1.1931760e-02
   0.0000000e+00
   0.0000000e+00
   0.0000000e+00
   0.0000000e+00
   0.0000000e+00
  -4.5190300e-02
  -4.2841636e-02
  -2.8995896e-02
  -2.2062143e-02
  -2.6155623e-02
  -3.7061784e-02
  -3.4974955e-02
  -4.0518891e-02
  -4.2191248e-02
  -3.8315896e-02
  -3.7643276e-02
  -3.1607084e-02
  -3.1778794e-02
  -1.0091544e-02
   9.5227638e-04
  -0.0000000e+00
  -0.0000000e+00
  -0.0000000e+00
  -2.8748205e-02
  -2.6984096e-02
  -3.8786631e-02
  -4.7898822e-02
  -5.7072390e-02
  -5.9340420e-02
  -6.3190587e-02
  -6.3224733e-02
  -5.7032172e-02
  -4.8429895e-02
  -2.1214277e-02
  -1.3952801e-03
   5.8304753e-03
   7.0060618e-03
   0.0000000e+00
   0.0000000e+00
   0.0000000e+00
   0.0000000e+00
  -4.1555462e-02
  -3.5337511e-02
  -2.2376694e-02
  -2.2642173e-02
  -2.7356621e-02
  -3.3829745e-02
  -3.2296930e-02
  -4.0282600e-02
  -4.0015738e-02
  -3.1759012e-02
  -3.1024264e-02
  -2.4898089e-02
  -2.4763014e-02
  -5.8126533e-03
   1.3136078e-03
  -1.5260363e-02
   0.0000000e+00
  -0.0000000e+00
  -2.8347684e-02
  -2.5900299e-02
  -3.6322631e-02
  -4.3291196e-02
  -5.0549906e-02
  -5.2385651e-02
  -5.2266389e-02
  -5.3626798e-02
  -4.7166288e-02
  -4.0492579e-02
  -2.4312288e-02
  -1.0018621e-02
  -1.0206241e-04
   7.3952791e-03
   9.8915160e-03
   0.0000000e+00
   0.0000000e+00
   0.0000000e+00
  -3.7655440e-02
  -3.1187452e-02
  -2.4168061e-02
  -2.8992066e-02
  -3.0883726e-02
  -3.0807443e-02
  -2.9511610e-02
  -3.5956655e-02
  -3.3957500e-02
  -2.6305599e-02
  -2.5414910e-02
  -2.0408729e-02
  -1.8862160e-02
  -8.3564324e-03
  -2.7311556e-03
  -1.4683874e-02
  -1.8853546e-02
  -2.3554109e-02
  -2.9954500e-02
  -2.8768200e-02
  -3.4968875e-02
  -3.8997266e-02
  -4.2875085e-02
  -4.3879345e-02
  -3.9433494e-02
  -4.0337358e-02
  -3.4492612e-02
  -2.8103327e-02
  -2.5621137e-02
  -1.9570306e-02
  -9.6673006e-03
   7.4786018e-03
   1.8344982e-02
   7.4424909e-03
   0.0000000e+00
   0.0000000e+00
  -3.3779100e-02
  -3.0227238e-02
  -2.7533203e-02
  -2.9664207e-02
  -3.0009851e-02
  -2.7910711e-02
  -2.5679439e-02
  -2.6547307e-02
  -2.4559405e-02
  -2.1051411e-02
  -2.0098394e-02
  -1.7720906e-02
  -1.6523182e-02
  -1.3304826e-02
  -1.1119668e-02
  -1.9056624e-02
  -2.4547299e-02
  -2.3939630e-02
  -2.4484355e-02
  -2.7135018e-02
  -3.0516617e-02
  -3.1610396e-02
  -3.3114950e-02
  -3.3901783e-02
  -2.9712161e-02
  -2.8393561e-02
  -2.4526689e-02
  -1.8032953e-02
  -1.2951096e-02
  -1.0860278e-02
  -1.5490499e-02
  -1.9201196e-03
   1.6264914e-02
   1.3127626e-02
   0.0000000e+00
   0.0000000e+00
  -2.9792714e-02
  -2.5722157e-02
  -2.3120418e-02
  -2.3696883e-02
  -2.3411041e-02
  -2.1877483e-02
  -1.9640718e-02
  -1.8375430e-02
  -1.7034790e-02
  -1.5518841e-02
  -1.5205432e-02
  -1.4251524e-02
  -1.4099742e-02
  -1.3651731e-02
  -1.4018233e-02
  -2.0764763e-02
  -2.2387335e-02
  -1.8482536e-02
  -1.7472027e-02
  -2.1287877e-02
  -2.3293409e-02
  -2.2504317e-02
  -2.2565272e-02
  -2.3035396e-02
  -2.1087995e-02
  -1.9707991e-02
  -1.6963059e-02
  -1.3057088e-02
  -5.1528276e-03
  -3.0776815e-03
  -0.0000000e+00
  -1.0217560e-02
   1.0956208e-02
   1.3182088e-02
   0.0000000e+00
   0.0000000e+00
  -2.8340220e-02
  -2.2976309e-02
  -1.9808311e-02
  -1.9331310e-02
  -1.9189319e-02
  -1.8714560e-02
  -1.6595546e-02
  -1.3832577e-02
  -1.3068352e-02
  -1.2978387e-02
  -1.3581017e-02
  -1.3877023e-02
  -1.4563323e-02
  -1.5594897e-02
  -1.8091166e-02
  -2.3813285e-02
  -2.0741072e-02
  -1.5308875e-02
  -1.5452340e-02
  -1.9585878e-02
  -2.1815464e-02
  -2.0345367e-02
  -2.0893253e-02
  -2.1314193e-02
  -2.1321872e-02
  -2.1137835e-02
  -1.9317821e-02
  -1.6660493e-02
  -3.0838558e-03
  -8.0340798e-04
  -0.0000000e+00
  -2.0699266e-02
   3.5442142e-03
   9.6521183e-03
   0.0000000e+00
  -0.0000000e+00
  -2.6045757e-02
  -1.7521687e-02
  -1.2915074e-02
  -1.1689955e-02
  -1.0787650e-02
  -1.2065474e-02
  -1.1363471e-02
  -9.2293788e-03
  -9.6553750e-03
  -1.0387806e-02
  -1.2162902e-02
  -1.3204411e-02
  -1.3373856e-02
  -1.5171672e-02
  -1.9151879e-02
  -1.9250490e-02
  -1.2663188e-02
  -9.5243705e-03
  -1.2023797e-02
  -1.4915362e-02
  -1.6366197e-02
  -1.4958283e-02
  -1.5472945e-02
  -1.6482648e-02
  -1.8512012e-02
  -2.0846248e-02
  -2.1081952e-02
  -2.0288998e-02
  -6.2775891e-03
  -2.2176920e-03
  -0.0000000e+00
  -3.0152209e-02
  -7.2335419e-03
   0.0000000e+00
   0.0000000e+00
  -0.0000000e+00
  -2.6199304e-02
  -2.0166323e-02
  -1.4864149e-02
  -1.2460419e-02
  -1.0854740e-02
  -1.0599303e-02
  -1.0810774e-02
  -1.0839689e-02
  -1.3442567e-02
  -1.4397800e-02
  -1.5410562e-02
  -1.5599136e-02
  -1.4345425e-02
  -1.6224716e-02
  -1.6079713e-02
  -1.2880276e-02
  -1.0087779e-02
  -1.0024555e-02
  -1.3311801e-02
  -1.5584746e-02
  -1.5852937e-02
  -1.4557204e-02
  -1.5657071e-02
  -1.7631738e-02
  -2.0000756e-02
  -2.2585552e-02
  -2.4030179e-02
  -2.5487015e-02
  -1.5360852e-02
  -8.5567583e-03
  -0.0000000e+00
  -3.2297600e-02
  -1.0214387e-02
  -0.0000000e+00
   0.0000000e+00
  -0.0000000e+00
  -2.8499860e-02
  -2.8019754e-02
  -2.2759696e-02
  -2.0299554e-02
  -1.8214367e-02
  -1.5478289e-02
  -1.6312920e-02
  -1.7418552e-02
  -2.0783601e-02
  -2.1586303e-02
  -2.2247050e-02
  -2.1467829e-02
  -1.9636428e-02
  -2.0250970e-02
  -1.6443918e-02
  -1.5550608e-02
  -1.6365666e-02
  -1.6552953e-02
  -1.9165128e-02
  -1.9844888e-02
  -2.0513816e-02
  -1.9794036e-02
  -2.1053560e-02
  -2.2569852e-02
  -2.3900846e-02
  -2.6332259e-02
  -2.7272953e-02
  -3.0583471e-02
  -2.1525731e-02
  -1.2476044e-02
  -0.0000000e+00
  -3.3262480e-02
  -1.0304974e-02
  -0.0000000e+00
   0.0000000e+00
  -0.0000000e+00
  -3.6139600e-02
  -4.2318873e-02
  -3.7655894e-02
  -3.5935897e-02
  -3.3551291e-02
  -2.7658291e-02
  -2.9157769e-02
  -3.0496117e-02
  -3.3537891e-02
  -3.3940803e-02
  -3.4675375e-02
  -3.2907613e-02
  -3.0730881e-02
  -2.8639518e-02
  -2.1100545e-02
  -2.6790803e-02
  -3.1253576e-02
  -2.9813441e-02
  -3.0571302e-02
  -2.8590588e-02
  -3.0598661e-02
  -3.0237710e-02
  -3.1658132e-02
  -3.2342117e-02
  -3.1865746e-02
  -3.4326941e-02
  -3.3594798e-02
  -3.8187325e-02
  -2.7313460e-02
  -1.5260295e-02
  -0.0000000e+00
  -3.5177806e-02
  -1.1006965e-02
   0.0000000e+00
   0.0000000e+00
  -0.0000000e+00
  -4.3180805e-02
  -5.1087931e-02
  -4.9927309e-02
  -4.8999857e-02
  -4.6381511e-02
  -4.1511659e-02
  -4.2537846e-02
  -4.1062873e-02
  -4.1935194e-02
  -4.2634595e-02
  -4.3720257e-02
  -4.3866482e-02
  -4.1546941e-02
  -3.5673976e-02
  -3.1998906e-02
  -4.2903494e-02
  -4.4571150e-02
  -4.2220589e-02
  -4.1850932e-02
  -3.7999272e-02
  -4.0979430e-02
  -4.0281128e-02
  -4.1139714e-02
  -4.0892407e-02
  -3.9140947e-02
  -4.2227190e-02
  -3.9495204e-02
  -4.0435966e-02
  -3.1008771e-02
  -1.8625157e-02
  -0.0000000e+00
  -3.5115925e-02
  -1.4571224e-02
   0.0000000e+00
   0.0000000e+00
  -0.0000000e+00
  -3.8145214e-02
  -4.3102868e-02
  -4.4024333e-02
  -4.5563057e-02
  -4.5450456e-02
  -4.4318773e-02
  -4.3358229e-02
  -4.0227961e-02
  -4.0482059e-02
  -4.0835842e-02
  -4.1120540e-02
  -4.3156303e-02
  -4.1140154e-02
  -3.6557958e-02
  -3.7852947e-02
  -4.1997496e-02
  -3.9636634e-02
  -4.1155547e-02
  -4.2320695e-02
  -3.9776020e-02
  -4.1292906e-02
  -4.0539153e-02
  -4.1134797e-02
  -4.0078729e-02
  -3.8676441e-02
  -4.0491182e-02
  -3.6605958e-02
  -3.4670860e-02
  -3.1131959e-02
  -2.2075839e-02
  -0.0000000e+00
  -3.0553795e-02
  -1.8128818e-02
  -0.0000000e+00
   0.0000000e+00
  -0.0000000e+00
  -2.2602286e-02
  -2.4868047e-02
  -2.6393907e-02
  -2.9188573e-02
  -3.0603195e-02
  -3.2251973e-02
  -3.1089021e-02
  -2.8978089e-02
  -2.9846746e-02
  -2.9736111e-02
  -2.9539553e-02
  -3.1147402e-02
  -2.9714899e-02
  -2.8183654e-02
  -3.0814854e-02
  -2.8766615e-02
  -2.5464041e-02
  -2.8797850e-02
  -3.0760236e-02
  -3.0757612e-02
  -3.0694677e-02
  -3.0308193e-02
  -3.1092830e-02
  -3.0119002e-02
  -2.9633323e-02
  -2.9396836e-02
  -2.6162464e-02
  -2.4162602e-02
  -2.4623282e-02
  -2.0011388e-02
  -0.0000000e+00
  -2.1199270e-02
  -1.6326457e-02
  -0.0000000e+00
   0.0000000e+00
   3.3080394e-03
   5.8689332e-03
   5.5138222e-03
   5.0297556e-03
   2.9592291e-03
   1.0687436e-03
  -2.0236722e-03
  -2.5028922e-03
  -3.7277197e-03
  -5.8753067e-03
  -5.6969435e-03
  -5.8167940e-03
  -5.2754008e-03
  -4.2190528e-03
  -6.0642101e-03
  -7.3181903e-03
  -2.0400097e-03
  -8.0326363e-04
  -3.5469432e-03
  -5.2510602e-03
  -7.9209758e-03
  -7.1057626e-03
  -7.6499861e-03
  -8.7267198e-03
  -8.7238243e-03
  -9.2940154e-03
  -7.1619228e-03
  -6.1433781e-03
  -5.2818046e-03
  -7.2882534e-03
  -8.2640322e-03
  -5.0115183e-03
  -5.0982827e-03
  -6.8381573e-03
  -5.3876718e-03
   1.7647211e-02
   3.5304684e-02
   4.9763948e-02
   5.0549697e-02
   5.3918552e-02
   5.5336442e-02
   5.4189987e-02
   5.1452935e-02
   4.7529552e-02
   4.1846532e-02
   3.8430110e-02
   3.6877818e-02
   3.5244662e-02
   3.7856832e-02
   3.9709009e-02
   3.7457727e-02
   3.7145264e-02
   3.8422473e-02
   3.6174506e-02
   3.6068313e-02
   3.5833847e-02
   3.2759055e-02
   3.1834345e-02
   2.9672999e-02
   2.8575674e-02
   2.6910897e-02
   2.5953295e-02
   2.7977226e-02
   2.6722951e-02
   2.8953535e-02
   2.8325485e-02
   2.1953015e-02
   2.1319741e-02
   2.1589642e-02
   1.9571943e-02
   1.1596373e-02
   5.7960309e-02
   7.6101333e-02
   9.1546506e-02
   9.4464213e-02
   1.0345548e-01
   1.1202665e-01
   1.1419665e-01
   1.1258098e-01
   1.0489857e-01
   9.7554311e-02
   9.4314374e-02
   8.7563083e-02
   8.4126696e-02
   8.6153239e-02
   8.6990759e-02
   8.7503798e-02
   8.5668609e-02
   8.0218121e-02
   7.6315030e-02
   7.6852076e-02
   7.7022418e-02
   7.5636059e-02
   7.3360689e-02
   7.0478208e-02
   6.9510981e-02
   6.6952713e-02
   6.7486338e-02
   6.7279980e-02
   6.7640916e-02
   7.7625595e-02
   7.8439258e-02
   7.0290521e-02
   6.1469205e-02
   5.8141090e-02
   6.2060785e-02
   5.7607640e-02
   9.9334665e-02
   1.0099668e-01
   1.0950327e-01
   1.1446037e-01
   1.2289054e-01
   1.3547930e-01
   1.4223960e-01
   1.4292219e-01
   1.3645589e-01
   1.3039365e-01
   1.2534140e-01
   1.1510997e-01
   1.1274603e-01
   1.1240377e-01
   1.1048537e-01
   1.1344467e-01
   1.1152723e-01
   1.0505126e-01
   1.0224911e-01
   9.9197321e-02
   9.6520431e-02
   9.6424498e-02
   9.5280558e-02
   9.4933651e-02
   9.4347715e-02
   9.3353018e-02
   9.5712446e-02
   9.4195716e-02
   1.0072181e-01
   1.1275360e-01
   1.0926647e-01
   1.0524163e-01
   1.0231601e-01
   9.6104525e-02
   9.6324414e-02
   9.9472225e-02
   1.0487145e-01
   9.8444253e-02
   1.0000229e-01
   1.0525592e-01
   1.0875174e-01
   1.1819775e-01
   1.2623778e-01
   1.2868494e-01
   1.2633078e-01
   1.1995982e-01
   1.0975449e-01
   1.0269541e-01
   1.0262538e-01
   1.0156359e-01
   1.0045965e-01
   1.0234320e-01
   1.0235603e-01
   1.0062799e-01
   9.8895185e-02
   9.4621606e-02
   9.0521641e-02
   8.9650378e-02
   8.9951232e-02
   9.0877466e-02
   9.0154521e-02
   9.1723211e-02
   9.3619652e-02
   9.4886996e-02
   1.0379524e-01
   1.0324100e-01
   9.6435517e-02
   1.0020299e-01
   1.0327590e-01
   9.9583037e-02
   9.6421964e-02
   1.0213961e-01
   6.9455728e-02
   6.8649642e-02
   6.7993715e-02
   7.0035070e-02
   7.0691638e-02
   7.4976899e-02
   8.0822356e-02
   8.2362503e-02
   8.0443017e-02
   7.5040184e-02
   6.6740587e-02
   6.4147010e-02
   6.4538129e-02
   6.3848712e-02
   6.6829279e-02
   6.7038424e-02
   6.5096028e-02
   6.7195043e-02
   6.6247597e-02
   6.4252198e-02
   6.3985750e-02
   6.2573001e-02
   6.1923832e-02
   6.0724694e-02
   6.0565449e-02
   6.3304611e-02
   6.4701356e-02
   6.7202590e-02
   6.9496907e-02
   5.8743779e-02
   5.2859943e-02
   5.9485447e-02
   6.0474757e-02
   6.0956098e-02
   6.4489350e-02
   6.6800676e-02
   5.3038322e-03
   5.2419640e-03
   7.7147023e-03
   1.0698122e-02
   1.3036412e-02
   1.3073386e-02
   1.2296577e-02
   1.1858694e-02
   9.6483631e-03
   9.4745103e-03
   1.0226890e-02
   1.2281087e-02
   1.3939379e-02
   1.4012696e-02
   1.6162554e-02
   1.4361480e-02
   8.9287627e-03
   1.0910019e-02
   1.1835393e-02
   1.1297327e-02
   1.3254184e-02
   1.4436945e-02
   1.3685822e-02
   1.1717032e-02
   1.2717959e-02
   1.4097883e-02
   1.4181165e-02
   1.3118798e-02
   1.1264996e-02
   5.2383733e-03
   1.4337032e-03
   4.5307949e-03
   3.3066925e-03
   4.0148813e-03
   1.1844485e-02
   1.0300368e-02
  -4.2672243e-02
  -4.4504106e-02
  -3.8750742e-02
  -3.2617103e-02
  -2.8949261e-02
  -3.3284392e-02
  -4.2369779e-02
  -4.7340117e-02
  -4.5644343e-02
  -4.0074483e-02
  -3.3818137e-02
  -2.9067155e-02
  -2.5928384e-02
  -2.5960987e-02
  -2.7326321e-02
  -3.0683715e-02
  -3.4297243e-02
  -3.2585174e-02
  -3.1015832e-02
  -3.1218573e-02
  -3.0880198e-02
  -3.0058563e-02
  -2.8912714e-02
  -2.7454045e-02
  -2.5816146e-02
  -2.5222575e-02
  -2.6054118e-02
  -2.7092593e-02
  -2.6151136e-02
  -2.6753178e-02
  -2.8959550e-02
  -2.7370561e-02
  -2.7061347e-02
  -2.8259559e-02
  -2.8300865e-02
  -3.4054566e-02
  -4.2547069e-02
  -3.9374560e-02
  -3.4867942e-02
  -3.2764401e-02
  -3.4534723e-02
  -4.0814839e-02
  -4.8315633e-02
  -5.3405449e-02
  -5.3572726e-02
  -5.1314317e-02
  -4.8794825e-02
  -4.6709422e-02
  -4.4947356e-02
  -4.4319410e-02
  -4.5337304e-02
  -4.6541218e-02
  -4.6211444e-02
  -4.4583965e-02
  -4.3830384e-02
  -4.4101335e-02
  -4.4376783e-02
  -4.4134539e-02
  -4.3401591e-02
  -4.2442895e-02
  -4.1760273e-02
  -4.1608218e-02
  -4.1469794e-02
  -4.1256063e-02
  -4.0703155e-02
  -3.9897654e-02
  -3.8774867e-02
  -3.6808114e-02
  -3.5998724e-02
  -3.7442598e-02
  -3.9702825e-02
  -4.2027682e-02
