  -3.5612087e+00
  -3.2936618e+00
  -3.0034416e+00
  -2.6097512e+00
  -2.1275925e+00
  -1.8178675e+00
  -1.7073017e+00
  -1.4683851e+00
  -8.5477761e-01
   4.5147277e-03
   1.0418144e+00
   1.9017925e+00
   2.3660430e+00
   2.4376531e+00
   2.0003689e+00
   1.1854894e+00
   5.2784541e-02
  -1.0327972e+00
  -1.8316371e+00
  -2.4984875e+00
  -2.9724062e+00
  -3.2030774e+00
  -3.1977613e+00
  -2.9943835e+00
  -2.7625076e+00
  -2.5014168e+00
  -2.1589540e+00
  -1.7984873e+00
  -1.5912704e+00
  -1.8797738e+00
  -2.6384890e+00
  -3.6623145e+00
  -4.3880141e+00
  -4.5707532e+00
  -4.3371183e+00
  -3.9080593e+00
  -2.5778439e+00
  -3.2244181e+00
  -3.8186303e+00
  -4.1023255e+00
  -3.7560632e+00
  -3.0755264e+00
  -2.8682678e+00
  -2.7585341e+00
  -2.7852730e+00
  -3.0943898e+00
  -3.2643236e+00
  -3.2741382e+00
  -3.2055066e+00
  -2.8499375e+00
  -2.2416242e+00
  -1.6654941e+00
  -9.4623580e-01
  -9.8194806e-02
   5.1147939e-01
   7.6158271e-01
   4.6934089e-01
  -1.2387195e-01
  -7.7976157e-01
  -1.1033809e+00
  -1.3020609e+00
  -1.7763653e+00
  -1.9404033e+00
  -1.5856504e+00
  -6.8931628e-01
   4.8389995e-01
   1.1372763e+00
   1.4131000e+00
   1.3092087e+00
   5.5251634e-01
  -8.2373976e-01
  -1.9661586e+00
   1.9624060e+00
   2.4919812e+00
   2.9019276e+00
   2.9265107e+00
   2.7591926e+00
   3.1157376e+00
   3.1812913e+00
   2.6531827e+00
   1.4631101e+00
   1.3821061e-01
  -4.4168611e-01
  -4.2451420e-01
  -3.1605587e-01
  -1.0126444e-01
   3.3036607e-01
   8.7028888e-01
   1.7459591e+00
   2.6431246e+00
   2.9874797e+00
   3.1846976e+00
   3.2134198e+00
   3.1763065e+00
   2.6847008e+00
   2.1039252e+00
   2.3226558e+00
   2.3791834e+00
   2.5355395e+00
   2.6751180e+00
   2.2207802e+00
   2.1387362e+00
   2.2140893e+00
   2.4632423e+00
   2.6822131e+00
   2.3775442e+00
   1.8572618e+00
   1.5965361e+00
   5.0968676e+00
   5.4264287e+00
   5.8167096e+00
   6.4339212e+00
   6.6844222e+00
   6.7311843e+00
   7.0097722e+00
   6.1598861e+00
   4.9183595e+00
   4.1859913e+00
   3.7655587e+00
   3.8754054e+00
   4.0233562e+00
   4.2770494e+00
   4.4529704e+00
   4.3484804e+00
   4.3125620e+00
   4.4688197e+00
   4.6452943e+00
   4.7317836e+00
   4.6210852e+00
   4.7951078e+00
   4.8475913e+00
   4.1400810e+00
   4.1761160e+00
   4.4343097e+00
   4.4951436e+00
   5.0802096e+00
   4.5061935e+00
   3.6635357e+00
   3.6316039e+00
   3.3966432e+00
   3.6003863e+00
   4.0911899e+00
   4.8313154e+00
   5.1711434e+00
   6.7896837e+00
   6.9630701e+00
   7.0792468e+00
   7.3474196e+00
   8.0282643e+00
   8.0846945e+00
   8.4845642e+00
   8.1988754e+00
   7.6300413e+00
   7.2326899e+00
   6.5976781e+00
   6.4579104e+00
   6.2514945e+00
   6.2710840e+00
   6.0661488e+00
   5.6012083e+00
   5.0608858e+00
   4.8657476e+00
   5.5135370e+00
   5.8136236e+00
   5.6394725e+00
   5.5973843e+00
   5.9920568e+00
   5.8127776e+00
   5.4685060e+00
   5.6837751e+00
   5.2649738e+00
   5.7255534e+00
   5.3774755e+00
   4.1959669e+00
   4.8319647e+00
   4.9286467e+00
   5.3655230e+00
   6.1559198e+00
   6.5641666e+00
   7.0803770e+00
   7.3162734e+00
   7.3004259e+00
   7.5324192e+00
   7.4266531e+00
   7.9836354e+00
   8.0953122e+00
   8.0379531e+00
   8.6972839e+00
   8.7786949e+00
   8.0903456e+00
   7.5645730e+00
   7.0951804e+00
   6.5755328e+00
   6.1661174e+00
   5.3331445e+00
   5.0937666e+00
   4.9040974e+00
   4.7093420e+00
   5.5218672e+00
   5.9781343e+00
   6.0850669e+00
   6.0069874e+00
   6.3229691e+00
   6.5864935e+00
   6.0352871e+00
   6.2857045e+00
   5.9884743e+00
   5.8229967e+00
   5.3794006e+00
   3.8374181e+00
   4.5857366e+00
   5.5946477e+00
   5.9857143e+00
   6.5507274e+00
   6.4653540e+00
   7.1235583e+00
   6.1716187e+00
   5.6359309e+00
   5.9343219e+00
   6.3298496e+00
   6.7949287e+00
   6.7216854e+00
   6.1343276e+00
   7.1374643e+00
   7.6879201e+00
   7.0885500e+00
   6.8852409e+00
   5.9581549e+00
   5.3309220e+00
   4.8526929e+00
   3.7195889e+00
   3.9151749e+00
   4.2542685e+00
   4.0247294e+00
   4.4739628e+00
   4.7972712e+00
   5.1438044e+00
   5.2644950e+00
   5.4106637e+00
   5.6689525e+00
   5.1323515e+00
   5.3755215e+00
   5.4872224e+00
   4.8780980e+00
   4.3825059e+00
   2.9889181e+00
   3.1797370e+00
   4.5665242e+00
   4.5648914e+00
   4.8184615e+00
   5.3163384e+00
   5.9507349e+00
   3.3996301e+00
   2.6506133e+00
   2.8773021e+00
   3.6144864e+00
   4.1400402e+00
   4.1000988e+00
   3.4215023e+00
   3.9580040e+00
   4.9805285e+00
   5.1136800e+00
   4.9113383e+00
   3.6727106e+00
   3.0543053e+00
   2.9112094e+00
   2.1155816e+00
   2.3813664e+00
   2.7295907e+00
   2.4006241e+00
   2.4879095e+00
   2.5330957e+00
   2.8153892e+00
   3.0381120e+00
   3.0846800e+00
   3.2733322e+00
   2.9995754e+00
   3.0883974e+00
   3.1364222e+00
   2.4795983e+00
   2.3065831e+00
   1.8009841e+00
   1.5464743e+00
   2.3047079e+00
   2.1406186e+00
   2.3017272e+00
   3.4554747e+00
   3.8329435e+00
   9.0484956e-02
  -2.0421682e-01
  -4.5981077e-02
   1.2575634e-01
   4.0306644e-01
   8.8139854e-01
   5.2658878e-01
   2.4608122e-01
   1.6391951e+00
   2.5852735e+00
   2.2695592e+00
   1.1816254e+00
   5.9651705e-01
   8.1078254e-01
   6.2478801e-01
   5.0714788e-01
   3.7957231e-01
   6.8723972e-02
   7.5593609e-02
  -7.1951063e-02
  -3.4366211e-02
   8.0394142e-02
   8.3567813e-02
   3.1573147e-01
   4.2545101e-01
   3.4237099e-01
  -1.0952479e-01
  -6.2891503e-01
  -2.0288746e-01
   4.2827383e-01
   7.3214636e-02
  -1.6366330e-01
  -1.5375230e-01
  -8.0298686e-03
   9.6901505e-01
   9.7713234e-01
  -2.6596935e+00
  -2.0272588e+00
  -1.9706521e+00
  -2.9878323e+00
  -3.4924084e+00
  -2.2788255e+00
  -2.1145983e+00
  -3.1305109e+00
  -1.6944935e+00
  -3.1383273e-01
  -3.9282093e-01
  -8.2225530e-01
  -1.4034274e+00
  -1.0703397e+00
  -8.1911972e-01
  -1.5299887e+00
  -2.2577383e+00
  -2.3678801e+00
  -2.2095628e+00
  -2.3698435e+00
  -2.5570979e+00
  -2.6728581e+00
  -2.6676732e+00
  -2.3744132e+00
  -1.9850773e+00
  -2.1066453e+00
  -3.0602877e+00
  -3.4531208e+00
  -2.3907150e+00
  -9.1566728e-01
  -1.2252012e+00
  -2.1112157e+00
  -1.8696233e+00
  -1.9005649e+00
  -1.8660082e+00
  -2.1915040e+00
  -3.6824457e+00
  -2.2276630e+00
  -3.0315602e+00
  -4.4082315e+00
  -5.9974095e+00
  -5.1185244e+00
  -4.4117115e+00
  -5.8132767e+00
  -5.2697834e+00
  -4.0816140e+00
  -2.6622416e+00
  -1.8010867e+00
  -2.5376850e+00
  -2.4057024e+00
  -2.3536649e+00
  -3.3642499e+00
  -4.2457072e+00
  -4.1385291e+00
  -3.7367093e+00
  -3.7648724e+00
  -3.9351830e+00
  -4.2251445e+00
  -4.0988819e+00
  -4.0039711e+00
  -4.0608774e+00
  -3.9130662e+00
  -4.5608571e+00
  -4.8170975e+00
  -3.4107409e+00
  -2.0552990e+00
  -2.4916586e+00
  -3.1112711e+00
  -3.2246298e+00
  -3.9733919e+00
  -4.9068449e+00
  -5.2064933e+00
  -2.5496665e+00
  -1.5330501e+00
  -3.4849789e+00
  -3.5843234e+00
  -4.8521670e+00
  -5.4523233e+00
  -5.0784311e+00
  -6.3584627e+00
  -6.7564793e+00
  -6.0445398e+00
  -3.3673766e+00
  -1.5911659e+00
  -2.2431787e+00
  -2.3868452e+00
  -2.6775171e+00
  -3.0523486e+00
  -3.5275442e+00
  -3.5779340e+00
  -3.1955237e+00
  -3.2404538e+00
  -3.1983952e+00
  -3.4550142e+00
  -3.3034742e+00
  -3.5498353e+00
  -4.3376810e+00
  -4.2106710e+00
  -3.9910249e+00
  -3.5926284e+00
  -2.7476102e+00
  -2.2923754e+00
  -2.5589765e+00
  -3.0456228e+00
  -3.7970288e+00
  -4.8670290e+00
  -5.9568770e+00
  -5.6513903e+00
  -1.3761287e+00
  -9.3180903e-01
  -3.4827975e+00
  -2.7770983e+00
  -3.3971483e+00
  -4.5193545e+00
  -4.7769111e+00
  -5.9312340e+00
  -6.5523699e+00
  -6.3625761e+00
  -3.5616955e+00
  -1.3840572e+00
  -1.5439447e+00
  -1.9586915e+00
  -2.3813287e+00
  -1.9950258e+00
  -2.2093051e+00
  -2.3658227e+00
  -2.2044759e+00
  -2.3009507e+00
  -2.1276275e+00
  -2.4073954e+00
  -2.3380793e+00
  -2.9141748e+00
  -3.7547460e+00
  -3.9275708e+00
  -3.2903437e+00
  -1.9317256e+00
  -1.9256323e+00
  -2.1732374e+00
  -2.0568015e+00
  -2.7961418e+00
  -3.7478769e+00
  -4.6420777e+00
  -5.8177094e+00
  -5.1610372e+00
  -3.1539664e-01
  -3.0151204e-01
  -3.2054491e+00
  -2.1247764e+00
  -2.1102199e+00
  -3.1592829e+00
  -3.9656308e+00
  -5.0253785e+00
  -5.5394965e+00
  -5.8684986e+00
  -3.5047702e+00
  -1.2223029e+00
  -7.8053231e-01
  -1.4101704e+00
  -1.9448717e+00
  -8.8833145e-01
  -9.0437239e-01
  -1.1196184e+00
  -1.2154148e+00
  -1.3652668e+00
  -1.1282148e+00
  -1.4642961e+00
  -1.5245189e+00
  -2.3810062e+00
  -2.9348415e+00
  -3.4265924e+00
  -2.5778474e+00
  -2.3263863e-01
  -1.0828339e+00
  -1.9012655e+00
  -1.4121051e+00
  -2.4847110e+00
  -3.3834617e+00
  -3.9322001e+00
  -5.1181912e+00
  -4.3296168e+00
   4.3935649e-01
   7.9159871e-01
  -2.2712505e+00
  -2.0004099e+00
  -1.7590370e+00
  -1.4153021e+00
  -2.0532237e+00
  -3.1467133e+00
  -3.1031394e+00
  -4.0060665e+00
  -3.0543162e+00
  -1.2265840e+00
  -1.4643464e-01
  -7.9103663e-01
  -1.7112496e+00
  -4.3029087e-01
  -2.5849768e-01
  -4.0575326e-01
  -6.7945854e-01
  -8.5067548e-01
  -7.2350456e-01
  -1.1989122e+00
  -1.4778027e+00
  -2.4766639e+00
  -2.1345250e+00
  -2.6787503e+00
  -1.8199698e+00
   1.4234083e+00
  -1.6032932e-01
  -1.3965213e+00
  -8.2076882e-01
  -2.0859623e+00
  -2.4126273e+00
  -2.5077662e+00
  -3.4613795e+00
  -3.1405076e+00
   8.6476402e-01
   1.8499266e+00
  -1.3330433e+00
  -2.3242051e+00
  -2.1631634e+00
  -1.1193987e+00
  -7.2654381e-01
  -1.5727612e+00
  -1.5764550e+00
  -2.3846978e+00
  -2.0663958e+00
  -1.2302518e+00
  -8.6001665e-01
  -1.2426997e+00
  -2.8883047e+00
  -2.2783421e+00
  -1.6951380e+00
  -1.9599302e+00
  -1.7656925e+00
  -1.9406338e+00
  -1.9799987e+00
  -2.3060164e+00
  -2.7891365e+00
  -3.2693649e+00
  -2.8932666e+00
  -2.6794696e+00
  -9.1834312e-01
   1.9792015e+00
   5.4841504e-01
  -1.0565336e+00
  -1.1230577e+00
  -2.2446230e+00
  -2.1779476e+00
  -1.9444260e+00
  -2.1106987e+00
  -1.8165978e+00
   1.3697241e+00
   2.2208986e+00
  -6.8547368e-01
  -2.4012801e+00
  -2.1717203e+00
  -9.4166875e-01
  -3.1856782e-01
  -8.5576856e-01
  -8.6822585e-01
  -1.4173027e+00
  -1.3374757e+00
  -1.3344353e+00
  -1.7789781e+00
  -2.3044601e+00
  -4.1575034e+00
  -3.9062880e+00
  -3.1876374e+00
  -3.4910125e+00
  -2.9683991e+00
  -3.0949052e+00
  -3.1400035e+00
  -3.2965401e+00
  -3.8155914e+00
  -3.8512776e+00
  -3.6543558e+00
  -2.8849390e+00
  -2.9971642e-01
   2.2535040e+00
   9.3071012e-01
  -9.8508615e-01
  -1.5515797e+00
  -2.8221585e+00
  -2.4889355e+00
  -1.6470121e+00
  -1.1819756e+00
  -4.9865565e-01
   1.9736032e+00
   2.3150770e+00
  -9.5039102e-02
  -2.3721562e+00
  -1.9959664e+00
  -7.9761621e-01
  -2.9127321e-01
  -4.5280167e-01
  -4.5705044e-01
  -6.3825130e-01
  -6.4093452e-01
  -1.4984365e+00
  -2.9063571e+00
  -3.7817128e+00
  -5.6248147e+00
  -5.6298271e+00
  -4.8885076e+00
  -5.1981791e+00
  -4.3725019e+00
  -4.4202196e+00
  -4.3964020e+00
  -4.3533541e+00
  -4.8338625e+00
  -4.4054562e+00
  -4.5094545e+00
  -3.2114323e+00
   2.6182089e-01
   2.4293913e+00
   1.2067068e+00
  -1.0307489e+00
  -2.0915631e+00
  -3.6664718e+00
  -3.0935749e+00
  -1.4378989e+00
  -3.3759885e-01
   9.7737665e-01
   2.5774101e+00
   1.5366004e+00
   5.0370917e-01
  -1.5073872e+00
  -1.2394353e+00
   2.9400447e-01
  -3.9385851e-01
  -8.3282688e-01
  -1.0297356e-01
  -1.1325038e-01
  -1.0498136e+00
  -2.3374832e+00
  -4.1316344e+00
  -6.2466721e+00
  -6.6046122e+00
  -5.9332107e+00
  -5.9178224e+00
  -5.7834282e+00
  -5.3886170e+00
  -5.2130265e+00
  -4.8673840e+00
  -4.8956613e+00
  -4.8670545e+00
  -4.4244438e+00
  -4.1685833e+00
  -2.9021989e+00
   4.1602933e-03
   1.9707837e+00
   4.8578615e-01
  -1.8773333e+00
  -3.3177938e+00
  -5.3786213e+00
  -3.6834843e+00
  -2.7826031e-01
   1.2623105e+00
   2.6658564e+00
   2.2064812e+00
   1.2112633e+00
   4.9999933e-01
  -9.0284874e-01
  -9.9617147e-01
   7.3501387e-01
   4.2373921e-01
  -5.6678157e-01
  -1.1924920e-01
  -3.6857890e-01
  -1.8312400e+00
  -2.8555331e+00
  -4.2731956e+00
  -6.2038458e+00
  -5.7990191e+00
  -4.9409365e+00
  -5.0683910e+00
  -4.8444011e+00
  -4.7403862e+00
  -4.6052986e+00
  -4.3983946e+00
  -4.4669153e+00
  -4.2479969e+00
  -3.7521695e+00
  -3.1192152e+00
  -2.2403112e+00
  -4.7961123e-01
   7.4151685e-01
  -6.9312733e-01
  -2.7878221e+00
  -4.4506521e+00
  -5.8973616e+00
  -3.3667443e+00
   5.6554134e-01
   2.0985150e+00
   2.4747343e+00
   1.6658989e+00
   8.3109466e-01
   3.4162258e-01
  -4.4460402e-01
  -8.7278900e-01
   1.0003564e+00
   1.3231129e+00
  -1.0611827e-01
  -2.8941804e-01
  -7.5337239e-01
  -2.4067760e+00
  -3.2438956e+00
  -4.2505724e+00
  -5.6596697e+00
  -4.8078285e+00
  -4.0056603e+00
  -4.1473057e+00
  -3.9297843e+00
  -4.0059149e+00
  -3.9771549e+00
  -4.0433242e+00
  -4.0685537e+00
  -3.7227550e+00
  -3.0315029e+00
  -2.0940092e+00
  -1.7036065e+00
  -9.5030732e-01
  -6.0675985e-01
  -1.9758362e+00
  -3.7529215e+00
  -5.5809511e+00
  -6.2917296e+00
  -3.1972079e+00
   1.0727482e+00
   2.6047650e+00
   1.9659584e+00
   5.9113048e-01
   2.1205956e-01
  -2.3055354e-01
  -2.3993570e-01
  -1.0104853e+00
   9.0097736e-01
   2.6219504e+00
   9.3999339e-01
  -8.7947075e-01
  -1.5383856e+00
  -2.5922785e+00
  -3.4052458e+00
  -3.8333342e+00
  -3.7793317e+00
  -3.1532334e+00
  -3.0204360e+00
  -2.8686676e+00
  -2.8931878e+00
  -2.9167548e+00
  -3.1795317e+00
  -3.9118585e+00
  -3.6737409e+00
  -3.3234721e+00
  -2.0328764e+00
  -9.0149678e-01
  -1.3624093e+00
  -1.4950571e+00
  -2.5585651e+00
  -3.8151710e+00
  -5.0839775e+00
  -6.9760581e+00
  -6.4935474e+00
  -3.3785596e+00
   8.5986800e-01
   2.4175118e+00
   5.7808832e-01
  -8.4022763e-01
  -1.3979178e+00
  -1.2357388e+00
  -7.3923614e-01
  -1.4181097e+00
   6.9110334e-01
   2.6800225e+00
   9.3796583e-01
  -1.1830191e+00
  -1.2889490e+00
  -1.9538862e+00
  -3.1435303e+00
  -3.1442649e+00
  -2.6174076e+00
  -2.6980834e+00
  -3.2539113e+00
  -3.2472871e+00
  -3.4510580e+00
  -3.5170645e+00
  -3.9909941e+00
  -5.0734796e+00
  -4.6016965e+00
  -4.0182677e+00
  -2.0081421e+00
  -4.4216374e-01
  -1.7917604e+00
  -2.3187699e+00
  -3.3476687e+00
  -4.9359575e+00
  -6.1383736e+00
  -7.4265386e+00
  -7.0211612e+00
  -5.1661877e+00
  -1.3609310e+00
   6.2790104e-01
  -8.3075786e-01
  -2.1772099e+00
  -2.7431755e+00
  -1.9691818e+00
  -1.3083494e+00
  -1.6232986e+00
   3.9903434e-01
   2.0103920e+00
   3.1361095e-01
  -5.7400733e-01
  -1.6652903e-01
  -1.7279211e+00
  -2.9435991e+00
  -2.9299454e+00
  -2.9582383e+00
  -3.1935562e+00
  -3.8849103e+00
  -4.1294655e+00
  -4.5102126e+00
  -4.7302088e+00
  -5.2651570e+00
  -6.2180971e+00
  -5.7189254e+00
  -4.8969323e+00
  -2.3404295e+00
  -4.2826946e-01
  -2.0089628e+00
  -2.8400805e+00
  -3.3241013e+00
  -4.9710801e+00
  -6.3913301e+00
  -7.1475065e+00
  -7.2399121e+00
  -6.4020718e+00
  -3.3962987e+00
  -1.1304301e+00
  -1.6572302e+00
  -3.5273313e+00
  -3.9139618e+00
  -2.5630267e+00
  -1.8826286e+00
  -1.7272216e+00
  -1.8627317e-02
   1.0474633e+00
  -2.8194633e-01
   6.0225100e-01
   1.2528442e+00
  -1.6807304e+00
  -2.7586864e+00
  -2.9666201e+00
  -3.8038151e+00
  -3.9481103e+00
  -4.5856231e+00
  -5.0489001e+00
  -5.6119127e+00
  -5.9745763e+00
  -6.5172347e+00
  -7.1834822e+00
  -6.7423750e+00
  -5.6881269e+00
  -2.6246475e+00
  -5.3102563e-01
  -2.0254710e+00
  -3.0784337e+00
  -3.0526832e+00
  -4.5337457e+00
  -6.1396567e+00
  -6.4399788e+00
  -7.0327903e+00
  -7.1206798e+00
  -5.2646628e+00
  -2.9350732e+00
  -2.3842498e+00
  -4.7096793e+00
  -4.4196995e+00
  -2.7507128e+00
  -2.2906699e+00
  -1.6125824e+00
  -7.3104769e-01
  -1.5175316e-01
  -1.1427893e-01
   2.8057606e+00
   2.6985177e+00
  -1.9428233e+00
  -2.6163357e+00
  -3.5035126e+00
  -5.0211212e+00
  -4.6711145e+00
  -5.0485751e+00
  -5.4748329e+00
  -6.2013441e+00
  -6.5396402e+00
  -7.0222244e+00
  -7.3012261e+00
  -7.0406111e+00
  -5.8324495e+00
  -2.3690506e+00
  -6.5666851e-01
  -1.4898187e+00
  -2.4940073e+00
  -2.6307082e+00
  -3.3984700e+00
  -4.7913125e+00
  -4.9509380e+00
  -5.5870395e+00
  -6.2723122e+00
  -6.2750627e+00
  -4.5392997e+00
  -3.0853936e+00
  -3.9856455e+00
  -3.1039067e+00
  -1.8446379e+00
  -1.6418226e+00
  -1.2045832e+00
  -1.0237532e+00
  -4.7856478e-01
   1.7134794e+00
   4.6707885e+00
   2.5538656e+00
  -1.7256904e+00
  -2.1563941e+00
  -3.4444115e+00
  -4.3861807e+00
  -3.6435070e+00
  -3.8027332e+00
  -4.0257974e+00
  -4.2465992e+00
  -4.2268298e+00
  -4.4296176e+00
  -4.6259384e+00
  -4.6708692e+00
  -3.4614851e+00
  -9.3299561e-01
  -1.6685295e-01
  -3.6318221e-01
  -1.0610233e+00
  -1.7630716e+00
  -1.7905723e+00
  -1.8579476e+00
  -2.0042537e+00
  -2.3974642e+00
  -3.2613399e+00
  -4.6913177e+00
  -4.2722458e+00
  -3.1894701e+00
  -2.1507588e+00
  -1.1162030e+00
  -5.1649141e-01
  -3.7172971e-01
  -5.0215049e-01
  -6.7831697e-01
   1.4375587e-01
   2.7048375e+00
   4.5532580e+00
   2.0208094e+00
  -9.8733926e-01
  -1.3131611e+00
  -2.1473481e+00
  -2.3234555e+00
  -1.5485302e+00
  -1.5519462e+00
  -1.5676273e+00
  -1.2355522e+00
  -9.3013126e-01
  -8.1205109e-01
  -1.0683475e+00
  -1.2391841e+00
  -5.3445974e-01
   2.8421693e-01
   6.5901948e-01
   5.1160432e-01
  -2.6478207e-01
  -5.5051416e-01
  -1.2148690e-01
   8.4138507e-01
   9.2313677e-01
   2.1893338e-01
  -6.0016759e-01
  -2.0287277e+00
  -2.3808266e+00
  -2.1579655e+00
  -1.1377731e-01
   8.9056619e-01
   8.8788589e-01
   1.0211121e+00
   3.8553137e-01
  -2.1223452e-01
   9.3424935e-01
   2.6736846e+00
   3.2633675e+00
   1.7375287e+00
   8.4861878e-02
  -2.0792686e-01
  -3.1516228e-01
   1.9673406e-01
   8.9819042e-01
   1.0795491e+00
   1.4649832e+00
   2.0686226e+00
   2.4871098e+00
   2.7205724e+00
   2.3539659e+00
   2.1822514e+00
   1.8633613e+00
   1.0606345e+00
   1.4435817e+00
   1.1552351e+00
   2.1727290e-01
   6.7387250e-01
   1.5483531e+00
   3.0325999e+00
   3.3594220e+00
   2.4878982e+00
   2.0331214e+00
   1.1138860e+00
   2.8419484e-01
  -3.8610804e-01
   1.4368801e+00
   2.1814252e+00
   1.8691019e+00
   1.9518963e+00
   1.0125061e+00
   1.0521625e-01
   1.2991638e+00
   1.7837614e+00
   1.6000874e+00
   1.7584807e+00
   1.3083620e+00
   9.5459737e-01
   1.3242570e+00
   2.2607695e+00
   2.9259635e+00
   3.3520931e+00
   4.2637809e+00
   4.9092630e+00
   5.1527747e+00
   5.0598914e+00
   4.4796130e+00
   4.2308556e+00
   2.8009036e+00
   1.2283849e+00
   1.9075892e+00
   1.5069307e+00
   5.6369694e-01
   1.4753021e+00
   2.5253568e+00
   3.9614820e+00
   4.5602583e+00
   4.2981403e+00
   4.5317479e+00
   4.0299505e+00
   2.8393387e+00
   1.4612734e+00
   1.9143503e+00
   2.1997881e+00
   1.8951751e+00
   1.8078721e+00
   8.6797679e-01
   1.6292916e-01
   9.0751635e-01
   8.8471127e-01
   9.1128782e-01
   1.9603029e+00
   2.3279150e+00
   1.9221711e+00
   2.0471841e+00
   2.8721240e+00
   3.6065629e+00
   4.3341281e+00
   5.6440272e+00
   6.4043997e+00
   6.2452560e+00
   5.4282335e+00
   4.4886942e+00
   3.8546694e+00
   2.0935134e+00
   1.0979276e+00
   2.0567933e+00
   1.6762761e+00
   9.2866627e-01
   1.5486034e+00
   2.2136796e+00
   3.2841710e+00
   4.2879899e+00
   5.4005455e+00
   6.2029429e+00
   5.5506090e+00
   4.0086560e+00
   2.3191660e+00
   1.4532138e+00
   1.3816235e+00
   1.0555314e+00
   7.6726682e-01
   2.7878130e-01
   2.5505808e-01
   4.7688644e-01
   7.8926006e-01
   1.6043986e+00
   2.4332638e+00
   2.8987591e+00
   2.5737316e+00
   2.0373742e+00
   2.0242805e+00
   2.6412015e+00
   3.6076354e+00
   5.0159613e+00
   5.9126417e+00
   5.4631131e+00
   4.2031177e+00
   3.0121723e+00
   2.0132841e+00
   1.0976483e+00
   1.4718839e+00
   2.3590788e+00
   1.8060109e+00
   1.0836877e+00
   1.2062174e+00
   1.3751132e+00
   2.0240942e+00
   3.2226683e+00
   4.7632897e+00
   5.2069468e+00
   4.4074745e+00
   3.0895605e+00
   1.7880460e+00
   7.6975656e-01
   7.2741273e-01
   2.6403603e-01
   4.5809046e-02
   2.8924035e-01
   5.8225613e-01
   8.0149155e-01
   1.3162800e+00
   2.3516803e+00
   3.1083721e+00
   3.1561690e+00
   2.7048202e+00
   1.7901137e+00
   8.4687054e-01
   8.8703889e-01
   1.8054412e+00
   3.0487060e+00
   3.4572978e+00
   2.9710355e+00
   2.1569355e+00
   1.4091087e+00
   8.8261257e-01
   1.2069081e+00
   2.4445840e+00
   2.7110315e+00
   1.6821349e+00
   9.1879155e-01
   1.1028504e+00
   1.5255171e+00
   1.6258357e+00
   1.7375733e+00
   1.4540001e+00
   7.6250473e-01
   5.9880800e-01
   6.3790766e-01
   6.1849679e-01
   1.2133930e-01
   3.1314380e-01
   1.0132548e-02
   1.4146162e-01
   5.5355979e-01
   5.4728425e-01
   1.0024985e+00
   1.3536745e+00
   1.7574059e+00
   2.6270368e+00
   2.5675362e+00
   1.7472078e+00
   9.4611081e-01
   1.0402120e-01
  -2.5411368e-01
   2.2302205e-01
   7.8222443e-01
   1.9201254e-01
  -4.2946180e-01
  -5.1040638e-01
  -2.0567771e-01
   4.0640207e-01
   1.4275356e+00
   2.2273153e+00
   1.7361701e+00
   8.3986579e-01
   6.9615527e-01
   1.2153088e+00
   1.8252497e+00
   1.1889450e+00
  -3.6887478e-01
  -2.4575826e+00
  -3.5810901e+00
  -3.0621566e+00
  -1.8313766e+00
  -6.0420915e-01
  -1.1237920e+00
  -9.2942529e-01
  -8.9649966e-01
  -7.8134552e-01
  -8.7486798e-01
  -1.0719361e+00
  -7.3415034e-01
  -5.4022658e-01
  -6.0245354e-01
  -2.3301839e-01
  -8.7044827e-02
  -4.1247015e-01
  -4.7321349e-01
  -2.6685008e-01
  -2.0416839e-01
  -2.6687612e-01
  -7.1914558e-01
  -1.8314321e+00
  -2.7142790e+00
  -2.9457645e+00
  -2.4918902e+00
  -1.7186773e+00
  -1.0573584e+00
  -9.6305893e-01
  -1.1133274e+00
  -7.2268367e-01
  -4.5326555e-02
   9.5643898e-02
  -3.0233002e-01
  -1.0515043e+00
  -1.6680744e+00
  -1.9313715e+00
  -1.8627830e+00
  -1.8259364e+00
  -1.8196103e+00
  -1.5079760e+00
  -1.1346536e+00
  -1.3640987e+00
  -1.3739645e+00
  -1.3102986e+00
  -1.2381652e+00
  -1.1174700e+00
  -9.2994081e-01
  -7.3902334e-01
  -5.9586216e-01
  -4.2878941e-01
  -1.9613883e-01
   4.9608819e-02
   2.7731899e-01
   4.4204364e-01
   3.7641135e-01
   7.8030524e-02
  -4.4361086e-01
  -1.0451087e+00
  -1.5234689e+00
  -1.8471358e+00
  -1.9199809e+00
  -1.7989461e+00
  -1.5461604e+00
  -1.2031780e+00
  -7.9699824e-01
  -3.5816215e-01
  -2.1897330e-01
  -4.6906987e-01
  -8.1320046e-01
  -7.0786091e-01
  -5.3059639e-02
   8.8244874e-01
   1.3715907e+00
   1.0971496e+00
   2.4947393e-01
  -6.2306087e-01
