  -2.6746880e-02
  -2.4974151e-02
  -2.3945635e-02
  -2.3664756e-02
  -2.3519127e-02
  -2.3304000e-02
  -2.3351323e-02
  -2.3741223e-02
  -2.4151154e-02
  -2.3570219e-02
  -2.1760873e-02
  -1.9321740e-02
  -1.6866772e-02
  -1.5046632e-02
  -1.3149175e-02
  -1.0425017e-02
  -7.4148430e-03
  -4.6851994e-03
  -2.9500213e-03
  -1.5727398e-03
  -1.0950015e-04
   1.2039370e-03
   2.1185065e-03
   3.9940554e-03
   3.1465407e-03
   1.3923711e-03
  -2.3997435e-03
  -1.0157020e-02
  -1.9044116e-02
  -2.5911389e-02
  -2.9822689e-02
  -3.2418974e-02
  -3.3908658e-02
  -3.3590749e-02
  -3.1804509e-02
  -2.9191719e-02
  -5.4156262e-02
  -4.6969723e-02
  -4.0630236e-02
  -3.7807740e-02
  -3.8300410e-02
  -4.0310577e-02
  -4.1723635e-02
  -4.2650923e-02
  -4.2955700e-02
  -4.3749295e-02
  -4.3366000e-02
  -4.1118205e-02
  -3.3828542e-02
  -2.4716986e-02
  -1.8961878e-02
  -1.2270017e-02
  -6.0259680e-03
  -1.9794465e-03
  -1.4527867e-03
  -3.0545463e-03
  -2.4719879e-03
   0.0000000e+00
   0.0000000e+00
   0.0000000e+00
   6.3960294e-04
   4.4164794e-04
   1.3340702e-03
  -3.0106087e-03
  -2.3744833e-02
  -4.5706969e-02
  -5.3660266e-02
  -5.9828993e-02
  -6.2674619e-02
  -6.1460190e-02
  -6.1606795e-02
  -5.9610784e-02
  -1.2169718e-02
  -1.1185611e-02
  -9.2815589e-03
  -7.1584769e-03
  -6.8730288e-03
  -1.0069628e-02
  -1.2329408e-02
  -1.4292613e-02
  -1.2263741e-02
  -1.1352808e-02
  -8.9701284e-03
  -8.8937171e-03
  -7.7106534e-03
   1.1767806e-03
   3.4058061e-03
   5.2159340e-03
   0.0000000e+00
   0.0000000e+00
   0.0000000e+00
   0.0000000e+00
   0.0000000e+00
   0.0000000e+00
   0.0000000e+00
   0.0000000e+00
   0.0000000e+00
   0.0000000e+00
   0.0000000e+00
   2.7478044e-02
   2.8507035e-02
   6.1696814e-03
   6.9078808e-03
   2.6091980e-03
   1.7544180e-03
   2.5159109e-03
  -4.0153656e-03
  -7.8566633e-03
   5.0686967e-02
   4.5615841e-02
   4.2217441e-02
   4.1661020e-02
   4.3533385e-02
   3.9729409e-02
   3.9608058e-02
   3.5153519e-02
   3.4564354e-02
   3.5022583e-02
   3.6128633e-02
   3.9240479e-02
   3.6523625e-02
   4.2413447e-02
   3.6719706e-02
   0.0000000e+00
   0.0000000e+00
   0.0000000e+00
   0.0000000e+00
   0.0000000e+00
   0.0000000e+00
   0.0000000e+00
   0.0000000e+00
   0.0000000e+00
   0.0000000e+00
   0.0000000e+00
   0.0000000e+00
   0.0000000e+00
   7.6139271e-02
   7.9497427e-02
   8.7648809e-02
   8.2832828e-02
   8.3857834e-02
   8.2489163e-02
   7.0950210e-02
   6.3382424e-02
   1.0638808e-01
   9.7375035e-02
   9.1428451e-02
   8.7414660e-02
   8.7741911e-02
   8.4860712e-02
   8.5183635e-02
   8.2503751e-02
   7.8356706e-02
   8.0659248e-02
   7.9306595e-02
   7.6439984e-02
   7.4068464e-02
   7.2116755e-02
   5.5945428e-02
   0.0000000e+00
   0.0000000e+00
   0.0000000e+00
   0.0000000e+00
   0.0000000e+00
   0.0000000e+00
   0.0000000e+00
   0.0000000e+00
   0.0000000e+00
   0.0000000e+00
   0.0000000e+00
   0.0000000e+00
   0.0000000e+00
   1.1262681e-01
   1.3546361e-01
   1.4519930e-01
   1.4674850e-01
   1.4753461e-01
   1.4199029e-01
   1.3159558e-01
   1.1973926e-01
   1.3569288e-01
   1.2652412e-01
   1.1954731e-01
   1.1594518e-01
   1.1157205e-01
   1.1080064e-01
   1.0773698e-01
   1.0799467e-01
   1.0408071e-01
   1.0266512e-01
   1.0414577e-01
   9.2721842e-02
   8.6873576e-02
   7.5949609e-02
   5.1420915e-02
   0.0000000e+00
   0.0000000e+00
   0.0000000e+00
   0.0000000e+00
   0.0000000e+00
   0.0000000e+00
   0.0000000e+00
   0.0000000e+00
   0.0000000e+00
   0.0000000e+00
   0.0000000e+00
   0.0000000e+00
   0.0000000e+00
   1.3425444e-01
   1.4507362e-01
   1.5708570e-01
   1.6449827e-01
   1.6697352e-01
   1.6148156e-01
   1.5814972e-01
   1.4507635e-01
   1.1955488e-01
   1.1379232e-01
   1.0628010e-01
   1.0574771e-01
   1.0201436e-01
   1.0199343e-01
   9.8212190e-02
   9.6571736e-02
   9.6193589e-02
   8.8930734e-02
   9.0880111e-02
   7.9783566e-02
   6.3399136e-02
   5.0296970e-02
   4.4807732e-02
   0.0000000e+00
   0.0000000e+00
   0.0000000e+00
   0.0000000e+00
   0.0000000e+00
   0.0000000e+00
   0.0000000e+00
   0.0000000e+00
   0.0000000e+00
   0.0000000e+00
   0.0000000e+00
   0.0000000e+00
   0.0000000e+00
   1.2739122e-01
   1.1959106e-01
   1.2501363e-01
   1.2781289e-01
   1.3199252e-01
   1.3090847e-01
   1.3261025e-01
   1.2659447e-01
   6.9648139e-02
   6.6771492e-02
   6.0930397e-02
   6.1803117e-02
   6.2708244e-02
   6.2659100e-02
   6.3121237e-02
   5.9453510e-02
   6.1489355e-02
   5.4929089e-02
   5.2640699e-02
   4.4154823e-02
   2.2997579e-02
   1.6274950e-02
   1.5461263e-02
   0.0000000e+00
   0.0000000e+00
   0.0000000e+00
   0.0000000e+00
   0.0000000e+00
   0.0000000e+00
   0.0000000e+00
   0.0000000e+00
   0.0000000e+00
   0.0000000e+00
   0.0000000e+00
   0.0000000e+00
   0.0000000e+00
   8.1258364e-02
   6.8311401e-02
   6.5996416e-02
   6.4806513e-02
   6.8609022e-02
   7.2406597e-02
   7.4507535e-02
   7.5941972e-02
   1.1438442e-02
   9.7010136e-03
   6.8383864e-03
   7.8029484e-03
   1.1726558e-02
   1.3143032e-02
   1.7667184e-02
   1.6677583e-02
   1.9202104e-02
   1.8037772e-02
   1.2876676e-02
   5.6772580e-04
  -1.2442444e-02
  -7.1221237e-03
  -0.0000000e+00
   0.0000000e+00
   0.0000000e+00
   0.0000000e+00
   0.0000000e+00
   0.0000000e+00
   0.0000000e+00
   0.0000000e+00
   0.0000000e+00
   0.0000000e+00
   0.0000000e+00
   0.0000000e+00
   0.0000000e+00
  -0.0000000e+00
   1.9896805e-02
   1.4883001e-02
   7.0109195e-03
   2.5441532e-03
   4.9522570e-03
   1.0430323e-02
   1.1696221e-02
   1.5292395e-02
  -3.6832184e-02
  -3.8228240e-02
  -3.8898814e-02
  -3.7010267e-02
  -3.4407984e-02
  -2.9280774e-02
  -2.5111517e-02
  -1.9798707e-02
  -1.7769655e-02
  -1.4772326e-02
  -1.7150272e-02
  -3.8616519e-02
  -3.4324288e-02
  -1.6995891e-02
   0.0000000e+00
   0.0000000e+00
   0.0000000e+00
   0.0000000e+00
   0.0000000e+00
   0.0000000e+00
   0.0000000e+00
   0.0000000e+00
   0.0000000e+00
   0.0000000e+00
   0.0000000e+00
  -0.0000000e+00
  -0.0000000e+00
  -0.0000000e+00
  -3.4347516e-02
  -2.7439568e-02
  -3.5704195e-02
  -4.3284349e-02
  -4.3256078e-02
  -4.1501846e-02
  -3.9277080e-02
  -3.7979890e-02
  -6.4933300e-02
  -6.4259894e-02
  -6.4919949e-02
  -6.0457617e-02
  -6.2297009e-02
  -5.2032072e-02
  -5.1614385e-02
  -4.3985792e-02
  -4.4019647e-02
  -4.4190414e-02
  -3.8310915e-02
  -6.1857130e-02
  -3.8928434e-02
  -1.6889270e-02
   0.0000000e+00
   0.0000000e+00
   0.0000000e+00
   0.0000000e+00
   0.0000000e+00
   0.0000000e+00
   0.0000000e+00
   0.0000000e+00
   0.0000000e+00
   0.0000000e+00
  -0.0000000e+00
  -0.0000000e+00
  -6.9253147e-02
  -6.6830985e-02
  -6.9022931e-02
  -5.8958735e-02
  -6.1237942e-02
  -7.0102014e-02
  -7.3265135e-02
  -7.7706769e-02
  -7.0685819e-02
  -7.1004637e-02
  -6.1103322e-02
  -5.8720227e-02
  -5.9327524e-02
  -5.6330200e-02
  -5.6681670e-02
  -4.8487406e-02
  -4.8754942e-02
  -4.7617227e-02
  -5.3047515e-02
  -5.9670560e-02
  -5.3718068e-02
  -5.1644966e-02
  -2.6834758e-02
  -1.5602024e-02
   0.0000000e+00
   0.0000000e+00
   0.0000000e+00
   0.0000000e+00
   0.0000000e+00
   0.0000000e+00
   0.0000000e+00
   0.0000000e+00
   0.0000000e+00
  -0.0000000e+00
  -6.6593846e-02
  -7.2357297e-02
  -7.7322714e-02
  -6.8679661e-02
  -6.8136930e-02
  -6.5695778e-02
  -6.6834919e-02
  -7.3819622e-02
  -7.8524813e-02
  -8.0104984e-02
  -7.1803153e-02
  -6.8206094e-02
  -4.7841314e-02
  -4.5903888e-02
  -4.6314497e-02
  -4.6402205e-02
  -4.5255147e-02
  -4.0164731e-02
  -4.0979467e-02
  -4.4419765e-02
  -5.4648262e-02
  -6.4130642e-02
  -6.2635854e-02
  -4.4144548e-02
  -1.8829748e-02
   0.0000000e+00
   0.0000000e+00
   0.0000000e+00
   0.0000000e+00
   0.0000000e+00
   0.0000000e+00
   0.0000000e+00
   0.0000000e+00
   0.0000000e+00
   0.0000000e+00
  -0.0000000e+00
  -6.5350667e-02
  -6.8622999e-02
  -6.6353567e-02
  -5.7374168e-02
  -5.5508226e-02
  -5.7884317e-02
  -6.1215580e-02
  -6.6127270e-02
  -7.0369042e-02
  -6.8684056e-02
  -6.1585419e-02
  -5.5059467e-02
  -3.1534843e-02
  -3.0894306e-02
  -3.1264305e-02
  -3.4324277e-02
  -3.2386672e-02
  -3.0531952e-02
  -3.1972613e-02
  -3.8558472e-02
  -5.2216906e-02
  -6.2924236e-02
  -6.5928936e-02
  -3.7978470e-02
  -1.1920108e-02
   0.0000000e+00
   0.0000000e+00
   0.0000000e+00
   0.0000000e+00
   0.0000000e+00
   0.0000000e+00
   0.0000000e+00
   0.0000000e+00
   0.0000000e+00
  -0.0000000e+00
  -4.4842724e-02
  -5.7518251e-02
  -5.5137489e-02
  -4.7485393e-02
  -4.0157735e-02
  -3.7898637e-02
  -4.3840490e-02
  -5.0260436e-02
  -5.3140759e-02
  -5.5775307e-02
  -5.1294960e-02
  -4.6133824e-02
  -3.8103964e-02
  -1.7792227e-02
  -1.9169552e-02
  -2.0040365e-02
  -2.3417184e-02
  -2.3462355e-02
  -2.3501581e-02
  -2.6453285e-02
  -3.2480374e-02
  -4.4778388e-02
  -5.3227477e-02
  -5.5246388e-02
  -3.3667129e-02
  -6.7155432e-03
   0.0000000e+00
   0.0000000e+00
   0.0000000e+00
   0.0000000e+00
   0.0000000e+00
   0.0000000e+00
   0.0000000e+00
   0.0000000e+00
   0.0000000e+00
  -0.0000000e+00
  -4.0574860e-02
  -3.8692873e-02
  -3.2995775e-02
  -2.5322661e-02
  -1.9725721e-02
  -2.0394117e-02
  -2.6002601e-02
  -3.3466153e-02
  -3.4361459e-02
  -3.3765126e-02
  -3.0070320e-02
  -2.6524661e-02
  -2.1858556e-02
  -2.0955352e-02
  -2.2427341e-02
  -2.3931045e-02
  -2.5657624e-02
  -2.7286079e-02
  -2.8662071e-02
  -3.0340714e-02
  -3.4023862e-02
  -3.9406952e-02
  -4.2974047e-02
  -4.0197848e-02
  -1.8411489e-02
   5.1677158e-04
   0.0000000e+00
   0.0000000e+00
   0.0000000e+00
   0.0000000e+00
   0.0000000e+00
   0.0000000e+00
   0.0000000e+00
   0.0000000e+00
  -0.0000000e+00
  -0.0000000e+00
  -3.8610391e-02
  -3.3261590e-02
  -2.7783431e-02
  -2.1353642e-02
  -1.7995965e-02
  -1.8254679e-02
  -2.1134378e-02
  -2.5560530e-02
  -2.7063413e-02
  -2.7651301e-02
  -2.5893800e-02
  -2.3594597e-02
  -2.1970047e-02
  -2.3858778e-02
  -2.4962580e-02
  -2.7145190e-02
  -2.8164744e-02
  -3.0023040e-02
  -3.1757209e-02
  -3.1436503e-02
  -3.3279635e-02
  -3.2465249e-02
  -3.0549347e-02
  -2.2164220e-02
  -4.3986784e-03
   7.9551362e-03
   0.0000000e+00
   0.0000000e+00
   0.0000000e+00
   0.0000000e+00
   0.0000000e+00
   0.0000000e+00
   0.0000000e+00
   0.0000000e+00
  -0.0000000e+00
  -3.9847098e-02
  -3.6775742e-02
  -3.1847700e-02
  -2.7057484e-02
  -2.1527173e-02
  -1.9577911e-02
  -1.9066267e-02
  -1.9460253e-02
  -2.0944882e-02
  -2.2944117e-02
  -2.4569208e-02
  -2.4236640e-02
  -2.3323935e-02
  -2.2983072e-02
  -2.4341388e-02
  -2.4798831e-02
  -2.7661936e-02
  -2.8289933e-02
  -2.9594501e-02
  -3.1019162e-02
  -2.8425205e-02
  -2.8537931e-02
  -2.2073874e-02
  -1.6002245e-02
  -7.0086971e-03
   1.1145544e-02
   1.6402085e-02
   0.0000000e+00
   0.0000000e+00
   0.0000000e+00
   0.0000000e+00
   0.0000000e+00
   0.0000000e+00
   0.0000000e+00
   0.0000000e+00
  -0.0000000e+00
  -4.0241074e-02
  -3.3507604e-02
  -3.0505583e-02
  -2.6314365e-02
  -2.1603672e-02
  -2.0868011e-02
  -1.9733340e-02
  -1.8042307e-02
  -1.6711047e-02
  -1.9071113e-02
  -2.1342458e-02
  -2.1894224e-02
  -2.2193577e-02
  -2.2194242e-02
  -2.3629040e-02
  -2.4091417e-02
  -2.5885675e-02
  -2.7577851e-02
  -2.7954631e-02
  -2.8549256e-02
  -2.7107799e-02
  -2.5454549e-02
  -1.7964553e-02
  -7.8366110e-03
   7.0127062e-03
   2.7680393e-02
   2.3855839e-02
   0.0000000e+00
   0.0000000e+00
   0.0000000e+00
   0.0000000e+00
   0.0000000e+00
   0.0000000e+00
   0.0000000e+00
   0.0000000e+00
  -0.0000000e+00
  -4.0420059e-02
  -3.5221804e-02
  -3.1186538e-02
  -2.7665647e-02
  -2.5305411e-02
  -2.4421493e-02
  -2.3541613e-02
  -2.1914404e-02
  -1.7381165e-02
  -1.6893741e-02
  -1.9015459e-02
  -2.0810926e-02
  -2.2731548e-02
  -2.2742983e-02
  -2.5210049e-02
  -2.5225937e-02
  -2.5767509e-02
  -2.6868304e-02
  -2.7961826e-02
  -2.9646656e-02
  -3.0198351e-02
  -2.8573601e-02
  -2.0184238e-02
  -7.3126192e-03
   1.3357446e-02
   2.6626917e-02
   0.0000000e+00
   0.0000000e+00
   0.0000000e+00
   0.0000000e+00
   0.0000000e+00
   0.0000000e+00
   0.0000000e+00
   0.0000000e+00
  -0.0000000e+00
  -0.0000000e+00
  -4.4658773e-02
  -3.9822262e-02
  -3.2894671e-02
  -2.7269868e-02
  -2.3630012e-02
  -2.2966539e-02
  -2.3157731e-02
  -2.2811208e-02
  -1.9987617e-02
  -1.7330565e-02
  -1.9212412e-02
  -2.1867489e-02
  -2.3953756e-02
  -2.4808299e-02
  -2.5445810e-02
  -2.4012309e-02
  -2.2771303e-02
  -2.2335783e-02
  -2.3955274e-02
  -2.6519403e-02
  -2.8798468e-02
  -2.7575154e-02
  -1.9593001e-02
  -6.1259933e-03
   1.2355650e-02
   2.0228731e-02
   0.0000000e+00
   0.0000000e+00
   0.0000000e+00
   0.0000000e+00
   0.0000000e+00
   0.0000000e+00
   0.0000000e+00
   0.0000000e+00
  -0.0000000e+00
  -5.1356275e-02
  -4.7119763e-02
  -4.0915620e-02
  -3.1761859e-02
  -2.4563674e-02
  -1.9598812e-02
  -1.9777613e-02
  -2.1067308e-02
  -2.0425327e-02
  -1.9559665e-02
  -1.6898587e-02
  -1.8146601e-02
  -2.1551801e-02
  -2.3675838e-02
  -2.5496650e-02
  -2.7883133e-02
  -2.3707122e-02
  -2.0487396e-02
  -1.7485639e-02
  -1.9904679e-02
  -2.3677174e-02
  -2.7529176e-02
  -2.8390994e-02
  -1.9743547e-02
  -1.1296963e-02
   8.2518579e-04
   3.7031596e-03
   0.0000000e+00
   0.0000000e+00
   0.0000000e+00
   0.0000000e+00
   0.0000000e+00
   0.0000000e+00
   0.0000000e+00
  -0.0000000e+00
  -0.0000000e+00
  -5.7124753e-02
  -4.8742276e-02
  -3.8421184e-02
  -2.7558688e-02
  -1.9545173e-02
  -1.3088362e-02
  -1.4966449e-02
  -1.7259257e-02
  -1.2926987e-02
  -1.5626946e-02
  -1.7074911e-02
  -1.7343638e-02
  -2.1712702e-02
  -2.4219446e-02
  -2.7726421e-02
  -4.5467112e-02
  -3.9999798e-02
  -3.5412006e-02
  -3.0722883e-02
  -3.1332914e-02
  -3.3960171e-02
  -3.5821766e-02
  -3.6915269e-02
  -2.7641492e-02
  -1.9576782e-02
  -1.8278711e-02
  -1.9457913e-02
   0.0000000e+00
   0.0000000e+00
   0.0000000e+00
   0.0000000e+00
   0.0000000e+00
   0.0000000e+00
  -0.0000000e+00
  -0.0000000e+00
  -6.6093303e-02
  -6.6729888e-02
  -5.6473680e-02
  -4.1709643e-02
  -2.8252859e-02
  -2.2471305e-02
  -1.9757641e-02
  -1.9752630e-02
   0.0000000e+00
   0.0000000e+00
  -0.0000000e+00
  -2.9682556e-02
  -3.1012515e-02
  -3.6440600e-02
  -4.1055705e-02
  -4.5167249e-02
  -5.8924541e-02
  -5.4611776e-02
  -4.9584534e-02
  -4.6385299e-02
  -4.4105340e-02
  -4.5489840e-02
  -4.3973774e-02
  -4.3848049e-02
  -3.4231633e-02
  -2.5382310e-02
  -3.0776158e-02
  -2.6826775e-02
   0.0000000e+00
   0.0000000e+00
   0.0000000e+00
   0.0000000e+00
   0.0000000e+00
   0.0000000e+00
  -0.0000000e+00
  -6.3846484e-02
  -7.5881485e-02
  -7.4558534e-02
  -6.5668769e-02
  -4.8966028e-02
  -3.5946574e-02
  -3.1184107e-02
  -2.8313549e-02
  -2.7158762e-02
   0.0000000e+00
   0.0000000e+00
  -0.0000000e+00
  -4.0134102e-02
  -4.3963112e-02
  -4.9487326e-02
  -5.5738721e-02
  -5.8803748e-02
  -6.6278219e-02
  -6.3865751e-02
  -5.9038695e-02
  -5.8169592e-02
  -5.3690426e-02
  -5.4389421e-02
  -4.9771786e-02
  -4.7917020e-02
  -3.8416479e-02
  -2.9714175e-02
  -3.9100313e-02
  -2.4929915e-02
   0.0000000e+00
   0.0000000e+00
   0.0000000e+00
   0.0000000e+00
   0.0000000e+00
  -0.0000000e+00
  -0.0000000e+00
  -7.3999725e-02
  -8.0307290e-02
  -7.8313090e-02
  -7.0740066e-02
  -5.3912661e-02
  -4.3615069e-02
  -3.8833372e-02
  -3.4462083e-02
  -3.5360598e-02
   0.0000000e+00
  -0.0000000e+00
  -3.7685978e-02
  -4.6390738e-02
  -5.2263886e-02
  -5.7200722e-02
  -6.4323597e-02
  -6.6251472e-02
  -5.9317753e-02
  -5.9353895e-02
  -5.6563199e-02
  -5.8115520e-02
  -5.4433182e-02
  -5.5946335e-02
  -4.9449466e-02
  -4.5302741e-02
  -3.6601484e-02
  -3.2981180e-02
  -4.0309389e-02
  -2.1200372e-02
   0.0000000e+00
   0.0000000e+00
   0.0000000e+00
   0.0000000e+00
   0.0000000e+00
  -0.0000000e+00
  -0.0000000e+00
  -7.3835254e-02
  -7.7666722e-02
  -7.2770745e-02
  -6.7125097e-02
  -5.3936031e-02
   0.0000000e+00
  -0.0000000e+00
  -0.0000000e+00
   0.0000000e+00
   0.0000000e+00
  -0.0000000e+00
  -4.6250831e-02
  -3.9965479e-02
  -4.7829255e-02
  -5.1575832e-02
  -5.7165209e-02
  -5.8449391e-02
  -2.4325075e-02
  -2.4341367e-02
  -2.4052560e-02
  -2.5818331e-02
  -2.8252702e-02
  -2.9839031e-02
  -2.6650200e-02
  -2.3490287e-02
  -2.0753019e-02
  -2.4445725e-02
  -0.0000000e+00
  -8.7134030e-03
   0.0000000e+00
   0.0000000e+00
   0.0000000e+00
   0.0000000e+00
   0.0000000e+00
  -0.0000000e+00
  -0.0000000e+00
  -5.5531673e-02
  -5.3890357e-02
  -4.3980554e-02
  -0.0000000e+00
   0.0000000e+00
   0.0000000e+00
   0.0000000e+00
   0.0000000e+00
   0.0000000e+00
   0.0000000e+00
  -0.0000000e+00
  -2.1381369e-02
  -1.2305420e-02
  -1.6846083e-02
  -2.0859420e-02
  -2.1304840e-02
  -2.3727609e-02
   3.1917449e-02
   3.2276768e-02
   2.9489411e-02
   2.5077106e-02
   1.7376380e-02
   1.4010666e-02
   1.1375453e-02
   8.8512767e-03
   3.5989899e-03
   3.5078598e-05
   2.4992893e-03
   1.5656952e-03
   0.0000000e+00
   0.0000000e+00
   0.0000000e+00
   0.0000000e+00
   0.0000000e+00
   0.0000000e+00
  -0.0000000e+00
  -2.5389690e-02
  -2.6407317e-02
   0.0000000e+00
   0.0000000e+00
   0.0000000e+00
   0.0000000e+00
   0.0000000e+00
   0.0000000e+00
   0.0000000e+00
   0.0000000e+00
   0.0000000e+00
   2.5045217e-02
   4.1531019e-02
   3.9531726e-02
   3.2140620e-02
   3.3110738e-02
   3.0646369e-02
   9.7990565e-02
   9.6530661e-02
   8.7060601e-02
   7.7632651e-02
   6.6605940e-02
   6.0472254e-02
   5.2895706e-02
   4.4494458e-02
   3.5739545e-02
   3.0341093e-02
   3.0248784e-02
   2.8270480e-02
   0.0000000e+00
   0.0000000e+00
   0.0000000e+00
   0.0000000e+00
   0.0000000e+00
   0.0000000e+00
   0.0000000e+00
   0.0000000e+00
  -0.0000000e+00
   0.0000000e+00
   0.0000000e+00
   0.0000000e+00
   0.0000000e+00
   0.0000000e+00
   0.0000000e+00
   0.0000000e+00
   0.0000000e+00
   0.0000000e+00
   0.0000000e+00
   9.7148553e-02
   1.0116635e-01
   9.4196424e-02
   9.5636807e-02
   9.6736133e-02
   1.5287772e-01
   1.4778790e-01
   1.2954420e-01
   1.1562779e-01
   1.0140690e-01
   9.2153981e-02
   8.2196489e-02
   7.2737977e-02
   6.6683356e-02
   5.9021554e-02
   5.0824203e-02
   4.6599843e-02
   0.0000000e+00
   0.0000000e+00
   0.0000000e+00
   0.0000000e+00
   0.0000000e+00
   0.0000000e+00
   0.0000000e+00
   0.0000000e+00
   0.0000000e+00
   0.0000000e+00
   0.0000000e+00
   0.0000000e+00
   0.0000000e+00
   0.0000000e+00
   0.0000000e+00
   0.0000000e+00
   0.0000000e+00
   0.0000000e+00
   0.0000000e+00
   1.2181946e-01
   1.3664885e-01
   1.3948396e-01
   1.4696211e-01
   1.5384826e-01
   1.6900428e-01
   1.6080301e-01
   1.3863498e-01
   1.2345325e-01
   1.0519804e-01
   9.4245836e-02
   8.3943866e-02
   8.0870561e-02
   8.2278824e-02
   6.1477413e-02
   5.3254324e-02
   5.1367879e-02
   0.0000000e+00
   0.0000000e+00
   0.0000000e+00
   0.0000000e+00
   0.0000000e+00
   0.0000000e+00
   0.0000000e+00
   0.0000000e+00
   0.0000000e+00
   0.0000000e+00
   0.0000000e+00
   0.0000000e+00
   0.0000000e+00
   0.0000000e+00
   0.0000000e+00
   0.0000000e+00
   0.0000000e+00
   0.0000000e+00
   0.0000000e+00
   0.0000000e+00
   1.2045581e-01
   1.4072967e-01
   1.6137813e-01
   1.7112750e-01
   1.4081925e-01
   1.3121046e-01
   1.1315944e-01
   9.8174229e-02
   7.9252437e-02
   7.0207395e-02
   6.0468376e-02
   6.2732339e-02
   5.6250952e-02
   3.6467875e-02
   3.5457291e-02
   2.5941531e-02
   0.0000000e+00
   0.0000000e+00
   0.0000000e+00
   0.0000000e+00
   0.0000000e+00
   0.0000000e+00
   0.0000000e+00
   0.0000000e+00
   0.0000000e+00
   0.0000000e+00
   0.0000000e+00
   0.0000000e+00
   0.0000000e+00
   0.0000000e+00
   0.0000000e+00
   0.0000000e+00
   0.0000000e+00
   0.0000000e+00
   0.0000000e+00
   0.0000000e+00
   0.0000000e+00
   1.0467559e-01
   1.3303281e-01
   1.4044502e-01
   8.2038887e-02
   7.1362413e-02
   5.7403136e-02
   4.4308163e-02
   3.3554569e-02
   3.0296570e-02
   2.3522712e-02
   2.0364838e-02
   4.4793733e-03
  -4.2981670e-03
   5.3316145e-03
   7.8086822e-03
   0.0000000e+00
   0.0000000e+00
   0.0000000e+00
   0.0000000e+00
   0.0000000e+00
   0.0000000e+00
   0.0000000e+00
   0.0000000e+00
   0.0000000e+00
   0.0000000e+00
   0.0000000e+00
   0.0000000e+00
   0.0000000e+00
   0.0000000e+00
   0.0000000e+00
   0.0000000e+00
   0.0000000e+00
   0.0000000e+00
   0.0000000e+00
   0.0000000e+00
   0.0000000e+00
   0.0000000e+00
   7.8283153e-02
   8.1064716e-02
  -4.9567181e-03
  -1.9235440e-02
  -3.1604372e-02
  -3.7461776e-02
  -3.4247663e-02
  -2.6999634e-02
  -2.7404349e-02
  -3.4423102e-02
  -3.9014739e-02
  -1.8172160e-02
  -1.2988501e-02
  -8.4882657e-03
   0.0000000e+00
   0.0000000e+00
   0.0000000e+00
   0.0000000e+00
   0.0000000e+00
   0.0000000e+00
   0.0000000e+00
   0.0000000e+00
   0.0000000e+00
   0.0000000e+00
   0.0000000e+00
   0.0000000e+00
   0.0000000e+00
   0.0000000e+00
   0.0000000e+00
   0.0000000e+00
   0.0000000e+00
   0.0000000e+00
   0.0000000e+00
   0.0000000e+00
   0.0000000e+00
   0.0000000e+00
   1.8974287e-02
   5.1570819e-03
  -8.6270856e-02
  -1.0450351e-01
  -1.1261102e-01
  -1.0860160e-01
  -9.2678445e-02
  -7.3717189e-02
  -5.8968654e-02
  -5.3088133e-02
  -0.0000000e+00
  -2.0836884e-02
  -1.8502813e-02
  -1.3235373e-02
  -1.0146449e-02
  -0.0000000e+00
  -0.0000000e+00
  -0.0000000e+00
   0.0000000e+00
   0.0000000e+00
   0.0000000e+00
   0.0000000e+00
   0.0000000e+00
   0.0000000e+00
   0.0000000e+00
   0.0000000e+00
   0.0000000e+00
   0.0000000e+00
   0.0000000e+00
   0.0000000e+00
   0.0000000e+00
   0.0000000e+00
   0.0000000e+00
   0.0000000e+00
  -0.0000000e+00
  -0.0000000e+00
  -3.5378912e-02
  -6.4426177e-02
  -0.0000000e+00
  -0.0000000e+00
  -0.0000000e+00
  -0.0000000e+00
  -0.0000000e+00
  -0.0000000e+00
  -0.0000000e+00
  -0.0000000e+00
  -0.0000000e+00
  -1.2245836e-02
  -1.0637518e-02
  -9.1585784e-03
  -8.2239098e-03
  -7.8617297e-03
  -7.6578430e-03
  -0.0000000e+00
   0.0000000e+00
   0.0000000e+00
   0.0000000e+00
   0.0000000e+00
   0.0000000e+00
   0.0000000e+00
   0.0000000e+00
   0.0000000e+00
   0.0000000e+00
   0.0000000e+00
   0.0000000e+00
   0.0000000e+00
   0.0000000e+00
   0.0000000e+00
   0.0000000e+00
  -0.0000000e+00
  -0.0000000e+00
  -0.0000000e+00
  -0.0000000e+00
  -0.0000000e+00
