   6.4462707e-03
   6.6061849e-03
   6.1992318e-03
   5.1230090e-03
   3.4483196e-03
   1.7116253e-03
   3.9421421e-04
  -5.2012631e-04
  -1.2463480e-03
  -1.7773421e-03
  -2.0947244e-03
  -2.1930579e-03
  -2.1039967e-03
  -2.1697117e-03
  -2.6521154e-03
  -3.2859622e-03
  -3.9978181e-03
  -4.4111735e-03
  -4.2105438e-03
  -3.5010437e-03
  -2.2931288e-03
  -8.7208941e-04
   6.6769269e-04
   2.4701173e-03
   4.4434606e-03
   6.6215214e-03
   8.9833047e-03
   1.0923519e-02
   1.1359780e-02
   1.0425655e-02
   9.1697183e-03
   7.9845907e-03
   7.0255715e-03
   6.3975230e-03
   6.0888012e-03
   6.1626607e-03
   1.2235380e-02
   1.3120945e-02
   1.3607100e-02
   1.2463670e-02
   1.0184359e-02
   8.0128293e-03
   7.2317370e-03
   7.8560039e-03
   7.3858043e-03
   5.6050955e-03
   3.7890645e-03
   3.3217997e-03
   3.4509054e-03
   2.9154154e-03
   2.5189901e-04
  -3.7211659e-03
  -6.0285083e-03
  -4.8112951e-03
  -2.5517843e-03
  -1.4321757e-03
  -1.7909940e-04
   1.2315053e-03
   2.6476626e-03
   3.5744230e-03
   6.1139908e-03
   1.0582906e-02
   1.6737679e-02
   2.9155394e-02
   4.1946210e-02
   3.6047779e-02
   2.7640564e-02
   2.1997726e-02
   1.6703259e-02
   1.2786814e-02
   1.1452850e-02
   1.1570409e-02
   1.4531803e-04
  -6.1058707e-04
   2.9030314e-03
   5.4835500e-03
   7.5964215e-03
   8.1534190e-03
   8.5768420e-03
   9.6777258e-03
   7.2340057e-03
   5.2128723e-03
   1.1468001e-03
  -1.1526213e-04
  -2.3977566e-03
  -3.1644530e-03
  -3.3035947e-03
  -9.1301092e-03
  -0.0000000e+00
  -0.0000000e+00
   0.0000000e+00
   0.0000000e+00
   0.0000000e+00
   0.0000000e+00
   0.0000000e+00
   0.0000000e+00
   0.0000000e+00
   0.0000000e+00
   0.0000000e+00
   2.6321292e-02
   5.5277360e-02
   4.3502737e-02
   2.5452966e-02
   1.7497193e-02
   4.6779318e-03
   9.5821603e-04
   5.0773341e-03
   3.2076300e-03
  -1.4933394e-02
  -1.6848778e-02
  -1.0990421e-02
  -7.7649793e-03
  -3.5487181e-03
  -1.9152540e-03
  -2.6104520e-03
  -1.2408958e-03
  -6.3726702e-03
  -8.1611518e-03
  -1.1920721e-02
  -1.3933665e-02
  -1.8049469e-02
  -2.1822570e-02
  -2.0807656e-02
  -0.0000000e+00
   0.0000000e+00
   0.0000000e+00
   0.0000000e+00
   0.0000000e+00
   0.0000000e+00
   0.0000000e+00
   0.0000000e+00
   0.0000000e+00
   0.0000000e+00
   0.0000000e+00
   0.0000000e+00
   0.0000000e+00
   4.8843765e-02
   2.4859617e-02
   2.1152459e-03
  -3.9515090e-03
  -2.0635968e-02
  -1.8563179e-02
  -9.8913433e-03
  -1.3912655e-02
  -2.4765566e-02
  -2.8019605e-02
  -2.3161275e-02
  -2.1103915e-02
  -1.7093418e-02
  -1.4573158e-02
  -1.6958408e-02
  -1.5397797e-02
  -2.1676356e-02
  -2.6754513e-02
  -2.8161282e-02
  -3.0117702e-02
  -3.3366699e-02
  -3.8363263e-02
  -4.1489102e-02
  -0.0000000e+00
   0.0000000e+00
   0.0000000e+00
   0.0000000e+00
   0.0000000e+00
   0.0000000e+00
   0.0000000e+00
   0.0000000e+00
   0.0000000e+00
   0.0000000e+00
   0.0000000e+00
   0.0000000e+00
   0.0000000e+00
   3.1385428e-02
   6.2515675e-03
  -1.6534736e-02
  -2.5192594e-02
  -4.0645011e-02
  -3.2767460e-02
  -2.5897894e-02
  -2.7296968e-02
  -3.0018374e-02
  -3.3049170e-02
  -3.0338591e-02
  -2.8822323e-02
  -2.4242740e-02
  -2.1754406e-02
  -2.2831939e-02
  -2.4302009e-02
  -3.0073259e-02
  -3.7629660e-02
  -3.8296945e-02
  -3.6722120e-02
  -4.0296827e-02
  -4.1610099e-02
  -4.0098014e-02
  -0.0000000e+00
   0.0000000e+00
   0.0000000e+00
   0.0000000e+00
   0.0000000e+00
   0.0000000e+00
   0.0000000e+00
   0.0000000e+00
   0.0000000e+00
   0.0000000e+00
   0.0000000e+00
   0.0000000e+00
   0.0000000e+00
   2.1714159e-02
  -9.2442206e-06
  -2.3493748e-02
  -3.6304373e-02
  -4.4800404e-02
  -3.5715602e-02
  -3.1482469e-02
  -2.9635575e-02
  -2.8746035e-02
  -3.1700537e-02
  -3.0285129e-02
  -2.9607031e-02
  -2.4495002e-02
  -2.3880143e-02
  -2.2182446e-02
  -2.5733300e-02
  -3.2132428e-02
  -3.6054004e-02
  -4.0637001e-02
  -3.5394866e-02
  -3.5208907e-02
  -3.0719986e-02
  -2.1198844e-02
   0.0000000e+00
   0.0000000e+00
   0.0000000e+00
   0.0000000e+00
   0.0000000e+00
   0.0000000e+00
   0.0000000e+00
   0.0000000e+00
   0.0000000e+00
   0.0000000e+00
   0.0000000e+00
   0.0000000e+00
   0.0000000e+00
   1.2670471e-02
  -7.6642097e-03
  -2.9620269e-02
  -3.7026927e-02
  -3.9087962e-02
  -2.9912330e-02
  -2.6088677e-02
  -2.4433158e-02
  -1.5399955e-02
  -1.8564101e-02
  -1.9131364e-02
  -2.0163944e-02
  -1.7081257e-02
  -1.7216399e-02
  -1.6216177e-02
  -1.9758545e-02
  -2.6566103e-02
  -2.7584510e-02
  -3.3087280e-02
  -2.5428997e-02
  -1.3973670e-02
  -7.2827986e-03
  -1.2390387e-03
   0.0000000e+00
   0.0000000e+00
   0.0000000e+00
   0.0000000e+00
   0.0000000e+00
   0.0000000e+00
   0.0000000e+00
   0.0000000e+00
   0.0000000e+00
   0.0000000e+00
   0.0000000e+00
   0.0000000e+00
   0.0000000e+00
   7.2950368e-03
  -1.1235668e-02
  -2.7086068e-02
  -2.7762787e-02
  -2.4822608e-02
  -1.6429229e-02
  -1.2688236e-02
  -1.2148870e-02
   5.0498270e-03
   1.4227707e-03
  -2.9361024e-03
  -3.8925908e-03
  -4.4773626e-03
  -2.4032868e-03
  -4.8340107e-03
  -8.5915374e-03
  -1.4325337e-02
  -1.8720310e-02
  -1.8591622e-02
  -1.0178898e-02
   1.5700875e-02
   1.6402757e-02
   0.0000000e+00
   0.0000000e+00
   0.0000000e+00
   0.0000000e+00
   0.0000000e+00
   0.0000000e+00
   0.0000000e+00
   0.0000000e+00
   0.0000000e+00
   0.0000000e+00
   0.0000000e+00
   0.0000000e+00
   0.0000000e+00
   0.0000000e+00
   1.5076298e-02
   1.3978258e-03
  -1.0541949e-02
  -1.1842479e-02
  -6.8511851e-03
  -1.2741765e-03
   3.8526400e-03
   4.8172977e-03
   2.3996884e-02
   1.8768808e-02
   1.2699360e-02
   1.1972771e-02
   8.8174082e-03
   1.3977118e-02
   8.5702231e-03
   4.6604834e-03
  -2.9140306e-03
  -1.0055819e-02
  -4.3908078e-03
   6.1687934e-03
   4.5141187e-02
   2.8577605e-02
   0.0000000e+00
   0.0000000e+00
   0.0000000e+00
   0.0000000e+00
   0.0000000e+00
   0.0000000e+00
   0.0000000e+00
   0.0000000e+00
   0.0000000e+00
   0.0000000e+00
   0.0000000e+00
   0.0000000e+00
   0.0000000e+00
   0.0000000e+00
   2.9024501e-02
   1.8453946e-02
   6.9148261e-03
   3.7297739e-03
   8.8147251e-03
   1.3463586e-02
   2.1679498e-02
   2.1870567e-02
   3.5658062e-02
   2.8548807e-02
   2.2942655e-02
   2.1775531e-02
   1.8504227e-02
   2.4287630e-02
   1.6804820e-02
   1.3530338e-02
   3.3412583e-03
  -2.0330246e-03
   5.9059239e-03
   1.9462684e-02
   6.0146514e-02
   2.9238557e-02
   0.0000000e+00
   0.0000000e+00
   0.0000000e+00
   0.0000000e+00
   0.0000000e+00
   0.0000000e+00
   0.0000000e+00
   0.0000000e+00
   0.0000000e+00
   0.0000000e+00
   0.0000000e+00
   0.0000000e+00
   3.9730562e-02
   4.0169494e-02
   3.5473530e-02
   2.8748343e-02
   1.8475894e-02
   1.5817277e-02
   2.0901369e-02
   2.6119120e-02
   3.4972198e-02
   3.2966167e-02
   3.9982125e-02
   3.1541053e-02
   2.7069028e-02
   2.5469236e-02
   2.3209086e-02
   2.7464408e-02
   1.9634869e-02
   1.7026603e-02
   6.5696733e-03
   4.8896172e-03
   1.3404305e-02
   2.9269744e-02
   6.2022448e-02
   2.6820200e-02
   0.0000000e+00
   0.0000000e+00
   0.0000000e+00
   0.0000000e+00
   0.0000000e+00
   0.0000000e+00
   0.0000000e+00
   0.0000000e+00
   0.0000000e+00
   0.0000000e+00
   3.3030899e-02
   3.5302831e-02
   4.1112535e-02
   4.7897648e-02
   3.7436776e-02
   3.2443654e-02
   2.5275525e-02
   2.4682030e-02
   2.9593579e-02
   3.5063297e-02
   4.1740101e-02
   3.8163397e-02
   3.6799122e-02
   2.7930435e-02
   2.4661968e-02
   2.2931401e-02
   2.2257557e-02
   2.3025537e-02
   1.6972601e-02
   1.4678134e-02
   7.5147361e-03
   1.0395116e-02
   1.9005226e-02
   3.6409050e-02
   5.3555060e-02
   2.4476906e-02
   0.0000000e+00
   0.0000000e+00
   0.0000000e+00
   0.0000000e+00
   0.0000000e+00
   0.0000000e+00
   0.0000000e+00
   0.0000000e+00
   0.0000000e+00
   0.0000000e+00
   2.9975115e-02
   4.2170752e-02
   4.7656517e-02
   4.7539797e-02
   3.4458414e-02
   3.0150205e-02
   2.8082591e-02
   3.0829702e-02
   3.5158589e-02
   3.9635591e-02
   4.1381884e-02
   3.7667051e-02
   2.4714893e-02
   1.7602105e-02
   1.5024566e-02
   1.3652947e-02
   1.4058046e-02
   1.2445895e-02
   9.7473953e-03
   7.8005334e-03
   5.9426650e-03
   1.2218300e-02
   2.3272278e-02
   4.2772628e-02
   4.6878699e-02
   0.0000000e+00
   0.0000000e+00
   0.0000000e+00
   0.0000000e+00
   0.0000000e+00
   0.0000000e+00
   0.0000000e+00
   0.0000000e+00
   0.0000000e+00
   0.0000000e+00
   1.8915186e-02
   2.8397849e-02
   3.7540734e-02
   3.6967862e-02
   3.2180935e-02
   2.4952201e-02
   2.0982504e-02
   2.4059508e-02
   2.8601624e-02
   3.1220201e-02
   3.2972846e-02
   3.1319641e-02
   2.9044209e-02
   1.3154867e-02
   8.3663864e-03
   7.0812907e-03
   5.8368011e-03
   6.1507095e-03
   4.3539722e-03
   3.4861893e-03
   3.3141905e-03
   3.8119117e-03
   1.2527485e-02
   2.4838479e-02
   4.3379284e-02
   4.4402953e-02
   0.0000000e+00
   0.0000000e+00
   0.0000000e+00
   0.0000000e+00
   0.0000000e+00
   0.0000000e+00
   0.0000000e+00
   0.0000000e+00
   0.0000000e+00
   0.0000000e+00
   1.4206417e-02
   2.3120129e-02
   2.4973255e-02
   2.0573219e-02
   1.5704054e-02
   1.2906952e-02
   1.2795354e-02
   1.6986435e-02
   2.0080794e-02
   2.0502687e-02
   2.1140262e-02
   1.9297453e-02
   1.7218720e-02
   6.3513089e-03
   3.3661500e-03
   2.9234556e-03
   1.8311953e-03
   1.7874879e-03
   1.5543518e-04
  -2.9338735e-06
   8.5054239e-04
   2.8518829e-03
   1.2750150e-02
   2.5232499e-02
   4.1938178e-02
   3.8296578e-02
   0.0000000e+00
   0.0000000e+00
   0.0000000e+00
   0.0000000e+00
   0.0000000e+00
   0.0000000e+00
   0.0000000e+00
   0.0000000e+00
   0.0000000e+00
   0.0000000e+00
   1.4319899e-02
   1.7850982e-02
   1.5150158e-02
   9.4508408e-03
   5.6562964e-03
   4.6655568e-03
   6.9484985e-03
   1.1464505e-02
   1.3235729e-02
   1.2945788e-02
   1.3369743e-02
   1.1682332e-02
   9.6295932e-03
   1.9344325e-03
   8.6868007e-04
   1.1602589e-03
   5.0884549e-04
  -1.2298452e-04
  -1.3745525e-03
  -1.6680070e-03
  -4.1317171e-04
   3.1393163e-03
   1.2793710e-02
   2.2751821e-02
   3.3053565e-02
   2.7390161e-02
   0.0000000e+00
   0.0000000e+00
   0.0000000e+00
   0.0000000e+00
   0.0000000e+00
   0.0000000e+00
   0.0000000e+00
   0.0000000e+00
   0.0000000e+00
   8.8233005e-03
   1.4178001e-02
   1.0641390e-02
   5.7655433e-03
   1.2297496e-03
  -5.9024733e-04
  -2.3943339e-03
   6.5061101e-04
   5.0352183e-03
   5.6760251e-03
   6.4809485e-03
   7.4323234e-03
   5.8570905e-03
   3.8443354e-03
   5.0271006e-04
   3.7484762e-04
   1.1088635e-03
   1.7632364e-03
   1.3960908e-03
   3.3800688e-04
  -4.5682013e-04
  -6.5568706e-04
   4.0103327e-03
   9.3468009e-03
   1.2305205e-02
   1.6150605e-02
   1.3382943e-02
   0.0000000e+00
   0.0000000e+00
   0.0000000e+00
   0.0000000e+00
   0.0000000e+00
   0.0000000e+00
   0.0000000e+00
   0.0000000e+00
   0.0000000e+00
   6.4783688e-03
   9.2610531e-03
   3.0910394e-03
   8.6678757e-04
  -9.3389950e-05
  -2.2600831e-03
  -6.1630029e-03
  -6.9503700e-03
  -1.7500037e-03
   2.0709748e-03
   5.1839575e-03
   6.3396669e-03
   4.1101733e-03
   2.1442114e-03
   4.9964339e-04
   4.4080231e-04
   1.5272103e-03
   2.9847396e-03
   3.1500033e-03
   2.7818386e-03
   1.7377260e-03
   1.1958812e-03
   3.7030838e-03
   5.0284634e-03
   7.3221747e-03
   1.1978150e-02
   5.7923663e-03
   0.0000000e+00
   0.0000000e+00
   0.0000000e+00
   0.0000000e+00
   0.0000000e+00
   0.0000000e+00
   0.0000000e+00
   0.0000000e+00
   0.0000000e+00
   3.4527602e-03
   2.7392074e-03
  -1.2993927e-03
  -1.6265981e-03
  -5.4052204e-04
  -2.4992642e-03
  -6.6204560e-03
  -9.5229736e-03
  -5.7323012e-03
   8.1635162e-04
   5.3869374e-03
   6.4117024e-03
   4.1263732e-03
   1.7299873e-03
  -3.6601399e-05
  -1.3350025e-04
   1.8645024e-03
   4.5118453e-03
   5.3566806e-03
   5.5305562e-03
   4.0175412e-03
   3.2175225e-03
   5.0607510e-03
   6.1486298e-03
   9.6305843e-03
   7.3505668e-03
   0.0000000e+00
   0.0000000e+00
   0.0000000e+00
   0.0000000e+00
   0.0000000e+00
   0.0000000e+00
   0.0000000e+00
   0.0000000e+00
   0.0000000e+00
   0.0000000e+00
  -7.4444420e-04
  -4.3045771e-03
  -5.1585753e-03
  -4.1237329e-03
  -1.7398491e-03
  -3.5699015e-03
  -8.4869685e-03
  -1.2956990e-02
  -1.0866223e-02
  -1.7766871e-03
   4.7394475e-03
   6.1263540e-03
   4.2131818e-03
   9.9820155e-04
  -2.4857058e-03
  -3.1858559e-03
  -7.2243006e-04
   2.4184233e-03
   4.5953873e-03
   5.8810720e-03
   4.3657538e-03
   2.9785300e-03
  -6.1802793e-04
  -1.0702938e-03
   3.0603007e-03
   2.3354695e-03
   0.0000000e+00
   0.0000000e+00
   0.0000000e+00
   0.0000000e+00
   0.0000000e+00
   0.0000000e+00
   0.0000000e+00
   0.0000000e+00
   0.0000000e+00
  -4.0691620e-03
  -7.1418411e-03
  -1.3699489e-02
  -1.0073058e-02
  -7.9662651e-03
  -5.7029049e-03
  -3.7393463e-03
  -9.4030565e-03
  -1.4997774e-02
  -1.5908536e-02
  -7.4563958e-03
   9.7012240e-04
   3.5547907e-03
   3.2265680e-03
  -9.2789880e-04
  -8.2841497e-03
  -8.6951833e-03
  -5.7369499e-03
  -1.7209662e-03
   2.4777411e-03
   4.1237595e-03
   3.5933719e-03
   8.6452957e-04
  -4.6083000e-03
  -7.0200349e-03
  -4.9744118e-03
  -2.7384737e-03
  -0.0000000e+00
   0.0000000e+00
   0.0000000e+00
   0.0000000e+00
   0.0000000e+00
   0.0000000e+00
   0.0000000e+00
   0.0000000e+00
   0.0000000e+00
  -1.4681977e-02
  -1.6339831e-02
  -1.9278642e-02
  -1.4421773e-02
  -1.0592933e-02
  -8.7784082e-03
  -4.6959384e-03
  -9.5538078e-03
  -1.5231036e-02
  -1.5802464e-02
  -1.2957439e-02
  -6.4835469e-03
  -2.2482288e-03
  -2.0995203e-03
  -5.2224910e-03
  -1.4935298e-02
  -1.5806708e-02
  -1.2728264e-02
  -8.3179232e-03
  -2.8976742e-03
  -4.5574550e-04
  -4.7534108e-04
  -2.9660007e-03
  -9.2824213e-03
  -1.1633098e-02
  -1.0237630e-02
  -8.6050751e-03
  -0.0000000e+00
   0.0000000e+00
   0.0000000e+00
   0.0000000e+00
   0.0000000e+00
   0.0000000e+00
   0.0000000e+00
  -0.0000000e+00
  -2.1409934e-02
  -2.2209619e-02
  -2.4246391e-02
  -2.4766989e-02
  -1.9689947e-02
  -1.4394669e-02
  -1.1720184e-02
  -6.9878041e-03
  -0.0000000e+00
  -0.0000000e+00
  -0.0000000e+00
  -1.8480700e-02
  -1.3631305e-02
  -9.1725141e-03
  -8.6893803e-03
  -1.1276984e-02
  -2.4302557e-02
  -2.6392449e-02
  -2.3406336e-02
  -1.8826485e-02
  -1.2738599e-02
  -8.8126566e-03
  -8.7624490e-03
  -9.5255049e-03
  -1.6195778e-02
  -1.7169127e-02
  -1.3957858e-02
  -1.6920635e-02
  -0.0000000e+00
   0.0000000e+00
   0.0000000e+00
   0.0000000e+00
   0.0000000e+00
   0.0000000e+00
   0.0000000e+00
  -2.9392401e-02
  -2.4953319e-02
  -2.9161766e-02
  -3.3547483e-02
  -3.2971114e-02
  -2.8298866e-02
  -2.1457082e-02
  -1.6104870e-02
  -1.1116526e-02
  -0.0000000e+00
   0.0000000e+00
  -0.0000000e+00
  -2.6048701e-02
  -2.2787167e-02
  -1.8904582e-02
  -1.8154966e-02
  -2.0709470e-02
  -2.8721683e-02
  -3.3316597e-02
  -3.1655662e-02
  -2.7654696e-02
  -2.3917953e-02
  -1.7513240e-02
  -1.8282097e-02
  -1.5092188e-02
  -2.3774859e-02
  -2.2730447e-02
  -1.5058134e-02
  -2.5907983e-02
  -0.0000000e+00
   0.0000000e+00
   0.0000000e+00
   0.0000000e+00
   0.0000000e+00
   0.0000000e+00
  -0.0000000e+00
  -3.1324035e-02
  -2.4819472e-02
  -3.0155206e-02
  -3.8521923e-02
  -4.1743852e-02
  -3.8268276e-02
  -3.3137701e-02
  -2.2041772e-02
  -1.4973356e-02
  -0.0000000e+00
   0.0000000e+00
  -3.3413582e-02
  -3.3406001e-02
  -2.7183633e-02
  -2.4895301e-02
  -2.2963475e-02
  -2.6961714e-02
  -2.4423309e-02
  -2.9159857e-02
  -3.0565448e-02
  -2.6865328e-02
  -2.5485909e-02
  -1.8675251e-02
  -1.9761087e-02
  -1.5978843e-02
  -2.4413783e-02
  -2.4765283e-02
  -1.3278689e-02
  -2.8266925e-02
  -0.0000000e+00
   0.0000000e+00
   0.0000000e+00
   0.0000000e+00
   0.0000000e+00
   0.0000000e+00
  -0.0000000e+00
  -2.9611364e-02
  -2.2993540e-02
  -2.5817927e-02
  -3.3098616e-02
  -3.8262659e-02
  -0.0000000e+00
  -0.0000000e+00
  -0.0000000e+00
  -0.0000000e+00
   0.0000000e+00
   0.0000000e+00
  -3.8769998e-02
  -3.5660479e-02
  -2.5523758e-02
  -2.1369018e-02
  -1.8342733e-02
  -2.2483770e-02
  -1.6507801e-02
  -2.0463431e-02
  -2.4147812e-02
  -2.0605609e-02
  -2.0226805e-02
  -1.4035728e-02
  -1.5107419e-02
  -1.3247055e-02
  -1.9583693e-02
  -2.2148483e-02
  -0.0000000e+00
  -2.3620419e-02
  -0.0000000e+00
   0.0000000e+00
   0.0000000e+00
   0.0000000e+00
   0.0000000e+00
   0.0000000e+00
  -0.0000000e+00
  -2.6158860e-02
  -2.0057566e-02
  -2.0469394e-02
  -0.0000000e+00
  -0.0000000e+00
   0.0000000e+00
   0.0000000e+00
  -0.0000000e+00
  -0.0000000e+00
   0.0000000e+00
   0.0000000e+00
  -3.5657098e-02
  -3.6057878e-02
  -2.2003148e-02
  -1.5071614e-02
  -1.0723530e-02
  -1.3527305e-02
  -4.9795676e-03
  -7.8675626e-03
  -1.2498232e-02
  -8.7981215e-03
  -8.4645553e-03
  -3.6128594e-03
  -4.9125091e-03
  -6.1432994e-03
  -9.6060000e-03
  -1.4538576e-02
  -4.7871076e-03
  -1.5595272e-02
  -0.0000000e+00
   0.0000000e+00
   0.0000000e+00
   0.0000000e+00
   0.0000000e+00
   0.0000000e+00
  -0.0000000e+00
  -1.9701495e-02
  -1.4650672e-02
  -0.0000000e+00
  -0.0000000e+00
   0.0000000e+00
   0.0000000e+00
   0.0000000e+00
   0.0000000e+00
   0.0000000e+00
   0.0000000e+00
   0.0000000e+00
  -3.3216724e-02
  -3.3309817e-02
  -1.6083408e-02
  -6.1955429e-03
  -4.1383220e-04
  -9.2641270e-04
   1.0171428e-02
   7.6619741e-03
   4.4383081e-03
   8.8177025e-03
   9.2469128e-03
   1.2435840e-02
   9.8831011e-03
   7.0600873e-03
   4.6241675e-03
  -1.5219927e-03
   5.1811365e-03
  -8.7905310e-04
   0.0000000e+00
   0.0000000e+00
   0.0000000e+00
   0.0000000e+00
   0.0000000e+00
   0.0000000e+00
   0.0000000e+00
  -0.0000000e+00
  -0.0000000e+00
  -0.0000000e+00
   0.0000000e+00
   0.0000000e+00
   0.0000000e+00
   0.0000000e+00
   0.0000000e+00
   0.0000000e+00
   0.0000000e+00
   0.0000000e+00
  -0.0000000e+00
  -2.6236448e-02
  -6.8534361e-03
   5.4486701e-03
   1.2698216e-02
   1.3901242e-02
   2.5268340e-02
   2.3997482e-02
   2.1793885e-02
   2.6343228e-02
   2.5511941e-02
   2.6568171e-02
   2.2959184e-02
   2.0469258e-02
   1.8689692e-02
   1.1435556e-02
   1.7770438e-02
   1.7691461e-02
   0.0000000e+00
   0.0000000e+00
   0.0000000e+00
   0.0000000e+00
   0.0000000e+00
   0.0000000e+00
   0.0000000e+00
   0.0000000e+00
   0.0000000e+00
   0.0000000e+00
   0.0000000e+00
   0.0000000e+00
   0.0000000e+00
   0.0000000e+00
   0.0000000e+00
   0.0000000e+00
   0.0000000e+00
   0.0000000e+00
  -0.0000000e+00
  -2.6770079e-02
  -2.2040606e-03
   1.5365813e-02
   2.5290828e-02
   2.7848624e-02
   3.5297971e-02
   3.6672965e-02
   3.5146128e-02
   3.8105238e-02
   3.5274871e-02
   3.3933830e-02
   2.8622163e-02
   2.7246803e-02
   2.7472874e-02
   1.4791814e-02
   2.5844149e-02
   3.4278526e-02
   0.0000000e+00
   0.0000000e+00
   0.0000000e+00
   0.0000000e+00
   0.0000000e+00
   0.0000000e+00
   0.0000000e+00
   0.0000000e+00
   0.0000000e+00
   0.0000000e+00
   0.0000000e+00
   0.0000000e+00
   0.0000000e+00
   0.0000000e+00
   0.0000000e+00
   0.0000000e+00
   0.0000000e+00
   0.0000000e+00
   0.0000000e+00
  -0.0000000e+00
  -1.1417814e-02
   1.2460807e-02
   2.8336305e-02
   3.5134129e-02
   3.5970170e-02
   3.8438655e-02
   4.1050758e-02
   4.2891685e-02
   4.0517937e-02
   3.8044672e-02
   2.8664319e-02
   2.8847057e-02
   2.9194793e-02
   1.2909436e-02
   2.1720391e-02
   3.4222666e-02
   0.0000000e+00
   0.0000000e+00
   0.0000000e+00
   0.0000000e+00
   0.0000000e+00
   0.0000000e+00
   0.0000000e+00
   0.0000000e+00
   0.0000000e+00
   0.0000000e+00
   0.0000000e+00
   0.0000000e+00
   0.0000000e+00
   0.0000000e+00
   0.0000000e+00
   0.0000000e+00
   0.0000000e+00
   0.0000000e+00
   0.0000000e+00
  -0.0000000e+00
  -0.0000000e+00
  -4.9284634e-03
   1.5677789e-02
   2.9641515e-02
   2.5179379e-02
   2.9751187e-02
   3.8625017e-02
   4.1372541e-02
   4.1337345e-02
   3.8112972e-02
   2.6417516e-02
   2.6128041e-02
   2.2682104e-02
   9.7055727e-03
   6.6348631e-03
   1.3536195e-02
   0.0000000e+00
   0.0000000e+00
   0.0000000e+00
   0.0000000e+00
   0.0000000e+00
   0.0000000e+00
   0.0000000e+00
   0.0000000e+00
   0.0000000e+00
   0.0000000e+00
   0.0000000e+00
   0.0000000e+00
   0.0000000e+00
   0.0000000e+00
   0.0000000e+00
   0.0000000e+00
   0.0000000e+00
   0.0000000e+00
   0.0000000e+00
   0.0000000e+00
   0.0000000e+00
  -0.0000000e+00
  -1.3866006e-02
   9.6996054e-03
  -2.1177539e-04
   1.3355276e-02
   2.7059823e-02
   3.0140189e-02
   3.0365041e-02
   2.6991213e-02
   1.9837167e-02
   1.7194645e-02
   1.0646054e-02
   1.6029543e-03
  -1.3015015e-02
  -4.3829624e-03
   0.0000000e+00
   0.0000000e+00
   0.0000000e+00
   0.0000000e+00
   0.0000000e+00
   0.0000000e+00
   0.0000000e+00
   0.0000000e+00
   0.0000000e+00
   0.0000000e+00
   0.0000000e+00
   0.0000000e+00
   0.0000000e+00
   0.0000000e+00
   0.0000000e+00
   0.0000000e+00
   0.0000000e+00
   0.0000000e+00
   0.0000000e+00
   0.0000000e+00
   0.0000000e+00
   0.0000000e+00
  -4.9743837e-02
  -2.3718355e-02
  -1.8589523e-02
   1.8379496e-03
   1.4135702e-02
   1.2578259e-02
   5.7050227e-03
   1.4828208e-03
   1.4120104e-03
   4.2351249e-03
   0.0000000e+00
  -9.0473116e-03
  -1.2946619e-02
  -7.6194243e-03
  -3.5280658e-03
   0.0000000e+00
   0.0000000e+00
   0.0000000e+00
   0.0000000e+00
   0.0000000e+00
   0.0000000e+00
   0.0000000e+00
   0.0000000e+00
   0.0000000e+00
   0.0000000e+00
   0.0000000e+00
   0.0000000e+00
   0.0000000e+00
   0.0000000e+00
   0.0000000e+00
   0.0000000e+00
  -0.0000000e+00
  -0.0000000e+00
  -0.0000000e+00
  -0.0000000e+00
  -0.0000000e+00
  -5.3077145e-02
  -4.0323796e-02
  -0.0000000e+00
  -0.0000000e+00
   0.0000000e+00
  -0.0000000e+00
  -0.0000000e+00
  -0.0000000e+00
  -0.0000000e+00
  -0.0000000e+00
  -0.0000000e+00
  -8.8710301e-03
  -8.2268659e-03
  -6.2587257e-03
  -5.0196007e-03
  -3.5061453e-03
  -2.5047214e-03
  -0.0000000e+00
   0.0000000e+00
   0.0000000e+00
   0.0000000e+00
   0.0000000e+00
   0.0000000e+00
   0.0000000e+00
   0.0000000e+00
   0.0000000e+00
   0.0000000e+00
   0.0000000e+00
   0.0000000e+00
   0.0000000e+00
   0.0000000e+00
   0.0000000e+00
  -0.0000000e+00
  -0.0000000e+00
  -0.0000000e+00
  -0.0000000e+00
  -0.0000000e+00
  -0.0000000e+00
