   0.0000000e+00
   0.0000000e+00
   0.0000000e+00
   0.0000000e+00
   0.0000000e+00
   0.0000000e+00
   0.0000000e+00
  -0.0000000e+00
  -0.0000000e+00
  -8.5342580e-03
  -1.5098212e-02
  -2.0498117e-02
  -2.1904494e-02
  -1.9561367e-02
  -1.5649326e-02
  -1.0751750e-02
  -6.9988107e-03
  -5.2271894e-03
  -5.0822157e-03
  -5.7510873e-03
  -7.3387159e-03
  -1.0864999e-02
  -1.4837429e-02
  -0.0000000e+00
   0.0000000e+00
   0.0000000e+00
   0.0000000e+00
   0.0000000e+00
   0.0000000e+00
   0.0000000e+00
   0.0000000e+00
   0.0000000e+00
   0.0000000e+00
   0.0000000e+00
   0.0000000e+00
   0.0000000e+00
   0.0000000e+00
   0.0000000e+00
   0.0000000e+00
   0.0000000e+00
   0.0000000e+00
   0.0000000e+00
   0.0000000e+00
  -0.0000000e+00
   0.0000000e+00
  -5.5451483e-03
  -2.0383658e-02
  -3.4026898e-02
  -3.3931598e-02
  -2.6831519e-02
  -1.7895145e-02
  -7.5770719e-03
  -5.6173035e-04
   2.7373983e-03
   6.2961462e-03
   9.2714429e-03
   1.0383463e-02
   8.3977738e-03
   6.2534423e-04
  -7.3074992e-03
  -7.5022790e-03
   0.0000000e+00
   0.0000000e+00
  -0.0000000e+00
  -0.0000000e+00
  -0.0000000e+00
   0.0000000e+00
   0.0000000e+00
   0.0000000e+00
   0.0000000e+00
   0.0000000e+00
   0.0000000e+00
   0.0000000e+00
   0.0000000e+00
   0.0000000e+00
   0.0000000e+00
   0.0000000e+00
   0.0000000e+00
   0.0000000e+00
   0.0000000e+00
   0.0000000e+00
   2.9634594e-02
   4.1316964e-02
   3.6519308e-02
   2.7370485e-02
   2.4396453e-02
   2.3756670e-02
   2.3893688e-02
   2.6149528e-02
   2.9048424e-02
   3.6367573e-02
   4.0104978e-02
   4.2797226e-02
   4.7888614e-02
   5.0478838e-02
   4.3917771e-02
   3.7175510e-02
   0.0000000e+00
   0.0000000e+00
   1.7765950e-02
   1.2542153e-02
  -0.0000000e+00
   0.0000000e+00
   0.0000000e+00
   0.0000000e+00
   0.0000000e+00
   0.0000000e+00
   0.0000000e+00
   0.0000000e+00
   0.0000000e+00
   0.0000000e+00
   0.0000000e+00
   0.0000000e+00
   0.0000000e+00
   0.0000000e+00
   0.0000000e+00
   0.0000000e+00
   0.0000000e+00
   9.6221030e-02
   1.0427633e-01
   9.2226975e-02
   7.7053510e-02
   6.5638483e-02
   5.3804688e-02
   5.2095763e-02
   5.1754754e-02
   5.4590821e-02
   5.8504280e-02
   6.5180741e-02
   7.6909088e-02
   8.5482933e-02
   9.2265278e-02
   8.4794872e-02
   7.7666119e-02
   6.8012767e-02
   6.0642265e-02
   5.1125091e-02
   4.3610032e-02
   0.0000000e+00
   0.0000000e+00
   0.0000000e+00
   0.0000000e+00
   0.0000000e+00
   0.0000000e+00
   0.0000000e+00
   0.0000000e+00
   0.0000000e+00
   0.0000000e+00
   0.0000000e+00
   0.0000000e+00
   0.0000000e+00
   0.0000000e+00
   0.0000000e+00
   1.2308022e-01
   1.2441529e-01
   1.2865110e-01
   1.2490651e-01
   1.0273180e-01
   8.6218782e-02
   7.3318481e-02
   6.6543922e-02
   6.2620610e-02
   6.4668566e-02
   7.1976267e-02
   7.9851858e-02
   9.0652786e-02
   9.6280828e-02
   1.0724553e-01
   1.0952410e-01
   1.0813403e-01
   1.0139862e-01
   8.9227065e-02
   8.1068203e-02
   5.3970350e-02
   0.0000000e+00
   0.0000000e+00
   0.0000000e+00
   0.0000000e+00
   0.0000000e+00
   0.0000000e+00
   0.0000000e+00
   0.0000000e+00
   0.0000000e+00
   0.0000000e+00
   0.0000000e+00
   0.0000000e+00
   0.0000000e+00
   0.0000000e+00
   1.3932095e-01
   1.4820981e-01
   1.3455753e-01
   1.2598933e-01
   1.2092449e-01
   1.0316335e-01
   8.7488379e-02
   7.8620103e-02
   6.5748708e-02
   6.2971093e-02
   6.9454782e-02
   7.5720996e-02
   8.0217578e-02
   8.5978679e-02
   9.0650298e-02
   9.7635768e-02
   9.9857964e-02
   1.0267256e-01
   9.8940589e-02
   9.2404060e-02
   8.9183144e-02
   6.4504644e-02
   0.0000000e+00
   0.0000000e+00
   0.0000000e+00
   0.0000000e+00
   0.0000000e+00
   0.0000000e+00
   0.0000000e+00
   0.0000000e+00
   0.0000000e+00
   0.0000000e+00
   0.0000000e+00
   8.7179005e-02
   9.2766739e-02
   1.0542232e-01
   1.1923445e-01
   1.2107050e-01
   1.0804485e-01
   9.7851358e-02
   8.6380824e-02
   7.2410038e-02
   6.3586637e-02
   0.0000000e+00
   4.5455977e-02
   4.9351834e-02
   5.3143866e-02
   5.3758845e-02
   5.8551829e-02
   6.1119035e-02
   6.4474262e-02
   6.7356594e-02
   6.5588020e-02
   6.9888361e-02
   6.8917245e-02
   6.9652505e-02
   6.7680106e-02
   5.0361723e-02
   3.1909627e-02
   0.0000000e+00
   0.0000000e+00
   0.0000000e+00
   0.0000000e+00
   0.0000000e+00
   0.0000000e+00
   0.0000000e+00
   0.0000000e+00
   0.0000000e+00
   0.0000000e+00
   6.4296603e-02
   6.5045372e-02
   6.4419024e-02
   6.2718287e-02
   6.0492329e-02
   5.2591909e-02
   4.7613770e-02
   3.7050899e-02
   3.2440566e-02
   3.0157272e-02
   2.2888971e-02
   1.5151943e-02
   2.0345878e-02
   2.9818068e-02
   1.2642113e-02
   1.8455520e-02
   2.1027900e-02
   2.1321680e-02
   2.3625100e-02
   2.2620391e-02
   2.8625600e-02
   3.0531600e-02
   3.2274906e-02
   2.9694777e-02
   2.0812137e-02
   1.3074134e-02
   0.0000000e+00
   0.0000000e+00
   0.0000000e+00
   0.0000000e+00
   0.0000000e+00
   0.0000000e+00
  -0.0000000e+00
  -2.2182841e-03
   1.5334559e-02
   1.8839881e-02
   1.9517798e-02
   1.4888799e-02
   1.0151355e-02
   4.3686023e-03
  -6.0588541e-04
  -5.6982692e-03
  -6.7167389e-03
  -5.6009508e-03
  -9.2616100e-03
  -9.4400123e-03
  -1.5480679e-02
  -1.7614236e-02
  -1.8754217e-02
  -0.0000000e+00
  -0.0000000e+00
  -2.4351109e-02
  -2.1556566e-02
  -2.3740230e-02
  -2.0281414e-02
  -1.7353011e-02
  -1.0304296e-02
  -6.3279676e-03
  -7.3804026e-03
  -1.0097966e-02
  -1.4345372e-02
  -6.6287247e-03
  -4.5333154e-03
   0.0000000e+00
   0.0000000e+00
   0.0000000e+00
   0.0000000e+00
  -0.0000000e+00
  -0.0000000e+00
  -2.9718127e-02
  -2.6098492e-02
  -2.9614417e-02
  -2.5646128e-02
  -3.1817812e-02
  -3.5549335e-02
  -3.9810337e-02
  -4.5711048e-02
  -4.9850181e-02
  -5.0468035e-02
  -4.5904282e-02
  -0.0000000e+00
  -4.0288966e-02
  -4.6282455e-02
  -4.9190372e-02
  -3.9435782e-02
  -3.3909538e-02
  -0.0000000e+00
  -5.7435360e-02
  -5.6325424e-02
  -5.8515832e-02
  -5.4033164e-02
  -4.8611537e-02
  -4.3507740e-02
  -3.8536582e-02
  -4.1996080e-02
  -4.2906132e-02
  -4.2999376e-02
  -2.6070848e-02
  -1.1991683e-02
   0.0000000e+00
   0.0000000e+00
   0.0000000e+00
   0.0000000e+00
  -0.0000000e+00
  -6.6168793e-02
  -4.9454700e-02
  -5.4297363e-02
  -6.5291576e-02
  -5.6640398e-02
  -6.3554764e-02
  -6.5605044e-02
  -6.7429729e-02
  -7.0899583e-02
  -7.0823841e-02
  -6.9782913e-02
  -6.4519159e-02
  -5.9623451e-02
  -0.0000000e+00
  -6.2599845e-02
  -6.2873203e-02
  -4.2875828e-02
  -3.4736729e-02
  -0.0000000e+00
  -7.0183817e-02
  -7.0857435e-02
  -7.1261995e-02
  -6.8387285e-02
  -6.6248707e-02
  -7.1467787e-02
  -6.9429398e-02
  -7.5363331e-02
  -6.8306744e-02
  -5.5116278e-02
  -4.4599071e-02
  -1.8072857e-02
   0.0000000e+00
   0.0000000e+00
   0.0000000e+00
   0.0000000e+00
  -0.0000000e+00
  -6.0786836e-02
  -4.8282682e-02
  -6.2486100e-02
  -6.9092445e-02
  -6.1940040e-02
  -6.6748396e-02
  -6.9792718e-02
  -7.2982207e-02
  -7.3598064e-02
  -7.0464015e-02
  -6.5145917e-02
  -6.3966244e-02
  -5.7138293e-02
  -0.0000000e+00
  -5.9199862e-02
  -5.1827762e-02
   0.0000000e+00
   0.0000000e+00
  -0.0000000e+00
  -5.9372734e-02
  -5.8908245e-02
  -5.9156932e-02
  -6.0753524e-02
  -6.3175060e-02
  -7.1808249e-02
  -7.4713357e-02
  -8.3378375e-02
  -6.8843216e-02
  -5.7408679e-02
  -0.0000000e+00
  -2.2533708e-02
   0.0000000e+00
   0.0000000e+00
   0.0000000e+00
   0.0000000e+00
  -0.0000000e+00
  -4.7899612e-02
  -4.4952412e-02
  -5.6012413e-02
  -5.7376549e-02
  -5.3780094e-02
  -5.7367839e-02
  -6.1645914e-02
  -6.4589918e-02
  -6.4980112e-02
  -6.1255511e-02
  -5.7083175e-02
  -5.7470627e-02
  -4.8055587e-02
  -0.0000000e+00
  -5.1074997e-02
  -3.5611430e-02
   0.0000000e+00
   0.0000000e+00
  -0.0000000e+00
  -4.2693126e-02
  -4.4395747e-02
  -4.5516524e-02
  -5.0055720e-02
  -5.5010509e-02
  -6.2311679e-02
  -6.7145318e-02
  -7.5024590e-02
  -6.0895782e-02
  -5.2205179e-02
  -0.0000000e+00
  -2.0091302e-02
   0.0000000e+00
   0.0000000e+00
   0.0000000e+00
   0.0000000e+00
  -0.0000000e+00
  -3.3989690e-02
  -3.9382273e-02
  -4.1439012e-02
  -3.9969549e-02
  -3.9823357e-02
  -4.2815454e-02
  -4.8044834e-02
  -5.0116137e-02
  -5.1478986e-02
  -4.7275439e-02
  -4.6495393e-02
  -4.7991253e-02
  -3.5896544e-02
  -0.0000000e+00
  -4.0662579e-02
  -2.1807296e-02
  -1.3585101e-02
  -0.0000000e+00
  -2.4927114e-02
  -2.7044184e-02
  -3.0822871e-02
  -3.2772098e-02
  -3.9054457e-02
  -4.5169484e-02
  -4.9770810e-02
  -5.4558389e-02
  -5.9384964e-02
  -4.8631560e-02
  -4.2760462e-02
  -0.0000000e+00
  -1.3342807e-02
   0.0000000e+00
   0.0000000e+00
   0.0000000e+00
   0.0000000e+00
  -2.6583352e-02
  -2.5981368e-02
  -3.0789913e-02
  -2.2282800e-02
  -2.1827543e-02
  -2.3537023e-02
  -2.6559871e-02
  -3.0601595e-02
  -3.0379536e-02
  -3.4190651e-02
  -3.2420945e-02
  -3.6283308e-02
  -3.6673646e-02
  -2.4135891e-02
  -2.5590833e-02
  -2.9196233e-02
  -1.4061442e-02
  -1.4434536e-02
  -2.5863222e-02
  -2.1991236e-02
  -1.7813018e-02
  -2.2056893e-02
  -2.7440695e-02
  -3.2316323e-02
  -3.6581054e-02
  -3.9020844e-02
  -3.9662458e-02
  -3.7088819e-02
  -3.0163037e-02
  -2.7362795e-02
  -0.0000000e+00
  -2.8056286e-04
   0.0000000e+00
   0.0000000e+00
   0.0000000e+00
  -0.0000000e+00
  -3.0921886e-02
  -3.1276166e-02
  -3.0426718e-02
  -2.2713453e-02
  -2.1195816e-02
  -2.1587418e-02
  -2.3437908e-02
  -2.5615625e-02
  -2.5170453e-02
  -2.8073980e-02
  -2.6026551e-02
  -2.2283687e-02
  -2.8271691e-02
  -2.7652493e-02
  -3.0623291e-02
  -3.0371597e-02
  -2.1017425e-02
  -2.6764082e-02
  -3.1861801e-02
  -2.8296493e-02
  -2.6504453e-02
  -2.8675781e-02
  -3.5670184e-02
  -3.7524030e-02
  -3.9033752e-02
  -3.9864529e-02
  -3.5155974e-02
  -2.4106214e-02
  -9.2914980e-03
  -1.1672646e-02
  -0.0000000e+00
   9.4191112e-03
   0.0000000e+00
   0.0000000e+00
   0.0000000e+00
  -0.0000000e+00
  -3.4365001e-02
  -3.4002934e-02
  -2.9785566e-02
  -2.4160806e-02
  -2.1534907e-02
  -2.0504283e-02
  -2.1181950e-02
  -2.2162482e-02
  -2.2019111e-02
  -2.3439405e-02
  -2.1193082e-02
  -1.2476266e-02
  -0.0000000e+00
  -3.2128792e-02
  -3.3590119e-02
  -3.3999301e-02
  -2.9084677e-02
  -3.3982463e-02
  -3.5916330e-02
  -3.2084096e-02
  -3.3185646e-02
  -3.3112098e-02
  -3.9216914e-02
  -4.0998604e-02
  -4.0348552e-02
  -3.9338347e-02
  -3.2572620e-02
  -1.8039195e-02
   3.1950218e-03
  -7.0412989e-03
  -0.0000000e+00
   1.4736802e-02
   0.0000000e+00
   0.0000000e+00
   0.0000000e+00
  -0.0000000e+00
  -3.4052722e-02
  -3.4093525e-02
  -2.7769091e-02
  -2.4698157e-02
  -2.1223212e-02
  -1.8731114e-02
  -1.8299866e-02
  -1.8317454e-02
  -1.8418342e-02
  -1.7911106e-02
  -1.5752055e-02
  -3.9281024e-03
  -6.9430030e-03
  -0.0000000e+00
  -3.4663424e-02
  -3.7202474e-02
  -3.5707813e-02
  -3.6216080e-02
  -3.5455346e-02
  -3.2142814e-02
  -3.5855655e-02
  -3.2096479e-02
  -3.7795111e-02
  -4.0385842e-02
  -3.7772428e-02
  -3.4110628e-02
  -2.7344387e-02
  -1.3788310e-02
   1.2476620e-02
   2.2390550e-04
  -0.0000000e+00
   1.7712217e-02
   0.0000000e+00
   0.0000000e+00
  -0.0000000e+00
  -0.0000000e+00
  -2.7645348e-02
  -2.7386941e-02
  -2.5370536e-02
  -2.3038827e-02
  -2.0963199e-02
  -1.7463954e-02
  -1.5930962e-02
  -1.5709220e-02
  -1.5264524e-02
  -1.4330528e-02
  -1.1028914e-02
  -1.2688722e-03
  -6.8026692e-03
  -0.0000000e+00
  -3.2699779e-02
  -3.6950387e-02
  -3.9080761e-02
  -3.9946321e-02
  -4.0763959e-02
  -3.5022322e-02
  -3.2422315e-02
  -2.7624225e-02
  -3.1013535e-02
  -3.5196520e-02
  -3.3154245e-02
  -2.8459707e-02
  -2.3187576e-02
  -1.3846293e-02
   9.8034805e-03
  -2.6582275e-03
  -0.0000000e+00
   1.3845028e-02
   0.0000000e+00
   0.0000000e+00
  -0.0000000e+00
  -3.0178052e-02
  -2.6124137e-02
  -2.5417823e-02
  -2.5119161e-02
  -2.4319900e-02
  -2.4045931e-02
  -2.1574404e-02
  -2.0325363e-02
  -1.9424802e-02
  -1.8971585e-02
  -1.7851040e-02
  -1.3984911e-02
  -8.3578508e-03
  -1.8525984e-02
  -3.2153934e-02
  -2.8161746e-02
  -3.0573159e-02
  -3.4640502e-02
  -4.0752769e-02
  -4.3008573e-02
  -3.5936553e-02
  -2.9727848e-02
  -2.5405768e-02
  -2.9152825e-02
  -3.2297374e-02
  -3.1138137e-02
  -2.7065136e-02
  -2.3005009e-02
  -1.8729173e-02
  -2.1528746e-03
  -1.3242836e-02
  -0.0000000e+00
   7.0226153e-03
   0.0000000e+00
   0.0000000e+00
  -0.0000000e+00
  -3.0686196e-02
  -2.6131757e-02
  -2.4883717e-02
  -2.5127787e-02
  -2.5796793e-02
  -2.6986064e-02
  -2.5458140e-02
  -2.4610324e-02
  -2.3304213e-02
  -2.3047207e-02
  -2.2029445e-02
  -1.8788943e-02
  -1.7796254e-02
  -2.8688343e-02
  -3.0300975e-02
  -2.3624357e-02
  -2.2853049e-02
  -2.6350513e-02
  -3.6787074e-02
  -4.1802350e-02
  -3.4558162e-02
  -2.5721885e-02
  -2.0285852e-02
  -2.2827411e-02
  -2.4621712e-02
  -2.5540395e-02
  -2.3372520e-02
  -2.1473434e-02
  -2.4268143e-02
  -1.4905874e-02
  -1.7888259e-02
  -1.7342599e-02
  -2.9120953e-03
  -7.3586195e-04
   0.0000000e+00
  -0.0000000e+00
  -3.1360384e-02
  -3.0533794e-02
  -2.9806230e-02
  -2.8564218e-02
  -3.1446327e-02
  -3.3470768e-02
  -3.3036344e-02
  -3.2668520e-02
  -3.1844784e-02
  -3.2393027e-02
  -3.1948149e-02
  -3.0891528e-02
  -3.4184482e-02
  -3.8236387e-02
  -3.1180121e-02
  -1.9974108e-02
  -1.5947014e-02
  -1.3519263e-02
  -2.6278930e-02
  -3.7118286e-02
  -3.3277363e-02
  -2.4830746e-02
  -1.6599786e-02
  -1.6814046e-02
  -1.8371954e-02
  -1.9940352e-02
  -2.1620009e-02
  -2.4019998e-02
  -3.3344228e-02
  -3.1417627e-02
  -2.6633250e-02
  -2.6607123e-02
  -2.1682747e-02
  -1.9522587e-02
  -0.0000000e+00
  -3.6156174e-02
  -3.2673057e-02
  -4.6960164e-02
  -4.9011268e-02
  -4.7841851e-02
  -4.9833123e-02
  -5.1620480e-02
  -4.9530488e-02
  -4.8171178e-02
  -4.9455445e-02
  -4.9126159e-02
  -5.0499998e-02
  -5.0416328e-02
  -5.0494179e-02
  -5.1564001e-02
  -4.2310269e-02
  -3.5886683e-02
  -3.0653752e-02
  -1.4983053e-02
  -1.6975835e-02
  -3.4778632e-02
  -4.0350282e-02
  -3.6174530e-02
  -2.8541289e-02
  -2.6774654e-02
  -2.9086335e-02
  -3.0186774e-02
  -3.6651503e-02
  -4.3754775e-02
  -4.8077416e-02
  -4.6298653e-02
  -3.6854379e-02
  -4.3416210e-02
  -4.4998385e-02
  -4.0974464e-02
  -0.0000000e+00
  -5.5174388e-02
  -4.6383793e-02
  -5.8446806e-02
  -6.2308922e-02
  -6.3529849e-02
  -6.4700067e-02
  -6.3741736e-02
  -6.0815170e-02
  -5.8041941e-02
  -5.8865637e-02
  -5.8564771e-02
  -6.0809832e-02
  -6.1019488e-02
  -5.9901077e-02
  -5.9266128e-02
  -5.1998131e-02
  -5.2097380e-02
  -4.7197554e-02
  -2.3405584e-02
  -1.4822464e-02
  -3.1558950e-02
  -4.1728954e-02
  -4.4391459e-02
  -4.2771649e-02
  -4.0697046e-02
  -4.3227471e-02
  -4.3657713e-02
  -5.0011206e-02
  -5.5967260e-02
  -5.5011597e-02
  -5.5726748e-02
  -4.3884993e-02
  -5.3431911e-02
  -5.8755297e-02
  -5.6702174e-02
  -0.0000000e+00
  -6.5769434e-02
  -5.6142097e-02
  -6.4184353e-02
  -6.8756863e-02
  -7.2944857e-02
  -7.3610783e-02
  -6.9263510e-02
  -6.6759497e-02
  -6.2852912e-02
  -6.2578633e-02
  -6.2856801e-02
  -6.5167055e-02
  -6.5739274e-02
  -6.4351819e-02
  -6.2809169e-02
  -5.8308180e-02
  -6.2226389e-02
  -5.9292033e-02
  -3.3929822e-02
  -0.0000000e+00
  -0.0000000e+00
  -4.2641487e-02
  -4.9024304e-02
  -5.4495711e-02
  -5.3487919e-02
  -5.5794927e-02
  -5.6005526e-02
  -5.9011701e-02
  -6.1995387e-02
  -5.7277706e-02
  -6.0476266e-02
  -4.8272487e-02
  -4.8363001e-02
  -6.5603077e-02
  -6.2045499e-02
  -0.0000000e+00
  -6.8877913e-02
  -6.1829147e-02
  -5.7079613e-02
  -5.9874468e-02
  -6.7663856e-02
  -6.8382718e-02
  -6.0764577e-02
  -6.1957635e-02
  -5.7831842e-02
  -5.6555636e-02
  -5.7932895e-02
  -5.8769301e-02
  -6.0353994e-02
  -6.0296189e-02
  -5.8734499e-02
  -5.4396603e-02
  -5.6639969e-02
  -5.8544632e-02
  -4.2939509e-02
  -2.3674439e-02
   0.0000000e+00
   0.0000000e+00
  -0.0000000e+00
  -5.8477577e-02
  -6.1304029e-02
  -6.2023930e-02
  -6.0961705e-02
  -5.6794919e-02
  -5.5551466e-02
  -5.1545471e-02
  -5.7078861e-02
  -4.8427854e-02
  -4.2150099e-02
  -6.0085628e-02
  -4.9238447e-02
  -0.0000000e+00
  -5.7620633e-02
  -5.3140194e-02
  -2.1649912e-02
  -2.1286551e-02
  -2.7461251e-02
  -2.4109932e-02
  -1.9104714e-02
  -2.1890687e-02
  -1.9236412e-02
  -2.1966526e-02
  -2.3979412e-02
  -2.4982173e-02
  -2.7548494e-02
  -2.7488027e-02
  -2.6025999e-02
  -2.2139383e-02
  -2.2185400e-02
  -2.3318285e-02
  -2.6944803e-02
  -2.0683781e-02
  -8.5097231e-03
  -0.0000000e+00
  -0.0000000e+00
  -3.0686424e-02
  -3.5565134e-02
  -3.6742883e-02
  -3.4435917e-02
  -2.8293831e-02
  -2.7740346e-02
  -2.4772409e-02
  -2.5495058e-02
  -2.5761196e-02
  -2.1544005e-02
  -0.0000000e+00
  -2.5649319e-02
  -2.2898963e-02
  -2.0307800e-02
  -1.9049987e-02
   2.7597316e-02
   2.7999930e-02
   2.7038863e-02
   3.1629041e-02
   3.2908581e-02
   3.3850908e-02
   3.4169260e-02
   2.8801847e-02
   2.6281135e-02
   2.3564205e-02
   2.1875516e-02
   2.2141233e-02
   2.4155162e-02
   2.5849028e-02
   2.3908032e-02
   2.3430228e-02
   1.3400638e-02
   8.1999386e-03
   2.1249652e-02
   2.6114178e-02
   1.8594837e-02
   1.7479977e-02
   8.9020259e-03
   6.9826540e-03
   9.3541862e-03
   1.2045417e-02
   1.2456014e-02
   1.6649952e-02
   1.8520575e-02
   1.5467199e-02
   2.2564762e-02
   2.7379670e-02
   1.7604206e-02
   2.4418289e-02
   3.0370682e-02
   2.9410088e-02
   8.3061747e-02
   8.0675982e-02
   8.7498911e-02
   8.5528463e-02
   8.6710215e-02
   9.5090635e-02
   9.1716573e-02
   8.8994578e-02
   8.4349632e-02
   8.1698202e-02
   8.1946515e-02
   8.1104487e-02
   8.3168648e-02
   8.0288664e-02
   7.7072963e-02
   7.4246757e-02
   6.4331539e-02
   5.4674421e-02
   5.5625711e-02
   5.9806675e-02
   6.0817327e-02
   6.2525861e-02
   6.0150310e-02
   5.9433568e-02
   6.0671259e-02
   5.9772257e-02
   6.4262144e-02
   7.0135131e-02
   7.2497979e-02
   7.1663760e-02
   7.5914353e-02
   7.8134388e-02
   7.8527443e-02
   8.8779733e-02
   8.9520238e-02
   8.6273566e-02
   1.2778726e-01
   1.2087008e-01
   1.2995307e-01
   1.2185632e-01
   1.2549324e-01
   1.3746074e-01
   1.3332632e-01
   1.3542560e-01
   1.3151407e-01
   1.3110629e-01
   1.3186055e-01
   1.2949665e-01
   1.2944932e-01
   1.2328596e-01
   1.2023329e-01
   1.1361276e-01
   1.0610375e-01
   9.7478323e-02
   8.9517005e-02
   9.0895765e-02
   9.4234593e-02
   9.7933203e-02
   9.9124372e-02
   1.0314865e-01
   1.0588580e-01
   1.0665007e-01
   1.1574584e-01
   1.2099629e-01
   1.2296101e-01
   1.2818599e-01
   1.3529393e-01
   1.3535292e-01
   1.3885102e-01
   1.4855903e-01
   1.4033806e-01
   1.3562769e-01
   1.3687412e-01
   1.2999554e-01
   1.2762654e-01
   1.2621003e-01
   1.3095883e-01
   1.3457644e-01
   1.3526975e-01
   1.3679990e-01
   1.3905281e-01
   1.4102751e-01
   1.4031056e-01
   1.3853280e-01
   1.3469425e-01
   1.3072045e-01
   1.2718551e-01
   1.2071799e-01
   1.1491751e-01
   1.0992272e-01
   1.0362215e-01
   9.9737152e-02
   1.0006995e-01
   1.0241403e-01
   1.0775287e-01
   1.1546907e-01
   1.2313192e-01
   1.3127968e-01
   1.3918062e-01
   1.4368108e-01
   1.4729285e-01
   1.5731099e-01
   1.5773569e-01
   1.5206952e-01
   1.6152431e-01
   1.6272643e-01
   1.5224846e-01
   1.4637280e-01
   1.0032580e-01
   9.7546197e-02
   8.5907795e-02
   9.8220848e-02
   9.8837204e-02
   9.2105053e-02
   9.5193893e-02
   9.1330282e-02
   9.6656337e-02
   9.7858481e-02
   9.7450756e-02
   9.7999446e-02
   9.3853533e-02
   9.3418382e-02
   8.8568009e-02
   8.8006370e-02
   8.5706100e-02
   8.3797283e-02
   8.4505714e-02
   8.0347672e-02
   7.8919150e-02
   7.9812430e-02
   8.4626868e-02
   9.0201676e-02
   1.0031698e-01
   1.0971969e-01
   1.1287679e-01
   1.1880483e-01
   1.2353902e-01
   1.3004154e-01
   1.2111081e-01
   1.1647839e-01
   1.2476783e-01
   1.1574122e-01
   1.1010659e-01
   1.0222702e-01
   4.2610753e-02
   4.0952288e-02
   3.9284281e-02
   5.0399244e-02
   4.5589264e-02
   4.0712677e-02
   4.0652640e-02
   3.6764961e-02
   3.8402412e-02
   3.7796058e-02
   3.9436735e-02
   4.0202595e-02
   3.7748430e-02
   3.6041744e-02
   3.3924907e-02
   3.7573181e-02
   3.9800737e-02
   4.0539484e-02
   4.0632822e-02
   4.1414596e-02
   4.3593902e-02
   4.5685966e-02
   4.7257788e-02
   4.7728967e-02
   5.2143529e-02
   5.6145731e-02
   6.0673531e-02
   6.3455649e-02
   6.2841438e-02
   6.3243456e-02
   5.6916896e-02
   5.7391599e-02
   5.6678019e-02
   4.9084030e-02
   4.5277763e-02
   3.9040390e-02
  -5.8678472e-03
  -4.9591246e-03
  -2.4328656e-03
  -4.9944310e-03
  -1.1198102e-02
  -1.0635391e-02
  -1.1114586e-02
  -1.1430135e-02
  -1.1042990e-02
  -1.1492385e-02
  -1.0325277e-02
  -1.1203643e-02
  -1.2925930e-02
  -1.3494755e-02
  -1.1005369e-02
  -9.9489912e-03
  -7.9700099e-03
  -5.8438638e-03
  -6.7766039e-03
  -4.1216877e-03
  -7.5330975e-04
   6.3387590e-04
   3.2913708e-04
  -1.3131029e-03
  -1.0877312e-04
   3.6314745e-03
   7.5294566e-03
   3.3262565e-03
  -1.8401608e-03
  -2.4896609e-03
  -4.1579441e-03
  -5.4430203e-03
  -7.3483400e-03
  -7.3141614e-03
  -9.4682351e-03
  -1.0564084e-02
  -2.2257386e-02
  -2.3301329e-02
  -2.8711535e-02
  -3.7301466e-02
  -4.1625820e-02
  -4.3244075e-02
  -4.5081016e-02
  -4.5489062e-02
  -4.4746716e-02
  -4.4189297e-02
  -4.3909360e-02
  -4.3973882e-02
  -4.3648981e-02
  -4.1927170e-02
  -4.0025745e-02
  -4.0985607e-02
  -4.1896764e-02
  -4.0656723e-02
  -3.8326673e-02
  -3.6172125e-02
  -3.5512131e-02
  -3.6021855e-02
  -3.5981510e-02
  -3.4419093e-02
  -3.0924672e-02
  -2.8288189e-02
  -3.0092401e-02
  -3.6142319e-02
  -3.9619140e-02
  -4.0918060e-02
  -4.4153694e-02
  -4.6637036e-02
  -4.4085681e-02
  -3.7351511e-02
  -3.2044921e-02
  -2.6385214e-02
  -1.8510917e-02
  -2.0351520e-02
  -2.2388970e-02
  -2.2815002e-02
  -2.1694286e-02
  -2.0934233e-02
  -2.1836761e-02
  -2.3584172e-02
  -2.5090579e-02
  -2.5851192e-02
  -2.6000297e-02
  -2.5781658e-02
  -2.5674475e-02
  -2.5888905e-02
  -2.6450742e-02
  -2.7117439e-02
  -2.6975380e-02
  -2.5166066e-02
  -2.2056650e-02
  -1.9176237e-02
  -1.7117729e-02
  -1.6015334e-02
  -1.5370176e-02
  -1.5144045e-02
  -1.6102692e-02
  -1.8308757e-02
  -2.1476962e-02
  -2.3950046e-02
  -2.4409495e-02
  -2.3563631e-02
  -2.2641990e-02
  -2.1585738e-02
  -1.9735796e-02
  -1.7932016e-02
  -1.7159015e-02
  -1.7355770e-02
