  5.395110e-01
  4.773176e-01
  4.390054e-01
  4.028790e-01
  3.656604e-01
  3.268062e-01
  2.890223e-01
  2.599327e-01
  2.446874e-01
  2.414835e-01
  2.415338e-01
  2.399137e-01
  2.361902e-01
  2.324779e-01
  2.303309e-01
  2.391607e-01
  2.388901e-01
  2.349389e-01
  2.261888e-01
  2.276047e-01
  2.280359e-01
  2.264782e-01
  2.318681e-01
  2.358390e-01
  2.386207e-01
  2.380623e-01
  2.385892e-01
  2.475413e-01
  2.691032e-01
  3.084908e-01
  3.615771e-01
  4.165458e-01
  4.675970e-01
  5.111196e-01
  5.521494e-01
  5.980680e-01
