   8.7201554e-03
   4.9086046e-03
   1.0967525e-03
  -2.6254469e-03
  -6.2291674e-03
  -9.2294792e-03
  -1.1431560e-02
  -1.2478512e-02
  -1.2965788e-02
  -1.2972469e-02
  -1.1803197e-02
  -1.1314097e-02
  -0.0000000e+00
   0.0000000e+00
  -1.6249077e-02
  -1.7082741e-02
  -1.8174057e-02
  -1.8021969e-02
   0.0000000e+00
   0.0000000e+00
   0.0000000e+00
   0.0000000e+00
   0.0000000e+00
   0.0000000e+00
   0.0000000e+00
   0.0000000e+00
   0.0000000e+00
   0.0000000e+00
   0.0000000e+00
   0.0000000e+00
   0.0000000e+00
   0.0000000e+00
   0.0000000e+00
   0.0000000e+00
   0.0000000e+00
   0.0000000e+00
  -6.5831795e-03
  -6.4794258e-03
  -6.7508379e-03
  -5.7432000e-03
  -3.4877537e-03
  -2.3533176e-03
  -3.3568358e-03
  -4.5179566e-03
  -5.1369229e-03
  -6.9685592e-03
  -9.4627272e-03
  -1.0137638e-02
  -9.9116904e-03
  -8.2062875e-03
  -8.2411828e-03
  -1.0930379e-02
  -1.3762351e-02
  -1.4505236e-02
  -1.3621991e-02
   0.0000000e+00
   0.0000000e+00
   0.0000000e+00
   0.0000000e+00
   0.0000000e+00
   0.0000000e+00
   0.0000000e+00
   0.0000000e+00
   0.0000000e+00
   0.0000000e+00
   0.0000000e+00
   0.0000000e+00
   0.0000000e+00
   0.0000000e+00
  -0.0000000e+00
  -1.6938381e-02
  -1.4506335e-02
  -3.8052909e-02
  -3.9194938e-02
  -3.7187520e-02
  -3.4066692e-02
  -2.8349543e-02
  -2.3336973e-02
  -2.4053419e-02
  -2.2322260e-02
  -1.7868478e-02
  -1.4742300e-02
  -1.3946783e-02
  -1.4105660e-02
  -1.2737267e-02
  -0.0000000e+00
  -0.0000000e+00
  -1.1014497e-02
  -1.3722078e-02
  -8.6188335e-03
  -7.9872650e-03
  -8.8253955e-03
  -1.7882469e-02
  -2.3108041e-02
   0.0000000e+00
   0.0000000e+00
   0.0000000e+00
   0.0000000e+00
   0.0000000e+00
   0.0000000e+00
   0.0000000e+00
   0.0000000e+00
   0.0000000e+00
   0.0000000e+00
  -0.0000000e+00
  -4.2384333e-02
  -4.3380469e-02
  -4.0024489e-02
  -2.2190275e-02
  -2.1536281e-02
  -1.8808294e-02
  -1.8216655e-02
  -1.7155442e-02
  -1.5528910e-02
  -1.7944133e-02
  -1.6769430e-02
  -1.5653498e-02
  -1.0408797e-02
  -3.2832115e-03
  -1.2508740e-03
  -1.3067142e-03
  -0.0000000e+00
   0.0000000e+00
  -7.2007529e-03
  -1.3425397e-03
   9.8556345e-03
   7.6605328e-03
   6.6407747e-03
  -4.4467007e-03
  -1.1343775e-02
  -1.2833023e-02
  -2.2406740e-02
  -3.6105310e-02
  -4.6604444e-02
  -3.3006162e-02
   0.0000000e+00
   0.0000000e+00
   0.0000000e+00
   0.0000000e+00
   0.0000000e+00
  -0.0000000e+00
  -3.9528478e-02
  -3.6066305e-02
  -2.8167414e-02
   3.0543730e-02
   3.5456493e-02
   3.9430112e-02
   4.1175444e-02
   4.0620551e-02
   3.9202508e-02
   3.7822798e-02
   3.5005078e-02
   2.8725987e-02
   2.6583504e-02
   2.8297361e-02
   3.4467496e-02
   3.5390141e-02
   0.0000000e+00
   0.0000000e+00
   2.1960869e-02
   2.9268393e-02
   0.0000000e+00
   0.0000000e+00
   0.0000000e+00
   3.2880880e-02
   2.9227569e-02
   1.7104967e-02
   1.3331474e-02
   8.1490153e-04
  -8.9448662e-03
   1.7728395e-03
   0.0000000e+00
   0.0000000e+00
   0.0000000e+00
   0.0000000e+00
   0.0000000e+00
   2.0981218e-02
   1.8588077e-02
   2.0645235e-02
   2.4106229e-02
   7.5667664e-02
   8.1588730e-02
   8.6296462e-02
   8.9898013e-02
   9.2674948e-02
   9.1748841e-02
   9.2297189e-02
   8.4671766e-02
   7.8417853e-02
   7.2684169e-02
   6.0981784e-02
   6.4095005e-02
   6.6182233e-02
   0.0000000e+00
   0.0000000e+00
   5.2143335e-02
   5.7628728e-02
   0.0000000e+00
   0.0000000e+00
   0.0000000e+00
   5.8977138e-02
   0.0000000e+00
   0.0000000e+00
   0.0000000e+00
   5.6869820e-02
   5.5699799e-02
   5.4057859e-02
   8.1790671e-02
   0.0000000e+00
   0.0000000e+00
   0.0000000e+00
   0.0000000e+00
   7.4501793e-02
   7.8974009e-02
   7.0929900e-02
   7.1796097e-02
   1.0111314e-01
   1.0262181e-01
   1.0705737e-01
   1.0905275e-01
   1.1346392e-01
   1.1365078e-01
   1.1472124e-01
   1.0993343e-01
   1.0188030e-01
   9.7784035e-02
   8.6121358e-02
   7.7446379e-02
   7.2734371e-02
   0.0000000e+00
   0.0000000e+00
   0.0000000e+00
   7.0502892e-02
   0.0000000e+00
   0.0000000e+00
   0.0000000e+00
   6.8580310e-02
   0.0000000e+00
   0.0000000e+00
   0.0000000e+00
   1.0671323e-01
   1.1645051e-01
   9.9908076e-02
   1.0231524e-01
   1.0163484e-01
   9.2692229e-02
   0.0000000e+00
   0.0000000e+00
   1.0355230e-01
   1.1138923e-01
   1.0113822e-01
   1.0195269e-01
   9.8818667e-02
   9.4530620e-02
   9.5925979e-02
   9.6489497e-02
   9.8548509e-02
   1.0002343e-01
   9.8749258e-02
   9.9955015e-02
   8.9506537e-02
   8.5596561e-02
   8.5452437e-02
   6.7774408e-02
   5.4413192e-02
   0.0000000e+00
   0.0000000e+00
   0.0000000e+00
   5.7959139e-02
   0.0000000e+00
   0.0000000e+00
   0.0000000e+00
   6.2392063e-02
   6.5097679e-02
   0.0000000e+00
   8.9754968e-02
   1.1330964e-01
   1.2933253e-01
   1.0973700e-01
   1.0807420e-01
   1.1947390e-01
   1.1265282e-01
   9.4439013e-02
   8.9826701e-02
   1.0129504e-01
   1.0668522e-01
   1.0170631e-01
   9.9857733e-02
   6.9946885e-02
   6.5453768e-02
   6.2768772e-02
   6.4011037e-02
   6.5024324e-02
   6.7737408e-02
   6.5106392e-02
   6.7440666e-02
   6.1155524e-02
   5.3958520e-02
   5.3837758e-02
   3.8419932e-02
   2.4677131e-02
   0.0000000e+00
   0.0000000e+00
   0.0000000e+00
   2.7969374e-02
   3.1155116e-02
   0.0000000e+00
   0.0000000e+00
   0.0000000e+00
   4.5765623e-02
   0.0000000e+00
   7.3296847e-02
   8.1694424e-02
   8.9701481e-02
   8.3341949e-02
   7.1899205e-02
   8.2432702e-02
   9.2713088e-02
   7.8909743e-02
   8.0280642e-02
   8.0909014e-02
   7.6025225e-02
   7.3351942e-02
   6.8650454e-02
   3.0133083e-02
   2.8227886e-02
   2.4468970e-02
   2.6152968e-02
   2.6434693e-02
   3.0353140e-02
   2.9348038e-02
   2.9599229e-02
   2.9846583e-02
   2.3917548e-02
   1.6214777e-02
   1.5182672e-03
  -3.6275890e-03
  -0.0000000e+00
   0.0000000e+00
   0.0000000e+00
   0.0000000e+00
   5.3761104e-03
   0.0000000e+00
   0.0000000e+00
   0.0000000e+00
   1.6067415e-02
   2.1753087e-02
   4.1407055e-02
   3.8302161e-02
   3.5960656e-02
   3.9117705e-02
   3.3272982e-02
   3.0528029e-02
   4.3721035e-02
   4.4229519e-02
   4.7015760e-02
   4.8264135e-02
   3.8332045e-02
   3.5285275e-02
   3.0861221e-02
  -4.8437594e-03
  -5.4417979e-03
  -8.4419977e-03
  -7.8653442e-03
  -8.4306579e-03
  -3.3646405e-03
  -3.1076637e-03
  -2.0919479e-03
   9.0579817e-04
  -1.3545143e-03
  -9.7912382e-03
  -2.5478696e-02
  -2.0672560e-02
  -0.0000000e+00
   0.0000000e+00
   0.0000000e+00
  -0.0000000e+00
  -1.0309211e-02
   0.0000000e+00
   0.0000000e+00
   0.0000000e+00
  -1.1117313e-02
  -2.7128947e-03
   6.6396454e-03
   1.4940037e-03
  -5.7595163e-03
  -5.8708503e-04
   5.3511192e-03
  -5.4295463e-03
   1.2600077e-03
   9.2882691e-03
   9.8188696e-03
   1.1751787e-02
   4.4318438e-03
   1.5312085e-03
  -3.1510119e-03
  -3.3353519e-02
  -3.4127731e-02
  -3.6359288e-02
  -3.7576240e-02
  -3.9126448e-02
  -3.4025162e-02
  -3.3007368e-02
  -2.9246097e-02
  -2.6149360e-02
  -2.4579069e-02
  -2.7796052e-02
  -3.8596723e-02
  -2.6440835e-02
  -0.0000000e+00
   0.0000000e+00
   0.0000000e+00
  -0.0000000e+00
  -1.9074731e-02
   0.0000000e+00
   0.0000000e+00
   0.0000000e+00
  -3.3213432e-02
  -2.9613437e-02
  -2.5822233e-02
  -2.9334381e-02
  -3.8350198e-02
  -3.6200546e-02
  -1.9022033e-02
  -2.7528593e-02
  -2.9500972e-02
  -2.1537922e-02
  -2.3297718e-02
  -2.2045640e-02
  -2.4485786e-02
  -2.6771398e-02
  -3.1821337e-02
  -5.7117213e-02
  -5.9794117e-02
  -6.1921604e-02
  -6.5615267e-02
  -6.8039671e-02
  -6.4756714e-02
  -6.3507602e-02
  -5.5757213e-02
  -5.4424994e-02
  -4.9420759e-02
  -4.2365864e-02
  -3.6647379e-02
  -2.0565405e-02
   0.0000000e+00
   0.0000000e+00
   0.0000000e+00
  -0.0000000e+00
  -1.9672683e-02
   0.0000000e+00
   0.0000000e+00
   0.0000000e+00
  -4.5632547e-02
  -5.4540586e-02
  -5.5704806e-02
  -5.7512350e-02
  -6.5571599e-02
  -6.9106489e-02
  -4.6306331e-02
  -4.0817812e-02
  -5.0084289e-02
  -4.9554292e-02
  -5.1493604e-02
  -5.2752480e-02
  -5.0533667e-02
  -5.1967300e-02
  -5.6907207e-02
  -6.9850042e-02
  -7.5072877e-02
  -7.7863641e-02
  -8.4470764e-02
  -8.4903158e-02
  -8.6339623e-02
  -8.5698374e-02
  -7.8966811e-02
  -7.9782739e-02
  -7.2419487e-02
  -5.9530500e-02
  -2.5102582e-02
  -6.4058559e-03
   0.0000000e+00
   0.0000000e+00
   0.0000000e+00
  -0.0000000e+00
  -1.2445904e-02
   0.0000000e+00
   0.0000000e+00
   0.0000000e+00
  -4.3171037e-02
  -6.5561622e-02
  -7.2733350e-02
  -7.5058520e-02
  -7.7589363e-02
  -8.3576322e-02
  -7.8434177e-02
  -5.5661611e-02
  -5.9718121e-02
  -7.0055053e-02
  -6.5581433e-02
  -6.8414181e-02
  -6.7987315e-02
  -6.8668269e-02
  -6.9995530e-02
  -6.3090704e-02
  -6.8127595e-02
  -7.0936017e-02
  -7.6622494e-02
  -7.5977094e-02
  -7.6796785e-02
  -7.6696999e-02
  -7.7294625e-02
  -8.0096900e-02
  -7.2015494e-02
  -6.3719265e-02
  -2.0093443e-02
   3.3585050e-03
   0.0000000e+00
   0.0000000e+00
   0.0000000e+00
  -0.0000000e+00
  -7.8818738e-03
   0.0000000e+00
   0.0000000e+00
   0.0000000e+00
  -0.0000000e+00
  -5.4946505e-02
  -6.6808179e-02
  -6.6302337e-02
  -6.9532052e-02
  -7.4112356e-02
  -7.9905435e-02
  -6.9634333e-02
  -6.3555360e-02
  -6.6861600e-02
  -6.1029147e-02
  -6.2528074e-02
  -6.4051718e-02
  -6.3281499e-02
  -6.2412839e-02
  -5.1256143e-02
  -5.5572469e-02
  -5.7976808e-02
  -6.2111743e-02
  -6.1511803e-02
  -6.1033208e-02
  -6.1315823e-02
  -6.5854728e-02
  -7.0286751e-02
  -6.3230276e-02
  -5.9454601e-02
  -1.8607944e-02
   8.0074136e-03
   0.0000000e+00
   0.0000000e+00
   0.0000000e+00
  -5.3256544e-03
  -4.7657061e-03
   0.0000000e+00
   0.0000000e+00
   0.0000000e+00
  -0.0000000e+00
  -4.1291248e-02
  -5.4222450e-02
  -5.1867660e-02
  -5.7328038e-02
  -6.1897896e-02
  -7.0085883e-02
  -7.2476260e-02
  -6.2427234e-02
  -5.8159634e-02
  -5.2257188e-02
  -5.2353825e-02
  -5.3446900e-02
  -5.1403940e-02
  -5.0411846e-02
  -2.9253699e-02
  -3.2277647e-02
  -3.3293165e-02
  -3.5138603e-02
  -3.5481960e-02
  -3.3315025e-02
  -3.3955365e-02
  -3.7503608e-02
  -4.3373812e-02
  -3.9867524e-02
  -4.1698273e-02
  -1.9654667e-02
   7.6009858e-03
   0.0000000e+00
   0.0000000e+00
   3.0763527e-03
  -3.7828408e-04
  -0.0000000e+00
   0.0000000e+00
   0.0000000e+00
   0.0000000e+00
  -0.0000000e+00
  -2.0390686e-02
  -2.9445563e-02
  -2.6419273e-02
  -3.5072759e-02
  -4.0328216e-02
  -4.3242030e-02
  -5.8516763e-02
  -5.1844511e-02
  -4.0329427e-02
  -3.5641193e-02
  -3.4316018e-02
  -3.1158337e-02
  -2.8205993e-02
  -2.9591864e-02
  -1.6651900e-02
  -1.9028438e-02
  -1.8091949e-02
  -1.9768270e-02
  -2.0738602e-02
  -1.9230777e-02
  -2.1086972e-02
  -1.7758889e-02
  -2.2550510e-02
  -1.9794490e-02
  -2.2446796e-02
  -2.1267757e-02
  -1.5448806e-04
   0.0000000e+00
   0.0000000e+00
   3.5951450e-03
   0.0000000e+00
   0.0000000e+00
   0.0000000e+00
   0.0000000e+00
   0.0000000e+00
  -0.0000000e+00
  -9.2955027e-03
  -1.3811260e-02
  -1.3611355e-02
  -1.7773423e-02
  -2.0075995e-02
  -2.4600675e-02
  -2.8358439e-02
  -2.6499746e-02
  -3.1259041e-02
  -2.5958367e-02
  -2.2899909e-02
  -1.9382870e-02
  -1.6581224e-02
  -1.9970227e-02
  -1.7747870e-02
  -1.9472172e-02
  -1.7607572e-02
  -1.9071724e-02
  -2.0869052e-02
  -1.9820010e-02
  -2.3046320e-02
  -1.4761008e-02
  -1.6810820e-02
  -1.1980638e-02
  -1.2873816e-02
  -2.2970794e-02
  -1.0194709e-02
  -7.7401223e-03
  -2.4442792e-03
   2.4565828e-03
   0.0000000e+00
   0.0000000e+00
   0.0000000e+00
   0.0000000e+00
   0.0000000e+00
  -0.0000000e+00
  -1.0422532e-02
  -1.3517941e-02
  -1.3717574e-02
  -1.0502637e-02
  -8.6045638e-03
  -1.8893488e-02
  -1.5112907e-02
  -1.1461324e-02
  -2.7207498e-02
  -2.6057338e-02
  -2.2943038e-02
  -2.2847991e-02
  -1.9140525e-02
  -2.2620829e-02
  -2.5008302e-02
  -2.5941996e-02
  -2.3485018e-02
  -2.4737932e-02
  -2.7347749e-02
  -2.6894011e-02
  -3.1310625e-02
  -1.9196225e-02
  -1.7212974e-02
  -8.7628933e-03
  -6.3955053e-03
  -2.4229798e-02
  -2.2245918e-02
  -2.1322368e-02
  -1.2575081e-02
   4.5747147e-05
   0.0000000e+00
   0.0000000e+00
   0.0000000e+00
   0.0000000e+00
   0.0000000e+00
  -0.0000000e+00
  -1.6728284e-02
  -1.9068323e-02
  -1.7670775e-02
  -6.8076719e-03
  -2.8380071e-04
  -1.5991205e-02
  -7.8667719e-03
   0.0000000e+00
  -2.4554452e-02
  -2.8216159e-02
  -2.8250601e-02
  -3.2712538e-02
  -2.8189462e-02
  -3.0917203e-02
  -4.7209386e-02
  -4.6674516e-02
  -4.3972921e-02
  -4.5041163e-02
  -4.8411552e-02
  -4.9392376e-02
  -5.4394513e-02
  -4.0783092e-02
  -3.0623272e-02
  -1.4338750e-02
  -4.8586512e-03
  -2.6330359e-02
  -4.2692692e-02
  -4.5077473e-02
  -3.4598254e-02
  -8.2427347e-03
   0.0000000e+00
   0.0000000e+00
   0.0000000e+00
  -0.0000000e+00
  -0.0000000e+00
  -0.0000000e+00
  -3.5109084e-02
  -3.6236364e-02
  -2.6824830e-02
  -9.4572091e-03
   2.4680153e-03
  -1.3924620e-02
  -1.1757610e-02
   5.3116612e-03
  -0.0000000e+00
  -3.1280663e-02
  -4.7105882e-02
  -5.7631843e-02
  -5.3323496e-02
  -5.3495057e-02
  -7.5298660e-02
  -7.2856233e-02
  -6.8833366e-02
  -7.0843622e-02
  -7.2773710e-02
  -7.5462043e-02
  -7.5606987e-02
  -6.7357227e-02
  -5.1832333e-02
  -2.2087988e-02
  -8.8158967e-03
  -0.0000000e+00
  -5.3174018e-02
  -6.5587714e-02
  -6.1902709e-02
  -2.5796814e-02
  -0.0000000e+00
   0.0000000e+00
   0.0000000e+00
  -3.3159962e-02
  -3.3638558e-02
  -0.0000000e+00
  -5.5140473e-02
  -5.4217070e-02
  -2.9336248e-02
  -1.3280128e-02
   2.2676319e-04
  -9.8829220e-03
  -1.2635803e-02
  -6.2286235e-03
  -0.0000000e+00
  -3.7889086e-02
  -6.8219520e-02
  -7.9816520e-02
  -8.1546880e-02
  -8.2033008e-02
  -8.7781452e-02
  -8.4584489e-02
  -7.9547845e-02
  -8.1898496e-02
  -8.1559531e-02
  -8.3740227e-02
  -8.1166103e-02
  -7.6248527e-02
  -6.0723305e-02
  -2.4867106e-02
  -1.2263827e-02
  -0.0000000e+00
  -5.3929827e-02
  -7.2914548e-02
  -7.2648749e-02
  -4.1096214e-02
  -0.0000000e+00
   0.0000000e+00
  -0.0000000e+00
  -4.2740779e-02
  -5.2478481e-02
  -4.1879519e-02
  -6.3751675e-02
  -6.0323078e-02
  -3.0085620e-02
  -0.0000000e+00
   9.0063127e-04
  -3.1813189e-03
  -0.0000000e+00
  -1.1244389e-02
  -0.0000000e+00
  -4.1607395e-02
  -7.6171586e-02
  -8.8549018e-02
  -9.3509242e-02
  -9.3973711e-02
  -9.1078348e-02
  -8.8028878e-02
  -8.1714533e-02
  -8.3820052e-02
  -8.0143176e-02
  -8.0212891e-02
  -7.6397248e-02
  -7.3695123e-02
  -6.1953999e-02
  -2.4186010e-02
  -1.6198710e-02
  -0.0000000e+00
  -4.5882955e-02
  -7.2544053e-02
  -7.3379286e-02
  -5.8286861e-02
  -2.3774759e-02
   0.0000000e+00
  -0.0000000e+00
  -5.8294833e-02
  -7.8299291e-02
  -5.7367086e-02
  -6.6464156e-02
  -6.0221098e-02
  -3.0844259e-02
  -1.1488809e-02
   2.0894131e-03
   0.0000000e+00
   0.0000000e+00
  -1.4808883e-02
  -0.0000000e+00
  -4.1851502e-02
  -7.5178877e-02
  -8.9434415e-02
  -9.6223608e-02
  -9.6239537e-02
  -6.4509116e-02
  -6.3051000e-02
  -5.7810888e-02
  -5.6893941e-02
  -5.2709565e-02
  -5.1076073e-02
  -5.0860424e-02
  -4.6011299e-02
  -3.9921269e-02
  -1.7479425e-02
  -0.0000000e+00
  -2.4180818e-02
  -3.5334770e-02
  -5.3569898e-02
  -5.3215384e-02
  -6.3894324e-02
  -4.1260597e-02
  -1.6107952e-02
  -4.3923672e-02
  -5.9593964e-02
  -7.6911770e-02
  -7.0737086e-02
  -5.4901686e-02
  -4.5832380e-02
  -2.5561167e-02
  -1.1196491e-02
   0.0000000e+00
   0.0000000e+00
   0.0000000e+00
  -1.3215615e-02
  -2.5852606e-02
  -4.0553115e-02
  -5.5602979e-02
  -7.0379101e-02
  -7.2000086e-02
  -6.9071122e-02
  -3.0346043e-02
  -2.9511254e-02
  -2.6036127e-02
  -2.4482736e-02
  -2.2629559e-02
  -2.2108398e-02
  -2.2908017e-02
  -1.7761122e-02
  -1.7892992e-02
  -8.3146915e-03
  -0.0000000e+00
  -1.8777347e-02
  -2.3895483e-02
  -3.0308954e-02
  -2.9837349e-02
  -4.2583100e-02
  -3.7516106e-02
  -2.5081020e-02
  -3.7059754e-02
  -3.9832428e-02
  -5.0951917e-02
  -4.8469614e-02
  -3.7760290e-02
  -2.5980743e-02
  -1.7651280e-02
  -7.1579908e-03
   0.0000000e+00
   0.0000000e+00
   0.0000000e+00
  -7.4986070e-03
  -1.4593478e-02
  -2.2626223e-02
  -3.1029679e-02
  -3.9699785e-02
  -3.7931960e-02
  -3.5849713e-02
   3.1590033e-03
   4.8670177e-03
   6.8968302e-03
   7.4594845e-03
   6.8657179e-03
   5.9081181e-03
   5.4081162e-03
   7.8295274e-03
   1.8227438e-03
   7.2096061e-04
  -0.0000000e+00
  -0.0000000e+00
  -0.0000000e+00
  -0.0000000e+00
  -6.7167553e-03
  -1.3304556e-02
  -1.8217012e-02
  -0.0000000e+00
  -1.8953898e-02
  -1.1542935e-02
  -2.2994981e-02
  -1.7472040e-02
  -1.3685796e-02
  -1.3173597e-02
  -2.1356525e-03
   9.3885792e-04
   0.0000000e+00
   0.0000000e+00
   0.0000000e+00
   0.0000000e+00
   6.5598935e-03
   3.7711333e-03
  -1.8927655e-03
  -5.4546143e-03
  -3.5067352e-03
  -2.1199214e-03
   4.0437102e-02
   4.3448366e-02
   4.3458126e-02
   4.1669294e-02
   3.7743922e-02
   3.5492666e-02
   3.5062112e-02
   3.2182503e-02
   2.0882292e-02
   1.0679737e-02
   0.0000000e+00
   0.0000000e+00
   0.0000000e+00
   0.0000000e+00
   1.6922029e-02
   2.0711396e-02
   1.5012606e-02
   1.3758864e-02
   1.3063043e-02
   1.7685494e-02
   7.6998445e-03
   2.0314582e-02
   1.1918966e-02
   5.1035541e-03
   1.4218861e-02
   6.0677374e-03
   0.0000000e+00
   0.0000000e+00
   0.0000000e+00
   0.0000000e+00
   3.7416086e-02
   3.8010277e-02
   3.6707908e-02
   3.5496335e-02
   3.6120519e-02
   3.7309714e-02
   8.2766101e-02
   8.5316837e-02
   8.0087967e-02
   7.5359225e-02
   6.5968826e-02
   6.3261978e-02
   6.0218640e-02
   5.1217254e-02
   3.7379369e-02
   2.1685058e-02
   0.0000000e+00
   0.0000000e+00
   0.0000000e+00
   0.0000000e+00
   0.0000000e+00
   5.0286431e-02
   5.5589883e-02
   5.5029284e-02
   4.9467804e-02
   4.8336792e-02
   4.6682948e-02
   5.2815590e-02
   4.1137099e-02
   2.6961606e-02
   0.0000000e+00
   0.0000000e+00
   0.0000000e+00
   0.0000000e+00
   0.0000000e+00
   0.0000000e+00
   7.2723106e-02
   7.7123418e-02
   8.8397980e-02
   8.2931213e-02
   8.3715849e-02
   8.5126661e-02
   1.1870173e-01
   1.1292779e-01
   9.8626159e-02
   9.1931097e-02
   7.9810470e-02
   7.7255554e-02
   6.9541037e-02
   6.2021352e-02
   4.8371714e-02
   3.5850462e-02
   0.0000000e+00
   0.0000000e+00
   0.0000000e+00
   0.0000000e+00
   0.0000000e+00
   0.0000000e+00
   9.2290066e-02
   1.0354878e-01
   7.2685470e-02
   6.6759554e-02
   6.6064903e-02
   6.4139585e-02
   5.8107436e-02
   3.9424015e-02
   0.0000000e+00
   0.0000000e+00
   0.0000000e+00
   0.0000000e+00
   0.0000000e+00
   0.0000000e+00
   8.9565143e-02
   1.0272478e-01
   1.2350306e-01
   1.1823915e-01
   1.2643875e-01
   1.2310343e-01
   1.2093408e-01
   1.0763893e-01
   9.0577945e-02
   8.4437177e-02
   7.4999548e-02
   7.2676174e-02
   6.6018596e-02
   6.4313196e-02
   5.4931153e-02
   5.0843112e-02
   0.0000000e+00
   0.0000000e+00
   0.0000000e+00
   0.0000000e+00
   0.0000000e+00
   0.0000000e+00
   0.0000000e+00
   9.8604454e-02
   6.7582737e-02
   6.1211809e-02
   0.0000000e+00
   5.0116554e-02
   4.7118586e-02
   0.0000000e+00
   0.0000000e+00
   0.0000000e+00
   0.0000000e+00
   0.0000000e+00
   0.0000000e+00
   0.0000000e+00
   7.7542769e-02
   9.4881810e-02
   1.1649345e-01
   1.2325961e-01
   1.3691975e-01
   1.2736543e-01
   8.2907505e-02
   7.2573923e-02
   6.1836533e-02
   5.6761537e-02
   5.1566053e-02
   5.1511340e-02
   5.1063597e-02
   5.2942004e-02
   5.1780418e-02
   5.1180962e-02
   0.0000000e+00
   0.0000000e+00
   1.7529325e-02
   2.2879052e-02
   0.0000000e+00
   0.0000000e+00
   0.0000000e+00
   4.2073281e-02
   3.2189046e-02
   0.0000000e+00
   0.0000000e+00
   0.0000000e+00
   0.0000000e+00
   0.0000000e+00
   0.0000000e+00
   0.0000000e+00
   0.0000000e+00
   0.0000000e+00
   0.0000000e+00
   0.0000000e+00
   0.0000000e+00
   5.4569956e-02
   7.8742564e-02
   9.1647141e-02
   9.9644855e-02
   9.3380593e-02
   2.4769271e-02
   2.2069613e-02
   1.7996542e-02
   1.6694149e-02
   1.5965721e-02
   1.9141210e-02
   2.3421189e-02
   2.6843863e-02
   3.1834144e-02
   2.7396411e-02
   0.0000000e+00
   0.0000000e+00
   5.7403153e-03
   1.0032019e-02
   0.0000000e+00
   0.0000000e+00
   0.0000000e+00
  -0.0000000e+00
  -1.4220334e-02
  -4.6903033e-02
   0.0000000e+00
   0.0000000e+00
   0.0000000e+00
   0.0000000e+00
   0.0000000e+00
   0.0000000e+00
   0.0000000e+00
   0.0000000e+00
   0.0000000e+00
   0.0000000e+00
   0.0000000e+00
   0.0000000e+00
   2.9279871e-02
   3.0969448e-02
   3.1176971e-02
   3.3439919e-02
  -3.0441642e-02
  -2.6560931e-02
  -2.6757656e-02
  -2.3690837e-02
  -2.1590637e-02
  -1.7467188e-02
  -1.0707131e-02
  -7.2712856e-03
  -3.4912794e-03
  -0.0000000e+00
   0.0000000e+00
  -0.0000000e+00
  -9.8081818e-03
  -0.0000000e+00
   0.0000000e+00
   0.0000000e+00
   0.0000000e+00
   0.0000000e+00
  -0.0000000e+00
  -3.5506048e-02
  -1.4736787e-02
  -0.0000000e+00
  -0.0000000e+00
   0.0000000e+00
  -0.0000000e+00
   0.0000000e+00
   0.0000000e+00
   0.0000000e+00
   0.0000000e+00
   0.0000000e+00
   0.0000000e+00
  -0.0000000e+00
  -1.4445420e-02
  -3.3267248e-02
  -3.6735356e-02
  -3.0503670e-02
  -3.9917979e-02
  -3.5263721e-02
  -3.3703372e-02
  -3.1454749e-02
  -2.9936243e-02
  -0.0000000e+00
  -0.0000000e+00
  -0.0000000e+00
  -0.0000000e+00
  -0.0000000e+00
   0.0000000e+00
  -0.0000000e+00
  -1.2377531e-02
  -0.0000000e+00
   0.0000000e+00
   0.0000000e+00
   0.0000000e+00
   0.0000000e+00
  -0.0000000e+00
  -0.0000000e+00
  -1.2614045e-02
  -8.3543732e-03
  -5.9329433e-03
  -0.0000000e+00
  -0.0000000e+00
   0.0000000e+00
   0.0000000e+00
   0.0000000e+00
   0.0000000e+00
   0.0000000e+00
   0.0000000e+00
  -0.0000000e+00
  -2.5358146e-02
  -4.3922108e-02
  -4.6738099e-02
  -4.3512266e-02
  -0.0000000e+00
  -0.0000000e+00
  -0.0000000e+00
  -0.0000000e+00
  -0.0000000e+00
  -0.0000000e+00
   0.0000000e+00
   0.0000000e+00
   0.0000000e+00
  -0.0000000e+00
  -2.6367141e-03
  -3.7964200e-03
  -6.0690297e-03
  -4.1414626e-03
  -2.1566000e-03
  -2.3349277e-03
  -2.9422832e-03
  -3.3636274e-03
  -2.8431908e-03
  -1.5114355e-03
  -2.2755853e-03
  -3.3287337e-03
  -4.7565117e-03
  -4.9395721e-03
  -1.5015524e-03
  -0.0000000e+00
   0.0000000e+00
   0.0000000e+00
   0.0000000e+00
   0.0000000e+00
   0.0000000e+00
  -0.0000000e+00
  -0.0000000e+00
  -0.0000000e+00
  -0.0000000e+00
  -0.0000000e+00
