   2.4539760e-02
   2.5090551e-02
   2.6299030e-02
   2.4830436e-02
   2.0619609e-02
   1.5118609e-02
   9.5196404e-03
   3.3927563e-03
  -1.5248008e-03
  -3.7179601e-03
  -4.9353930e-03
  -3.5837603e-03
  -0.0000000e+00
   0.0000000e+00
   1.8112793e-03
   9.4815534e-04
  -1.0197201e-03
  -3.4514642e-03
   0.0000000e+00
   0.0000000e+00
   0.0000000e+00
   0.0000000e+00
   0.0000000e+00
   0.0000000e+00
   0.0000000e+00
   0.0000000e+00
   0.0000000e+00
   0.0000000e+00
   0.0000000e+00
   0.0000000e+00
   0.0000000e+00
   0.0000000e+00
   0.0000000e+00
   0.0000000e+00
   0.0000000e+00
   0.0000000e+00
   2.2977185e-02
   2.4231680e-02
   2.3759937e-02
   2.1939006e-02
   1.7894132e-02
   1.1975862e-02
   5.9503317e-03
  -3.2643013e-05
  -3.8970537e-03
  -5.6796446e-03
  -5.9765368e-03
  -2.8114945e-03
   9.0994385e-04
   1.8836744e-03
   3.4774176e-03
   5.1576905e-03
   3.7884165e-03
   6.4243120e-04
  -6.0670332e-04
   0.0000000e+00
   0.0000000e+00
   0.0000000e+00
   0.0000000e+00
   0.0000000e+00
   0.0000000e+00
   0.0000000e+00
   0.0000000e+00
   0.0000000e+00
   0.0000000e+00
   0.0000000e+00
   0.0000000e+00
   0.0000000e+00
   0.0000000e+00
   0.0000000e+00
   1.3837014e-02
   1.9466708e-02
   2.5375929e-02
   2.4506196e-02
   2.2288013e-02
   2.0878520e-02
   1.9815208e-02
   1.7793611e-02
   1.4453416e-02
   1.0046798e-02
   8.0654668e-03
   6.0005565e-03
   2.6949437e-04
   1.0792621e-04
   3.7319769e-03
   0.0000000e+00
   0.0000000e+00
   1.8690874e-02
   1.2141407e-02
   7.4598421e-03
   7.9882581e-03
   7.7742405e-03
   2.6509768e-03
  -3.2595944e-03
   0.0000000e+00
   0.0000000e+00
   0.0000000e+00
   0.0000000e+00
   0.0000000e+00
   0.0000000e+00
   0.0000000e+00
   0.0000000e+00
   0.0000000e+00
   0.0000000e+00
   0.0000000e+00
   1.6534003e-02
   1.9889567e-02
   2.4383932e-02
   2.1861635e-02
   2.0825794e-02
   1.4844459e-02
   1.1802380e-02
   1.2421551e-02
   1.2261683e-02
   1.0345656e-02
   3.6635716e-03
   2.3960839e-03
   6.6862027e-03
  -7.0284863e-05
  -6.3485862e-03
  -2.3441877e-03
   0.0000000e+00
   0.0000000e+00
   2.3790627e-02
   5.6802901e-04
  -3.3949637e-03
   7.9317419e-03
   1.0648171e-02
   2.0603256e-03
  -4.6658388e-03
   1.6861830e-03
   9.5858804e-03
   2.1084793e-02
   2.6393271e-02
   1.1449327e-02
   0.0000000e+00
   0.0000000e+00
   0.0000000e+00
   0.0000000e+00
   0.0000000e+00
   0.0000000e+00
   1.8228989e-02
   1.3996390e-02
   2.1435391e-02
   2.2060333e-03
   8.4043475e-04
  -2.7473369e-03
  -5.7728947e-03
  -4.5048129e-03
  -4.3178052e-03
  -5.3317742e-03
  -1.5038049e-02
  -1.9188667e-02
  -7.6617305e-03
  -1.1397614e-02
  -1.6874533e-02
  -1.2850193e-02
  -0.0000000e+00
   0.0000000e+00
   1.4557944e-02
  -1.3225253e-02
  -0.0000000e+00
   0.0000000e+00
   0.0000000e+00
  -7.7479752e-03
  -1.1830264e-02
  -2.2468381e-03
   1.7062838e-03
   1.7284525e-02
   7.2972975e-03
  -1.2587581e-02
   0.0000000e+00
   0.0000000e+00
   0.0000000e+00
   0.0000000e+00
   0.0000000e+00
   6.8078879e-03
  -4.1916491e-03
  -9.2727160e-03
   1.6461561e-03
  -1.7280620e-02
  -1.9904429e-02
  -2.0283036e-02
  -1.8910099e-02
  -1.6625149e-02
  -1.7400960e-02
  -1.6370468e-02
  -2.3628503e-02
  -2.9636042e-02
  -2.2204740e-02
  -2.5348164e-02
  -2.4652518e-02
  -2.2085339e-02
  -0.0000000e+00
   0.0000000e+00
   2.4692174e-03
  -1.5599690e-02
  -0.0000000e+00
   0.0000000e+00
  -0.0000000e+00
  -1.4607183e-02
  -0.0000000e+00
  -0.0000000e+00
  -0.0000000e+00
   1.6370927e-03
  -1.3791429e-02
  -2.3057660e-02
  -1.4102121e-02
  -0.0000000e+00
   0.0000000e+00
   0.0000000e+00
  -0.0000000e+00
  -1.0792391e-02
  -2.4114393e-02
  -2.5478421e-02
  -1.6438201e-02
  -2.6762189e-02
  -2.8830916e-02
  -2.9475667e-02
  -2.5204591e-02
  -2.2500271e-02
  -2.1821905e-02
  -2.1217385e-02
  -2.4907023e-02
  -2.5960581e-02
  -2.8669914e-02
  -3.1666029e-02
  -2.8046273e-02
  -2.7408056e-02
  -0.0000000e+00
  -0.0000000e+00
  -0.0000000e+00
  -1.6616872e-02
  -0.0000000e+00
   0.0000000e+00
  -0.0000000e+00
  -1.6981013e-02
  -0.0000000e+00
   0.0000000e+00
  -0.0000000e+00
  -2.1594793e-02
  -2.7521998e-02
  -2.1607414e-02
  -1.6246393e-02
  -1.1259483e-02
  -1.8831064e-02
  -0.0000000e+00
  -0.0000000e+00
  -2.1393463e-02
  -3.0340089e-02
  -2.8592864e-02
  -2.5146976e-02
  -2.5075320e-02
  -2.5095111e-02
  -2.7499817e-02
  -2.4412446e-02
  -2.2770826e-02
  -1.9556416e-02
  -1.9657958e-02
  -2.3163844e-02
  -1.8773399e-02
  -2.5114661e-02
  -2.5662871e-02
  -2.2180382e-02
  -2.1280058e-02
  -0.0000000e+00
   0.0000000e+00
  -0.0000000e+00
  -1.8084554e-02
  -0.0000000e+00
   0.0000000e+00
   0.0000000e+00
  -1.9644094e-02
  -3.0354818e-02
  -0.0000000e+00
  -2.1779506e-02
  -3.4830067e-02
  -3.0889070e-02
  -2.0602806e-02
  -2.1348448e-02
  -1.2269530e-02
  -1.8868877e-02
  -2.5367146e-02
  -2.3723033e-02
  -2.4159204e-02
  -2.6994688e-02
  -2.4407897e-02
  -2.3868198e-02
  -1.7808406e-02
  -1.7384741e-02
  -1.9970553e-02
  -1.8178077e-02
  -1.7957445e-02
  -1.3944124e-02
  -1.3709228e-02
  -1.7158721e-02
  -1.3700278e-02
  -1.6064271e-02
  -1.2580948e-02
  -5.5385148e-03
  -1.5406692e-03
   0.0000000e+00
   0.0000000e+00
  -0.0000000e+00
  -1.3161028e-02
  -1.6825330e-02
   0.0000000e+00
   0.0000000e+00
  -0.0000000e+00
  -2.6759448e-02
  -0.0000000e+00
  -1.5948018e-02
  -2.9649282e-02
  -2.7277397e-02
  -2.2125995e-02
  -1.8944226e-02
  -1.2148426e-02
  -1.1080623e-02
  -1.0993004e-02
  -1.6465659e-02
  -2.0941840e-02
  -2.1682896e-02
  -1.8487057e-02
  -1.8157283e-02
  -8.3246259e-03
  -9.3801301e-03
  -1.0708440e-02
  -1.0121312e-02
  -8.2236715e-03
  -5.1924749e-03
  -6.1758524e-03
  -6.0810111e-03
  -6.2452257e-03
  -6.6785892e-03
  -1.2450996e-04
   1.5192918e-02
   1.9307295e-02
   0.0000000e+00
   0.0000000e+00
   0.0000000e+00
  -0.0000000e+00
   6.2413615e-03
   0.0000000e+00
   0.0000000e+00
  -0.0000000e+00
  -1.4103287e-02
  -3.9077498e-03
  -6.1630729e-03
  -1.4606900e-02
  -1.8252313e-02
  -1.3941508e-02
  -7.6673892e-03
  -5.9707928e-03
  -7.5714703e-04
  -6.5420545e-04
  -5.7229535e-03
  -1.1051482e-02
  -1.3412646e-02
  -1.0791335e-02
  -9.9851107e-03
   1.5875412e-03
  -5.3083600e-04
  -7.6688151e-04
  -1.3055406e-03
   2.9153069e-03
   4.1940478e-03
   2.9792504e-03
   4.4238330e-03
   2.2179072e-03
   2.9428683e-03
   9.8878592e-03
   3.1256225e-02
   2.9792096e-02
   0.0000000e+00
   0.0000000e+00
   0.0000000e+00
   0.0000000e+00
   2.1286922e-02
   0.0000000e+00
   0.0000000e+00
  -0.0000000e+00
  -8.6003132e-04
   6.4333654e-03
   2.7832682e-03
  -1.3671048e-03
  -7.4753989e-03
  -1.4316306e-03
   3.9331336e-03
   3.4986991e-03
   7.7077379e-03
   5.8801528e-03
   3.5075620e-03
  -1.7163153e-04
  -2.0304571e-03
  -9.6264016e-04
   3.9204326e-04
   1.1969015e-02
   9.8524317e-03
   1.0224308e-02
   9.1715483e-03
   1.4865299e-02
   1.4567308e-02
   1.4217698e-02
   1.4012932e-02
   1.1284964e-02
   1.3653824e-02
   1.9162729e-02
   4.0783726e-02
   3.1869145e-02
   0.0000000e+00
   0.0000000e+00
   0.0000000e+00
   0.0000000e+00
   2.9411852e-02
   0.0000000e+00
   0.0000000e+00
   0.0000000e+00
   1.1017180e-02
   1.5434889e-02
   1.1839092e-02
   1.0499131e-02
   5.1791794e-03
   1.2602836e-02
   1.5561612e-02
   1.3560738e-02
   1.5214888e-02
   1.3095007e-02
   1.2819869e-02
   1.0749524e-02
   1.0704283e-02
   1.0341544e-02
   1.1970969e-02
   2.3547422e-02
   2.2701818e-02
   2.3128189e-02
   2.2757998e-02
   2.8460536e-02
   2.7259126e-02
   2.8741809e-02
   2.3844581e-02
   2.2027934e-02
   2.6696179e-02
   2.9539807e-02
   4.3957029e-02
   2.6740933e-02
   0.0000000e+00
   0.0000000e+00
   0.0000000e+00
   0.0000000e+00
   2.9268514e-02
   0.0000000e+00
   0.0000000e+00
   0.0000000e+00
   1.9242870e-02
   2.4648650e-02
   2.2673259e-02
   2.3075219e-02
   2.0756613e-02
   2.7994927e-02
   2.9188227e-02
   2.4137385e-02
   2.3218850e-02
   2.4333900e-02
   2.3897158e-02
   2.2504101e-02
   2.4859712e-02
   2.3735752e-02
   2.5156088e-02
   3.3180732e-02
   3.4366693e-02
   3.4125008e-02
   3.6977850e-02
   3.9855495e-02
   3.9961748e-02
   4.1934535e-02
   3.4066752e-02
   3.5496566e-02
   3.9116256e-02
   4.2266577e-02
   4.4108074e-02
   2.3152756e-02
   0.0000000e+00
   0.0000000e+00
   0.0000000e+00
   0.0000000e+00
   2.1103468e-02
   0.0000000e+00
   0.0000000e+00
   0.0000000e+00
   2.0534299e-02
   3.3197023e-02
   3.5476096e-02
   3.6506031e-02
   3.3718746e-02
   3.9243586e-02
   4.6136215e-02
   3.4162980e-02
   3.2220993e-02
   3.8702313e-02
   3.3823196e-02
   3.2711312e-02
   3.5727385e-02
   3.5873741e-02
   3.5610452e-02
   3.2574363e-02
   3.3770721e-02
   3.4163788e-02
   3.7500735e-02
   3.8892582e-02
   3.8937844e-02
   3.8606729e-02
   3.5771489e-02
   4.0198959e-02
   3.7952982e-02
   4.5006052e-02
   4.3784779e-02
   1.8341259e-02
   0.0000000e+00
   0.0000000e+00
   0.0000000e+00
   0.0000000e+00
   1.4235847e-02
   0.0000000e+00
   0.0000000e+00
   0.0000000e+00
   0.0000000e+00
   3.3131622e-02
   3.8659565e-02
   3.7157536e-02
   3.3034761e-02
   3.7629630e-02
   4.6272691e-02
   4.1151352e-02
   3.8519476e-02
   4.0095519e-02
   3.4790136e-02
   3.3032093e-02
   3.4551196e-02
   3.4785140e-02
   3.3895876e-02
   2.6922455e-02
   2.7939102e-02
   2.9050848e-02
   3.1791788e-02
   3.2638792e-02
   3.2536987e-02
   3.0850617e-02
   3.2294191e-02
   3.7888378e-02
   3.3240791e-02
   4.1904166e-02
   3.8979486e-02
   1.3466875e-02
   0.0000000e+00
   0.0000000e+00
  -0.0000000e+00
   1.1324073e-02
   9.7160572e-03
   0.0000000e+00
   0.0000000e+00
   0.0000000e+00
   0.0000000e+00
   2.9063214e-02
   3.4320049e-02
   3.0996008e-02
   2.7777959e-02
   3.2631338e-02
   3.9443031e-02
   4.2146817e-02
   4.0563822e-02
   3.5374038e-02
   3.0586943e-02
   2.8715437e-02
   2.8647596e-02
   2.8298516e-02
   2.7053725e-02
   1.2446124e-02
   1.3419194e-02
   1.5183973e-02
   1.6166409e-02
   1.6870940e-02
   1.6743861e-02
   1.5149566e-02
   1.9791905e-02
   2.4297884e-02
   2.2253985e-02
   2.9634368e-02
   2.4579775e-02
   5.7607910e-03
   0.0000000e+00
   0.0000000e+00
  -3.7949350e-03
   6.8270332e-03
   0.0000000e+00
   0.0000000e+00
   0.0000000e+00
   0.0000000e+00
   0.0000000e+00
   1.7988844e-02
   1.7781215e-02
   1.3556859e-02
   1.5012676e-02
   2.0781564e-02
   2.1411015e-02
   3.4068666e-02
   3.6036532e-02
   2.0993473e-02
   1.7538056e-02
   1.6706839e-02
   1.4464823e-02
   1.2895892e-02
   1.1250706e-02
  -6.9881175e-03
  -3.5693445e-03
  -2.4920939e-03
  -4.6422594e-04
  -1.8703270e-03
  -6.1854377e-04
  -9.8619075e-04
   2.7290606e-03
   7.5342939e-03
   1.1133741e-02
   1.5762102e-02
   1.7749402e-03
  -7.4840257e-03
  -0.0000000e+00
   0.0000000e+00
  -1.6716527e-03
   0.0000000e+00
   0.0000000e+00
   0.0000000e+00
   0.0000000e+00
   0.0000000e+00
   0.0000000e+00
   1.2550144e-03
  -4.3864469e-03
  -6.6652154e-03
   8.2281366e-04
   8.6227199e-03
   4.8303935e-03
   1.3072994e-02
   2.1827001e-02
   5.7905712e-03
  -3.5681126e-03
  -7.2218862e-04
  -4.8796507e-03
  -5.5846046e-03
  -9.0562245e-03
  -2.0620186e-02
  -1.5036985e-02
  -1.5081238e-02
  -1.1709310e-02
  -1.4742744e-02
  -1.3441841e-02
  -1.4349704e-02
  -1.2291842e-02
  -4.3045674e-03
  -6.4648426e-04
   6.6605546e-03
  -9.5876660e-03
  -1.9973800e-02
  -1.3002032e-02
  -2.0288390e-02
  -7.2129420e-03
  -0.0000000e+00
   0.0000000e+00
   0.0000000e+00
   0.0000000e+00
   0.0000000e+00
  -0.0000000e+00
  -1.2169730e-02
  -1.6965941e-02
  -1.9275887e-02
  -1.0378838e-02
   1.5020128e-03
  -5.3326469e-03
  -3.8308587e-03
   1.1931735e-02
  -1.3889760e-03
  -1.9225420e-02
  -1.4172011e-02
  -1.9255824e-02
  -1.9162938e-02
  -2.1701071e-02
  -3.2072932e-02
  -2.4869381e-02
  -2.5910139e-02
  -2.1354478e-02
  -2.5349533e-02
  -2.4658969e-02
  -2.6607720e-02
  -2.6504410e-02
  -1.5060678e-02
  -1.3227526e-02
  -1.1425449e-03
  -1.5532711e-02
  -3.3668644e-02
  -1.9214069e-02
  -2.2044283e-02
  -1.4373833e-02
  -0.0000000e+00
   0.0000000e+00
   0.0000000e+00
   0.0000000e+00
   0.0000000e+00
  -0.0000000e+00
  -2.4407499e-02
  -2.6080256e-02
  -2.8251946e-02
  -2.0071058e-02
  -4.2950762e-03
  -1.2088270e-02
  -1.8685527e-02
   0.0000000e+00
  -6.4046394e-03
  -3.0914532e-02
  -2.5879437e-02
  -3.1354673e-02
  -3.0953215e-02
  -3.1608179e-02
  -4.1274421e-02
  -3.4069855e-02
  -3.5247162e-02
  -3.0253837e-02
  -3.3122182e-02
  -3.4676556e-02
  -3.8298566e-02
  -4.0646147e-02
  -2.6432531e-02
  -2.8595284e-02
  -7.1712225e-03
  -1.2148442e-02
  -5.1621308e-02
  -3.2902140e-02
  -3.6747675e-02
  -3.1574041e-02
  -0.0000000e+00
   0.0000000e+00
   0.0000000e+00
  -0.0000000e+00
  -0.0000000e+00
  -0.0000000e+00
  -3.5582989e-02
  -3.0422021e-02
  -2.9893624e-02
  -2.6441013e-02
  -9.0872999e-03
  -1.0503205e-02
  -2.8817795e-02
  -1.2135886e-02
  -0.0000000e+00
  -3.1632047e-02
  -3.5100378e-02
  -4.0094439e-02
  -4.1243680e-02
  -3.8498685e-02
  -4.6772003e-02
  -4.0207893e-02
  -3.9851628e-02
  -3.5350043e-02
  -3.6037296e-02
  -3.9070688e-02
  -4.0123370e-02
  -4.6382036e-02
  -3.9532084e-02
  -3.4492087e-02
  -8.9051928e-03
  -0.0000000e+00
  -5.0560152e-02
  -4.1194938e-02
  -4.9730305e-02
  -4.8754226e-02
  -0.0000000e+00
   0.0000000e+00
   0.0000000e+00
  -3.0557553e-02
  -2.7319656e-02
  -0.0000000e+00
  -3.7522677e-02
  -3.6179651e-02
  -2.7892705e-02
  -2.7216420e-02
  -1.2189876e-02
  -2.1232796e-03
  -2.1683788e-02
  -1.9186742e-02
  -0.0000000e+00
  -2.9800713e-02
  -3.6387593e-02
  -4.0451687e-02
  -4.5325950e-02
  -4.3714397e-02
  -4.6760932e-02
  -4.1559264e-02
  -3.9304603e-02
  -3.5471495e-02
  -3.4391571e-02
  -3.6574185e-02
  -3.6176436e-02
  -4.3540828e-02
  -4.6020709e-02
  -3.4823492e-02
  -8.8377342e-03
  -0.0000000e+00
  -4.0635890e-02
  -4.0039189e-02
  -5.1352262e-02
  -5.5310074e-02
  -0.0000000e+00
   0.0000000e+00
  -0.0000000e+00
  -3.0104836e-02
  -3.1677324e-02
  -2.3872001e-02
  -3.4701273e-02
  -3.8202051e-02
  -2.8424401e-02
  -0.0000000e+00
  -1.0635915e-02
   4.7236648e-03
  -0.0000000e+00
  -1.9985950e-02
  -0.0000000e+00
  -2.3325240e-02
  -3.2254549e-02
  -3.6499750e-02
  -4.3128185e-02
  -4.4057116e-02
  -4.3484908e-02
  -4.0488783e-02
  -3.5607975e-02
  -3.2529939e-02
  -2.9460352e-02
  -2.9068736e-02
  -2.8113782e-02
  -3.4876667e-02
  -4.9085945e-02
  -3.2300610e-02
  -7.5828909e-03
  -0.0000000e+00
  -2.1858146e-02
  -3.2150999e-02
  -4.5291629e-02
  -5.7419978e-02
  -3.5392044e-02
   0.0000000e+00
  -0.0000000e+00
  -2.8287241e-02
  -3.3921462e-02
  -2.7259476e-02
  -2.9324582e-02
  -3.8430605e-02
  -3.2047236e-02
  -2.2686348e-02
  -1.0112573e-02
   0.0000000e+00
   0.0000000e+00
  -1.9901652e-02
  -0.0000000e+00
  -1.7729727e-02
  -2.4425108e-02
  -2.9201074e-02
  -3.7055422e-02
  -4.1518044e-02
  -3.3197489e-02
  -3.3057962e-02
  -2.7208257e-02
  -2.4091696e-02
  -1.9995337e-02
  -1.7523786e-02
  -1.9245414e-02
  -2.2345290e-02
  -3.7776414e-02
  -3.0230837e-02
  -0.0000000e+00
  -8.5143813e-03
  -1.0519861e-02
  -1.9134758e-02
  -3.0434260e-02
  -4.8498191e-02
  -4.7530142e-02
  -1.6529182e-02
  -1.0645911e-02
  -1.8071666e-02
  -2.0825809e-02
  -2.5364289e-02
  -2.5589768e-02
  -3.1598837e-02
  -3.5245023e-02
  -3.2164254e-02
  -0.0000000e+00
   0.0000000e+00
   0.0000000e+00
  -1.9518403e-02
  -1.0154703e-02
  -1.1244966e-02
  -1.4480979e-02
  -1.9763494e-02
  -2.7812555e-02
  -3.1900574e-02
  -2.2576723e-02
  -2.3356959e-02
  -1.8864542e-02
  -1.5398262e-02
  -1.1550446e-02
  -9.9283317e-03
  -1.2106092e-02
  -1.4309606e-02
  -2.6737589e-02
  -2.7329830e-02
  -0.0000000e+00
   1.5077978e-03
  -2.6417188e-03
  -1.1856742e-02
  -1.9561090e-02
  -3.2848176e-02
  -4.0859472e-02
  -1.3994942e-02
  -3.0262789e-03
  -9.3335938e-03
  -1.0157664e-02
  -1.6291564e-02
  -2.1849555e-02
  -2.3850779e-02
  -3.4213331e-02
  -3.4596133e-02
   0.0000000e+00
   0.0000000e+00
   0.0000000e+00
  -1.7471299e-02
  -4.6357451e-03
  -1.3931997e-03
  -5.9637912e-03
  -1.0547590e-02
  -1.8266018e-02
  -2.1718843e-02
  -1.2670945e-02
  -1.2907663e-02
  -9.4309403e-03
  -6.3893916e-03
  -3.1336327e-03
  -2.9304302e-03
  -3.9902418e-03
  -7.2210263e-03
  -1.7821664e-02
  -2.0271804e-02
  -0.0000000e+00
   0.0000000e+00
   0.0000000e+00
  -0.0000000e+00
  -1.1029927e-02
  -1.8123392e-02
  -2.8000345e-02
  -0.0000000e+00
   3.5538899e-03
  -7.8197399e-04
  -3.0551883e-03
  -7.1659870e-03
  -1.3701611e-02
  -1.7325994e-02
  -2.8470104e-02
  -2.8079030e-02
   0.0000000e+00
   0.0000000e+00
   0.0000000e+00
  -0.0000000e+00
   2.0269372e-03
   9.4962381e-03
   4.4042403e-03
  -2.0542344e-05
  -7.4919891e-03
  -1.1708064e-02
  -1.4467972e-03
  -1.0481378e-03
   2.4586120e-03
   4.1451645e-03
   6.5479022e-03
   5.4869815e-03
   6.0249502e-03
   1.3313415e-03
  -8.4280949e-03
  -8.3862841e-03
  -0.0000000e+00
   0.0000000e+00
   0.0000000e+00
   0.0000000e+00
  -2.5195360e-03
  -3.5996838e-03
  -1.0891898e-02
  -3.3261008e-03
   7.7825002e-03
   7.3058594e-03
   1.7341555e-03
   2.4147513e-03
  -3.3990359e-03
  -1.0543933e-02
  -2.0029319e-02
  -1.6235487e-02
   0.0000000e+00
   0.0000000e+00
   0.0000000e+00
   0.0000000e+00
   8.2421703e-03
   2.1022866e-02
   1.7967651e-02
   1.3956327e-02
   6.5644751e-03
   1.0928258e-04
   1.2695266e-02
   1.1304995e-02
   1.6552396e-02
   1.6376156e-02
   1.7817924e-02
   1.6708964e-02
   1.7049547e-02
   1.3437943e-02
   4.8685982e-03
   7.1342061e-03
   0.0000000e+00
   0.0000000e+00
   0.0000000e+00
   0.0000000e+00
   0.0000000e+00
   9.8640047e-03
   4.6379753e-03
   6.0414365e-03
   1.2745166e-02
   1.7578576e-02
   1.0939927e-02
   1.1031468e-02
   1.0138256e-02
   3.0211140e-03
  -0.0000000e+00
  -0.0000000e+00
   0.0000000e+00
   0.0000000e+00
   0.0000000e+00
  -0.0000000e+00
   7.0153195e-03
   3.0771941e-02
   3.5286982e-02
   3.3266816e-02
   2.5233138e-02
   1.5239376e-02
   2.4612928e-02
   1.8014643e-02
   2.3739547e-02
   2.4528325e-02
   2.5755489e-02
   2.4540531e-02
   2.2276562e-02
   2.5350813e-02
   2.0906096e-02
   1.9879824e-02
   0.0000000e+00
   0.0000000e+00
   0.0000000e+00
   0.0000000e+00
   0.0000000e+00
   0.0000000e+00
   1.2439017e-02
   2.0385409e-02
   1.8098201e-02
   2.3569186e-02
   2.0788262e-02
   1.4481157e-02
   1.8956799e-02
   2.4783363e-02
  -0.0000000e+00
   0.0000000e+00
   0.0000000e+00
   0.0000000e+00
   0.0000000e+00
  -0.0000000e+00
  -6.3237702e-03
   2.9689793e-02
   4.0560722e-02
   4.2969801e-02
   3.7817679e-02
   2.5287239e-02
   2.3141447e-02
   1.7671566e-02
   2.1569213e-02
   2.3440503e-02
   2.4124026e-02
   2.1090535e-02
   2.0325132e-02
   2.5697051e-02
   2.6336728e-02
   3.0884411e-02
   0.0000000e+00
   0.0000000e+00
   0.0000000e+00
   0.0000000e+00
   0.0000000e+00
   0.0000000e+00
   0.0000000e+00
   2.2059791e-02
   2.6156483e-02
   2.3150436e-02
   0.0000000e+00
   1.5516607e-02
   2.2441635e-02
   0.0000000e+00
   0.0000000e+00
   0.0000000e+00
   0.0000000e+00
   0.0000000e+00
   0.0000000e+00
  -0.0000000e+00
  -2.1804184e-02
   1.5679697e-02
   2.8363263e-02
   3.1422190e-02
   3.2908969e-02
   2.2956219e-02
   1.2866664e-02
   1.1943839e-02
   1.6187988e-02
   1.4640863e-02
   1.4954173e-02
   1.0200455e-02
   1.1612928e-02
   1.4047001e-02
   1.9475345e-02
   3.5167381e-02
   0.0000000e+00
   0.0000000e+00
  -1.5945978e-03
  -1.6995796e-03
   0.0000000e+00
   0.0000000e+00
  -0.0000000e+00
   2.9349674e-03
   2.7067181e-02
   0.0000000e+00
   0.0000000e+00
   0.0000000e+00
   0.0000000e+00
   0.0000000e+00
   0.0000000e+00
   0.0000000e+00
   0.0000000e+00
   0.0000000e+00
   0.0000000e+00
   0.0000000e+00
  -0.0000000e+00
  -1.3794399e-02
   4.0379725e-03
   1.3296959e-02
   1.6516387e-02
   1.5957918e-02
   2.9618812e-03
   1.3968704e-03
   6.2886602e-03
   3.7565678e-03
   5.0290884e-03
   1.3403976e-04
  -2.1427170e-04
   2.2713421e-03
   1.3674174e-02
   2.7660738e-02
   0.0000000e+00
  -0.0000000e+00
  -1.4452168e-02
  -1.1794151e-02
   0.0000000e+00
   0.0000000e+00
   0.0000000e+00
  -0.0000000e+00
   6.2758522e-03
  -4.0344665e-03
   0.0000000e+00
   0.0000000e+00
   0.0000000e+00
   0.0000000e+00
   0.0000000e+00
   0.0000000e+00
   0.0000000e+00
   0.0000000e+00
   0.0000000e+00
   0.0000000e+00
  -0.0000000e+00
  -0.0000000e+00
  -2.7858952e-02
  -1.7479627e-03
  -1.3960520e-03
   6.6887713e-03
  -5.2640652e-03
  -8.9856964e-03
  -4.4726161e-03
  -2.1571789e-03
  -9.0738561e-04
  -6.4697699e-03
  -1.0555633e-02
  -4.7288244e-03
   1.1859450e-02
   0.0000000e+00
   0.0000000e+00
  -0.0000000e+00
  -2.2231629e-02
  -0.0000000e+00
   0.0000000e+00
   0.0000000e+00
   0.0000000e+00
   0.0000000e+00
  -0.0000000e+00
  -7.1301738e-03
  -1.1936312e-02
  -0.0000000e+00
  -0.0000000e+00
  -0.0000000e+00
   0.0000000e+00
   0.0000000e+00
   0.0000000e+00
   0.0000000e+00
   0.0000000e+00
   0.0000000e+00
   0.0000000e+00
  -0.0000000e+00
  -5.0463866e-02
  -1.5856238e-02
  -2.0232126e-02
  -9.3573593e-03
  -1.3198232e-02
  -1.0673804e-02
  -6.7929481e-03
  -3.4102730e-03
  -5.2676834e-03
  -0.0000000e+00
  -0.0000000e+00
  -0.0000000e+00
   0.0000000e+00
   0.0000000e+00
   0.0000000e+00
  -0.0000000e+00
  -1.2706893e-02
  -0.0000000e+00
   0.0000000e+00
   0.0000000e+00
   0.0000000e+00
   0.0000000e+00
  -0.0000000e+00
  -0.0000000e+00
  -1.2724026e-02
  -1.0818666e-02
  -9.0043209e-03
  -0.0000000e+00
   0.0000000e+00
   0.0000000e+00
   0.0000000e+00
   0.0000000e+00
   0.0000000e+00
   0.0000000e+00
   0.0000000e+00
  -0.0000000e+00
  -4.2057425e-02
  -2.2674482e-02
  -2.6385933e-02
  -2.2379288e-02
  -0.0000000e+00
  -0.0000000e+00
  -0.0000000e+00
  -0.0000000e+00
  -0.0000000e+00
  -0.0000000e+00
   0.0000000e+00
   0.0000000e+00
   0.0000000e+00
  -0.0000000e+00
  -1.8795601e-03
  -3.5887713e-03
  -4.8861536e-03
  -3.4199654e-03
  -2.5554810e-03
  -2.3290592e-03
  -1.4561709e-03
  -1.0043136e-03
  -1.6884100e-03
  -3.5058360e-03
  -6.0766956e-03
  -6.0868764e-03
  -4.4956454e-03
  -2.4107176e-03
  -1.2483344e-03
  -0.0000000e+00
   0.0000000e+00
   0.0000000e+00
   0.0000000e+00
   0.0000000e+00
   0.0000000e+00
  -0.0000000e+00
  -0.0000000e+00
  -0.0000000e+00
  -0.0000000e+00
  -0.0000000e+00
