-START-OF-DATA-
0.5
2499.5
4999.5
7499.5
9999.5
12499.5
14999.5
17499.5
19999.5
22499.5
24999.5
27499.5
29999.5
32499.5
34999.5
37499.5
39999.5
42499.5
44999.5
47499.5
49999.5
52499.5
54999.5
57499.5
59999.5
62499.5
64999.5
67499.5
69999.5
72499.5
74999.5
77499.5
79999.5
82499.5
84999.5
87499.5
89999.5
92499.5
94999.5
97499.5
99999.5
102499.5
104999.5
107499.5
109999.5
112499.5
114999.5
117499.5
119999.5
122499.5
124999.5
127499.5
129999.5
132499.5
134999.5
137499.5
139999.5
142499.5
144999.5
147499.5
149999.5
152499.5
154999.5
157499.5
159999.5
162499.5
164999.5
167499.5
169999.5
172499.5
174999.5
177499.5
179999.5
182499.5
184999.5
187499.5
189999.5
192499.5
194999.5
197499.5
199999.5
202499.5
204999.5
207499.5
209999.5
212499.5
214999.5
217499.5
219999.5
222499.5
224999.5
227499.5
229999.5
232499.5
234999.5
237499.5
239999.5
242499.5
244999.5
247499.5
249999.5
252499.5
254999.5
257499.5
259999.5
262499.5
264999.5
267499.5
269999.5
272499.5
274999.5
277499.5
279999.5
282499.5
284999.5
287499.5
289999.5
292499.5
294999.5
297499.5
299999.5
302499.5
304999.5
307499.5
309999.5
312499.5
314999.5
317499.5
319999.5
322499.5
324999.5
327499.5
329999.5
332499.5
334999.5
337499.5
339999.5
342499.5
344999.5
347499.5
349999.5
352499.5
354999.5
357499.5
359999.5
362499.5
364999.5
367499.5
369999.5
372499.5
374999.5
377499.5
379999.5
382499.5
384999.5
387499.5
389999.5
392499.5
394999.5
397499.5
399999.5
402499.5
404999.5
407499.5
409999.5
412499.5
414999.5
417499.5
419999.5
422499.5
424999.5
427499.5
429999.5
432499.5
434999.5
437499.5
439999.5
442499.5
444999.5
447499.5
449999.5
452499.5
454999.5
457499.5
459999.5
462499.5
464999.5
467499.5
469999.5
472499.5
474999.5
477499.5
479999.5
482499.5
484999.5
487499.5
489999.5
492499.5
494999.5
497499.5
499999.5
502499.5
504999.5
507499.5
509999.5
512499.5
514999.5
517499.5
519999.5
522499.5
524999.5
527499.5
529999.5
532499.5
534999.5
537499.5
539999.5
542499.5
544999.5
547499.5
549999.5
552499.5
554999.5
557499.5
559999.5
562499.5
564999.5
567499.5
569999.5
572499.5
574999.5
577499.5
579999.5
582499.5
584999.5
587499.5
589999.5
592499.5
594999.5
597499.5
599999.5
602499.5
604999.5
607499.5
609999.5
612499.5
614999.5
617499.5
619999.5
622499.5
624999.5
627499.5
629999.5
632499.5
634999.5
637499.5
639999.5
642499.5
644999.5
647499.5
649999.5
652499.5
654999.5
657499.5
659999.5
662499.5
664999.5
667499.5
669999.5
672499.5
674999.5
677499.5
679999.5
682499.5
684999.5
687499.5
689999.5
692499.5
694999.5
697499.5
699999.5
702499.5
704999.5
707499.5
709999.5
712499.5
714999.5
717499.5
719999.5
722499.5
724999.5
727499.5
729999.5
732499.5
734999.5
737499.5
739999.5
742499.5
744999.5
747499.5
749999.5
752499.5
754999.5
757499.5
759999.5
762499.5
764999.5
767499.5
769999.5
772499.5
774999.5
777499.5
779999.5
782499.5
784999.5
787499.5
789999.5
792499.5
794999.5
797499.5
799999.5
802499.5
804999.5
807499.5
809999.5
812499.5
814999.5
817499.5
819999.5
822499.5
824999.5
827499.5
829999.5
832499.5
834999.5
837499.5
839999.5
842499.5
844999.5
847499.5
849999.5
852499.5
854999.5
857499.5
859999.5
862499.5
864999.5
867499.5
869999.5
872499.5
874999.5
877499.5
879999.5
882499.5
884999.5
887499.5
889999.5
892499.5
894999.5
897499.5
899999.5
902499.5
904999.5
907499.5
909999.5
912499.5
914999.5
917499.5
919999.5
922499.5
924999.5
927499.5
929999.5
932499.5
934999.5
937499.5
939999.5
942499.5
944999.5
947499.5
949999.5
952499.5
954999.5
957499.5
959999.5
962499.5
964999.5
967499.5
969999.5
972499.5
974999.5
977499.5
979999.5
982499.5
984999.5
987499.5
989999.5
992499.5
994999.5
997499.5
999999.5
1002499.5
1004999.5
1007499.5
1009999.5
1012499.5
1014999.5
1017499.5
1019999.5
1022499.5
1024999.5
1027499.5
1029999.5
1032499.5
1034999.5
1037499.5
1039999.5
1042499.5
1044999.5
1047499.5
1049999.5
1052499.5
1054999.5
1057499.5
1059999.5
1062499.5
1064999.5
1067499.5
1069999.5
1072499.5
1074999.5
1077499.5
1079999.5
1082499.5
1084999.5
1087499.5
1089999.5
1092499.5
1094999.5
1097499.5
1099999.5
1102499.5
1104999.5
1107499.5
1109999.5
1112499.5
1114999.5
1117499.5
1119999.5
1122499.5
1124999.5
1127499.5
1129999.5
1132499.5
1134999.5
1137499.5
1139999.5
1142499.5
1144999.5
1147499.5
1149999.5
1152499.5
1154999.5
1157499.5
1159999.5
1162499.5
1164999.5
1167499.5
1169999.5
1172499.5
1174999.5
1177499.5
1179999.5
1182499.5
1184999.5
1187499.5
1189999.5
1192499.5
1194999.5
1197499.5
1199999.5
1202499.5
1204999.5
1207499.5
1209999.5
1212499.5
1214999.5
1217499.5
1219999.5
1222499.5
1224999.5
1227499.5
1229999.5
1232499.5
1234999.5
1237499.5
1239999.5
1242499.5
1244999.5
1247499.5
1249999.5
1252499.5
1254999.5
1257499.5
1259999.5
1262499.5
1264999.5
1267499.5
1269999.5
1272499.5
1274999.5
1277499.5
1279999.5
1282499.5
1284999.5
1287499.5
1289999.5
1292499.5
1294999.5
1297499.5
1299999.5
1302499.5
1304999.5
1307499.5
1309999.5
1312499.5
1314999.5
1317499.5
1319999.5
1322499.5
1324999.5
1327499.5
1329999.5
1332499.5
1334999.5
1337499.5
1339999.5
1342499.5
1344999.5
1347499.5
1349999.5
1352499.5
1354999.5
1357499.5
1359999.5
1362499.5
1364999.5
1367499.5
1369999.5
1372499.5
1374999.5
1377499.5
1379999.5
1382499.5
1384999.5
1387499.5
1389999.5
1392499.5
1394999.5
1397499.5
1399999.5
1402499.5
1404999.5
1407499.5
1409999.5
1412499.5
1414999.5
1417499.5
1419999.5
1422499.5
1424999.5
1427499.5
1429999.5
1432499.5
1434999.5
1437499.5
1439999.5
1442499.5
1444999.5
1447499.5
1449999.5
1452499.5
1454999.5
1457499.5
1459999.5
1462499.5
1464999.5
1467499.5
1469999.5
1472499.5
1474999.5
1477499.5
1479999.5
1482499.5
1484999.5
1487499.5
1489999.5
1492499.5
1494999.5
1497499.5
1499999.5
1502499.5
1504999.5
1507499.5
1509999.5
1512499.5
1514999.5
1517499.5
1519999.5
1522499.5
1524999.5
1527499.5
1529999.5
1532499.5
1534999.5
1537499.5
1539999.5
1542499.5
1544999.5
1547499.5
1549999.5
1552499.5
1554999.5
1557499.5
1559999.5
1562499.5
1564999.5
1567499.5
1569999.5
1572499.5
1574999.5
1577499.5
1579999.5
1582499.5
1584999.5
1587499.5
1589999.5
1592499.5
1594999.5
1597499.5
1599999.5
1602499.5
1604999.5
1607499.5
1609999.5
1612499.5
1614999.5
1617499.5
1619999.5
1622499.5
1624999.5
1627499.5
1629999.5
1632499.5
1634999.5
1637499.5
1639999.5
1642499.5
1644999.5
1647499.5
1649999.5
1652499.5
1654999.5
1657499.5
1659999.5
1662499.5
1664999.5
1667499.5
1669999.5
1672499.5
1674999.5
1677499.5
1679999.5
1682499.5
1684999.5
1687499.5
1689999.5
1692499.5
1694999.5
1697499.5
1699999.5
1702499.5
1704999.5
1707499.5
1709999.5
1712499.5
1714999.5
1717499.5
1719999.5
1722499.5
1724999.5
1727499.5
1729999.5
1732499.5
1734999.5
1737499.5
1739999.5
1742499.5
1744999.5
1747499.5
1749999.5
1752499.5
1754999.5
1757499.5
1759999.5
1762499.5
1764999.5
1767499.5
1769999.5
1772499.5
1774999.5
1777499.5
1779999.5
1782499.5
1784999.5
1787499.5
1789999.5
1792499.5
1794999.5
1797499.5
1799999.5
1802499.5
1804999.5
1807499.5
1809999.5
1812499.5
1814999.5
1817499.5
1819999.5
1822499.5
1824999.5
1827499.5
1829999.5
1832499.5
1834999.5
1837499.5
1839999.5
1842499.5
1844999.5
1847499.5
1849999.5
1852499.5
1854999.5
1857499.5
1859999.5
1862499.5
1864999.5
1867499.5
1869999.5
1872499.5
1874999.5
1877499.5
1879999.5
1882499.5
1884999.5
1887499.5
1889999.5
1892499.5
1894999.5
1897499.5
1899999.5
1902499.5
1904999.5
1907499.5
1909999.5
1912499.5
1914999.5
1917499.5
1919999.5
1922499.5
1924999.5
1927499.5
1929999.5
1932499.5
1934999.5
1937499.5
1939999.5
1942499.5
1944999.5
1947499.5
1949999.5
1952499.5
1954999.5
1957499.5
1959999.5
1962499.5
1964999.5
1967499.5
1969999.5
1972499.5
1974999.5
1977499.5
1979999.5
1982499.5
1984999.5
1987499.5
1989999.5
1992499.5
1994999.5
1997499.5
1999999.5
2002499.5
2004999.5
2007499.5
2009999.5
2012499.5
2014999.5
2017499.5
2019999.5
2022499.5
2024999.5
2027499.5
2029999.5
2032499.5
2034999.5
2037499.5
2039999.5
2042499.5
2044999.5
2047499.5
2049999.5
2052499.5
2054999.5
2057499.5
2059999.5
2062499.5
2064999.5
2067499.5
2069999.5
2072499.5
2074999.5
2077499.5
2079999.5
2082499.5
2084999.5
2087499.5
2089999.5
2092499.5
2094999.5
2097499.5
2099999.5
2102499.5
2104999.5
2107499.5
2109999.5
2112499.5
2114999.5
2117499.5
2119999.5
2122499.5
2124999.5
2127499.5
2129999.5
2132499.5
2134999.5
2137499.5
2139999.5
2142499.5
2144999.5
2147499.5
2149999.5
2152499.5
2154999.5
2157499.5
2159999.5
2162499.5
2164999.5
2167499.5
2169999.5
2172499.5
2174999.5
2177499.5
2179999.5
2182499.5
2184999.5
2187499.5
2189999.5
2192499.5
2194999.5
2197499.5
2199999.5
2202499.5
2204999.5
2207499.5
2209999.5
2212499.5
2214999.5
2217499.5
2219999.5
2222499.5
2224999.5
2227499.5
2229999.5
2232499.5
2234999.5
2237499.5
2239999.5
2242499.5
2244999.5
2247499.5
2249999.5
2252499.5
2254999.5
2257499.5
2259999.5
2262499.5
2264999.5
2267499.5
2269999.5
2272499.5
2274999.5
2277499.5
2279999.5
2282499.5
2284999.5
2287499.5
2289999.5
2292499.5
2294999.5
2297499.5
2299999.5
2302499.5
2304999.5
2307499.5
2309999.5
2312499.5
2314999.5
2317499.5
2319999.5
2322499.5
2324999.5
2327499.5
2329999.5
2332499.5
2334999.5
2337499.5
2339999.5
2342499.5
2344999.5
2347499.5
2349999.5
2352499.5
2354999.5
2357499.5
2359999.5
2362499.5
2364999.5
2367499.5
2369999.5
2372499.5
2374999.5
2377499.5
2379999.5
2382499.5
2384999.5
2387499.5
2389999.5
2392499.5
2394999.5
2397499.5
2399999.5
2402499.5
2404999.5
2407499.5
2409999.5
2412499.5
2414999.5
2417499.5
2419999.5
2422499.5
2424999.5
2427499.5
2429999.5
2432499.5
2434999.5
2437499.5
2439999.5
2442499.5
2444999.5
2447499.5
2449999.5
2452499.5
2454999.5
2457499.5
2459999.5
2462499.5
2464999.5
2467499.5
2469999.5
2472499.5
2474999.5
2477499.5
2479999.5
2482499.5
2484999.5
2487499.5
2489999.5
2492499.5
2494999.5
2497499.5
2499999.5
2502499.5
2504999.5
2507499.5
2509999.5
2512499.5
2514999.5
2517499.5
2519999.5
2522499.5
2524999.5
2527499.5
2529999.5
2532499.5
2534999.5
2537499.5
2539999.5
2542499.5
2544999.5
2547499.5
2549999.5
2552499.5
2554999.5
2557499.5
2559999.5
2562499.5
2564999.5
2567499.5
2569999.5
2572499.5
2574999.5
2577499.5
2579999.5
2582499.5
2584999.5
2587499.5
2589999.5
2592499.5
2594999.5
2597499.5
2599999.5
2602499.5
2604999.5
2607499.5
2609999.5
2612499.5
2614999.5
2617499.5
2619999.5
2622499.5
2624999.5
2627499.5
2629999.5
2632499.5
2634999.5
2637499.5
2639999.5
2642499.5
2644999.5
2647499.5
2649999.5
2652499.5
2654999.5
2657499.5
2659999.5
2662499.5
2664999.5
2667499.5
2669999.5
2672499.5
2674999.5
2677499.5
2679999.5
2682499.5
2684999.5
2687499.5
2689999.5
2692499.5
2694999.5
2697499.5
2699999.5
2702499.5
2704999.5
2707499.5
2709999.5
2712499.5
2714999.5
2717499.5
2719999.5
2722499.5
2724999.5
2727499.5
2729999.5
2732499.5
2734999.5
2737499.5
2739999.5
2742499.5
2744999.5
2747499.5
2749999.5
2752499.5
2754999.5
2757499.5
2759999.5
2762499.5
2764999.5
2767499.5
2769999.5
2772499.5
2774999.5
2777499.5
2779999.5
2782499.5
2784999.5
2787499.5
2789999.5
2792499.5
2794999.5
2797499.5
2799999.5
2802499.5
2804999.5
2807499.5
2809999.5
2812499.5
2814999.5
2817499.5
2819999.5
2822499.5
2824999.5
2827499.5
2829999.5
2832499.5
2834999.5
2837499.5
2839999.5
2842499.5
2844999.5
2847499.5
2849999.5
2852499.5
2854999.5
2857499.5
2859999.5
2862499.5
2864999.5
2867499.5
2869999.5
2872499.5
2874999.5
2877499.5
2879999.5
2882499.5
2884999.5
2887499.5
2889999.5
2892499.5
2894999.5
2897499.5
2899999.5
2902499.5
2904999.5
2907499.5
2909999.5
2912499.5
2914999.5
2917499.5
2919999.5
2922499.5
2924999.5
2927499.5
2929999.5
2932499.5
2934999.5
2937499.5
2939999.5
2942499.5
2944999.5
2947499.5
2949999.5
2952499.5
2954999.5
2957499.5
2959999.5
2962499.5
2964999.5
2967499.5
2969999.5
2972499.5
2974999.5
2977499.5
2979999.5
2982499.5
2984999.5
2987499.5
2989999.5
2992499.5
2994999.5
2997499.5
2999999.5
3002499.5
3004999.5
3007499.5
3009999.5
3012499.5
3014999.5
3017499.5
3019999.5
3022499.5
3024999.5
3027499.5
3029999.5
3032499.5
3034999.5
3037499.5
3039999.5
3042499.5
3044999.5
3047499.5
3049999.5
3052499.5
3054999.5
3057499.5
3059999.5
3062499.5
3064999.5
3067499.5
3069999.5
3072499.5
3074999.5
3077499.5
3079999.5
3082499.5
3084999.5
3087499.5
3089999.5
3092499.5
3094999.5
3097499.5
3099999.5
3102499.5
3104999.5
3107499.5
3109999.5
3112499.5
3114999.5
3117499.5
3119999.5
3122499.5
3124999.5
3127499.5
3129999.5
3132499.5
3134999.5
3137499.5
3139999.5
3142499.5
3144999.5
3147499.5
3149999.5
3152499.5
3154999.5
3157499.5
3159999.5
3162499.5
3164999.5
3167499.5
3169999.5
3172499.5
3174999.5
3177499.5
3179999.5
3182499.5
3184999.5
3187499.5
3189999.5
3192499.5
3194999.5
3197499.5
3199999.5
3202499.5
3204999.5
3207499.5
3209999.5
3212499.5
3214999.5
3217499.5
3219999.5
3222499.5
3224999.5
3227499.5
3229999.5
3232499.5
3234999.5
3237499.5
3239999.5
3242499.5
3244999.5
3247499.5
3249999.5
3252499.5
3254999.5
3257499.5
3259999.5
3262499.5
3264999.5
3267499.5
3269999.5
3272499.5
3274999.5
3277499.5
3279999.5
3282499.5
3284999.5
3287499.5
3289999.5
3292499.5
3294999.5
3297499.5
3299999.5
3302499.5
3304999.5
3307499.5
3309999.5
3312499.5
3314999.5
3317499.5
3319999.5
3322499.5
3324999.5
3327499.5
3329999.5
3332499.5
3334999.5
3337499.5
3339999.5
3342499.5
3344999.5
3347499.5
3349999.5
3352499.5
3354999.5
3357499.5
3359999.5
3362499.5
3364999.5
3367499.5
3369999.5
3372499.5
3374999.5
3377499.5
3379999.5
3382499.5
3384999.5
3387499.5
3389999.5
3392499.5
3394999.5
3397499.5
3399999.5
3402499.5
3404999.5
3407499.5
3409999.5
3412499.5
3414999.5
3417499.5
3419999.5
3422499.5
3424999.5
3427499.5
3429999.5
3432499.5
3434999.5
3437499.5
3439999.5
3442499.5
3444999.5
3447499.5
3449999.5
3452499.5
3454999.5
3457499.5
3459999.5
3462499.5
3464999.5
3467499.5
3469999.5
3472499.5
3474999.5
3477499.5
3479999.5
3482499.5
3484999.5
3487499.5
3489999.5
3492499.5
3494999.5
3497499.5
3499999.5
3502499.5
3504999.5
3507499.5
3509999.5
3512499.5
3514999.5
3517499.5
3519999.5
3522499.5
3524999.5
3527499.5
3529999.5
3532499.5
3534999.5
3537499.5
3539999.5
3542499.5
3544999.5
3547499.5
3549999.5
3552499.5
3554999.5
3557499.5
3559999.5
3562499.5
3564999.5
3567499.5
3569999.5
3572499.5
3574999.5
3577499.5
3579999.5
3582499.5
3584999.5
3587499.5
3589999.5
3592499.5
3594999.5
3597499.5
3599999.5
3602499.5
3604999.5
3607499.5
3609999.5
3612499.5
3614999.5
3617499.5
3619999.5
3622499.5
3624999.5
3627499.5
3629999.5
3632499.5
3634999.5
3637499.5
3639999.5
3642499.5
3644999.5
3647499.5
3649999.5
3652499.5
3654999.5
3657499.5
3659999.5
3662499.5
3664999.5
3667499.5
3669999.5
3672499.5
3674999.5
3677499.5
3679999.5
3682499.5
3684999.5
3687499.5
3689999.5
3692499.5
3694999.5
3697499.5
3699999.5
3702499.5
3704999.5
3707499.5
3709999.5
3712499.5
3714999.5
3717499.5
3719999.5
3722499.5
3724999.5
3727499.5
3729999.5
3732499.5
3734999.5
3737499.5
3739999.5
3742499.5
3744999.5
3747499.5
3749999.5
3752499.5
3754999.5
3757499.5
3759999.5
3762499.5
3764999.5
3767499.5
3769999.5
3772499.5
3774999.5
3777499.5
3779999.5
3782499.5
3784999.5
3787499.5
3789999.5
3792499.5
3794999.5
3797499.5
3799999.5
3802499.5
3804999.5
3807499.5
3809999.5
3812499.5
3814999.5
3817499.5
3819999.5
3822499.5
3824999.5
3827499.5
3829999.5
3832499.5
3834999.5
3837499.5
3839999.5
3842499.5
3844999.5
3847499.5
3849999.5
3852499.5
3854999.5
3857499.5
3859999.5
3862499.5
3864999.5
3867499.5
3869999.5
3872499.5
3874999.5
3877499.5
3879999.5
3882499.5
3884999.5
3887499.5
3889999.5
3892499.5
3894999.5
3897499.5
3899999.5
3902499.5
3904999.5
3907499.5
3909999.5
3912499.5
3914999.5
3917499.5
3919999.5
3922499.5
3924999.5
3927499.5
3929999.5
3932499.5
3934999.5
3937499.5
3939999.5
3942499.5
3944999.5
3947499.5
3949999.5
3952499.5
3954999.5
3957499.5
3959999.5
3962499.5
3964999.5
3967499.5
3969999.5
3972499.5
3974999.5
3977499.5
3979999.5
3982499.5
3984999.5
3987499.5
3989999.5
3992499.5
3994999.5
3997499.5
3999999.5
4002499.5
4004999.5
4007499.5
4009999.5
4012499.5
4014999.5
4017499.5
4019999.5
4022499.5
4024999.5
4027499.5
4029999.5
4032499.5
4034999.5
4037499.5
4039999.5
4042499.5
4044999.5
4047499.5
4049999.5
4052499.5
4054999.5
4057499.5
4059999.5
4062499.5
4064999.5
4067499.5
4069999.5
4072499.5
4074999.5
4077499.5
4079999.5
4082499.5
4084999.5
4087499.5
4089999.5
4092499.5
4094999.5
4097499.5
4099999.5
4102499.5
4104999.5
4107499.5
4109999.5
4112499.5
4114999.5
4117499.5
4119999.5
4122499.5
4124999.5
4127499.5
4129999.5
4132499.5
4134999.5
4137499.5
4139999.5
4142499.5
4144999.5
4147499.5
4149999.5
4152499.5
4154999.5
4157499.5
4159999.5
4162499.5
4164999.5
4167499.5
4169999.5
4172499.5
4174999.5
4177499.5
4179999.5
4182499.5
4184999.5
4187499.5
4189999.5
4192499.5
4194999.5
4197499.5
4199999.5
4202499.5
4204999.5
4207499.5
4209999.5
4212499.5
4214999.5
4217499.5
4219999.5
4222499.5
4224999.5
4227499.5
4229999.5
4232499.5
4234999.5
4237499.5
4239999.5
4242499.5
4244999.5
4247499.5
4249999.5
4252499.5
4254999.5
4257499.5
4259999.5
4262499.5
4264999.5
4267499.5
4269999.5
4272499.5
4274999.5
4277499.5
4279999.5
4282499.5
4284999.5
4287499.5
4289999.5
4292499.5
4294999.5
4297499.5
4299999.5
4302499.5
4304999.5
4307499.5
4309999.5
4312499.5
4314999.5
4317499.5
4319999.5
4322499.5
4324999.5
4327499.5
4329999.5
4332499.5
4334999.5
4337499.5
4339999.5
4342499.5
4344999.5
4347499.5
4349999.5
4352499.5
4354999.5
4357499.5
4359999.5
4362499.5
4364999.5
4367499.5
4369999.5
4372499.5
4374999.5
4377499.5
4379999.5
4382499.5
4384999.5
4387499.5
4389999.5
4392499.5
4394999.5
4397499.5
4399999.5
4402499.5
4404999.5
4407499.5
4409999.5
4412499.5
4414999.5
4417499.5
4419999.5
4422499.5
4424999.5
4427499.5
4429999.5
4432499.5
4434999.5
4437499.5
4439999.5
4442499.5
4444999.5
4447499.5
4449999.5
4452499.5
4454999.5
4457499.5
4459999.5
4462499.5
4464999.5
4467499.5
4469999.5
4472499.5
4474999.5
4477499.5
4479999.5
4482499.5
4484999.5
4487499.5
4489999.5
4492499.5
4494999.5
4497499.5
4499999.5
4502499.5
4504999.5
4507499.5
4509999.5
4512499.5
4514999.5
4517499.5
4519999.5
4522499.5
4524999.5
4527499.5
4529999.5
4532499.5
4534999.5
4537499.5
4539999.5
4542499.5
4544999.5
4547499.5
4549999.5
4552499.5
4554999.5
4557499.5
4559999.5
4562499.5
4564999.5
4567499.5
4569999.5
4572499.5
4574999.5
4577499.5
4579999.5
4582499.5
4584999.5
4587499.5
4589999.5
4592499.5
4594999.5
4597499.5
4599999.5
4602499.5
4604999.5
4607499.5
4609999.5
4612499.5
4614999.5
4617499.5
4619999.5
4622499.5
4624999.5
4627499.5
4629999.5
4632499.5
4634999.5
4637499.5
4639999.5
4642499.5
4644999.5
4647499.5
4649999.5
4652499.5
4654999.5
4657499.5
4659999.5
4662499.5
4664999.5
4667499.5
4669999.5
4672499.5
4674999.5
4677499.5
4679999.5
4682499.5
4684999.5
4687499.5
4689999.5
4692499.5
4694999.5
4697499.5
4699999.5
4702499.5
4704999.5
4707499.5
4709999.5
4712499.5
4714999.5
4717499.5
4719999.5
4722499.5
4724999.5
4727499.5
4729999.5
4732499.5
4734999.5
4737499.5
4739999.5
4742499.5
4744999.5
4747499.5
4749999.5
4752499.5
4754999.5
4757499.5
4759999.5
4762499.5
4764999.5
4767499.5
4769999.5
4772499.5
4774999.5
4777499.5
4779999.5
4782499.5
4784999.5
4787499.5
4789999.5
4792499.5
4794999.5
4797499.5
4799999.5
4802499.5
4804999.5
4807499.5
4809999.5
4812499.5
4814999.5
4817499.5
4819999.5
4822499.5
4824999.5
4827499.5
4829999.5
4832499.5
4834999.5
4837499.5
4839999.5
4842499.5
4844999.5
4847499.5
4849999.5
4852499.5
4854999.5
4857499.5
4859999.5
4862499.5
4864999.5
4867499.5
4869999.5
4872499.5
4874999.5
4877499.5
4879999.5
4882499.5
4884999.5
4887499.5
4889999.5
4892499.5
4894999.5
4897499.5
4899999.5
4902499.5
4904999.5
4907499.5
4909999.5
4912499.5
4914999.5
4917499.5
4919999.5
4922499.5
4924999.5
4927499.5
4929999.5
4932499.5
4934999.5
4937499.5
4939999.5
4942499.5
4944999.5
4947499.5
4949999.5
4952499.5
4954999.5
4957499.5
4959999.5
4962499.5
4964999.5
4967499.5
4969999.5
4972499.5
4974999.5
4977499.5
4979999.5
4982499.5
4984999.5
4987499.5
4989999.5
4992499.5
4994999.5
4997499.5
4999999.5
-END-OF-DATA-
