1.680400 
2.138200 
3.410400 
4.537000 
3.734700 
5.229300 
4.891300 
1.532500 
-0.119600 
-0.103500 
-1.065200 
-2.752400 
-4.040100 
-3.395200 
-2.411600 
-3.809600 
-4.260200 
-1.161200 
0.260100 
1.418700 
1.256300 
-0.491400 
-0.524700 
-4.340700 
-6.663900 
-3.579200 
-2.438800 
-1.742400 
-0.739900 
-1.372100 
-0.761600 
0.601800 
-2.134800 
-6.305700 
-3.350700 
-0.016200 
-5.977944 
-4.743375 
-4.870948 
-5.513941 
-2.374818 
-0.951508 
-0.113614 
1.302717 
2.653055 
2.906660 
3.079494 
2.737624 
3.053836 
2.738651 
2.705603 
2.283988 
2.461543 
1.772980 
1.384720 
-0.465337 
1.092422 
1.375381 
1.596965 
1.392726 
0.918665 
0.438857 
-0.528148 
-1.140968 
-0.930057 
-1.748964 
-3.342952 
-5.058252 
-3.102176 
-1.171963 
-4.616726 
-5.824303 
3.952957 
3.998376 
4.508533 
5.169906 
6.119938 
6.446911 
7.359596 
7.401894 
7.146170 
6.376845 
6.311300 
5.963662 
6.172030 
6.167617 
6.089264 
5.895964 
5.966998 
5.844195 
5.533904 
5.107374 
3.914965 
4.075546 
4.083403 
3.834352 
4.109126 
4.211910 
4.603461 
4.574939 
5.365358 
5.484395 
5.543052 
5.083589 
4.775342 
4.404241 
4.317170 
3.989228 
7.943591 
7.759705 
7.832456 
7.684834 
7.404542 
7.509986 
6.900640 
7.438016 
6.609971 
6.816731 
6.478751 
5.996942 
6.338047 
6.473841 
6.689416 
6.916261 
6.947951 
6.861363 
7.147570 
5.843853 
5.921960 
5.563895 
5.673133 
5.888820 
6.596692 
7.089101 
7.811702 
8.019244 
8.289940 
8.725331 
8.750548 
9.068555 
9.062306 
8.803661 
7.835581 
8.458874 
9.069877 
8.619001 
8.204539 
7.703339 
7.125807 
6.601764 
5.775554 
5.334516 
5.582967 
5.283741 
5.410624 
5.256261 
5.545083 
5.485713 
6.049449 
6.401148 
6.628226 
6.556303 
5.735634 
5.043319 
5.609090 
6.082471 
6.537304 
6.950862 
7.243756 
7.615245 
8.479452 
8.637660 
8.380954 
8.417028 
8.367609 
9.094982 
9.524145 
9.449169 
9.616876 
9.624227 
8.495833 
7.857790 
6.966444 
6.206315 
5.304080 
4.277008 
3.470463 
2.912712 
2.929431 
3.516769 
3.907667 
3.823966 
4.078479 
4.238842 
4.813752 
5.234567 
5.566842 
5.338286 
4.956736 
3.488832 
4.026015 
4.780535 
5.831694 
5.967640 
6.415402 
6.666506 
7.227447 
7.475580 
6.555308 
5.987438 
6.216433 
6.886923 
8.115493 
8.419831 
8.544888 
8.685893 
6.562918 
5.590832 
4.409066 
3.367194 
2.808046 
2.098087 
2.154709 
2.515307 
1.624781 
2.091451 
2.524940 
2.569574 
2.748642 
3.081840 
3.438479 
3.710132 
4.057672 
4.010363 
3.639596 
2.741364 
1.608405 
2.444343 
3.850989 
4.670658 
4.880231 
4.930966 
5.362635 
5.360280 
3.739780 
3.070280 
4.017213 
4.417201 
5.720986 
6.219124 
6.418208 
6.473224 
3.682545 
2.361583 
1.216368 
1.140423 
0.635687 
0.800286 
0.857271 
1.424096 
1.212618 
0.893941 
1.178969 
1.160425 
1.386176 
1.703394 
1.806634 
2.110934 
2.311370 
2.276575 
2.086452 
0.788410 
-0.390455 
0.699130 
1.737044 
2.672759 
3.205832 
3.582848 
3.292090 
2.413567 
1.088647 
0.736634 
1.130422 
1.213347 
2.534100 
3.413039 
3.316572 
3.808182 
0.625831 
0.414855 
-0.573315 
-0.221317 
0.122368 
-0.119428 
-0.344091 
-0.239768 
-0.175594 
-0.297151 
-0.124903 
-0.363049 
-0.020175 
0.176912 
0.220303 
0.419012 
0.310939 
0.248690 
0.851102 
0.347031 
-0.940521 
-0.603020 
-0.087290 
0.920245 
1.344731 
1.443984 
0.710587 
-0.355851 
0.101382 
-1.337128 
-1.918655 
-1.495385 
-0.582541 
0.204893 
0.502855 
0.445878 
-2.091400 
-0.343200 
-1.166100 
-0.974800 
-0.737900 
-0.760500 
-1.735100 
-1.826000 
-1.834800 
-1.608800 
-1.391200 
-1.344900 
-1.281500 
-1.391000 
-1.447700 
-1.446000 
-1.837000 
-1.656500 
-0.530200 
0.632000 
-1.028900 
-1.058400 
-1.531000 
-0.609300 
-0.782300 
-1.123900 
-1.906900 
-2.142500 
-0.023300 
-1.479700 
-3.810300 
-3.513800 
-3.271800 
-2.835900 
-2.632000 
-2.522000 
-4.020300 
-0.191100 
-1.771100 
-1.912200 
-1.627200 
-2.472900 
-3.215600 
-3.326600 
-3.183900 
-3.055300 
-2.668100 
-2.480900 
-2.520200 
-2.769900 
-3.144600 
-3.336600 
-3.703800 
-3.534600 
-2.000700 
1.424900 
-0.872200 
-1.184700 
-2.193500 
-2.239000 
-2.806000 
-3.395500 
-3.869200 
-1.172100 
-0.742900 
-1.215200 
-2.731300 
-4.533400 
-5.331500 
-5.178900 
-5.240900 
-4.993400 
-5.140600 
-0.457000 
-1.019900 
-2.335600 
-1.660100 
-4.550400 
-4.294200 
-4.028400 
-3.971400 
-4.107500 
-3.647000 
-3.603700 
-3.809100 
-4.056800 
-4.549700 
-4.895900 
-5.198700 
-4.824300 
-2.073100 
1.795500 
-0.542200 
-0.980800 
-3.275400 
-4.002800 
-4.525600 
-5.110500 
-4.634600 
-0.091200 
-1.223000 
-1.239800 
-0.782900 
-4.385100 
-6.231100 
-6.670800 
-6.754500 
-6.462100 
-5.617900 
-1.828700 
0.816700 
-1.572700 
-1.060800 
-4.845200 
-4.660900 
-3.919000 
-4.325700 
-4.627900 
-3.999900 
-3.723600 
-4.752900 
-5.182000 
-5.782600 
-6.129100 
-6.144000 
-5.401800 
-3.073900 
0.542500 
-0.173000 
-1.200300 
-4.019600 
-5.711400 
-5.917900 
-5.919000 
-4.504900 
0.291600 
-1.398800 
-1.553900 
-0.217900 
-3.922900 
-6.413500 
-7.136800 
-7.330300 
-7.059400 
-5.475500 
-2.713700 
-0.078400 
-0.688800 
-1.879700 
-3.880200 
-4.057800 
-3.814300 
-4.149500 
-4.397800 
-4.200100 
-3.963600 
-5.091700 
-5.789400 
-6.392800 
-6.771500 
-6.494600 
-5.351500 
-2.193100 
-0.196000 
-0.121100 
-1.164100 
-4.146600 
-6.741700 
-6.764400 
-5.958400 
-3.746700 
1.710500 
-0.964200 
-1.613900 
-0.846100 
-3.989400 
-5.718600 
-6.359100 
-6.724400 
-6.615500 
-4.668700 
-2.344400 
-1.478100 
-1.243800 
-2.786800 
-2.574200 
-2.926600 
-3.238500 
-3.336600 
-3.657800 
-3.932600 
-4.020300 
-4.884800 
-5.897000 
-6.422200 
-6.720300 
-6.353300 
-4.559700 
-0.776100 
0.220800 
-0.035300 
-0.983600 
-3.698300 
-6.989300 
-6.894800 
-5.795900 
-2.902700 
2.272900 
-0.510800 
-2.046100 
-2.208200 
-3.327900 
-4.192200 
-4.611700 
-5.230100 
-5.264500 
-3.000900 
-1.269900 
-0.654500 
-1.971400 
-0.812300 
-1.434600 
-1.686700 
-1.994700 
-2.422000 
-3.073700 
-3.601800 
-3.995500 
-4.629900 
-5.625900 
-5.957300 
-6.021200 
-5.576000 
-3.610500 
-0.601200 
-0.021300 
-0.085400 
-0.582200 
-2.700000 
-6.574400 
-6.300500 
-5.110300 
-2.112000 
1.527100 
-0.211400 
-2.283300 
-3.020000 
-2.013300 
-2.327000 
-2.233300 
-3.127600 
-3.700800 
-0.867700 
-0.893400 
-0.771200 
-0.890300 
0.074500 
-0.734500 
-1.044700 
-1.166500 
-2.164200 
-3.086600 
-3.760900 
-4.502100 
-4.729900 
-5.125100 
-5.036000 
-4.873000 
-4.234400 
-2.141500 
-0.730900 
0.022200 
-0.314300 
-0.234200 
-3.797300 
-5.704100 
-5.213800 
-4.027900 
-1.325100 
1.057700 
-0.002200 
-1.572800 
-2.609200 
-1.058600 
-0.889300 
-0.241500 
-0.652100 
-1.695400 
-0.076400 
-0.128000 
-0.853300 
0.272300 
-0.573600 
-0.491000 
-0.979200 
-1.568500 
-2.640700 
-3.548100 
-4.284900 
-4.686700 
-4.727000 
-4.492000 
-4.044900 
-3.556600 
-2.542900 
-0.657200 
-0.387300 
0.098000 
-0.454700 
-1.291400 
-5.566100 
-4.560200 
-3.600700 
-2.512200 
-0.277900 
0.692700 
0.135700 
-0.610400 
-1.573400 
-0.446300 
-0.259500 
0.436700 
0.982100 
0.054200 
0.004000 
0.258300 
-0.855400 
0.383900 
-0.949400 
-0.689900 
-1.180100 
-2.358000 
-3.436000 
-4.169400 
-4.680700 
-4.769100 
-4.681600 
-4.161700 
-3.427900 
-2.477300 
-1.025600 
0.656400 
0.695000 
0.007200 
-0.294900 
-4.486800 
-5.097100 
-3.523400 
-1.894700 
-0.686800 
1.189600 
0.649300 
0.265000 
-0.174900 
-0.937000 
0.106100 
0.086300 
1.022100 
2.111300 
1.051400 
-0.226100 
-0.003100 
-0.911100 
-0.468600 
-1.465700 
-1.605300 
-2.260000 
-3.392900 
-4.402700 
-4.918600 
-5.183500 
-4.993900 
-4.582900 
-3.743300 
-2.750300 
-1.433000 
0.375100 
2.136300 
1.723700 
0.069600 
-0.830300 
-5.919800 
-5.237100 
-2.819600 
-0.174700 
0.454700 
2.070900 
0.703900 
0.309300 
-0.572600 
-0.321800 
0.385800 
0.448600 
1.706100 
2.467100 
0.765400 
-0.199900 
-0.912400 
-1.581600 
-1.529600 
-2.344100 
-3.265600 
-4.397900 
-5.065000 
-5.439600 
-5.794800 
-5.936800 
-5.547100 
-4.798700 
-3.704000 
-2.103200 
-1.012300 
0.110400 
0.875400 
0.414400 
-0.828100 
-4.041400 
-6.282400 
-5.520700 
-2.943200 
1.076600 
0.445000 
0.557900 
0.642700 
-0.043400 
-0.262100 
-0.341000 
0.210600 
0.869000 
2.319600 
1.380400 
0.380500 
0.389000 
-1.377800 
-2.312700 
-2.686100 
-3.681600 
-4.839700 
-5.879500 
-6.290400 
-6.203500 
-6.452900 
-6.821600 
-6.095300 
-5.426500 
-4.225900 
-2.443700 
-1.052500 
-1.282500 
-1.182700 
-4.443200 
-4.176000 
-6.304500 
-6.812800 
-6.212600 
-4.011100 
1.122300 
0.089600 
0.054300 
0.197900 
-0.283000 
0.084400 
-1.119500 
-1.033700 
1.296000 
2.880700 
0.161600 
0.762400 
-0.183000 
-2.273600 
-2.792100 
-3.692700 
-4.537600 
-5.643700 
-6.379700 
-6.593500 
-6.579900 
-6.739000 
-6.939900 
-6.482900 
-6.148300 
-5.045300 
-3.059800 
-0.601000 
-1.067900 
-2.060100 
-7.175500 
-7.071200 
-6.638500 
-6.989300 
-6.550300 
-5.066900 
0.471600 
-0.295600 
-0.302500 
-0.761900 
-1.190900 
0.043500 
0.203600 
-0.904100 
1.521900 
2.569800 
0.053300 
1.285500 
-0.421400 
-3.162200 
-3.356100 
-4.142800 
-4.716400 
-5.570700 
-6.014400 
-6.260300 
-6.257000 
-6.206800 
-5.153500 
-6.443200 
-6.431100 
-5.243000 
-2.835700 
0.133400 
-0.624800 
-3.492800 
-5.575300 
-5.776500 
-6.285700 
-6.508300 
-6.444500 
-5.505600 
-0.180500 
-1.021100 
-0.703200 
-1.511700 
-2.273100 
-0.187700 
1.509200 
-0.573600 
1.712200 
1.762700 
0.226000 
1.492600 
-0.075500 
-2.183300 
-3.481300 
-3.613500 
-4.050100 
-4.392600 
-4.778600 
-5.131700 
-5.176700 
-5.195100 
-4.570700 
-5.807500 
-5.877900 
-4.639100 
-1.390100 
0.978800 
-1.893400 
-3.293500 
-5.194800 
-5.096900 
-5.343600 
-5.616400 
-5.665500 
-5.048800 
-1.558800 
-1.552000 
-0.705700 
-1.679000 
-1.437400 
-0.182900 
0.699700 
-0.730900 
2.247300 
1.154100 
0.205500 
0.377500 
0.652600 
-0.859500 
-3.347700 
-2.150600 
-2.384600 
-2.620700 
-3.014800 
-3.471500 
-3.757900 
-3.853200 
-4.745700 
-4.869500 
-4.690700 
-3.303000 
0.862300 
1.247600 
-2.468900 
-3.649000 
-3.657200 
-3.875600 
-3.664100 
-3.977400 
-4.163100 
-4.058000 
-2.845600 
-0.726700 
-0.931200 
-1.706900 
-0.866200 
0.516300 
-0.198300 
0.558300 
2.463900 
0.887500 
-0.590000 
-0.397500 
0.098700 
-1.014500 
-1.822700 
-0.496200 
0.039400 
-0.507700 
-0.926300 
-1.277200 
-1.760400 
-2.046700 
-2.813800 
-3.130700 
-2.992100 
-1.494400 
3.210200 
0.749800 
-1.522800 
-1.544800 
-1.041600 
-1.386900 
-1.600600 
-2.093000 
-2.496600 
-2.801100 
-2.567700 
0.606600 
-1.514100 
-0.941300 
-0.259200 
0.661000 
-0.074300 
2.167100 
1.150500 
0.010100 
0.265700 
0.466200 
-1.140200 
-0.651600 
-0.660500 
0.298800 
1.408000 
1.156800 
1.129500 
0.997800 
0.635500 
0.178800 
-0.418800 
-1.020600 
-1.115700 
0.389400 
2.810900 
0.566000 
-0.341900 
-0.158000 
0.188600 
0.774000 
0.677700 
0.029500 
-0.595500 
-1.189500 
-1.330000 
0.841800 
-0.395300 
-0.880500 
0.939100 
2.167700 
0.458900 
0.376500 
-0.077900 
-1.852600 
3.078000 
2.407100 
-0.479700 
0.068400 
0.396500 
0.972500 
0.839200 
1.762000 
2.247800 
2.483000 
2.521200 
2.028000 
1.645300 
1.188200 
0.866600 
2.202800 
0.713200 
0.959200 
-0.478700 
0.279500 
0.534600 
2.251800 
2.474100 
1.844700 
1.107900 
0.343600 
-0.184000 
0.526700 
0.154800 
0.240100 
1.237300 
1.282900 
-0.122200 
-0.383100 
-0.794700 
-0.922300 
0.952700 
0.659400 
0.600800 
1.543600 
0.844100 
1.560400 
1.926700 
2.053500 
2.627000 
3.010100 
3.466900 
3.272400 
3.116400 
2.795300 
2.426800 
2.350900 
0.687400 
1.444100 
-0.069600 
0.718600 
1.092900 
2.335500 
2.500700 
2.624600 
2.461700 
1.791800 
1.053200 
0.465000 
0.288400 
1.424700 
-0.069500 
-0.390000 
-0.281400 
-0.195000 
-0.368500 
0.647500 
-0.820600 
0.110400 
1.654400 
2.114500 
1.227500 
1.620700 
1.212800 
2.039400 
3.002700 
3.089600 
3.600800 
3.409500 
3.722100 
3.513000 
3.214300 
2.199000 
0.428900 
1.910200 
0.475700 
1.120800 
1.141200 
1.645400 
2.523000 
2.813800 
3.284200 
2.980200 
2.354600 
1.011400 
0.656500 
-0.225400 
0.365300 
0.400000 
-0.391900 
-0.720600 
-0.780800 
-0.783300 
0.113900 
0.437100 
1.770100 
2.055600 
1.279600 
0.705900 
1.176300 
2.207400 
2.583000 
2.465800 
2.675700 
2.783100 
3.381100 
3.287200 
2.918900 
0.998100 
0.664300 
1.626500 
0.555700 
0.901100 
0.736600 
1.177800 
1.924600 
3.229100 
3.831700 
3.643900 
3.221600 
1.968900 
0.784000 
1.067300 
0.540400 
0.273700 
-0.122700 
-0.577100 
-0.074100 
-0.060600 
-0.393600 
1.107700 
1.636100 
1.327200 
0.725400 
-0.051600 
1.068500 
1.048100 
0.179900 
0.336800 
0.689200 
1.100800 
1.694700 
2.106700 
1.535100 
-0.394800 
1.527500 
0.519600 
0.345800 
0.982400 
0.822300 
1.024800 
1.755100 
3.295800 
3.477900 
3.544100 
3.528400 
1.689000 
2.225100 
1.168900 
0.698000 
0.539100 
0.577800 
0.337600 
1.075400 
1.213900 
0.816100 
0.984200 
0.988600 
1.164900 
1.086700 
1.227500 
-0.337900 
-1.134000 
-0.942000 
-2.400400 
-1.983000 
-1.089800 
-0.925800 
-2.066600 
-1.351900 
1.043900 
0.420500 
0.188300 
0.866600 
1.492500 
0.627900 
1.550300 
2.759300 
0.322300 
1.794100 
2.496000 
2.059500 
2.123400 
1.630400 
0.641700 
1.240900 
0.453900 
0.470200 
0.473300 
0.839800 
0.638200 
0.504600 
0.715800 
0.803100 
0.770500 
-0.390100 
0.002800 
0.507600 
0.287000 
-0.306400 
-0.592400 
-0.614300 
-1.299200 
-1.254100 
-0.912400 
0.050400 
0.237800 
-0.296300 
0.915500 
1.030700 
1.328800 
0.590200 
-0.333000 
1.378000 
-2.891500 
-1.708500 
-2.456600 
-0.875600 
0.197900 
1.282600 
0.939400 
0.536500 
0.522500 
0.749000 
0.450300 
0.724800 
0.646000 
0.352300 
-0.071000 
-0.301900 
0.115800 
-0.122000 
-0.498600 
-0.162500 
0.064700 
-0.197200 
0.025600 
-0.078600 
-0.110500 
0.111800 
0.305300 
0.496600 
0.355000 
1.324200 
1.546800 
0.293500 
-0.505000 
-0.127100 
-2.327500 
-4.201000 
-0.529800 
3.221200 
4.323500 
2.245400 
0.373700 
-0.445600 
-1.658700 
-1.565200 
-0.871600 
-0.739300 
-0.626700 
-0.104300 
-0.261300 
-0.567500 
-0.431000 
