   1.5760101e-02
   3.9012174e-03
   1.0434454e-02
   1.0422578e-02
   8.0194704e-03
   0.0000000e+00
   2.0999363e-02
   1.7696435e-02
   7.9188916e-03
   0.0000000e+00
   0.0000000e+00
   0.0000000e+00
   0.0000000e+00
   0.0000000e+00
   0.0000000e+00
   0.0000000e+00
   0.0000000e+00
   3.0828524e-02
   6.2563422e-03
  -4.5856162e-03
  -4.7885608e-03
   1.2747555e-03
   5.1484293e-03
  -2.6832231e-03
   8.7093640e-04
   5.0991944e-03
   8.4185476e-03
   1.1351977e-03
   1.2125564e-03
   8.3942718e-03
   1.7336266e-02
   7.2010252e-03
  -0.0000000e+00
  -0.0000000e+00
   0.0000000e+00
   1.3815996e-02
  -1.4057134e-02
  -2.3453393e-02
  -2.2710096e-02
  -1.2199343e-02
  -3.4771541e-03
  -1.3953833e-02
  -1.7718213e-02
  -1.1774941e-02
  -1.0118122e-02
  -1.8497976e-02
  -6.1447469e-03
   2.8748629e-03
  -3.0686113e-04
  -1.2214593e-02
  -0.0000000e+00
   0.0000000e+00
   0.0000000e+00
  -1.7323092e-03
  -2.4565702e-02
  -2.5357315e-02
  -2.3091663e-02
  -1.5130377e-02
  -9.8444503e-03
  -1.4313477e-02
  -0.0000000e+00
  -9.4446164e-03
  -1.3920199e-02
  -0.0000000e+00
   1.2812059e-02
   8.8256766e-04
  -1.0935603e-02
  -2.0030446e-02
  -1.4453779e-02
   0.0000000e+00
  -1.0576968e-02
  -1.5090050e-02
  -1.0807461e-02
  -5.9924126e-03
  -4.3718698e-03
  -4.3923081e-03
  -3.0120893e-03
   1.2928240e-02
   0.0000000e+00
  -1.9737619e-02
   4.2481864e-03
   0.0000000e+00
  -1.0416981e-02
  -3.9423102e-03
  -3.0454966e-03
  -3.1018646e-03
   3.8566958e-03
   1.2691988e-02
  -3.9929907e-03
  -1.2679804e-02
   1.2521217e-02
   1.3407465e-02
   8.9664327e-03
   2.4800734e-03
   7.2156265e-03
   4.0842539e-02
   0.0000000e+00
  -0.0000000e+00
   3.6030612e-02
   0.0000000e+00
  -0.0000000e+00
   3.6040028e-03
   1.1285507e-02
   1.4725674e-02
   1.8555833e-02
   2.2504492e-02
   1.4661113e-02
   1.1076280e-02
   2.3374109e-02
   1.8992217e-02
   8.9198807e-03
   5.0368514e-03
   2.3264705e-02
   6.4836248e-02
   0.0000000e+00
   0.0000000e+00
   5.4474812e-02
   0.0000000e+00
  -0.0000000e+00
   1.3218614e-02
   1.9115169e-02
   2.5489238e-02
   3.1199994e-02
   3.7516836e-02
   3.1039501e-02
   2.3956604e-02
   1.4676580e-02
   7.4048820e-03
   2.2424124e-03
   1.4015156e-02
   4.1652210e-02
   6.6570723e-02
   0.0000000e+00
   0.0000000e+00
   5.4255217e-02
   0.0000000e+00
   0.0000000e+00
   1.4202889e-02
   2.1652514e-02
   2.5530146e-02
   2.9566394e-02
   3.3057410e-02
   2.4404090e-02
   1.8083675e-02
  -7.7361213e-03
  -8.5577053e-03
   4.0035672e-03
   2.5776606e-02
   3.7664004e-02
   2.4454567e-02
   0.0000000e+00
   4.5405329e-02
   4.0888164e-02
   0.0000000e+00
  -0.0000000e+00
  -7.4794621e-03
   2.1537692e-02
   1.6885499e-02
   1.6607171e-02
   1.4733025e-02
   6.4940423e-03
  -1.3912285e-03
  -3.2128738e-03
  -2.6707518e-03
   5.3640031e-03
   1.7476244e-02
   1.7879693e-02
   4.9084714e-04
  -0.0000000e+00
   2.1153771e-02
   2.1741482e-02
   0.0000000e+00
   0.0000000e+00
  -3.0179902e-02
   7.3094234e-03
   6.8407954e-03
   0.0000000e+00
  -2.3443065e-03
  -3.9104945e-03
  -3.5347778e-03
  -1.2109403e-02
  -1.4315026e-02
  -1.2879337e-02
   1.8275786e-03
   1.0947511e-02
  -7.5879360e-03
  -1.2261591e-02
  -8.7825061e-03
   0.0000000e+00
   0.0000000e+00
   0.0000000e+00
  -4.6321857e-02
  -1.6032589e-02
   5.8727966e-04
  -0.0000000e+00
  -1.6718502e-02
  -1.9679968e-02
  -1.6447077e-02
  -2.8900964e-02
  -3.1438936e-02
  -4.7870256e-02
  -5.6561060e-02
  -2.0943999e-02
  -2.9731077e-03
  -1.2117429e-02
  -3.2023258e-02
  -0.0000000e+00
  -0.0000000e+00
  -2.7454747e-02
  -4.4771609e-02
  -2.6552169e-02
  -0.0000000e+00
  -0.0000000e+00
  -2.3410624e-02
  -3.3985316e-02
  -3.6393523e-02
  -2.6713325e-02
  -1.3944556e-02
  -2.2894891e-02
  -4.8125789e-02
  -4.3534593e-02
   9.6059011e-03
  -4.7514378e-03
  -2.6880244e-02
  -4.7027874e-02
  -1.0006195e-02
  -7.9220706e-03
  -3.5980880e-02
  -5.4247875e-02
   0.0000000e+00
   0.0000000e+00
  -1.5917353e-02
  -2.7001605e-02
  -3.5262853e-02
  -1.9533660e-02
  -5.7682740e-03
  -7.7172467e-03
  -3.9505001e-02
  -0.0000000e+00
   1.5284923e-02
  -5.1476463e-04
  -1.2882625e-02
  -1.9421953e-02
  -2.8503495e-03
  -1.7713608e-03
  -1.5781362e-02
  -4.5924773e-02
   0.0000000e+00
   0.0000000e+00
   5.9197899e-03
  -6.0436372e-03
  -1.6862808e-02
  -2.0985077e-03
   3.0275285e-03
  -2.7254311e-04
  -3.2577750e-02
  -0.0000000e+00
   0.0000000e+00
   9.5193963e-03
   1.7570496e-03
  -7.2896041e-03
  -1.4999733e-03
   0.0000000e+00
  -5.0191908e-03
  -1.4093344e-02
   0.0000000e+00
   0.0000000e+00
   1.6676063e-02
   8.1256507e-03
  -2.9814865e-04
   1.9742003e-02
   1.6148284e-02
   4.5321155e-03
  -2.0635915e-02
   0.0000000e+00
   0.0000000e+00
   0.0000000e+00
   1.3398457e-02
   1.4190926e-02
   5.4007286e-03
  -5.6528197e-03
  -1.9931886e-03
   0.0000000e+00
   0.0000000e+00
   0.0000000e+00
  -0.0000000e+00
   3.7245548e-03
   1.3518468e-02
   2.7420132e-02
   1.9512649e-02
   4.4785025e-03
  -5.7736779e-03
   0.0000000e+00
   0.0000000e+00
  -0.0000000e+00
  -9.2782475e-03
   1.4856547e-03
   0.0000000e+00
  -0.0000000e+00
  -0.0000000e+00
   0.0000000e+00
   0.0000000e+00
   0.0000000e+00
  -0.0000000e+00
  -8.9739804e-03
   1.4370616e-02
   1.9467729e-05
   0.0000000e+00
  -1.5860996e-03
   0.0000000e+00
   0.0000000e+00
  -0.0000000e+00
  -0.0000000e+00
  -3.3699849e-02
  -0.0000000e+00
  -0.0000000e+00
  -0.0000000e+00
  -0.0000000e+00
   0.0000000e+00
   0.0000000e+00
   0.0000000e+00
   0.0000000e+00
  -0.0000000e+00
  -1.1314427e-02
