   0.0000000e+00
   0.0000000e+00
   0.0000000e+00
   0.0000000e+00
   0.0000000e+00
   0.0000000e+00
   0.0000000e+00
   0.0000000e+00
   0.0000000e+00
   0.0000000e+00
   0.0000000e+00
   0.0000000e+00
   0.0000000e+00
   0.0000000e+00
   0.0000000e+00
   0.0000000e+00
   0.0000000e+00
   0.0000000e+00
   0.0000000e+00
   0.0000000e+00
   3.2377293e-02
   1.0492363e-02
  -1.9375150e-02
   0.0000000e+00
   0.0000000e+00
   0.0000000e+00
   0.0000000e+00
   0.0000000e+00
   0.0000000e+00
   0.0000000e+00
   0.0000000e+00
   0.0000000e+00
   0.0000000e+00
   0.0000000e+00
   0.0000000e+00
   0.0000000e+00
   0.0000000e+00
   0.0000000e+00
   0.0000000e+00
   0.0000000e+00
   6.7008756e-02
   3.3934591e-02
   5.8412700e-02
   6.9104442e-02
   3.4718572e-02
   2.0617887e-02
   1.4971993e-02
   7.6861010e-03
   8.4501270e-03
   7.4396455e-03
   2.6746551e-03
  -5.3435318e-03
  -1.2394228e-02
  -1.9125539e-02
  -4.7540375e-02
   0.0000000e+00
   2.8565045e-02
   8.1463587e-03
   5.3094541e-03
   5.8654590e-03
   8.3159655e-03
   1.7875103e-02
   2.9970994e-02
   4.4188026e-02
   3.6308694e-02
  -8.9905993e-04
  -3.2468503e-02
   0.0000000e+00
   8.0890610e-02
   2.4681623e-02
  -4.3174164e-03
   0.0000000e+00
   3.3618072e-02
   2.4220795e-02
   4.8948232e-03
  -2.2054212e-03
  -2.4872515e-03
  -2.2116138e-02
  -2.7830087e-02
  -2.7728524e-02
  -2.1697421e-02
  -1.0789100e-02
  -6.7412812e-04
   7.1120830e-03
   8.9503386e-03
   5.3737424e-03
  -3.6639066e-03
  -1.4251339e-02
  -2.3525465e-02
  -3.0941941e-02
  -3.4160165e-02
  -3.0742066e-02
  -2.0338027e-02
  -7.7223634e-03
   7.0061749e-03
   1.7291376e-02
   2.1015759e-02
   1.9323960e-02
   1.6639007e-02
   1.5889406e-02
   8.3135692e-03
  -6.3768448e-03
  -1.5909730e-02
   8.4345918e-03
   3.6105860e-02
   1.7907524e-02
   1.7440760e-02
   3.0632352e-02
   1.5118177e-03
  -1.4863904e-02
  -3.5184238e-02
  -5.3146531e-02
  -6.2369753e-02
  -6.0501724e-02
  -5.0018346e-02
  -4.0189002e-02
  -2.5894592e-02
  -1.1283814e-02
   1.6012949e-04
   1.0164635e-02
   8.8243614e-03
   2.1395832e-03
  -1.0277192e-02
  -2.1671553e-02
  -3.2220114e-02
  -4.0290404e-02
  -4.2530046e-02
  -2.3217949e-02
  -1.3480548e-02
  -7.9939142e-03
   5.2651466e-04
   8.5172970e-03
   8.7361242e-03
   3.5984574e-03
  -1.3585212e-03
  -9.2352189e-03
  -2.0529505e-02
  -2.8733658e-02
  -2.9375497e-02
  -2.2932295e-02
  -9.4603933e-03
  -2.0519735e-03
   7.4829995e-03
   1.1629884e-02
  -1.1012357e-02
  -3.0682802e-02
  -5.3290896e-02
  -6.8147764e-02
  -6.8601206e-02
  -5.9045915e-02
  -4.7271088e-02
  -3.1892959e-02
  -1.5119686e-02
  -3.5812701e-03
   6.1653252e-03
   1.0741734e-02
   4.4696452e-03
  -7.8718765e-03
  -2.0953063e-02
  -3.0809896e-02
  -3.7244879e-02
  -4.3280952e-02
  -5.4857496e-02
  -1.0361898e-02
  -1.8966813e-02
  -1.6249189e-02
  -9.8097716e-03
  -5.2683218e-03
  -5.3379368e-03
  -8.4666936e-03
  -1.3775830e-02
  -2.5691709e-02
  -3.6580853e-02
  -4.1045640e-02
  -4.1038308e-02
  -3.7974220e-02
  -2.2643438e-02
  -1.0780937e-02
   1.8186816e-03
   3.4496142e-03
  -2.0654499e-02
  -3.7318870e-02
  -5.3214555e-02
  -5.7189096e-02
  -4.8010019e-02
  -3.4817688e-02
  -3.1136723e-02
  -0.0000000e+00
  -4.5964125e-04
   2.5996882e-03
   7.4701021e-03
   5.8971967e-03
  -4.7382064e-03
  -1.7205581e-02
  -2.6830918e-02
  -3.2294661e-02
  -3.3761918e-02
  -3.3507857e-02
  -3.8551989e-02
  -1.2957952e-02
  -1.3789430e-02
  -1.1419705e-02
  -9.2674352e-03
  -7.5357156e-03
  -7.2120880e-03
  -1.1120177e-02
  -1.8552590e-02
  -2.5398069e-02
  -2.8139422e-02
  -3.0272726e-02
  -3.2689795e-02
  -3.3204369e-02
  -2.4890705e-02
  -1.0586532e-02
  -5.6147885e-03
  -8.6631494e-03
  -1.6431475e-02
  -2.4542721e-02
  -3.1528868e-02
  -3.0368251e-02
  -2.3697533e-02
  -9.6107172e-03
  -5.5632422e-03
   0.0000000e+00
  -1.1364992e-02
  -7.2333096e-03
  -1.4525789e-03
  -2.7360325e-03
  -8.8267513e-03
  -1.6755076e-02
  -2.2620197e-02
  -2.4500962e-02
  -2.2652594e-02
  -1.4119582e-02
  -8.5345404e-03
  -0.0000000e+00
  -5.7786694e-03
  -4.4347811e-03
  -4.7849794e-03
  -7.0008114e-03
  -1.0385336e-02
  -1.3158657e-02
  -8.4603159e-03
  -1.6626001e-03
   1.2043421e-03
  -7.3243454e-03
  -1.5694998e-02
  -1.9371847e-02
  -1.4433400e-02
  -7.7283867e-03
  -1.0402659e-02
  -1.1167984e-02
   4.1573345e-03
   4.8660268e-03
  -6.2015615e-03
  -4.2507462e-03
   0.0000000e+00
   6.3930336e-03
   1.7825291e-03
  -4.2561204e-03
  -1.2938537e-02
  -4.6078120e-03
   1.2705463e-03
   6.7642104e-04
  -3.9073559e-03
  -9.8965708e-03
  -1.3993202e-02
  -1.4505104e-02
  -9.6175745e-03
   7.3883818e-03
   2.1926690e-02
   0.0000000e+00
  -4.2883766e-03
  -9.5129225e-03
  -1.4021749e-02
  -1.5562032e-02
  -1.3626583e-02
  -6.0890950e-03
   9.9880183e-03
   1.9186548e-02
   1.6124511e-02
  -2.9525585e-03
  -1.4282275e-02
  -1.7432736e-02
  -1.5679074e-02
  -1.2035795e-02
  -5.8626621e-03
  -1.2386643e-04
   2.9907616e-02
   0.0000000e+00
   0.0000000e+00
   0.0000000e+00
   0.0000000e+00
   1.2765364e-04
   1.6413043e-03
  -1.4825501e-03
  -2.9732757e-03
   3.2606667e-03
   7.2113434e-03
   5.6786002e-03
   8.5431169e-04
  -4.8183822e-03
  -9.0277279e-03
  -8.5722664e-03
  -6.6085526e-04
   2.4744427e-02
   4.6018854e-02
   0.0000000e+00
  -0.0000000e+00
  -1.2205247e-02
  -1.5973669e-02
  -1.2126447e-02
  -5.5192476e-03
   4.8334394e-03
   2.4093535e-02
   3.6507816e-02
   0.0000000e+00
  -6.4619811e-03
  -8.0306651e-03
  -1.2660986e-02
  -1.1618982e-02
  -4.5143510e-03
   5.1950752e-03
   1.4874619e-02
   5.5970766e-02
   0.0000000e+00
   0.0000000e+00
   0.0000000e+00
   0.0000000e+00
   2.8296115e-03
   6.6641574e-03
   5.5877836e-03
   6.3567441e-03
   1.0262397e-02
   1.2053512e-02
   8.9191636e-03
   3.0799571e-03
  -2.9903471e-03
  -7.0611336e-03
  -4.5049265e-03
   7.2641317e-03
   3.8687587e-02
   6.1226688e-02
   0.0000000e+00
   0.0000000e+00
  -1.4890569e-02
  -1.6980160e-02
  -6.9070915e-03
   2.3413384e-03
   1.5961131e-02
   4.5209676e-02
   6.1549526e-02
   0.0000000e+00
   3.3224549e-03
   1.6782004e-03
  -9.1686668e-03
  -6.1135371e-03
   3.6981474e-03
   1.5251108e-02
   3.0293927e-02
   7.1582048e-02
   0.0000000e+00
   0.0000000e+00
   0.0000000e+00
   0.0000000e+00
   1.3164839e-02
   1.5886230e-02
   1.4384120e-02
   1.3881374e-02
   1.5734782e-02
   1.4919376e-02
   9.8535474e-03
   2.8343495e-03
  -3.4285481e-03
  -5.4552285e-03
   6.7457624e-04
   1.6388929e-02
   4.7182996e-02
   4.0990046e-02
   0.0000000e+00
   0.0000000e+00
  -2.0099609e-02
  -1.8812856e-02
  -2.5005694e-03
   9.1437975e-03
   2.7097408e-02
   6.7905337e-02
   0.0000000e+00
   0.0000000e+00
   7.8092591e-03
  -1.9856955e-04
  -1.0299131e-02
  -2.8190610e-04
   1.2694700e-02
   2.6708741e-02
   4.5253634e-02
   7.5087510e-02
   6.9127515e-02
   0.0000000e+00
   0.0000000e+00
   0.0000000e+00
   2.4292728e-02
   2.2647398e-02
   2.0743232e-02
   1.9947698e-02
   1.9675717e-02
   1.5771748e-02
   8.4063970e-03
   3.5813975e-04
  -4.6088835e-03
  -2.7113864e-03
   7.6523484e-03
   2.6060639e-02
   5.1495586e-02
   3.7659811e-02
   0.0000000e+00
   0.0000000e+00
  -0.0000000e+00
  -1.7886186e-02
   2.4580997e-03
   1.6915694e-02
   3.9380871e-02
   8.2923524e-02
   0.0000000e+00
   0.0000000e+00
   0.0000000e+00
  -3.9190555e-03
  -6.9397267e-03
   9.0905577e-03
   2.4215341e-02
   4.0239800e-02
   5.8705643e-02
   7.0963100e-02
   3.4820880e-02
   0.0000000e+00
   0.0000000e+00
   0.0000000e+00
   2.9546786e-02
   2.6080102e-02
   2.4568476e-02
   2.3316966e-02
   2.0522937e-02
   1.4172822e-02
   4.6064346e-03
  -2.7943423e-03
  -4.1744644e-03
   2.1281457e-03
   1.5216120e-02
   3.4357522e-02
   5.6968801e-02
   3.8618530e-02
   0.0000000e+00
   0.0000000e+00
   0.0000000e+00
  -1.0290727e-02
   9.6256919e-03
   2.6143007e-02
   4.9899176e-02
   7.7216588e-02
   0.0000000e+00
   0.0000000e+00
  -0.0000000e+00
  -1.4070339e-03
   3.3015438e-03
   1.7838785e-02
   3.4863696e-02
   5.2379739e-02
   6.7457221e-02
   6.2590025e-02
   2.8328523e-02
   4.0334065e-03
   0.0000000e+00
   3.2164985e-02
   3.0567180e-02
   2.5362983e-02
   2.1785289e-02
   1.8362897e-02
   1.3938759e-02
   7.3400117e-03
   4.7877891e-04
  -7.7983976e-04
   4.2867903e-03
   1.5202492e-02
   2.9198682e-02
   4.6151936e-02
   6.6374838e-02
   0.0000000e+00
   0.0000000e+00
   0.0000000e+00
   0.0000000e+00
   3.1104789e-03
   2.1075819e-02
   3.7425600e-02
   5.6541044e-02
   6.3485757e-02
   0.0000000e+00
   0.0000000e+00
   0.0000000e+00
  -2.2430904e-03
   1.6789572e-02
   2.8377460e-02
   4.7488213e-02
   6.5061383e-02
   7.2699033e-02
   5.0353788e-02
   2.0747092e-02
   5.1140728e-03
   1.3331969e-02
   2.6496618e-02
   2.3131691e-02
   1.5573293e-02
   8.9656226e-03
   5.1648621e-03
   2.3669302e-03
  -5.9887359e-04
   5.9093436e-05
   6.9523840e-03
   1.7535064e-02
   3.0221656e-02
   4.2602446e-02
   5.5772081e-02
   5.9877355e-02
   0.0000000e+00
   0.0000000e+00
   0.0000000e+00
   0.0000000e+00
   1.5534412e-02
   3.1614177e-02
   4.4654891e-02
   5.5743676e-02
   5.0386757e-02
   0.0000000e+00
   0.0000000e+00
   0.0000000e+00
   2.4442913e-03
   2.6174614e-02
   3.5612155e-02
   5.2866999e-02
   6.8561085e-02
   6.9929384e-02
   2.9721234e-02
   1.3268595e-02
   8.0732862e-03
   1.5467403e-02
   0.0000000e+00
   8.5302731e-03
   2.3536522e-04
  -5.2407715e-03
  -7.1833911e-03
  -7.2717038e-03
  -5.9923958e-03
   6.6487794e-04
   1.3500905e-02
   2.7999556e-02
   4.0835522e-02
   4.9940914e-02
   5.7680111e-02
   5.3224523e-02
   0.0000000e+00
   0.0000000e+00
   0.0000000e+00
   0.0000000e+00
   3.1773289e-02
   3.9554879e-02
   4.8029199e-02
   5.1322155e-02
   3.8353596e-02
   0.0000000e+00
   0.0000000e+00
   0.0000000e+00
   1.5020264e-02
   3.0424897e-02
   3.7500165e-02
   4.8164193e-02
   5.6422908e-02
   4.8963007e-02
   1.4648160e-02
   5.1918116e-03
   6.7550896e-03
   1.2971770e-02
  -4.7957807e-03
  -7.3632849e-03
  -1.4967530e-02
  -1.9286104e-02
  -2.0624574e-02
  -1.8706035e-02
  -1.2329511e-02
   4.2625904e-04
   1.6871361e-02
   3.2897566e-02
   4.5330089e-02
   5.1295679e-02
   5.0874189e-02
   3.6520511e-02
   0.0000000e+00
   0.0000000e+00
   0.0000000e+00
   0.0000000e+00
   4.1942999e-02
   4.2738523e-02
   4.7536813e-02
   4.5334704e-02
   2.6532677e-02
   0.0000000e+00
   0.0000000e+00
   0.0000000e+00
   2.2276712e-02
   2.9991278e-02
   3.4406595e-02
   3.8493060e-02
   3.8230762e-02
   2.2057768e-02
   0.0000000e+00
   0.0000000e+00
   3.7745531e-04
   1.2268050e-03
  -1.4518697e-03
  -9.9111944e-03
  -1.6348268e-02
  -1.9717794e-02
  -2.1494744e-02
  -2.0373949e-02
  -1.4826527e-02
  -3.9015056e-03
   8.3981962e-03
   1.9092262e-02
   2.7644524e-02
   3.2860914e-02
   3.1251252e-02
   1.6982239e-02
   0.0000000e+00
   0.0000000e+00
   0.0000000e+00
   7.1431162e-03
   3.0006681e-02
   3.1037714e-02
   3.5293101e-02
   3.2789323e-02
   1.5718700e-02
   0.0000000e+00
   0.0000000e+00
   0.0000000e+00
   2.0221163e-02
   1.7425401e-02
   2.2199988e-02
   2.5045801e-02
   2.3358198e-02
   8.7228822e-03
  -2.4551237e-03
   0.0000000e+00
  -7.1655443e-03
  -4.4343481e-03
   4.9396940e-03
   5.4140761e-04
  -1.3145164e-03
  -2.8033436e-03
  -3.5992670e-03
  -2.7332725e-03
   6.1970187e-04
   7.2855446e-03
   1.4749879e-02
   2.1495620e-02
   2.7383409e-02
   3.0077538e-02
   2.3082417e-02
   1.1265340e-02
   0.0000000e+00
   0.0000000e+00
   0.0000000e+00
  -4.6689780e-03
   2.0201450e-02
   2.3489609e-02
   2.5538489e-02
   2.1741258e-02
   8.3263293e-03
   0.0000000e+00
   0.0000000e+00
   0.0000000e+00
   1.0754941e-02
   7.7970801e-03
   1.2733745e-02
   1.4938186e-02
   1.4528473e-02
   4.1438018e-03
  -4.3263010e-03
   0.0000000e+00
  -9.4111806e-03
  -5.7016493e-03
  -4.9792760e-04
  -2.2316377e-03
  -1.8896150e-03
  -5.8926719e-04
   1.6651788e-03
   5.3900353e-03
   1.1658813e-02
   2.0791457e-02
   2.9305430e-02
   3.5504096e-02
   3.7070756e-02
   3.0055506e-02
   1.4892738e-02
   3.3198224e-03
  -0.0000000e+00
   0.0000000e+00
   0.0000000e+00
  -1.1290900e-02
   4.2760345e-03
   1.1052699e-02
   1.5230126e-02
   0.0000000e+00
   0.0000000e+00
   0.0000000e+00
   0.0000000e+00
   0.0000000e+00
   0.0000000e+00
   1.4050452e-03
   3.5584983e-03
   5.5165886e-03
   8.7635965e-03
   4.1356419e-03
  -1.0979982e-02
  -4.9193267e-03
  -1.3452696e-02
  -1.2779538e-02
  -1.7523939e-02
  -2.5234933e-02
  -3.1271406e-02
  -3.4622602e-02
  -3.3736862e-02
  -2.8496349e-02
  -1.9826453e-02
  -8.3450861e-03
   3.4437510e-03
   1.2755348e-02
   1.5384721e-02
   9.0976795e-03
   7.6915687e-04
  -3.7916126e-03
  -0.0000000e+00
   0.0000000e+00
  -2.5275291e-02
  -2.6086543e-02
  -2.3939383e-02
  -1.2090242e-02
   1.3845269e-03
   0.0000000e+00
   0.0000000e+00
   0.0000000e+00
   0.0000000e+00
   0.0000000e+00
   0.0000000e+00
  -2.4914459e-03
  -7.2565489e-03
  -1.7071457e-03
   1.1359288e-02
   5.8815133e-03
  -0.0000000e+00
   3.2568343e-04
  -9.4640553e-03
  -1.2939279e-02
  -2.0562934e-02
  -3.0613814e-02
  -4.1574396e-02
  -5.1555261e-02
  -5.8708008e-02
  -6.0520716e-02
  -5.7224661e-02
  -4.8825271e-02
  -3.6461238e-02
  -2.1372624e-02
  -6.9997814e-03
  -2.8834799e-03
  -6.6499459e-03
  -5.6448786e-03
   0.0000000e+00
   0.0000000e+00
  -2.2705762e-02
  -3.1817742e-02
  -3.6573198e-02
  -3.1252563e-02
  -8.7982420e-03
   0.0000000e+00
   0.0000000e+00
   0.0000000e+00
   0.0000000e+00
   0.0000000e+00
   0.0000000e+00
   1.8922647e-02
  -1.1181519e-02
  -1.2123553e-02
   2.1293528e-02
   1.0951735e-02
   0.0000000e+00
   1.7731613e-03
  -2.4303977e-03
  -7.3163621e-03
  -1.1278554e-02
  -1.6808810e-02
  -2.5130011e-02
  -3.4927510e-02
  -4.4972807e-02
  -5.2072447e-02
  -5.5681638e-02
  -5.6064498e-02
  -5.2324101e-02
  -4.2400304e-02
  -2.2095544e-02
  -4.8796246e-03
  -1.1033314e-02
  -0.0000000e+00
  -8.0705063e-03
  -4.2398244e-03
  -1.9074533e-02
  -3.0473579e-02
  -4.0520713e-02
  -4.8406627e-02
  -0.0000000e+00
   0.0000000e+00
   0.0000000e+00
   0.0000000e+00
   0.0000000e+00
   0.0000000e+00
   0.0000000e+00
   2.9535371e-02
  -8.4770937e-03
  -0.0000000e+00
   2.0874153e-02
   1.4239320e-02
  -0.0000000e+00
  -9.3772351e-03
  -1.3563725e-03
  -7.9860445e-03
  -8.0611259e-03
  -8.2834847e-03
  -1.2311982e-02
  -1.9189801e-02
  -2.7752567e-02
  -3.5240479e-02
  -4.1600276e-02
  -4.7758613e-02
  -5.1889062e-02
  -4.9587231e-02
  -3.2947905e-02
  -7.8380714e-03
  -0.0000000e+00
  -6.5596594e-03
  -2.8853283e-03
  -4.5805413e-03
  -1.4392114e-02
  -2.6172172e-02
  -4.0505767e-02
  -6.1200406e-02
  -0.0000000e+00
   0.0000000e+00
   0.0000000e+00
   0.0000000e+00
   0.0000000e+00
   0.0000000e+00
   0.0000000e+00
   3.5494656e-02
  -2.0066451e-03
  -0.0000000e+00
   2.0925424e-02
   1.8532964e-02
  -0.0000000e+00
  -1.8668547e-02
  -5.5061639e-03
  -1.0511959e-02
  -8.5585853e-03
  -6.5224296e-03
  -8.1837056e-03
  -1.2823494e-02
  -1.9522293e-02
  -2.5409065e-02
  -3.0506745e-02
  -3.6973599e-02
  -4.4203736e-02
  -4.6604514e-02
  -3.7781045e-02
  -0.0000000e+00
   0.0000000e+00
  -2.0510737e-03
  -2.5042407e-03
  -1.9245157e-03
  -9.0410020e-03
  -2.0967556e-02
  -3.7700407e-02
  -6.6781916e-02
  -0.0000000e+00
   0.0000000e+00
   0.0000000e+00
   0.0000000e+00
   0.0000000e+00
   0.0000000e+00
   0.0000000e+00
   0.0000000e+00
   0.0000000e+00
  -0.0000000e+00
   0.0000000e+00
   0.0000000e+00
   0.0000000e+00
  -0.0000000e+00
  -1.3004286e-02
  -1.0014713e-02
  -6.2513892e-03
  -2.1911394e-03
  -2.4976095e-03
  -5.5135097e-03
  -1.2142405e-02
  -1.8472858e-02
  -2.3855306e-02
  -3.1219013e-02
  -4.1449755e-02
  -4.5969661e-02
  -3.6990579e-02
  -0.0000000e+00
  -1.7934990e-03
  -6.4156691e-03
   1.4932805e-03
   2.3404846e-03
  -3.2644484e-03
  -1.2619161e-02
  -2.9316010e-02
  -6.1183047e-02
  -7.7944584e-02
   0.0000000e+00
   0.0000000e+00
   0.0000000e+00
   0.0000000e+00
   0.0000000e+00
   0.0000000e+00
   0.0000000e+00
   0.0000000e+00
   0.0000000e+00
   0.0000000e+00
   0.0000000e+00
   0.0000000e+00
   0.0000000e+00
  -2.5179799e-02
  -1.0358282e-02
  -7.5092612e-04
   5.6097291e-03
   5.5665935e-03
   3.2758874e-03
  -2.4500335e-03
  -9.3020609e-03
  -1.5407225e-02
  -2.4377623e-02
  -3.9888482e-02
  -4.9876826e-02
  -3.7492779e-02
  -0.0000000e+00
   0.0000000e+00
  -8.2374034e-03
   2.4375932e-03
   7.2449418e-03
   3.4695177e-03
  -3.4946476e-03
  -1.7194576e-02
  -4.5713162e-02
  -6.7790921e-02
   0.0000000e+00
   0.0000000e+00
   0.0000000e+00
   0.0000000e+00
   0.0000000e+00
   0.0000000e+00
   0.0000000e+00
   0.0000000e+00
   0.0000000e+00
   0.0000000e+00
   0.0000000e+00
   0.0000000e+00
   0.0000000e+00
  -3.8968197e-02
  -1.9421162e-02
   1.0818170e-03
   1.3655446e-02
   1.5531561e-02
   1.1958164e-02
   5.7882350e-03
  -1.3356290e-03
  -7.7133151e-03
  -1.7003361e-02
  -3.7743166e-02
  -5.4873478e-02
  -0.0000000e+00
   0.0000000e+00
   0.0000000e+00
   0.0000000e+00
   5.5988378e-03
   1.4748644e-02
   1.2304101e-02
   5.0146733e-03
  -7.0531163e-03
  -3.1508792e-02
  -5.6765188e-02
   0.0000000e+00
   0.0000000e+00
   0.0000000e+00
   0.0000000e+00
   0.0000000e+00
   0.0000000e+00
   0.0000000e+00
   0.0000000e+00
   0.0000000e+00
   0.0000000e+00
   0.0000000e+00
   0.0000000e+00
   0.0000000e+00
  -0.0000000e+00
  -0.0000000e+00
  -8.7450920e-03
   1.2608781e-02
   2.3102257e-02
   2.1154750e-02
   1.4084363e-02
   6.9964109e-03
   7.1261020e-04
  -8.1479568e-03
  -3.3000134e-02
  -6.0366685e-02
   0.0000000e+00
   0.0000000e+00
   0.0000000e+00
   0.0000000e+00
  -5.0198660e-03
   1.1720425e-02
   1.9919731e-02
   1.5150743e-02
   3.6841379e-03
  -1.8330975e-02
  -4.5731936e-02
   0.0000000e+00
   0.0000000e+00
  -1.1974329e-02
  -1.1593154e-02
  -0.0000000e+00
   0.0000000e+00
   0.0000000e+00
   0.0000000e+00
   0.0000000e+00
   0.0000000e+00
   0.0000000e+00
   0.0000000e+00
   0.0000000e+00
  -0.0000000e+00
  -4.1637222e-02
  -2.3849889e-02
  -2.9120268e-04
   1.9254025e-02
   2.2435356e-02
   1.7892247e-02
   1.2404348e-02
   7.9706069e-03
   1.2733934e-03
  -2.3467832e-02
  -5.3731945e-02
   0.0000000e+00
   0.0000000e+00
   0.0000000e+00
   0.0000000e+00
  -0.0000000e+00
  -4.6030534e-03
   1.7675379e-02
   2.0000923e-02
   1.2788760e-02
  -6.7972541e-03
  -3.3468283e-02
   0.0000000e+00
  -0.0000000e+00
  -0.0000000e+00
  -0.0000000e+00
   0.0000000e+00
   0.0000000e+00
   0.0000000e+00
   0.0000000e+00
   0.0000000e+00
   0.0000000e+00
   0.0000000e+00
   0.0000000e+00
   0.0000000e+00
   0.0000000e+00
  -3.2800891e-02
  -3.0513793e-02
  -5.8238464e-03
   1.4369434e-02
   2.0121478e-02
   1.7774938e-02
   1.3320019e-02
   1.0930545e-02
   8.7942053e-03
  -6.2974948e-03
  -0.0000000e+00
   0.0000000e+00
   0.0000000e+00
   0.0000000e+00
   0.0000000e+00
  -0.0000000e+00
  -1.8000831e-02
   1.6226200e-03
   1.0964823e-02
   1.4407141e-02
   2.2348533e-03
  -1.8680240e-02
   0.0000000e+00
  -0.0000000e+00
  -0.0000000e+00
   0.0000000e+00
  -0.0000000e+00
   0.0000000e+00
   0.0000000e+00
   0.0000000e+00
   0.0000000e+00
   0.0000000e+00
   0.0000000e+00
   0.0000000e+00
   0.0000000e+00
   0.0000000e+00
   0.0000000e+00
  -3.3473486e-02
  -6.8180598e-03
   9.7220929e-03
   1.6068108e-02
   1.3178970e-02
   8.9055829e-03
   8.6838575e-03
   1.2247482e-02
   8.5325948e-03
   0.0000000e+00
   0.0000000e+00
   0.0000000e+00
   0.0000000e+00
   0.0000000e+00
   0.0000000e+00
  -0.0000000e+00
  -1.3664572e-03
   5.2182007e-03
   1.1521043e-02
   7.0681092e-03
  -4.3336674e-03
  -2.2684858e-03
   0.0000000e+00
   0.0000000e+00
   0.0000000e+00
  -0.0000000e+00
   0.0000000e+00
   0.0000000e+00
   0.0000000e+00
   0.0000000e+00
   0.0000000e+00
   0.0000000e+00
   0.0000000e+00
   0.0000000e+00
   0.0000000e+00
   0.0000000e+00
  -4.3836877e-02
  -1.1317890e-02
  -6.5003636e-03
   9.5184078e-04
  -2.8352175e-03
  -5.6496630e-03
  -3.1183400e-04
   1.1541456e-02
   1.7751536e-02
   0.0000000e+00
   0.0000000e+00
   0.0000000e+00
   0.0000000e+00
   0.0000000e+00
   0.0000000e+00
   0.0000000e+00
  -1.4275933e-02
  -1.3363787e-03
   9.7116528e-03
   9.5263913e-03
   3.5264120e-03
  -0.0000000e+00
   0.0000000e+00
   0.0000000e+00
   0.0000000e+00
   0.0000000e+00
   0.0000000e+00
   0.0000000e+00
   0.0000000e+00
   0.0000000e+00
   0.0000000e+00
   0.0000000e+00
   0.0000000e+00
   0.0000000e+00
   0.0000000e+00
   0.0000000e+00
  -0.0000000e+00
  -2.1849937e-02
  -2.8817043e-02
  -2.7539108e-02
  -3.6409561e-02
  -3.1513194e-02
  -0.0000000e+00
   0.0000000e+00
   0.0000000e+00
   0.0000000e+00
   0.0000000e+00
   0.0000000e+00
   0.0000000e+00
  -0.0000000e+00
  -2.6928594e-02
   0.0000000e+00
  -4.3150042e-02
  -1.4538716e-02
   4.9967305e-03
   1.0156123e-02
   9.3812685e-03
   1.6156635e-02
   1.2625168e-02
   0.0000000e+00
   0.0000000e+00
   0.0000000e+00
   0.0000000e+00
   0.0000000e+00
   0.0000000e+00
   0.0000000e+00
   0.0000000e+00
   0.0000000e+00
   0.0000000e+00
   0.0000000e+00
   0.0000000e+00
   0.0000000e+00
   0.0000000e+00
   0.0000000e+00
  -0.0000000e+00
  -0.0000000e+00
  -5.8413165e-02
  -5.4862430e-02
   0.0000000e+00
   0.0000000e+00
   0.0000000e+00
   0.0000000e+00
   0.0000000e+00
   0.0000000e+00
   0.0000000e+00
  -0.0000000e+00
  -2.3297121e-02
  -5.6091482e-02
  -3.3924509e-02
  -0.0000000e+00
  -3.0238970e-02
  -1.9689732e-02
   7.2227093e-03
   6.0754575e-03
   1.8194096e-02
   1.5101446e-02
   0.0000000e+00
   0.0000000e+00
   0.0000000e+00
   0.0000000e+00
   0.0000000e+00
   0.0000000e+00
   0.0000000e+00
   0.0000000e+00
   0.0000000e+00
   1.0348541e-02
   1.3232337e-02
   7.4989214e-03
   6.3220394e-03
   3.7258127e-03
  -4.9765870e-03
  -6.6245129e-03
  -1.6475375e-02
  -2.9336683e-02
  -1.0091892e-02
  -1.2337707e-02
  -1.1739253e-02
  -8.9456167e-03
  -1.8703052e-02
  -1.8819512e-02
  -1.2393885e-02
   0.0000000e+00
  -2.0552949e-02
  -2.0548790e-02
  -0.0000000e+00
   0.0000000e+00
   0.0000000e+00
  -0.0000000e+00
  -7.0713854e-02
  -3.0073257e-02
  -8.8628419e-03
   1.6480209e-03
   8.2826954e-03
   8.3380956e-03
  -2.8980116e-03
  -7.5866499e-03
  -1.0609860e-02
  -5.1770098e-03
   2.7406945e-03
   0.0000000e+00
