   0.0000000e+00
   0.0000000e+00
   0.0000000e+00
   0.0000000e+00
   0.0000000e+00
   0.0000000e+00
   0.0000000e+00
   7.6296515e-02
   3.8541890e-02
   2.6073485e-02
   1.0863628e-02
   7.4632769e-04
   0.0000000e+00
   0.0000000e+00
   0.0000000e+00
  -0.0000000e+00
   0.0000000e+00
  -0.0000000e+00
   0.0000000e+00
   0.0000000e+00
   2.8762141e-02
   9.7462061e-04
  -5.3904885e-03
  -0.0000000e+00
   0.0000000e+00
   0.0000000e+00
   0.0000000e+00
   0.0000000e+00
   0.0000000e+00
   0.0000000e+00
   0.0000000e+00
   0.0000000e+00
   0.0000000e+00
   0.0000000e+00
   0.0000000e+00
   0.0000000e+00
   5.2149849e-02
   3.3958353e-02
   2.3493543e-02
   3.3529992e-02
   2.7764608e-02
   1.1756162e-02
   2.0335518e-02
   9.9877585e-03
   1.8949080e-03
   5.2903728e-03
   8.4725162e-03
   1.0033561e-02
   8.7045841e-03
   3.2626053e-03
  -4.8758723e-03
  -1.4340999e-02
  -2.0278625e-02
  -3.4991361e-02
  -3.5610963e-02
   2.3112167e-03
  -2.5395367e-03
   4.0744566e-03
   1.3279972e-02
   1.6197771e-02
   1.8791863e-02
   2.2126140e-02
   2.8600846e-02
   3.1606736e-02
   1.1508740e-02
  -1.6694446e-02
  -4.8634496e-05
   5.9236392e-02
   4.5320598e-02
   1.1792877e-02
   2.9208354e-02
   4.6936658e-02
   7.8844856e-03
  -8.5531594e-03
  -2.6491361e-02
  -3.9349023e-02
  -4.9509712e-02
  -5.1829729e-02
  -4.4391785e-02
  -3.6318831e-02
  -2.2314090e-02
  -8.4265219e-03
   2.7864198e-03
   9.3246773e-03
   7.0538437e-03
  -1.1002345e-03
  -1.1999922e-02
  -2.3564462e-02
  -3.2492120e-02
  -3.7369408e-02
  -3.3382610e-02
  -2.3271056e-02
  -1.4691737e-02
  -1.3460538e-03
   1.1166075e-02
   1.5867241e-02
   1.5567567e-02
   9.9114850e-03
   5.7050763e-03
  -2.2747798e-03
  -1.2168316e-02
  -1.9329634e-02
  -1.5839484e-02
  -1.1481319e-03
   6.8440307e-03
   8.1389882e-03
   1.8505642e-02
   1.8166959e-02
  -1.4962697e-02
  -3.4720711e-02
  -5.5630855e-02
  -6.8799220e-02
  -6.7108981e-02
  -5.8140699e-02
  -4.3844961e-02
  -2.9989647e-02
  -1.3924140e-02
  -7.7026396e-04
   8.9462418e-03
   1.0571615e-02
   3.8073449e-03
  -9.3852952e-03
  -2.0701645e-02
  -3.1698942e-02
  -3.9195478e-02
  -4.7643404e-02
  -2.9635767e-02
  -1.4946707e-02
  -1.5325549e-02
  -9.7943312e-03
  -1.3921160e-03
   1.1431464e-03
  -1.5557441e-03
  -6.0561458e-03
  -1.2455305e-02
  -2.5563519e-02
  -3.5090804e-02
  -3.8336664e-02
  -3.5616074e-02
  -2.6454454e-02
  -1.0841422e-02
  -2.9637858e-03
   7.4811094e-03
   2.6047728e-03
  -2.6366815e-02
  -4.6348430e-02
  -6.2729441e-02
  -6.5024853e-02
  -5.4184236e-02
  -4.3996025e-02
  -3.1019831e-02
  -1.1466691e-02
  -3.2916912e-03
   4.6325140e-03
   9.7333789e-03
   5.3081727e-03
  -6.4984923e-03
  -2.0128950e-02
  -2.9646745e-02
  -3.5491623e-02
  -3.8503274e-02
  -4.5067720e-02
  -8.1150033e-03
  -1.5551148e-02
  -1.7379407e-02
  -1.3115583e-02
  -8.9489194e-03
  -7.3790173e-03
  -8.6303381e-03
  -1.3203036e-02
  -2.2743708e-02
  -3.3231437e-02
  -3.7195515e-02
  -3.8787216e-02
  -3.9318271e-02
  -3.2356020e-02
  -2.0016860e-02
  -4.3494734e-03
   3.8814527e-04
  -7.9076886e-03
  -2.7332950e-02
  -3.9692332e-02
  -4.5534159e-02
  -4.0765806e-02
  -2.7685932e-02
  -1.7954157e-02
  -3.6402390e-03
  -0.0000000e+00
  -3.7438299e-03
   1.6397374e-03
   3.4615143e-03
  -3.1384681e-03
  -1.3446301e-02
  -2.2393006e-02
  -2.7830932e-02
  -2.9448116e-02
  -2.7321621e-02
  -2.2941365e-02
   0.0000000e+00
  -1.0199711e-02
  -6.5408088e-03
  -6.6057424e-03
  -6.2737845e-03
  -5.9611754e-03
  -9.5876387e-03
  -1.4384398e-02
  -1.5895084e-02
  -1.5403434e-02
  -1.6142579e-02
  -2.1376600e-02
  -2.5900129e-02
  -2.3730741e-02
  -1.4413176e-02
  -7.6273586e-03
  -1.0102436e-02
  -1.5103660e-02
  -9.3502533e-03
  -1.4973894e-02
  -1.8648587e-02
  -1.6832387e-02
  -2.8371239e-03
   7.8981416e-04
  -1.9776892e-03
  -0.0000000e+00
  -1.2586044e-02
  -4.5097061e-03
  -1.3010087e-03
  -4.1687707e-03
  -1.0445211e-02
  -1.6415240e-02
  -1.9299380e-02
  -1.8316964e-02
  -1.1547793e-02
   3.7808686e-03
   0.0000000e+00
  -0.0000000e+00
  -5.5093281e-03
  -6.7908373e-03
  -1.0514922e-02
  -1.3334763e-02
  -1.3846882e-02
  -5.5459286e-03
   7.5909961e-03
   1.5190673e-02
   9.4480887e-03
  -7.0900694e-03
  -1.5337347e-02
  -1.5501954e-02
  -1.1129141e-02
  -1.0497739e-02
  -8.2902927e-03
  -7.2424724e-03
   2.1978284e-02
   5.1749692e-03
   2.9737999e-03
  -4.8008676e-03
   0.0000000e+00
   1.9954671e-03
   6.3525307e-04
  -7.3896769e-03
  -4.3528248e-03
   2.9139356e-03
   4.7090053e-03
   1.6866107e-03
  -4.1575888e-03
  -9.1086271e-03
  -1.1589793e-02
  -8.5057840e-03
   3.2657649e-03
   3.0507581e-02
   0.0000000e+00
  -0.0000000e+00
  -8.2244817e-03
  -1.4642057e-02
  -1.5786815e-02
  -1.2447292e-02
  -5.4835272e-03
   7.4954410e-03
   2.4434883e-02
   1.3096299e-02
   2.6663494e-03
  -1.2297755e-02
  -1.5497528e-02
  -1.6351012e-02
  -1.2957652e-02
  -4.1102846e-03
   4.0439074e-03
   1.1547262e-02
   5.2565878e-02
   0.0000000e+00
   0.0000000e+00
   0.0000000e+00
  -0.0000000e+00
   1.3254947e-03
   2.4580171e-03
   8.3540232e-05
   3.6672587e-03
   8.6374832e-03
   9.0398556e-03
   5.1953583e-03
  -8.9660881e-04
  -6.0476013e-03
  -8.3539281e-03
  -3.0109941e-03
   1.3484677e-02
   4.8327580e-02
   0.0000000e+00
   0.0000000e+00
  -0.0000000e+00
  -1.6004089e-02
  -1.3435698e-02
  -6.1865039e-03
   3.3231708e-03
   1.9544696e-02
   4.7095679e-02
   0.0000000e+00
  -0.0000000e+00
  -9.8956085e-04
  -7.3620165e-03
  -1.0081281e-02
  -5.7566538e-03
   4.9109473e-03
   1.5336102e-02
   2.9457748e-02
   7.5615938e-02
   0.0000000e+00
   0.0000000e+00
   0.0000000e+00
   0.0000000e+00
   1.0161426e-02
   1.1678726e-02
   1.0509723e-02
   1.2176049e-02
   1.4419985e-02
   1.2330258e-02
   6.7677489e-03
  -2.4450137e-04
  -5.2930382e-03
  -5.3537083e-03
   4.1640415e-03
   2.5355702e-02
   5.8247726e-02
   1.4336074e-02
   0.0000000e+00
   0.0000000e+00
  -2.0265939e-02
  -1.0833738e-02
   5.8271876e-04
   1.3260194e-02
   3.7320904e-02
   6.7238487e-02
   0.0000000e+00
   0.0000000e+00
   8.8970746e-03
  -8.5328286e-03
  -7.1208305e-03
   1.9023835e-03
   1.4966196e-02
   2.9298950e-02
   5.1218793e-02
   7.8015228e-02
   0.0000000e+00
   0.0000000e+00
   0.0000000e+00
   0.0000000e+00
   1.9615538e-02
   1.8561367e-02
   1.6922433e-02
   1.7404050e-02
   1.7216360e-02
   1.2921855e-02
   5.9164423e-03
  -1.5849890e-03
  -5.0212424e-03
  -1.6875241e-03
   1.1639839e-02
   3.4397915e-02
   5.4566272e-02
   1.8524607e-02
   0.0000000e+00
   0.0000000e+00
  -2.3981826e-02
  -8.6694220e-03
   5.5004507e-03
   2.1331582e-02
   5.2720636e-02
   8.9985931e-02
   0.0000000e+00
   0.0000000e+00
   7.3423535e-03
  -1.3999030e-02
  -2.8153227e-03
   1.0431590e-02
   2.5627153e-02
   4.1677117e-02
   6.3584432e-02
   6.7270638e-02
   2.0140690e-02
   0.0000000e+00
   0.0000000e+00
   0.0000000e+00
   2.6434781e-02
   2.3624182e-02
   2.2425238e-02
   2.1802682e-02
   1.8271998e-02
   1.1362491e-02
   2.5581873e-03
  -3.9749141e-03
  -3.7093950e-03
   4.0111118e-03
   2.0242644e-02
   4.2591315e-02
   5.2914791e-02
   2.0386839e-02
   0.0000000e+00
   0.0000000e+00
  -0.0000000e+00
  -4.0598819e-03
   1.2820891e-02
   3.1922076e-02
   6.5104842e-02
   8.4932552e-02
   0.0000000e+00
   0.0000000e+00
  -0.0000000e+00
  -7.1158668e-03
   5.6260703e-03
   2.1045921e-02
   3.8525533e-02
   5.5064917e-02
   7.0935778e-02
   5.1005244e-02
   2.0119613e-02
   0.0000000e+00
   0.0000000e+00
   3.1479714e-02
   2.8407538e-02
   2.5466491e-02
   2.3311164e-02
   2.0572716e-02
   1.4804832e-02
   6.4997049e-03
  -1.1350366e-03
  -2.6944818e-03
   2.8455583e-03
   1.4134061e-02
   3.0969245e-02
   5.2356556e-02
   5.7237674e-02
   0.0000000e+00
   0.0000000e+00
   0.0000000e+00
  -0.0000000e+00
   5.5678152e-03
   2.3229893e-02
   4.2947311e-02
   6.6959441e-02
   6.4496332e-02
   0.0000000e+00
   0.0000000e+00
  -0.0000000e+00
   6.7964261e-03
   1.5698565e-02
   3.1809233e-02
   5.1574536e-02
   6.6337228e-02
   7.2274208e-02
   4.2019121e-02
   1.2870691e-02
   0.0000000e+00
   0.0000000e+00
   3.2260933e-02
   2.5265943e-02
   1.9400094e-02
   1.4832830e-02
   1.1155354e-02
   6.2566833e-03
   1.4306235e-03
   6.7544298e-04
   6.2335050e-03
   1.6076710e-02
   2.8646311e-02
   4.3640956e-02
   6.0856685e-02
   6.3515890e-02
   0.0000000e+00
   0.0000000e+00
   0.0000000e+00
   0.0000000e+00
   1.6780235e-02
   3.3149403e-02
   4.9556911e-02
   6.2239200e-02
   4.9893901e-02
   0.0000000e+00
   0.0000000e+00
  -0.0000000e+00
   2.1337548e-02
   2.5032533e-02
   4.1187432e-02
   6.1180521e-02
   7.3099695e-02
   6.8853535e-02
   2.8134756e-02
   8.6466600e-03
   7.5251768e-03
   2.0011564e-02
   2.0332253e-02
   1.2571121e-02
   3.9989748e-03
  -3.4348550e-04
  -2.1046912e-03
  -3.5243426e-03
  -2.7238501e-03
   4.1071051e-03
   1.6612085e-02
   2.9409209e-02
   4.1020464e-02
   5.2278761e-02
   6.1295580e-02
   4.2945572e-02
   0.0000000e+00
   0.0000000e+00
   0.0000000e+00
   0.0000000e+00
   2.9396875e-02
   4.1432932e-02
   5.1102608e-02
   5.2564770e-02
   3.5605732e-02
   0.0000000e+00
   0.0000000e+00
   0.0000000e+00
   2.0795878e-02
   3.1372752e-02
   4.3695670e-02
   5.8856070e-02
   6.6300750e-02
   5.3466823e-02
   1.3663693e-02
   6.8474920e-03
   1.1721134e-02
   1.8250075e-02
   0.0000000e+00
  -5.1397909e-03
  -1.1611038e-02
  -1.4325595e-02
  -1.4344638e-02
  -1.1735270e-02
  -4.8646303e-03
   7.9729911e-03
   2.5027839e-02
   3.9262459e-02
   4.8951570e-02
   5.4302692e-02
   5.2688252e-02
   4.1251257e-02
   0.0000000e+00
   0.0000000e+00
   0.0000000e+00
   0.0000000e+00
   3.9459301e-02
   4.6128269e-02
   4.9440213e-02
   4.2866398e-02
   2.3517594e-02
   0.0000000e+00
   0.0000000e+00
   0.0000000e+00
   2.7794654e-02
   3.3249725e-02
   3.9866712e-02
   4.5618132e-02
   4.1677300e-02
   2.5621947e-02
   5.3960210e-03
   3.9546404e-03
   6.2846541e-03
   0.0000000e+00
  -6.8719213e-03
  -1.5473410e-02
  -2.0859770e-02
  -2.3701064e-02
  -2.3967678e-02
  -1.9731812e-02
  -9.9149523e-03
   4.5392625e-03
   2.0419426e-02
   3.2814145e-02
   4.1084412e-02
   4.3752924e-02
   3.4215763e-02
   1.9245254e-02
   0.0000000e+00
   0.0000000e+00
   0.0000000e+00
   0.0000000e+00
   3.8491296e-02
   4.0596761e-02
   4.2438030e-02
   3.1832695e-02
   1.5882623e-02
   0.0000000e+00
   0.0000000e+00
   0.0000000e+00
   2.2367654e-02
   2.6935246e-02
   3.0490382e-02
   3.2493949e-02
   2.3217719e-02
   1.0731635e-02
   0.0000000e+00
  -0.0000000e+00
  -3.5413758e-03
   2.3452293e-03
  -1.2635038e-03
  -8.5633396e-03
  -1.1458238e-02
  -1.3361295e-02
  -1.3866942e-02
  -1.1527043e-02
  -5.5356317e-03
   3.1283718e-03
   1.2026500e-02
   1.8856899e-02
   2.4605942e-02
   2.7894177e-02
   1.9508227e-02
   1.1974000e-02
   0.0000000e+00
   0.0000000e+00
   0.0000000e+00
   1.3566399e-02
   2.7501353e-02
   2.8698866e-02
   3.0217724e-02
   1.9776334e-02
   6.7386433e-03
   0.0000000e+00
   0.0000000e+00
   0.0000000e+00
   1.2320863e-02
   1.5678136e-02
   1.9402571e-02
   2.1383352e-02
   1.3155241e-02
   1.6310903e-03
  -3.0175125e-03
  -0.0000000e+00
  -8.7147727e-03
   1.3066447e-03
   4.0349671e-03
   2.8722392e-03
   2.5919503e-03
   2.5481818e-03
   3.5320628e-03
   6.6667280e-03
   1.2492018e-02
   2.0246047e-02
   2.7887272e-02
   3.3866543e-02
   3.6175101e-02
   2.8485447e-02
   1.2267926e-02
   4.9117754e-03
   0.0000000e+00
   0.0000000e+00
  -0.0000000e+00
   5.2239963e-03
   1.7467363e-02
   2.0752899e-02
   1.9925147e-02
   1.2481854e-02
   3.7820227e-03
   0.0000000e+00
   0.0000000e+00
   0.0000000e+00
   3.0470018e-03
   6.2805947e-03
   8.2816062e-03
   1.0204179e-02
   7.4922131e-03
   9.6698210e-04
  -8.1959526e-03
  -7.2405144e-03
  -1.1724229e-02
  -8.0929017e-03
  -1.1899983e-02
  -1.5083451e-02
  -1.6127620e-02
  -1.4733672e-02
  -1.0906040e-02
  -3.7462323e-03
   5.7668486e-03
   1.6343422e-02
   2.5596315e-02
   2.9641179e-02
   2.5537265e-02
   1.3175130e-02
   1.7858864e-03
  -5.6316785e-04
   0.0000000e+00
   0.0000000e+00
  -0.0000000e+00
  -1.4727583e-02
  -6.9941250e-03
   4.4981861e-03
   1.2282347e-02
   0.0000000e+00
   0.0000000e+00
   0.0000000e+00
   0.0000000e+00
   0.0000000e+00
  -0.0000000e+00
  -2.4769120e-03
  -1.7849132e-03
   6.0258089e-03
   7.6714838e-03
   2.8974982e-03
  -7.2281747e-03
   2.0699672e-03
  -1.3081188e-02
  -1.7437443e-02
  -2.6209977e-02
  -3.5786387e-02
  -4.4659667e-02
  -4.9664069e-02
  -4.9961273e-02
  -4.4733398e-02
  -3.5553753e-02
  -2.3356605e-02
  -9.0603568e-03
   1.7666108e-03
   4.7932211e-03
  -9.0932002e-04
  -4.2999242e-03
  -4.5845211e-03
   0.0000000e+00
  -0.0000000e+00
  -2.6948417e-02
  -3.1035120e-02
  -2.7682913e-02
  -9.5689055e-03
   0.0000000e+00
   0.0000000e+00
   0.0000000e+00
   0.0000000e+00
   0.0000000e+00
   0.0000000e+00
   0.0000000e+00
  -2.3341752e-03
  -9.9582290e-03
   1.0818899e-02
   1.3444761e-02
   5.2407752e-03
  -0.0000000e+00
   5.2383070e-03
  -7.0223145e-03
  -1.3033266e-02
  -1.9748064e-02
  -2.8907104e-02
  -3.9981077e-02
  -4.9930528e-02
  -5.7387323e-02
  -6.0539369e-02
  -5.8785856e-02
  -5.2655773e-02
  -4.0751963e-02
  -2.4434935e-02
  -7.6257857e-03
  -7.5966213e-03
  -7.3247950e-03
  -1.1176113e-02
  -0.0000000e+00
  -1.5638437e-02
  -2.6954562e-02
  -3.6095097e-02
  -4.1801009e-02
  -3.4008088e-02
   0.0000000e+00
   0.0000000e+00
   0.0000000e+00
   0.0000000e+00
   0.0000000e+00
   0.0000000e+00
   0.0000000e+00
   1.0366696e-02
  -1.5739462e-02
   2.0186972e-02
   1.8722486e-02
   8.8092387e-03
  -0.0000000e+00
  -2.3152221e-03
  -3.9335191e-03
  -7.8437105e-03
  -8.9024454e-03
  -1.2843383e-02
  -2.0368030e-02
  -2.9340891e-02
  -3.8078912e-02
  -4.5148615e-02
  -4.9973186e-02
  -5.3295236e-02
  -5.1998854e-02
  -4.0697038e-02
  -1.4713383e-02
  -7.4871839e-03
  -1.6405096e-02
  -0.0000000e+00
  -3.7632396e-03
  -9.3701519e-03
  -2.2374133e-02
  -3.4330819e-02
  -4.9058601e-02
  -5.8934498e-02
   0.0000000e+00
   0.0000000e+00
   0.0000000e+00
   0.0000000e+00
   0.0000000e+00
   0.0000000e+00
   0.0000000e+00
   1.7614709e-02
  -1.7238894e-02
   0.0000000e+00
   1.9702892e-02
   1.0617909e-02
  -0.0000000e+00
  -5.3519200e-03
  -6.5356349e-03
  -9.3963202e-03
  -7.6235640e-03
  -8.3623566e-03
  -1.2829098e-02
  -1.9474344e-02
  -2.6497660e-02
  -3.2943692e-02
  -3.8899153e-02
  -4.5479424e-02
  -4.9394503e-02
  -4.4635635e-02
  -2.4137674e-02
   0.0000000e+00
   0.0000000e+00
  -2.6646322e-03
  -2.3041236e-03
  -6.8079182e-03
  -1.7510990e-02
  -3.1565033e-02
  -5.1664077e-02
  -7.1732265e-02
   0.0000000e+00
   0.0000000e+00
   0.0000000e+00
   0.0000000e+00
   0.0000000e+00
   0.0000000e+00
   0.0000000e+00
   2.1620838e-02
  -1.0109056e-02
   0.0000000e+00
   1.9927338e-02
   0.0000000e+00
  -0.0000000e+00
  -1.4136204e-02
  -9.2988117e-03
  -9.6000545e-03
  -5.7698819e-03
  -4.8753326e-03
  -7.3545417e-03
  -1.3060489e-02
  -1.9537019e-02
  -2.5084503e-02
  -3.0269008e-02
  -3.8066309e-02
  -4.5408245e-02
  -4.4019390e-02
  -3.1837332e-02
   0.0000000e+00
  -4.2665462e-03
  -4.7488911e-03
   1.7342795e-03
  -2.5813952e-03
  -1.0982172e-02
  -2.5278794e-02
  -4.8109882e-02
  -7.5096165e-02
   0.0000000e+00
   0.0000000e+00
   0.0000000e+00
   0.0000000e+00
   0.0000000e+00
   0.0000000e+00
   0.0000000e+00
   0.0000000e+00
   0.0000000e+00
   0.0000000e+00
   0.0000000e+00
   0.0000000e+00
   0.0000000e+00
  -0.0000000e+00
  -1.3383763e-02
  -6.5822401e-03
  -3.7370663e-04
   1.9602417e-03
   8.6272933e-04
  -3.3090108e-03
  -1.0043488e-02
  -1.6594134e-02
  -2.3031363e-02
  -3.3565953e-02
  -4.6457354e-02
  -4.3774955e-02
  -3.0384221e-02
   0.0000000e+00
  -2.8397260e-03
  -7.2009182e-03
   4.3128724e-03
   2.6532647e-03
  -2.6383768e-03
  -1.4053389e-02
  -3.5859212e-02
  -6.5791648e-02
   0.0000000e+00
   0.0000000e+00
   0.0000000e+00
   0.0000000e+00
   0.0000000e+00
   0.0000000e+00
   0.0000000e+00
   0.0000000e+00
   0.0000000e+00
   0.0000000e+00
   0.0000000e+00
   0.0000000e+00
   0.0000000e+00
  -0.0000000e+00
  -2.6205759e-02
  -3.8525613e-03
   6.4633265e-03
   1.0414064e-02
   8.3044730e-03
   4.2858133e-03
  -2.3137329e-03
  -9.1859726e-03
  -1.5972409e-02
  -2.8494576e-02
  -4.9822822e-02
  -4.4391954e-02
  -3.5049335e-02
   0.0000000e+00
  -0.0000000e+00
  -2.6508360e-03
   9.4316071e-03
   9.2057819e-03
   3.9141304e-03
  -5.6224307e-03
  -2.4047373e-02
  -5.5761755e-02
   0.0000000e+00
   0.0000000e+00
   0.0000000e+00
   0.0000000e+00
   0.0000000e+00
   0.0000000e+00
   0.0000000e+00
   0.0000000e+00
   0.0000000e+00
   0.0000000e+00
   0.0000000e+00
   0.0000000e+00
   0.0000000e+00
  -0.0000000e+00
  -3.7390553e-02
  -9.6189761e-03
   6.0530030e-03
   1.9349111e-02
   1.9762859e-02
   1.4271564e-02
   7.1824826e-03
  -8.2047394e-05
  -6.9334148e-03
  -2.0390725e-02
  -5.3774919e-02
  -5.1851433e-02
   0.0000000e+00
   0.0000000e+00
   0.0000000e+00
  -0.0000000e+00
   9.2059318e-03
   1.7798506e-02
   1.4938951e-02
   5.3548040e-03
  -1.0887036e-02
  -3.9851919e-02
  -5.4860706e-02
   0.0000000e+00
   0.0000000e+00
  -1.2153413e-02
  -8.4555264e-03
   0.0000000e+00
   0.0000000e+00
   0.0000000e+00
   0.0000000e+00
   0.0000000e+00
   0.0000000e+00
   0.0000000e+00
   0.0000000e+00
  -0.0000000e+00
  -0.0000000e+00
  -0.0000000e+00
  -6.2294282e-03
   1.8314844e-02
   2.4844270e-02
   2.0128250e-02
   1.3518791e-02
   7.0329714e-03
   1.1633059e-03
  -1.1459876e-02
  -5.0145462e-02
  -5.7942850e-02
   0.0000000e+00
   0.0000000e+00
   0.0000000e+00
   0.0000000e+00
  -6.1881808e-03
   1.6109152e-02
   2.1336876e-02
   1.4551741e-02
  -6.2736792e-04
  -2.7688902e-02
  -4.4208831e-02
  -1.5296496e-02
  -1.3101406e-02
  -1.0553402e-02
  -8.2557229e-03
   0.0000000e+00
   0.0000000e+00
   0.0000000e+00
   0.0000000e+00
   0.0000000e+00
   0.0000000e+00
   0.0000000e+00
   0.0000000e+00
   0.0000000e+00
  -0.0000000e+00
  -3.1750662e-02
  -2.1316952e-02
   6.0544778e-03
   1.9224416e-02
   1.9958533e-02
   1.5908677e-02
   1.1581330e-02
   8.5358750e-03
   3.9072242e-04
  -3.1736126e-02
   0.0000000e+00
   0.0000000e+00
   0.0000000e+00
   0.0000000e+00
   0.0000000e+00
  -0.0000000e+00
  -2.4299521e-03
   1.3911432e-02
   1.7130820e-02
   8.2969191e-03
  -1.4627393e-02
  -3.1926071e-02
  -0.0000000e+00
  -0.0000000e+00
  -0.0000000e+00
   0.0000000e+00
   0.0000000e+00
   0.0000000e+00
   0.0000000e+00
   0.0000000e+00
   0.0000000e+00
   0.0000000e+00
   0.0000000e+00
   0.0000000e+00
   0.0000000e+00
   0.0000000e+00
  -3.1750665e-02
  -1.9148460e-02
   6.1293771e-03
   1.7671958e-02
   1.8273842e-02
   1.4042303e-02
   1.0844115e-02
   1.0749411e-02
   9.4027696e-03
  -6.6415157e-03
   0.0000000e+00
   0.0000000e+00
   0.0000000e+00
   0.0000000e+00
   0.0000000e+00
  -0.0000000e+00
  -1.1363031e-02
   3.9396759e-03
   1.1465735e-02
   1.1035587e-02
  -4.0944819e-03
  -1.0165295e-02
  -8.8482458e-03
  -0.0000000e+00
   0.0000000e+00
  -0.0000000e+00
  -0.0000000e+00
   0.0000000e+00
   0.0000000e+00
   0.0000000e+00
   0.0000000e+00
   0.0000000e+00
   0.0000000e+00
   0.0000000e+00
   0.0000000e+00
   0.0000000e+00
  -0.0000000e+00
  -2.4038592e-02
  -2.4084000e-03
   7.9982430e-03
   9.5633073e-03
   4.6805971e-03
   3.6369684e-03
   8.5031316e-03
   1.5048785e-02
   1.1756567e-02
   0.0000000e+00
   0.0000000e+00
   0.0000000e+00
   0.0000000e+00
   0.0000000e+00
   0.0000000e+00
  -0.0000000e+00
  -2.1282305e-03
   7.5764964e-03
   1.0896161e-02
   3.7678546e-03
  -1.2445642e-03
  -2.0318010e-03
   0.0000000e+00
   0.0000000e+00
   0.0000000e+00
   0.0000000e+00
   0.0000000e+00
   0.0000000e+00
   0.0000000e+00
   0.0000000e+00
   0.0000000e+00
   0.0000000e+00
   0.0000000e+00
   0.0000000e+00
   0.0000000e+00
  -0.0000000e+00
  -2.8791298e-02
  -1.3265643e-02
  -1.4907920e-02
  -1.4620389e-02
  -2.0313540e-02
  -1.4711892e-02
   3.6176312e-04
   1.6189845e-02
   2.0873409e-02
   0.0000000e+00
   0.0000000e+00
   0.0000000e+00
   0.0000000e+00
  -0.0000000e+00
   0.0000000e+00
  -0.0000000e+00
  -1.9476751e-02
   3.4235767e-03
   1.0947092e-02
   7.9009803e-03
   8.6675732e-03
   0.0000000e+00
   0.0000000e+00
   0.0000000e+00
   0.0000000e+00
   0.0000000e+00
   0.0000000e+00
   0.0000000e+00
   0.0000000e+00
   0.0000000e+00
   0.0000000e+00
   0.0000000e+00
   0.0000000e+00
   0.0000000e+00
   0.0000000e+00
  -0.0000000e+00
  -0.0000000e+00
   0.0000000e+00
  -3.3192066e-02
  -4.6135945e-02
  -4.9575634e-02
  -2.5684604e-02
  -0.0000000e+00
   0.0000000e+00
   0.0000000e+00
   0.0000000e+00
   0.0000000e+00
   0.0000000e+00
  -0.0000000e+00
  -0.0000000e+00
   0.0000000e+00
  -4.9120245e-02
  -3.0689086e-02
  -1.6030044e-02
  -2.8584310e-04
   8.8652013e-03
   1.0997001e-02
   1.9702384e-02
   1.0514847e-02
   0.0000000e+00
   0.0000000e+00
   0.0000000e+00
   0.0000000e+00
   0.0000000e+00
   0.0000000e+00
   0.0000000e+00
   0.0000000e+00
   0.0000000e+00
   0.0000000e+00
   0.0000000e+00
   0.0000000e+00
   0.0000000e+00
   0.0000000e+00
  -0.0000000e+00
  -0.0000000e+00
  -0.0000000e+00
  -5.5905957e-02
  -3.8617942e-02
  -0.0000000e+00
  -0.0000000e+00
  -0.0000000e+00
   0.0000000e+00
   0.0000000e+00
  -0.0000000e+00
   0.0000000e+00
  -0.0000000e+00
  -2.3951262e-02
  -3.9942393e-02
   9.8077748e-05
  -0.0000000e+00
  -5.3482119e-02
  -7.8878655e-02
  -2.0746053e-02
  -4.0037197e-03
   9.3966992e-03
   1.3136737e-02
   0.0000000e+00
  -0.0000000e+00
  -0.0000000e+00
  -0.0000000e+00
   0.0000000e+00
   0.0000000e+00
   0.0000000e+00
   0.0000000e+00
   1.3901040e-02
   1.4362288e-02
   1.2855240e-02
   9.6806788e-03
   9.5976850e-03
   5.4567674e-03
   7.5585092e-04
  -2.1087232e-03
  -6.6738562e-03
  -5.6229397e-03
  -4.3819694e-03
  -8.6383754e-03
  -9.2464454e-03
  -1.4373437e-02
  -1.4161204e-02
  -8.5728042e-03
  -5.1378060e-03
  -8.5505893e-03
  -1.7757711e-02
  -5.2781719e-03
  -0.0000000e+00
  -0.0000000e+00
  -0.0000000e+00
  -0.0000000e+00
  -5.1220063e-02
  -3.0745802e-02
  -1.2770461e-02
  -1.1164170e-03
   3.9547580e-03
   2.6328200e-03
  -7.8963657e-04
  -4.4202770e-03
  -5.3714826e-03
  -4.0245514e-04
   5.1840513e-03
   9.5893799e-03
