   0.0000000e+00
   0.0000000e+00
   0.0000000e+00
   0.0000000e+00
   0.0000000e+00
   0.0000000e+00
   0.0000000e+00
   1.7646426e-03
   1.8428665e-03
   2.5340557e-03
   3.2933679e-03
   3.0439210e-03
   2.7290840e-03
   2.5556663e-03
   3.4261948e-03
   4.7709641e-03
   5.4918323e-03
   6.2149162e-03
   6.7636182e-03
   7.0412106e-03
   7.1571036e-03
   7.1383050e-03
   6.4966832e-03
   5.2018119e-03
   2.9941606e-03
   4.1219077e-04
   0.0000000e+00
   0.0000000e+00
   0.0000000e+00
   0.0000000e+00
   0.0000000e+00
   0.0000000e+00
   0.0000000e+00
   0.0000000e+00
   0.0000000e+00
   0.0000000e+00
   0.0000000e+00
   0.0000000e+00
   0.0000000e+00
   0.0000000e+00
   0.0000000e+00
   0.0000000e+00
   0.0000000e+00
   0.0000000e+00
   0.0000000e+00
   1.3869001e-02
   1.5052108e-02
   9.5760506e-03
   3.9685145e-03
   1.8410491e-03
   2.8153025e-03
   4.5220121e-03
   8.4790308e-03
   1.3772117e-02
   1.7291222e-02
   2.0066502e-02
   2.2520026e-02
   2.2203421e-02
   1.9100469e-02
   1.5712308e-02
   1.0051507e-02
   1.1018216e-03
  -0.0000000e+00
   0.0000000e+00
   0.0000000e+00
   0.0000000e+00
   0.0000000e+00
   0.0000000e+00
   0.0000000e+00
   0.0000000e+00
   0.0000000e+00
   0.0000000e+00
   0.0000000e+00
   0.0000000e+00
   0.0000000e+00
   0.0000000e+00
   0.0000000e+00
   0.0000000e+00
   0.0000000e+00
   0.0000000e+00
   0.0000000e+00
   2.6164102e-02
   1.7883997e-02
   1.6524737e-03
  -2.8746831e-03
   1.0919134e-03
   2.8245738e-03
  -1.2785408e-03
   4.9201270e-03
   1.5664862e-02
   1.6675664e-02
   1.7208306e-02
   1.8752443e-02
   1.7038750e-02
   1.5517270e-02
   1.7340899e-02
   1.4305165e-02
   1.8710576e-03
  -0.0000000e+00
   0.0000000e+00
   0.0000000e+00
   0.0000000e+00
   0.0000000e+00
   0.0000000e+00
   0.0000000e+00
   0.0000000e+00
   0.0000000e+00
   0.0000000e+00
   0.0000000e+00
   0.0000000e+00
   0.0000000e+00
   0.0000000e+00
   0.0000000e+00
   0.0000000e+00
   0.0000000e+00
   0.0000000e+00
   0.0000000e+00
   2.6095021e-02
   5.9914938e-03
  -1.0059596e-02
  -0.0000000e+00
  -0.0000000e+00
   0.0000000e+00
  -0.0000000e+00
   0.0000000e+00
   0.0000000e+00
   0.0000000e+00
   1.1368308e-02
   1.3219202e-02
   1.3750796e-02
   1.3208128e-02
   1.0141467e-02
   5.1422007e-03
  -4.2686108e-03
  -8.5162149e-03
  -3.1408355e-03
  -3.9402224e-03
  -1.2334379e-02
  -0.0000000e+00
   0.0000000e+00
   0.0000000e+00
   0.0000000e+00
   0.0000000e+00
   0.0000000e+00
   0.0000000e+00
   0.0000000e+00
   0.0000000e+00
   0.0000000e+00
   0.0000000e+00
   0.0000000e+00
   0.0000000e+00
   0.0000000e+00
   9.2600365e-03
   3.3085728e-03
  -1.2398707e-02
  -1.3772178e-02
  -1.2294058e-02
  -9.6160123e-03
  -1.1184512e-02
  -9.7596925e-03
  -5.7915043e-03
  -6.0766398e-03
  -1.8640665e-03
   9.0202400e-03
   1.4566400e-02
   1.3616149e-02
   6.7561180e-03
  -4.8197978e-03
  -8.9438939e-03
  -1.0883581e-02
  -1.0887466e-02
  -1.0256243e-02
  -1.3697588e-02
  -1.7153958e-02
  -2.9277179e-02
   0.0000000e+00
   0.0000000e+00
   0.0000000e+00
   0.0000000e+00
   0.0000000e+00
   0.0000000e+00
   0.0000000e+00
   0.0000000e+00
   0.0000000e+00
   0.0000000e+00
   0.0000000e+00
   0.0000000e+00
  -2.1192530e-02
  -1.2676706e-02
  -2.9979680e-02
  -3.2962862e-02
  -2.8242379e-02
  -2.3949502e-02
  -1.7986495e-02
  -2.4012186e-02
  -2.2147596e-02
  -2.7148817e-02
  -3.5285354e-02
  -0.0000000e+00
  -1.4540408e-03
   3.2438005e-03
  -3.0247024e-03
  -1.1752182e-02
  -2.1678654e-02
  -2.1667169e-02
  -2.3246886e-02
  -2.1317298e-02
  -2.0651257e-02
  -2.7873065e-02
  -2.5677672e-02
  -4.3637802e-02
   0.0000000e+00
   0.0000000e+00
   0.0000000e+00
   0.0000000e+00
   0.0000000e+00
   0.0000000e+00
   0.0000000e+00
   0.0000000e+00
   0.0000000e+00
   0.0000000e+00
  -1.0042355e-02
  -2.1690740e-02
  -3.8539791e-02
  -4.3267779e-02
  -5.3897146e-02
  -4.6974339e-02
  -4.2065751e-02
  -3.6072996e-02
  -2.8035134e-02
  -2.9307151e-02
  -2.8388610e-02
  -3.8490012e-02
  -4.8792874e-02
   0.0000000e+00
  -0.0000000e+00
  -1.5646428e-02
  -2.5766999e-02
  -3.1700484e-02
  -3.7392065e-02
  -3.7554294e-02
  -4.0011603e-02
  -3.7066501e-02
  -3.1653903e-02
  -3.6141351e-02
  -3.5411358e-02
  -4.7414678e-02
  -0.0000000e+00
   0.0000000e+00
   0.0000000e+00
   0.0000000e+00
   0.0000000e+00
   0.0000000e+00
   0.0000000e+00
   0.0000000e+00
   0.0000000e+00
  -0.0000000e+00
  -2.9116716e-02
  -5.1295981e-02
  -5.6563854e-02
  -5.4134320e-02
  -5.1484402e-02
  -3.8521886e-02
  -3.1005064e-02
  -2.5475429e-02
  -2.3259027e-02
  -2.6521038e-02
  -2.9696908e-02
  -3.3022877e-02
  -3.3838287e-02
  -3.1362214e-02
  -0.0000000e+00
  -2.5482064e-02
  -3.2562689e-02
  -3.8109358e-02
  -4.2804934e-02
  -4.6543919e-02
  -4.5220271e-02
  -4.1202486e-02
  -3.5935927e-02
  -3.2466162e-02
  -3.2766502e-02
  -3.5562485e-02
  -3.1545006e-02
  -0.0000000e+00
   0.0000000e+00
   0.0000000e+00
   0.0000000e+00
   0.0000000e+00
   0.0000000e+00
   0.0000000e+00
   0.0000000e+00
  -0.0000000e+00
  -3.8273431e-02
  -5.2679002e-02
  -4.1602116e-02
  -3.4755889e-02
  -2.7625037e-02
  -1.2767359e-02
  -5.3894558e-03
  -0.0000000e+00
  -3.9732477e-03
  -1.6673664e-02
  -2.3547841e-02
  -1.6124226e-02
  -8.9919896e-03
  -7.4200099e-03
  -0.0000000e+00
  -1.6117241e-02
  -1.7563721e-02
  -2.3726610e-02
  -2.7493430e-02
  -3.1194860e-02
  -2.8299637e-02
  -2.3079233e-02
  -2.0678101e-02
  -1.7060718e-02
  -1.4576080e-02
  -1.3827670e-02
  -9.5071290e-03
   2.3687240e-03
   0.0000000e+00
   0.0000000e+00
   0.0000000e+00
   0.0000000e+00
   0.0000000e+00
  -9.6169145e-04
  -4.3318444e-03
  -9.5094647e-03
  -2.2000523e-02
  -2.6515843e-02
  -1.7391579e-02
  -1.1204476e-02
  -2.7639279e-03
   1.0324719e-02
   2.2020506e-02
   2.4440182e-02
   0.0000000e+00
  -3.9498145e-03
  -8.3783148e-03
   3.4951128e-03
   0.0000000e+00
  -0.0000000e+00
   0.0000000e+00
   6.7291585e-04
   9.4585325e-04
  -3.1371079e-03
  -4.1835238e-03
  -6.6165747e-03
  -5.4276194e-03
  -1.4976526e-03
   1.2973159e-03
   1.0617992e-03
   5.7457888e-04
   2.6677048e-03
   6.7107757e-03
   1.6451853e-02
   1.6815521e-02
   0.0000000e+00
   0.0000000e+00
   0.0000000e+00
   0.0000000e+00
   6.6993063e-03
   1.6483922e-03
   4.2864106e-03
  -2.8186035e-03
  -4.6630008e-03
   3.8279355e-05
   5.8981436e-03
   1.5287893e-02
   2.8430432e-02
   3.9189558e-02
   2.6822839e-02
   0.0000000e+00
   0.0000000e+00
   8.3962083e-03
   2.1633042e-02
   2.4433845e-02
   0.0000000e+00
   1.3411340e-02
   1.4432684e-02
   1.5127530e-02
   1.4772645e-02
   1.2869082e-02
   1.0915210e-02
   1.1355780e-02
   1.2978092e-02
   1.6120061e-02
   1.4154461e-02
   9.0288864e-03
   1.0600300e-02
   1.6407110e-02
   2.7074903e-02
   2.5892819e-02
   0.0000000e+00
   0.0000000e+00
   0.0000000e+00
   0.0000000e+00
   1.1971083e-02
   8.8427151e-03
   1.1830850e-02
   1.2538532e-02
   1.0463105e-02
   1.2302130e-02
   1.8727032e-02
   2.8388986e-02
   4.4284776e-02
   5.1370412e-02
   0.0000000e+00
   0.0000000e+00
   0.0000000e+00
   2.3343839e-02
   3.6264360e-02
   2.5393394e-02
   0.0000000e+00
   1.4669907e-02
   2.4314511e-02
   2.6403179e-02
   2.5800910e-02
   2.2733822e-02
   2.1554373e-02
   2.2147680e-02
   2.2689855e-02
   2.4763523e-02
   2.2778213e-02
   1.5662933e-02
   1.5053361e-02
   2.2801165e-02
   3.8706053e-02
   3.8386889e-02
   0.0000000e+00
   0.0000000e+00
   0.0000000e+00
   1.0541792e-02
   1.7615924e-02
   1.6582132e-02
   1.8886464e-02
   2.1431275e-02
   1.8896461e-02
   2.0805981e-02
   2.9219914e-02
   3.9021410e-02
   6.0915891e-02
   5.9741791e-02
   0.0000000e+00
   0.0000000e+00
   0.0000000e+00
   3.6011968e-02
   4.6422776e-02
   2.4183892e-02
   8.0639267e-03
   1.7968700e-02
   3.2103857e-02
   3.5808824e-02
   3.0900253e-02
   2.5935948e-02
   2.6412753e-02
   2.7797896e-02
   2.9344685e-02
   2.8829508e-02
   2.8057054e-02
   2.3275816e-02
   1.9206029e-02
   2.8616160e-02
   5.2825790e-02
   0.0000000e+00
   0.0000000e+00
   0.0000000e+00
   0.0000000e+00
   1.7642748e-02
   2.6420828e-02
   2.4261416e-02
   2.0464076e-02
   2.1341776e-02
   2.0498870e-02
   2.4954846e-02
   3.5736065e-02
   4.8081208e-02
   7.2023951e-02
   6.4836285e-02
   0.0000000e+00
   9.8295938e-03
   2.1076783e-02
   4.1183479e-02
   4.3431215e-02
   2.2829177e-02
   2.0020841e-02
   2.7214942e-02
   3.5982050e-02
   3.6863625e-02
   2.7702869e-02
   2.4333187e-02
   2.5544841e-02
   2.7797757e-02
   3.0223804e-02
   2.9646300e-02
   3.0861640e-02
   3.1742440e-02
   2.7495547e-02
   3.8148288e-02
   6.4010069e-02
   0.0000000e+00
   0.0000000e+00
   0.0000000e+00
   0.0000000e+00
   2.8754158e-02
   3.5076648e-02
   2.7253581e-02
   2.6204858e-02
   2.5910305e-02
   2.5766768e-02
   3.1830277e-02
   4.1903600e-02
   5.8522850e-02
   7.1535490e-02
   4.0886058e-02
   0.0000000e+00
   1.8025929e-02
   3.1416691e-02
   4.2765044e-02
   3.7403829e-02
   2.8582064e-02
   3.8623732e-02
   4.3018327e-02
   3.9894510e-02
   3.3087924e-02
   2.8548637e-02
   2.7401482e-02
   2.7050618e-02
   3.1729206e-02
   3.0895099e-02
   3.4927960e-02
   3.7674297e-02
   3.5719460e-02
   0.0000000e+00
   4.8478052e-02
   6.3803829e-02
   0.0000000e+00
   0.0000000e+00
   0.0000000e+00
   0.0000000e+00
   3.4747921e-02
   4.1530788e-02
   3.2749269e-02
   3.4463190e-02
   3.4243450e-02
   3.4520499e-02
   4.0871751e-02
   4.9155861e-02
   6.5351158e-02
   6.8742327e-02
   2.8216260e-02
   0.0000000e+00
   2.6594181e-02
   3.9508842e-02
   4.5409810e-02
   3.7006043e-02
   3.6225323e-02
   4.9962666e-02
   5.0998095e-02
   4.3227725e-02
   3.2462414e-02
   3.3291608e-02
   3.4666044e-02
   3.2070015e-02
   3.8271509e-02
   3.5035085e-02
   4.2193033e-02
   4.4781160e-02
   3.8557619e-02
   0.0000000e+00
   5.4642595e-02
   6.1614856e-02
   0.0000000e+00
   0.0000000e+00
   0.0000000e+00
   0.0000000e+00
   4.0527014e-02
   4.5040026e-02
   4.1444678e-02
   4.7610167e-02
   4.9241770e-02
   5.0171733e-02
   5.5061951e-02
   5.9527002e-02
   6.7392290e-02
   5.9184238e-02
   1.7485686e-02
   0.0000000e+00
   3.7026368e-02
   5.0290685e-02
   4.9789600e-02
   4.3564614e-02
   4.7194213e-02
   5.4059789e-02
   5.2439578e-02
   4.5743186e-02
   3.5943966e-02
   4.3440212e-02
   4.4084787e-02
   4.2440508e-02
   4.9125612e-02
   4.4619523e-02
   5.3174343e-02
   5.1919408e-02
   3.9771512e-02
   0.0000000e+00
   5.5780362e-02
   5.3585812e-02
   0.0000000e+00
   0.0000000e+00
   0.0000000e+00
   2.3584138e-02
   3.9534831e-02
   3.9886743e-02
   4.7852136e-02
   5.1358163e-02
   5.7518188e-02
   6.1831828e-02
   6.4256914e-02
   6.6435285e-02
   5.6830168e-02
   4.6607081e-02
   1.1730389e-02
  -0.0000000e+00
   3.7939452e-02
   4.9424913e-02
   5.2093454e-02
   5.3870536e-02
   4.8938755e-02
   4.3087758e-02
   3.9105043e-02
   4.2361885e-02
   4.3824896e-02
   5.0447505e-02
   4.9032573e-02
   5.2241104e-02
   5.5258233e-02
   5.4491598e-02
   5.9024964e-02
   4.7981594e-02
   3.6395252e-02
   0.0000000e+00
   4.5088399e-02
   4.0426128e-02
   0.0000000e+00
   0.0000000e+00
   0.0000000e+00
   2.0133809e-02
   3.2899678e-02
   3.1832639e-02
   4.1168105e-02
   4.3047976e-02
   5.0422955e-02
   5.5983234e-02
   5.7104439e-02
   5.8346920e-02
   4.5303196e-02
   3.4604799e-02
   7.1790190e-03
  -0.0000000e+00
   3.1280449e-02
   4.0572733e-02
   4.3554425e-02
   4.6069328e-02
   4.0717427e-02
   3.3960350e-02
   3.0368591e-02
   3.5382766e-02
   3.8714286e-02
   4.4653002e-02
   4.3848809e-02
   4.7423210e-02
   4.9951948e-02
   4.8823982e-02
   5.2335314e-02
   3.9841082e-02
   2.8027628e-02
   0.0000000e+00
   3.6280923e-02
   2.7672930e-02
   0.0000000e+00
   0.0000000e+00
   0.0000000e+00
   1.2221388e-02
   2.3174651e-02
   2.1789651e-02
   2.9104585e-02
   2.9720183e-02
   3.7068371e-02
   4.2702220e-02
   4.3069169e-02
   4.3849826e-02
   3.2056794e-02
   2.1947863e-02
   2.5171915e-03
   3.1855560e-04
   2.0680774e-02
   2.8251564e-02
   2.9971590e-02
   3.1004546e-02
   2.8048834e-02
   2.4450790e-02
   2.3057945e-02
   2.6245376e-02
   2.7530618e-02
   3.3296108e-02
   3.4100480e-02
   3.6486667e-02
   3.9239414e-02
   3.6663648e-02
   3.9835032e-02
   2.9103365e-02
   1.6680924e-02
   0.0000000e+00
   2.6652513e-02
   1.4747719e-02
   0.0000000e+00
   0.0000000e+00
   0.0000000e+00
   2.4403094e-03
   7.8105810e-03
   7.9470025e-03
   7.5678164e-03
   8.6137587e-03
   1.3383776e-02
   1.5597155e-02
   1.6481489e-02
   1.7729878e-02
   1.5046370e-02
   7.6168221e-03
  -3.6278204e-03
  -7.7849755e-04
   8.6137261e-03
   1.0620143e-02
   6.7166146e-03
   3.5400765e-03
   7.9280492e-03
   1.3788794e-02
   1.9353680e-02
   1.3911238e-02
   3.0167080e-03
   1.1241166e-02
   1.5483521e-02
   1.4013221e-02
   1.7307895e-02
   1.2724294e-02
   1.6262662e-02
   1.2928182e-02
   9.2901348e-04
   0.0000000e+00
   1.4265568e-02
   2.6770334e-03
  -5.0755525e-03
   0.0000000e+00
  -2.4202775e-03
  -6.7532198e-03
  -5.4189204e-03
  -4.7185598e-03
  -6.8959915e-03
  -7.4823052e-03
  -4.8388247e-03
  -2.8970249e-03
  -1.2689257e-03
   2.2415185e-04
   3.0631555e-04
  -4.8699779e-03
  -1.0922642e-02
  -7.1576997e-03
  -3.3865951e-03
  -5.3272177e-03
  -1.0469413e-02
  -1.5605928e-02
  -7.7513345e-03
   5.2643064e-03
   1.2443677e-02
  -1.3247517e-03
  -1.7065665e-02
  -7.2592488e-03
  -2.7341265e-03
  -3.9450014e-03
  -1.2995614e-03
  -4.5372448e-03
  -6.2419428e-04
  -1.9967565e-03
  -9.6083824e-03
  -8.1019968e-04
   1.4831817e-03
  -5.9145568e-03
  -1.0283906e-02
   0.0000000e+00
  -9.8467316e-03
  -1.5307711e-02
  -1.4729692e-02
  -1.3957201e-02
  -1.5685182e-02
  -1.8083585e-02
  -1.6865438e-02
  -1.4496456e-02
  -1.2518774e-02
  -1.1203784e-02
  -1.0696296e-02
  -1.3283622e-02
  -1.6126918e-02
  -1.4260096e-02
  -1.3119159e-02
  -1.5299796e-02
  -1.9274935e-02
  -2.4801148e-02
  -2.1481713e-02
   0.0000000e+00
   0.0000000e+00
  -0.0000000e+00
  -2.7520505e-02
  -1.9847088e-02
  -1.5491454e-02
  -1.5507804e-02
  -1.4171153e-02
  -1.5600503e-02
  -1.2437268e-02
  -1.3191096e-02
  -1.6095387e-02
  -8.3881442e-03
  -8.1336387e-03
  -1.1392313e-02
  -1.2481678e-02
  -1.8123675e-02
  -1.7139953e-02
  -2.2891708e-02
  -2.3213837e-02
  -2.2438917e-02
  -2.2702852e-02
  -2.6850853e-02
  -2.6557891e-02
  -2.3437088e-02
  -2.1349236e-02
  -2.0792399e-02
  -2.1165499e-02
  -2.0698754e-02
  -2.1252753e-02
  -2.3450829e-02
  -2.3298139e-02
  -2.2631595e-02
  -2.3818981e-02
  -2.8914288e-02
  -2.8567810e-02
  -1.9615935e-02
   0.0000000e+00
   0.0000000e+00
  -3.4168107e-02
  -3.0506225e-02
  -2.6646832e-02
  -2.5404637e-02
  -2.5259150e-02
  -2.4540655e-02
  -2.2989197e-02
  -2.3555247e-02
  -2.1286940e-02
  -1.6431212e-02
  -1.7284900e-02
  -1.5911805e-02
  -1.3361898e-02
  -2.0923866e-02
  -2.6410269e-02
  -2.6635090e-02
  -2.4301006e-02
  -2.1829743e-02
  -2.4077700e-02
  -2.5428975e-02
  -2.4034113e-02
  -2.2518162e-02
  -2.1108506e-02
  -2.2731697e-02
  -2.2609362e-02
  -2.1886617e-02
  -2.3408089e-02
  -2.7751960e-02
  -2.6114343e-02
  -1.8984335e-02
  -1.8717650e-02
  -2.3641266e-02
  -3.2362550e-02
  -2.8293103e-02
  -1.7808285e-02
  -1.9778919e-02
  -2.9425016e-02
  -2.9771437e-02
  -2.6784010e-02
  -2.5133473e-02
  -2.4475668e-02
  -2.4507670e-02
  -2.4135172e-02
  -2.2964425e-02
  -2.2989972e-02
  -2.0341067e-02
  -1.8665472e-02
  -1.5896086e-02
  -0.0000000e+00
  -2.2926787e-02
  -3.0831341e-02
  -2.0954091e-02
  -1.7641608e-02
  -1.3314703e-02
  -1.6996030e-02
  -1.7235737e-02
  -1.4947834e-02
  -1.5394624e-02
  -1.4650752e-02
  -1.6021339e-02
  -1.5599625e-02
  -1.5866973e-02
  -1.7630154e-02
  -2.0985095e-02
  -1.9057279e-02
  -1.1289617e-02
  -1.2165980e-02
  -1.6910182e-02
  -2.6506253e-02
  -2.8292004e-02
  -1.1407148e-02
  -1.0761339e-02
  -2.0713488e-02
  -2.0670479e-02
  -1.8607661e-02
  -1.6343018e-02
  -1.6535332e-02
  -1.7133454e-02
  -1.5875293e-02
  -1.5223255e-02
  -1.8435573e-02
  -1.7863570e-02
  -1.4256194e-02
  -1.2063976e-02
  -9.9124849e-03
  -1.7267176e-02
  -2.3466166e-02
  -1.2756455e-02
  -9.5894597e-03
  -4.8178523e-03
  -7.6814415e-03
  -9.0839053e-03
  -7.4437554e-03
  -8.5158935e-03
  -7.7452222e-03
  -7.8676119e-03
  -7.4824742e-03
  -7.2255866e-03
  -8.2950890e-03
  -1.1047436e-02
  -1.0613292e-02
  -5.1249759e-03
  -6.4068376e-03
  -1.0124039e-02
  -1.6716162e-02
  -1.9246258e-02
  -5.3880140e-03
  -3.1615174e-03
  -1.1192909e-02
  -1.2270231e-02
  -1.0067331e-02
  -8.1139989e-03
  -9.0704253e-03
  -9.1876211e-03
  -7.9940408e-03
  -8.1459908e-03
  -1.0801390e-02
  -1.2226266e-02
  -9.1278497e-03
  -6.7172684e-03
  -4.3742336e-03
  -7.4267665e-03
  -1.2457752e-02
  -1.4217459e-03
  -3.7840608e-04
   3.9542466e-03
   3.0028031e-03
  -3.8939237e-04
  -7.9522061e-04
  -1.6398552e-03
  -2.6570167e-04
   8.9567213e-04
   1.4423290e-03
   3.1199004e-03
   3.1673140e-03
   3.9871765e-04
  -1.8213179e-03
   3.0990137e-04
  -1.7738348e-05
  -1.3946533e-03
  -3.5820673e-03
  -4.7594048e-03
   2.7261677e-03
   4.6260501e-03
  -8.4366393e-04
  -3.8064420e-03
  -2.5456178e-03
  -6.4197538e-04
  -1.8179835e-03
  -1.0672440e-03
  -7.8041648e-04
  -1.0116057e-03
  -9.3380269e-04
  -3.5885056e-03
  -0.0000000e+00
  -0.0000000e+00
   1.5296639e-03
   1.2943131e-03
  -6.1717385e-04
   8.5128527e-03
   9.4993841e-03
   1.3642254e-02
   1.2970805e-02
   9.7311726e-03
   6.9712233e-03
   6.2297476e-03
   8.0423718e-03
   8.9752814e-03
   1.0885868e-02
   1.2809518e-02
   1.2896743e-02
   9.8819286e-03
   6.0173599e-03
   6.8648751e-03
   9.2764618e-03
   1.1759677e-02
   1.0932675e-02
   7.8767519e-03
   9.5588462e-03
   1.1417931e-02
   8.4131584e-03
   4.8255711e-03
   4.5577767e-03
   5.2170418e-03
   5.9813322e-03
   6.5679485e-03
   6.1994190e-03
   7.7058445e-03
   8.6319968e-03
   7.4418057e-03
   7.7723977e-03
   7.5589183e-03
   9.9634537e-03
   1.0401519e-02
   9.3015265e-03
   1.4188763e-02
   1.7939759e-02
   2.3955921e-02
   2.1537481e-02
   1.9702740e-02
   1.9483360e-02
   1.8574219e-02
   1.8295582e-02
   1.7984791e-02
   1.9709336e-02
   1.9304525e-02
   1.7740350e-02
   1.5819486e-02
   1.4779564e-02
   1.7502071e-02
   2.1727350e-02
   2.6597869e-02
   2.4732968e-02
   1.9043522e-02
   1.7285392e-02
   1.7170098e-02
   1.5963471e-02
   1.5048373e-02
   1.4721414e-02
   1.4294012e-02
   1.5577732e-02
   1.5299754e-02
   1.5901880e-02
   1.7777698e-02
   1.5836105e-02
   1.7686434e-02
   1.6115254e-02
   1.2734585e-02
   1.5726579e-02
   1.6161516e-02
   1.4966753e-02
   2.0310657e-02
   2.0375000e-02
   2.8014615e-02
   3.0756421e-02
   2.5778759e-02
   2.8603502e-02
   2.8835474e-02
   2.7552238e-02
   2.7855296e-02
   2.4588350e-02
   2.2954792e-02
   1.9635696e-02
   1.9101769e-02
   2.2992129e-02
   2.6118936e-02
   2.8910169e-02
   3.0265657e-02
   2.9456150e-02
   2.8641580e-02
   2.6851375e-02
   2.2181056e-02
   2.1014072e-02
   2.2287490e-02
   2.4086617e-02
   2.5653606e-02
   2.3880890e-02
   2.4704779e-02
   2.4907885e-02
   2.2914030e-02
   2.3109870e-02
   2.2621060e-02
   2.4713965e-02
   2.4388883e-02
   1.9254481e-02
   1.4945152e-02
   1.6801957e-02
   2.1873830e-02
   1.1515758e-02
   2.0975741e-02
   3.4513954e-02
   2.5976444e-02
   2.6286170e-02
   2.7560089e-02
   2.7302789e-02
   2.8434886e-02
   2.3335801e-02
   2.3409693e-02
   2.0818947e-02
   1.9534942e-02
   2.0890255e-02
   2.1875912e-02
   2.4575874e-02
   2.3761662e-02
   2.6212294e-02
   3.0363142e-02
   3.0159250e-02
   2.5279421e-02
   2.2190198e-02
   2.1937592e-02
   2.2974076e-02
   2.5632603e-02
   2.4018683e-02
   2.5065463e-02
   2.3097297e-02
   2.0410985e-02
   2.4841296e-02
   1.9513469e-02
   2.2812057e-02
   3.1359926e-02
   2.3520248e-02
   1.3433614e-02
   1.7804937e-02
   9.2740739e-03
  -5.7802303e-03
   5.6406427e-03
   2.2813864e-02
   1.7555028e-02
   1.6413266e-02
   1.6525473e-02
   1.4590210e-02
   1.5759865e-02
   1.5219547e-02
   1.5428816e-02
   1.3776338e-02
   1.1126434e-02
   8.6156959e-03
   9.8570939e-03
   1.3576386e-02
   1.6560471e-02
   1.9734330e-02
   1.9308291e-02
   2.0117689e-02
   1.9144716e-02
   1.5234025e-02
   1.2690135e-02
   1.0616052e-02
   1.2403787e-02
   1.2982137e-02
   1.1824352e-02
   1.0542437e-02
   1.1217203e-02
   1.2805372e-02
   9.4336672e-03
   1.4490546e-02
   2.4545049e-02
   2.2781227e-02
   1.3495726e-02
   1.2810210e-02
  -1.2293851e-02
  -1.9014563e-02
  -9.0135280e-03
  -8.5701561e-04
  -4.5810692e-04
   2.9171184e-03
   1.7649484e-03
  -2.8050588e-03
  -1.8207068e-03
  -1.6707956e-03
  -4.3040956e-03
  -5.3527607e-03
  -7.1754484e-03
  -5.4780068e-03
  -1.4261439e-03
   2.0868765e-04
   4.2796573e-03
   4.9077785e-03
  -4.3579937e-05
  -6.7540695e-04
   6.3848484e-04
  -1.0522561e-03
  -3.4285539e-03
  -3.6256209e-03
  -1.8281813e-03
  -4.3323175e-03
  -7.7496683e-03
  -6.0552270e-03
  -4.4937804e-03
  -5.6119040e-03
  -1.9263558e-03
   1.3481602e-03
   2.6408820e-03
   6.2364554e-03
   2.8430317e-03
  -4.7253068e-03
  -1.4600662e-02
  -1.1663409e-02
  -7.2511248e-03
  -7.2445981e-03
  -9.9879978e-03
  -8.0875317e-03
  -6.9007901e-03
  -8.6566638e-03
  -9.8003093e-03
  -1.2049696e-02
  -1.3877158e-02
  -1.3891323e-02
  -1.4706050e-02
  -1.1680797e-02
  -8.6646872e-03
  -9.4594778e-03
  -8.8756457e-03
  -8.0270739e-03
  -8.4015206e-03
  -8.1278589e-03
  -6.0321349e-03
  -5.9835771e-03
  -7.2738184e-03
  -5.8119432e-03
  -4.7909985e-03
  -1.0433254e-02
  -1.4966480e-02
  -1.3758470e-02
  -1.1943215e-02
  -9.0926047e-03
  -5.5075223e-03
  -7.7200835e-03
  -1.1955140e-02
  -1.1214457e-02
  -1.2322956e-02
  -1.5065011e-02
  -2.4345152e-03
   4.0780511e-03
   7.3252423e-03
   4.7623976e-03
  -1.8105821e-03
  -6.5881694e-03
  -8.0585144e-03
  -7.4165966e-03
  -6.5616653e-03
  -6.8703196e-03
  -7.0748366e-03
  -8.4112212e-03
  -1.0679673e-02
  -1.0978991e-02
  -9.1099953e-03
  -7.0989518e-03
  -5.6371624e-03
  -4.4550830e-03
  -3.8515916e-03
  -2.9130375e-03
  -4.7161814e-04
   1.1078173e-03
   5.9672043e-04
  -1.0371648e-03
  -3.4777978e-03
  -7.7454308e-03
  -1.0706046e-02
  -1.0002716e-02
  -6.5346863e-03
  -2.7337431e-03
  -2.2432408e-03
  -5.4071192e-03
  -8.8147875e-03
  -1.0406778e-02
  -1.0792661e-02
  -8.0717653e-03
