  -1.1396577e+00
  -1.1590007e+00
  -1.1858665e+00
  -1.2220557e+00
  -1.2440393e+00
  -1.2165266e+00
  -1.1470063e+00
  -1.0518153e+00
  -9.5673585e-01
  -8.4260702e-01
  -6.4185749e-01
  -3.8911140e-01
  -1.7857119e-01
  -2.1372053e-02
   2.9718768e-02
  -5.1456630e-02
  -2.9709902e-01
  -6.4211309e-01
  -9.5864898e-01
  -1.2476809e+00
  -1.4471116e+00
  -1.5484573e+00
  -1.6119591e+00
  -1.6609244e+00
  -1.6848032e+00
  -1.6626122e+00
  -1.5831876e+00
  -1.4696805e+00
  -1.3208514e+00
  -1.1762654e+00
  -1.0745831e+00
  -1.0071585e+00
  -9.8173052e-01
  -9.9448407e-01
  -1.0435402e+00
  -1.1037588e+00
  -1.6635360e+00
  -1.5745482e+00
  -1.4612229e+00
  -1.4137884e+00
  -1.3904766e+00
  -1.1820340e+00
  -7.6931143e-01
  -2.7624121e-01
  -6.3999742e-02
  -1.5625390e-01
  -2.4842900e-01
  -2.8948507e-01
  -3.1256095e-01
  -1.5125863e-01
   1.9157261e-01
   3.6662585e-01
   1.0883801e-01
  -3.7852418e-01
  -7.3238158e-01
  -1.0393518e+00
  -1.3156353e+00
  -1.5154976e+00
  -1.7533545e+00
  -2.0431283e+00
  -2.2143826e+00
  -2.2526698e+00
  -2.1775796e+00
  -2.0309622e+00
  -1.8406122e+00
  -1.6479609e+00
  -1.5572205e+00
  -1.5445616e+00
  -1.5279197e+00
  -1.5128691e+00
  -1.5409945e+00
  -1.6347327e+00
   1.4494404e+00
   1.4944216e+00
   1.5846852e+00
   1.6539516e+00
   1.3456577e+00
   1.1652476e+00
   1.3803329e+00
   1.6337285e+00
   1.6837723e+00
   1.5303255e+00
   1.5040877e+00
   1.4536391e+00
   1.2934287e+00
   1.5214533e+00
   2.2081499e+00
   2.8387251e+00
   3.2457182e+00
   3.4417188e+00
   3.3843372e+00
   3.1793504e+00
   2.9778423e+00
   2.7191310e+00
   2.4315419e+00
   2.1278167e+00
   1.9321176e+00
   1.7836399e+00
   1.6837842e+00
   1.7099276e+00
   1.6928004e+00
   1.7037958e+00
   1.6433997e+00
   1.4708205e+00
   1.3533725e+00
   1.2974348e+00
   1.3737128e+00
   1.4194458e+00
   4.1713357e+00
   4.2322173e+00
   4.2644739e+00
   4.4420701e+00
   4.1513300e+00
   3.4722197e+00
   3.5026211e+00
   3.5934525e+00
   3.2401175e+00
   2.9279269e+00
   2.7532637e+00
   2.7767658e+00
   2.7127772e+00
   2.8837292e+00
   3.6108027e+00
   4.3033481e+00
   5.0449653e+00
   5.7144003e+00
   5.9077160e+00
   5.8977613e+00
   5.9536486e+00
   5.9244816e+00
   5.8248572e+00
   5.6521444e+00
   5.3968851e+00
   5.1116920e+00
   4.8342113e+00
   4.6583782e+00
   4.4689589e+00
   4.3110800e+00
   4.2347794e+00
   4.0763454e+00
   3.9466207e+00
   3.8966420e+00
   3.9785731e+00
   4.1035337e+00
   5.9656181e+00
   6.0242414e+00
   6.0048361e+00
   6.0420232e+00
   5.8661342e+00
   4.6358371e+00
   4.4487066e+00
   5.0568562e+00
   4.8417282e+00
   4.5114079e+00
   3.9373996e+00
   3.7442994e+00
   3.7450120e+00
   3.6046464e+00
   4.0381551e+00
   4.5452247e+00
   5.0992470e+00
   5.7662501e+00
   6.4793830e+00
   6.9497161e+00
   7.1402965e+00
   7.4786615e+00
   7.5917568e+00
   7.5673447e+00
   7.3962965e+00
   7.0993109e+00
   6.7909517e+00
   6.4129496e+00
   6.1769123e+00
   5.9415431e+00
   5.8920345e+00
   5.8482995e+00
   5.7703862e+00
   5.8402867e+00
   5.8572159e+00
   5.9756908e+00
   6.7786765e+00
   6.6649227e+00
   6.6322832e+00
   6.3120046e+00
   5.7938795e+00
   4.5726476e+00
   4.0906839e+00
   4.9731898e+00
   5.4296250e+00
   5.2416821e+00
   4.4413633e+00
   3.8865886e+00
   3.8068273e+00
   3.4039922e+00
   3.3840663e+00
   3.7569273e+00
   4.1745391e+00
   4.9051638e+00
   6.0911956e+00
   6.8747811e+00
   7.0383520e+00
   7.5386305e+00
   7.8256645e+00
   7.9550152e+00
   7.9848275e+00
   7.7153373e+00
   7.4321098e+00
   7.0232744e+00
   6.8044133e+00
   6.6399603e+00
   6.5875578e+00
   6.6374817e+00
   6.5835142e+00
   6.6963034e+00
   6.6893764e+00
   6.7960672e+00
   6.0435710e+00
   5.7933095e+00
   5.7108171e+00
   5.1471300e+00
   4.0839186e+00
   3.5524029e+00
   3.1183662e+00
   3.4897340e+00
   4.3446436e+00
   4.2502937e+00
   3.4837332e+00
   2.8045765e+00
   2.5563524e+00
   2.1542544e+00
   1.9670620e+00
   2.3181047e+00
   2.7807724e+00
   3.6809311e+00
   4.7760239e+00
   5.4070376e+00
   5.5876429e+00
   5.9697089e+00
   6.3952376e+00
   6.6350830e+00
   6.7513008e+00
   6.5352432e+00
   6.2672384e+00
   6.0112867e+00
   5.8399890e+00
   5.8220746e+00
   5.7865524e+00
   5.8619120e+00
   5.8044874e+00
   5.8255548e+00
   5.8673155e+00
   5.9429753e+00
   3.6826761e+00
   3.5697825e+00
   3.4453237e+00
   2.9418213e+00
   1.8419218e+00
   1.8751680e+00
   1.9055747e+00
   1.7069696e+00
   2.2124492e+00
   2.0939157e+00
   1.4796871e+00
   9.9583113e-01
   5.8344370e-01
   2.8639296e-01
   3.3324029e-01
   6.2501061e-01
   9.8285824e-01
   1.7165344e+00
   2.3431010e+00
   2.6459610e+00
   2.8380241e+00
   3.0474482e+00
   3.4676609e+00
   3.7384300e+00
   3.8281639e+00
   3.7310636e+00
   3.5256314e+00
   3.4250371e+00
   3.3394842e+00
   3.4022033e+00
   3.4320560e+00
   3.4868214e+00
   3.4398999e+00
   3.3746979e+00
   3.4541874e+00
   3.5121538e+00
   5.2910411e-01
   7.1350700e-01
   7.0140076e-01
   5.5494452e-01
  -2.3252957e-02
  -3.2549798e-03
   4.6859694e-01
   2.0195492e-01
   1.4557153e-02
  -1.4641403e-01
  -5.3406125e-01
  -7.0965600e-01
  -1.2110109e+00
  -1.5043997e+00
  -1.2087491e+00
  -1.1450509e+00
  -1.1700987e+00
  -9.3327111e-01
  -7.1212304e-01
  -6.2200969e-01
  -5.3974593e-01
  -4.4237542e-01
  -1.9250146e-01
   5.2918553e-02
   1.5203843e-01
   2.1205273e-01
   1.4745259e-01
   1.1239186e-01
   1.0973275e-01
   1.6234875e-01
   2.5872797e-01
   3.0567136e-01
   3.0435860e-01
   2.5262105e-01
   3.1272936e-01
   3.8239795e-01
  -2.4675648e+00
  -2.0438898e+00
  -1.7351171e+00
  -1.3196217e+00
  -1.1969709e+00
  -1.6521811e+00
  -1.1394191e+00
  -1.0382230e+00
  -1.6945899e+00
  -1.8034568e+00
  -1.8907651e+00
  -1.8268617e+00
  -2.3033652e+00
  -2.7686574e+00
  -2.5639660e+00
  -2.9114037e+00
  -3.4768360e+00
  -3.7373979e+00
  -3.6562192e+00
  -3.6093905e+00
  -3.7524302e+00
  -3.7371840e+00
  -3.7340248e+00
  -3.5378807e+00
  -3.3222387e+00
  -3.1163430e+00
  -2.9945524e+00
  -3.0297694e+00
  -3.0015280e+00
  -2.9952877e+00
  -2.8770931e+00
  -2.7848966e+00
  -2.7092998e+00
  -2.6571782e+00
  -2.6515665e+00
  -2.5706050e+00
  -4.4018420e+00
  -4.0436790e+00
  -3.2276093e+00
  -2.0441476e+00
  -1.6181367e+00
  -2.6233549e+00
  -2.9369976e+00
  -2.7254658e+00
  -2.8939551e+00
  -2.5470225e+00
  -2.2714880e+00
  -2.0835360e+00
  -2.2661421e+00
  -3.2118985e+00
  -3.8603678e+00
  -4.8497038e+00
  -5.8409379e+00
  -5.8831521e+00
  -5.7174537e+00
  -5.6782459e+00
  -6.0124101e+00
  -6.2178770e+00
  -6.3413902e+00
  -6.2501894e+00
  -5.8523070e+00
  -5.5424254e+00
  -5.2669346e+00
  -5.2535166e+00
  -5.3037374e+00
  -5.2641558e+00
  -5.1963756e+00
  -4.9388019e+00
  -4.7482430e+00
  -4.5725306e+00
  -4.5565901e+00
  -4.5928507e+00
  -3.9682341e+00
  -3.8157337e+00
  -2.9996629e+00
  -1.5721564e+00
  -1.2594123e+00
  -2.4253426e+00
  -3.5421352e+00
  -3.9028309e+00
  -3.4086790e+00
  -2.4904037e+00
  -2.1365745e+00
  -1.8213751e+00
  -1.6793007e+00
  -3.0031344e+00
  -4.1974473e+00
  -5.3779650e+00
  -6.2265775e+00
  -5.6576281e+00
  -5.4799633e+00
  -5.4222134e+00
  -5.6387525e+00
  -5.9550519e+00
  -6.0100119e+00
  -6.1006937e+00
  -5.7503195e+00
  -5.4638026e+00
  -5.2006779e+00
  -5.0996151e+00
  -5.1695751e+00
  -4.9932060e+00
  -4.9277468e+00
  -4.5265493e+00
  -4.2583060e+00
  -4.1050415e+00
  -4.0150466e+00
  -4.1966352e+00
  -3.0337636e+00
  -3.0728476e+00
  -2.5134308e+00
  -1.2033179e+00
  -9.5260459e-01
  -2.0830939e+00
  -3.4412584e+00
  -4.0751266e+00
  -3.4688187e+00
  -2.4656301e+00
  -2.0339177e+00
  -1.6408982e+00
  -1.4525809e+00
  -2.7814693e+00
  -3.9384756e+00
  -4.8714676e+00
  -5.4768753e+00
  -4.8801985e+00
  -4.7419028e+00
  -4.5080233e+00
  -4.5062919e+00
  -4.7517939e+00
  -4.7887211e+00
  -5.0316825e+00
  -4.8038206e+00
  -4.6188107e+00
  -4.4116669e+00
  -4.2712283e+00
  -4.2935467e+00
  -3.9979448e+00
  -3.9007616e+00
  -3.4438250e+00
  -3.1487522e+00
  -3.0689478e+00
  -2.9672329e+00
  -3.2000866e+00
  -2.0636225e+00
  -2.2913424e+00
  -2.0452323e+00
  -1.0080948e+00
  -8.1839012e-01
  -1.7624837e+00
  -3.0263739e+00
  -3.6627238e+00
  -3.2163706e+00
  -2.4509649e+00
  -1.8922944e+00
  -1.4665666e+00
  -1.4062989e+00
  -2.5474214e+00
  -3.4324198e+00
  -3.9333458e+00
  -4.2868016e+00
  -4.0028296e+00
  -3.9410417e+00
  -3.4554240e+00
  -3.2042069e+00
  -3.3071125e+00
  -3.3420162e+00
  -3.6928983e+00
  -3.5985689e+00
  -3.5451381e+00
  -3.4111762e+00
  -3.2604837e+00
  -3.2228846e+00
  -2.8402369e+00
  -2.7095699e+00
  -2.2486764e+00
  -1.9655344e+00
  -1.9720411e+00
  -1.8968106e+00
  -2.1378860e+00
  -1.4543873e+00
  -1.9317530e+00
  -1.9452184e+00
  -1.4188198e+00
  -1.3841403e+00
  -1.6859910e+00
  -2.1319843e+00
  -1.9629357e+00
  -2.1345261e+00
  -2.4293630e+00
  -1.4744827e+00
  -1.1423524e+00
  -1.6291360e+00
  -2.2099843e+00
  -2.5638013e+00
  -2.3364742e+00
  -2.4870226e+00
  -3.2883195e+00
  -3.4187995e+00
  -2.5038817e+00
  -1.9462205e+00
  -1.8158825e+00
  -1.8435516e+00
  -2.1688750e+00
  -2.1777562e+00
  -2.3105598e+00
  -2.2822041e+00
  -2.1796630e+00
  -2.1148196e+00
  -1.7458097e+00
  -1.6183903e+00
  -1.2580799e+00
  -1.0931296e+00
  -1.1895228e+00
  -1.2301046e+00
  -1.4274530e+00
  -2.3153620e+00
  -2.7446411e+00
  -2.6413236e+00
  -2.4874997e+00
  -2.5153232e+00
  -2.1143627e+00
  -1.5490648e+00
  -2.2216685e-01
  -8.5295826e-01
  -2.0808992e+00
  -7.4232358e-01
  -3.5317087e-01
  -1.2683746e+00
  -1.8353932e+00
  -2.2715075e+00
  -1.8913674e+00
  -2.0042734e+00
  -3.3692760e+00
  -3.7408044e+00
  -2.8455987e+00
  -2.2694554e+00
  -1.9838476e+00
  -1.7991387e+00
  -1.9261544e+00
  -1.9125814e+00
  -2.0828536e+00
  -2.1271224e+00
  -2.1108897e+00
  -2.1583030e+00
  -2.0076180e+00
  -1.9824934e+00
  -1.8084925e+00
  -1.8388332e+00
  -1.9544318e+00
  -2.0815666e+00
  -2.2631717e+00
  -3.1857870e+00
  -3.4673378e+00
  -3.3096828e+00
  -3.3174431e+00
  -3.2038124e+00
  -2.4903107e+00
  -1.3274511e+00
   7.7430159e-01
  -1.4000002e-01
  -1.8465675e+00
  -2.9137710e-01
   2.8290328e-01
  -7.4858940e-01
  -1.5793272e+00
  -2.2677479e+00
  -1.9439969e+00
  -2.1157515e+00
  -3.5006912e+00
  -3.9148252e+00
  -3.2798021e+00
  -2.8002107e+00
  -2.3775759e+00
  -2.0184801e+00
  -2.0176644e+00
  -1.9836087e+00
  -2.1377177e+00
  -2.2150095e+00
  -2.2628782e+00
  -2.4110863e+00
  -2.4401159e+00
  -2.5225964e+00
  -2.5106995e+00
  -2.6670842e+00
  -2.7976074e+00
  -2.9592342e+00
  -3.1328173e+00
  -4.1668978e+00
  -4.2359950e+00
  -4.0466303e+00
  -4.1368350e+00
  -3.7689119e+00
  -2.8875877e+00
  -1.2480837e+00
   1.5436513e+00
   3.9355483e-01
  -1.6371096e+00
   8.2848841e-02
   9.2488358e-01
  -9.0836319e-02
  -1.3475399e+00
  -2.3987297e+00
  -2.2362794e+00
  -2.5192791e+00
  -3.6717924e+00
  -4.0407469e+00
  -3.8103474e+00
  -3.4929979e+00
  -2.9251555e+00
  -2.3881866e+00
  -2.2769590e+00
  -2.2208438e+00
  -2.3316849e+00
  -2.4274750e+00
  -2.5368643e+00
  -2.7928010e+00
  -3.0053922e+00
  -3.2111021e+00
  -3.3697553e+00
  -3.6351234e+00
  -3.7803877e+00
  -3.9563213e+00
  -4.1245225e+00
  -4.3396025e+00
  -4.4403672e+00
  -4.5462103e+00
  -4.4776654e+00
  -3.7740498e+00
  -3.0296688e+00
  -1.3749824e+00
   1.4524132e+00
   1.6378194e-01
  -1.9372284e+00
  -5.0469911e-01
   4.7312281e-01
  -1.2422092e-02
  -1.3305990e+00
  -2.4205985e+00
  -2.2625217e+00
  -2.9727697e+00
  -3.5297849e+00
  -3.2394557e+00
  -3.4003978e+00
  -3.2386203e+00
  -2.6475403e+00
  -2.2836816e+00
  -2.2216654e+00
  -2.2342501e+00
  -2.3303094e+00
  -2.3857484e+00
  -2.4946456e+00
  -2.7428188e+00
  -3.0004377e+00
  -3.3214908e+00
  -3.6119127e+00
  -3.8955171e+00
  -4.0676780e+00
  -4.2416711e+00
  -4.3756218e+00
  -3.5962968e+00
  -3.8975608e+00
  -4.1697726e+00
  -4.2385540e+00
  -3.6958640e+00
  -2.8880677e+00
  -1.3303761e+00
   9.2612076e-01
  -2.7261007e-01
  -2.1369288e+00
  -1.4557394e+00
  -8.8280576e-01
  -9.6236312e-01
  -1.7288376e+00
  -2.2545898e+00
  -1.9232196e+00
  -2.7965722e+00
  -3.2175465e+00
  -2.5208089e+00
  -2.4096131e+00
  -2.2537091e+00
  -1.9159951e+00
  -1.8828624e+00
  -1.9184949e+00
  -2.0037582e+00
  -2.1206734e+00
  -2.1080351e+00
  -2.1578887e+00
  -2.2648542e+00
  -2.4373693e+00
  -2.6904113e+00
  -2.9161646e+00
  -3.1737647e+00
  -3.3165195e+00
  -3.4940495e+00
  -3.5869594e+00
  -2.8840788e+00
  -3.3205652e+00
  -3.7034623e+00
  -3.9996414e+00
  -3.6825144e+00
  -2.7894658e+00
  -1.2989545e+00
   4.4761571e-01
  -6.4866193e-01
  -2.2860597e+00
  -2.3746865e+00
  -2.2625151e+00
  -2.0408535e+00
  -2.3257766e+00
  -2.2344535e+00
  -1.7001512e+00
  -2.6567931e+00
  -2.9517420e+00
  -1.9780790e+00
  -1.5827285e+00
  -1.4472508e+00
  -1.3951190e+00
  -1.6457572e+00
  -1.7785313e+00
  -1.9116478e+00
  -2.0268400e+00
  -1.9397619e+00
  -1.9173117e+00
  -1.8866524e+00
  -1.9562625e+00
  -2.1164637e+00
  -2.2486737e+00
  -2.4705172e+00
  -2.5781844e+00
  -2.7411587e+00
  -2.8078774e+00
  -2.1012036e+00
  -2.5368626e+00
  -2.9194190e+00
  -3.7173944e+00
  -3.8312044e+00
  -2.7820991e+00
  -1.2971273e+00
  -1.4649959e-02
  -9.5759583e-01
  -2.3455637e+00
  -3.4234236e+00
  -4.0103215e+00
  -3.6768597e+00
  -3.5561002e+00
  -2.5812444e+00
  -1.7250207e+00
  -2.5896555e+00
  -2.7434556e+00
  -1.7474333e+00
  -9.8492865e-01
  -9.1477419e-01
  -1.2911627e+00
  -1.7713042e+00
  -2.0219829e+00
  -2.1517149e+00
  -2.2070907e+00
  -2.0124428e+00
  -1.8683820e+00
  -1.6793586e+00
  -1.5796417e+00
  -1.5664682e+00
  -1.5145420e+00
  -1.6685393e+00
  -1.7197155e+00
  -1.8189667e+00
  -1.8908207e+00
  -2.4355969e+00
  -2.6574947e+00
  -2.7781119e+00
  -3.4401603e+00
  -3.8603993e+00
  -3.0994985e+00
  -1.6173632e+00
   1.7394179e-01
  -8.5623187e-01
  -2.7562602e+00
  -3.7225716e+00
  -4.3726192e+00
  -4.6515551e+00
  -5.1605419e+00
  -3.9204054e+00
  -2.7201552e+00
  -3.3901687e+00
  -3.2828603e+00
  -2.8657537e+00
  -2.5043129e+00
  -2.4719129e+00
  -3.0125341e+00
  -3.2963391e+00
  -3.5383654e+00
  -3.5361934e+00
  -3.4205902e+00
  -3.1554942e+00
  -2.8981915e+00
  -2.7185952e+00
  -2.4403658e+00
  -2.3677149e+00
  -2.1742594e+00
  -2.2067423e+00
  -2.2380085e+00
  -2.2294399e+00
  -2.3775172e+00
  -3.1747780e+00
  -3.2632735e+00
  -2.9728372e+00
  -3.0258489e+00
  -3.4922533e+00
  -3.1926975e+00
  -1.7400374e+00
   3.8811970e-01
  -8.8021636e-01
  -3.1878283e+00
  -3.7439461e+00
  -4.1134911e+00
  -4.8287334e+00
  -5.8845530e+00
  -4.8647361e+00
  -3.6693006e+00
  -4.1717873e+00
  -4.0216084e+00
  -4.1724229e+00
  -4.2861524e+00
  -4.1953225e+00
  -4.6579227e+00
  -4.7524538e+00
  -4.8578010e+00
  -4.7632999e+00
  -4.5498366e+00
  -4.2564559e+00
  -3.9789641e+00
  -3.8090012e+00
  -3.4925861e+00
  -3.4269102e+00
  -3.1977122e+00
  -3.1722188e+00
  -3.1773312e+00
  -3.1543362e+00
  -3.2951009e+00
  -4.0049124e+00
  -3.9508362e+00
  -3.1485868e+00
  -2.4670112e+00
  -2.8486953e+00
  -3.0321138e+00
  -1.6661966e+00
   5.3757828e-01
  -1.0094616e+00
  -3.5106022e+00
  -3.6497719e+00
  -3.7032275e+00
  -4.6557360e+00
  -6.0586267e+00
  -5.4883170e+00
  -4.5272245e+00
  -4.8482604e+00
  -4.7780132e+00
  -5.4534817e+00
  -5.9813223e+00
  -5.8024311e+00
  -6.0910640e+00
  -6.0198522e+00
  -5.9365125e+00
  -5.7690477e+00
  -5.4971271e+00
  -5.1943016e+00
  -4.9368901e+00
  -4.7645731e+00
  -4.4805727e+00
  -4.4331470e+00
  -4.2173448e+00
  -4.1719527e+00
  -4.1466632e+00
  -4.1476164e+00
  -4.2473459e+00
  -4.6398944e+00
  -4.3729575e+00
  -2.9317140e+00
  -1.6221709e+00
  -1.6834316e+00
  -2.1756296e+00
  -1.0627649e+00
   3.9762617e-01
  -1.3861618e+00
  -3.3500039e+00
  -3.3925080e+00
  -3.3615934e+00
  -3.9262742e+00
  -4.9453806e+00
  -5.1460245e+00
  -4.9051697e+00
  -5.0109302e+00
  -5.2636970e+00
  -6.2012042e+00
  -6.7678942e+00
  -6.4942928e+00
  -6.5043482e+00
  -6.3831255e+00
  -6.0722691e+00
  -5.8845310e+00
  -5.6479326e+00
  -5.3703404e+00
  -5.1958195e+00
  -4.9779739e+00
  -4.8564845e+00
  -4.8078395e+00
  -4.6911016e+00
  -4.7144763e+00
  -4.6553147e+00
  -4.7350185e+00
  -4.7511747e+00
  -3.4081788e+00
  -2.9706130e+00
  -1.6542989e+00
  -6.9826984e-01
  -2.9927686e-01
  -5.1814842e-01
   2.7704991e-02
   3.8580322e-01
  -1.1333001e+00
  -1.9161332e+00
  -1.9964389e+00
  -2.4272299e+00
  -2.2259955e+00
  -2.1526971e+00
  -2.9631820e+00
  -3.4772520e+00
  -3.6203487e+00
  -4.0066519e+00
  -4.3246861e+00
  -4.3066239e+00
  -4.0591259e+00
  -3.8897247e+00
  -3.7665050e+00
  -3.4632897e+00
  -3.3069053e+00
  -3.1518834e+00
  -2.9755750e+00
  -2.8838215e+00
  -2.7257037e+00
  -2.7525415e+00
  -2.7288377e+00
  -2.8011692e+00
  -2.9401793e+00
  -2.9468331e+00
  -3.0838912e+00
  -3.1847353e+00
  -9.6232414e-01
  -7.2363627e-01
  -3.8712075e-01
  -2.1882631e-02
   7.2210568e-01
   5.5298096e-01
   9.5276797e-01
   1.2151237e+00
   4.5858115e-02
   8.4655210e-03
   2.5419220e-01
  -2.2427875e-01
  -1.4863163e-03
   2.9663277e-01
  -3.8300541e-01
  -1.0571454e+00
  -1.3891023e+00
  -1.5855520e+00
  -1.2168519e+00
  -7.3043036e-01
  -4.9157810e-01
  -2.4150243e-01
  -9.1135956e-02
   1.2865216e-01
   2.3212525e-01
   3.4440622e-01
   4.2063162e-01
   4.1027406e-01
   4.4972825e-01
   3.2314357e-01
   2.6751879e-01
   3.7253596e-02
  -1.6022098e-01
  -2.7145493e-01
  -4.9384049e-01
  -6.4708883e-01
   1.8469422e+00
   1.7047077e+00
   7.7700722e-01
   6.1437446e-01
   1.5995516e+00
   1.2902777e+00
   2.0253839e+00
   2.5619442e+00
   1.6544628e+00
   2.2452841e+00
   2.8429543e+00
   2.7006946e+00
   2.6518042e+00
   2.6333851e+00
   2.4545374e+00
   1.9239140e+00
   1.5110982e+00
   1.5026300e+00
   2.2157702e+00
   2.9589368e+00
   3.2726216e+00
   3.6013613e+00
   3.7477904e+00
   3.9295597e+00
   3.9528632e+00
   3.9964726e+00
   3.9592228e+00
   3.8050935e+00
   3.7196014e+00
   3.4501376e+00
   3.3127379e+00
   2.9755174e+00
   2.7544410e+00
   2.5457196e+00
   2.2535875e+00
   2.1658876e+00
   4.0882804e+00
   3.6328809e+00
   1.7726923e+00
   1.2335164e+00
   2.2233706e+00
   1.9837555e+00
   3.2185230e+00
   3.7968876e+00
   3.0864334e+00
   4.1482422e+00
   4.8713232e+00
   5.1841467e+00
   5.0736631e+00
   4.7607232e+00
   5.0600665e+00
   4.8495319e+00
   4.5755692e+00
   4.6048334e+00
   5.1481541e+00
   5.8148291e+00
   6.2411860e+00
   6.6082124e+00
   6.7029627e+00
   6.8598036e+00
   6.7807554e+00
   6.6965941e+00
   6.5110931e+00
   6.2135233e+00
   5.9864337e+00
   5.5766061e+00
   5.3962644e+00
   5.0543462e+00
   4.8587926e+00
   4.6080611e+00
   4.3604866e+00
   4.3775103e+00
   4.8302591e+00
   4.4196725e+00
   2.6272127e+00
   1.8820330e+00
   2.6035681e+00
   3.0443925e+00
   4.1718705e+00
   3.9979856e+00
   3.5203259e+00
   4.6996873e+00
   5.2341299e+00
   5.7372659e+00
   6.2341684e+00
   6.3482609e+00
   6.6737327e+00
   6.7460546e+00
   6.7636390e+00
   6.7231869e+00
   6.8192095e+00
   7.1028533e+00
   7.4928350e+00
   7.7486386e+00
   7.7420163e+00
   7.7681050e+00
   7.5796823e+00
   7.3261595e+00
   6.9665932e+00
   6.5832337e+00
   6.1978436e+00
   5.7744850e+00
   5.6160048e+00
   5.3883610e+00
   5.2789009e+00
   5.0998462e+00
   5.0367355e+00
   5.0450357e+00
   4.0913520e+00
   4.0025411e+00
   3.1601641e+00
   2.4888468e+00
   2.9553730e+00
   4.1136189e+00
   4.2192202e+00
   3.0044353e+00
   2.7150440e+00
   3.4940412e+00
   3.8184006e+00
   4.3260770e+00
   5.5745397e+00
   6.4026747e+00
   6.5010576e+00
   6.7152753e+00
   6.9252491e+00
   6.9954925e+00
   6.9272757e+00
   6.8239861e+00
   6.8774772e+00
   6.8095126e+00
   6.6347752e+00
   6.4012208e+00
   6.1272855e+00
   5.7783165e+00
   5.3309999e+00
   4.9306707e+00
   4.4906421e+00
   4.2368774e+00
   4.1384406e+00
   4.0681701e+00
   4.0798516e+00
   4.0772099e+00
   4.1522069e+00
   4.1014600e+00
   2.5894289e+00
   2.7051234e+00
   2.7682996e+00
   2.5950685e+00
   3.1256268e+00
   4.0600491e+00
   3.2813818e+00
   1.8250073e+00
   1.5073018e+00
   1.7855172e+00
   2.0147104e+00
   2.5371244e+00
   3.6188519e+00
   4.2035065e+00
   4.2714338e+00
   4.5503850e+00
   4.7842984e+00
   5.0812922e+00
   5.1596770e+00
   4.9876995e+00
   4.6909704e+00
   4.2906032e+00
   3.9130092e+00
   3.5292354e+00
   3.2610493e+00
   2.9819489e+00
   2.6485298e+00
   2.3386176e+00
   2.0969906e+00
   2.0398405e+00
   1.9941375e+00
   2.0198045e+00
   2.1041980e+00
   2.2327864e+00
   2.3181808e+00
   2.4062316e+00
   5.6310403e-01
   6.5878737e-01
   1.0283411e+00
   1.4444668e+00
   2.1732817e+00
   2.5622091e+00
   1.9580553e+00
   1.1257312e+00
   7.9415399e-01
   8.1646365e-01
   7.6890850e-01
   8.6512882e-01
   9.7020364e-01
   6.6677964e-01
   6.7324138e-01
   9.0663284e-01
   1.0554579e+00
   1.2695934e+00
   1.3224289e+00
   1.2417930e+00
   9.5883465e-01
   5.4422730e-01
   1.6047105e-01
  -9.2082530e-02
  -2.1964824e-01
  -3.1917816e-01
  -3.9705247e-01
  -4.3881148e-01
  -3.5805386e-01
  -3.0069348e-01
  -2.9890737e-01
  -2.3153433e-01
  -1.4244878e-01
  -8.9642853e-03
   1.3356707e-01
   3.9676842e-01
  -1.7374355e+00
  -1.6536192e+00
  -1.3846872e+00
  -9.1826212e-01
  -2.7331030e-01
   1.3776718e-01
   1.8020757e-01
  -2.8927358e-02
  -3.1746501e-01
  -6.1417657e-01
  -1.1670785e+00
  -1.7174510e+00
  -2.1245046e+00
  -2.5314657e+00
  -2.6749244e+00
  -2.6692905e+00
  -2.6550755e+00
  -2.6639171e+00
  -2.7609229e+00
  -2.8869535e+00
  -3.0472112e+00
  -3.2440186e+00
  -3.4055463e+00
  -3.4436777e+00
  -3.4246194e+00
  -3.3783112e+00
  -3.2591701e+00
  -3.0724092e+00
  -2.8418845e+00
  -2.6986687e+00
  -2.5936742e+00
  -2.4429194e+00
  -2.3030040e+00
  -2.1738956e+00
  -2.0036383e+00
  -1.8203905e+00
  -1.3858306e+00
  -1.3931958e+00
  -1.3868940e+00
  -1.3440191e+00
  -1.2490807e+00
  -1.1525936e+00
  -1.1233062e+00
  -1.1938787e+00
  -1.3637928e+00
  -1.5911305e+00
  -1.8878506e+00
  -2.1507232e+00
  -2.3122940e+00
  -2.4259368e+00
  -2.4938703e+00
  -2.4986334e+00
  -2.4160794e+00
  -2.2742519e+00
  -2.1600697e+00
  -2.1060959e+00
  -2.1326296e+00
  -2.1987367e+00
  -2.2632417e+00
  -2.2831202e+00
  -2.2574708e+00
  -2.1869096e+00
  -2.0765202e+00
  -1.9533423e+00
  -1.8185494e+00
  -1.6995485e+00
  -1.6011248e+00
  -1.5044280e+00
  -1.4346286e+00
  -1.4000981e+00
  -1.3845050e+00
  -1.3814298e+00
