   1.4863653e+00   1.4835337e+00   1.4699707e+00   1.4132146e+00   1.3033953e+00   1.2059678e+00   1.1965210e+00   1.3116194e+00   1.5464787e+00   1.8483809e+00   2.2103757e+00   2.4980583e+00   2.6509027e+00   2.7154814e+00   2.6955388e+00   2.6162183e+00   2.4719926e+00   2.3023863e+00   2.1834073e+00   2.1376430e+00   2.1720073e+00   2.2357578e+00   2.2914256e+00   2.3047440e+00   2.2779675e+00   2.2099484e+00   2.1039727e+00   1.9854639e+00   1.8576847e+00   1.7513148e+00   1.6736635e+00   1.6088511e+00   1.5692792e+00   1.5481616e+00   1.5250810e+00   1.5002632e+00
   1.7622275e+00   1.6714280e+00   1.4133635e+00   1.1552789e+00   1.0485243e+00   8.0480808e-01   7.8225380e-01   1.0918544e+00   1.4765998e+00   1.9525602e+00   2.3594491e+00   2.5404489e+00   2.7446613e+00   2.8486482e+00   2.7491717e+00   2.6833842e+00   2.6601185e+00   2.6949320e+00   2.8490589e+00   3.0328320e+00   3.2026777e+00   3.3643827e+00   3.4849990e+00   3.4958646e+00   3.4579210e+00   3.3910516e+00   3.2623625e+00   3.0750175e+00   2.8471397e+00   2.7111101e+00   2.6112900e+00   2.4769439e+00   2.3621860e+00   2.2462826e+00   2.0738819e+00   1.8716655e+00
   8.4422523e-01   1.0873357e+00   1.6166319e+00   2.5744939e+00   3.2230968e+00   2.7701726e+00   2.0804179e+00   1.6111015e+00   0.0000000e+00   0.0000000e+00   0.0000000e+00   0.0000000e+00   1.7325112e+00   1.3785411e+00   1.2514720e+00   1.4885263e+00   1.4987649e+00   1.6293129e+00   1.6672386e+00   1.6752909e+00   1.5754504e+00   1.3468131e+00   1.2256624e+00   1.1856877e+00   1.1895710e+00   1.2233815e+00   1.2487020e+00   1.1980374e+00   9.9802560e-01   8.8575649e-01   8.6406648e-01   8.1294042e-01   7.7408063e-01   7.2396737e-01   6.6075587e-01   6.5687180e-01
   2.8234277e+00   3.1278994e+00   3.6745782e+00   4.3435068e+00   0.0000000e+00   0.0000000e+00   0.0000000e+00   0.0000000e+00   0.0000000e+00   0.0000000e+00   0.0000000e+00   0.0000000e+00   3.7161124e+00   4.3410406e+00   4.6299992e+00   4.9008384e+00   5.1086221e+00   5.3371611e+00   5.2805080e+00   5.0153379e+00   4.7019205e+00   4.3091097e+00   3.9580746e+00   3.6254778e+00   3.4121728e+00   3.1834588e+00   2.8981929e+00   2.6109166e+00   2.3170485e+00   2.1958978e+00   2.1357408e+00   2.1583066e+00   2.2677701e+00   2.4262416e+00   2.5470333e+00   2.6240785e+00
   4.4475574e+00   4.5338840e+00   4.3437166e+00   0.0000000e+00   0.0000000e+00   0.0000000e+00   0.0000000e+00   0.0000000e+00   0.0000000e+00   0.0000000e+00   0.0000000e+00   0.0000000e+00   5.9181652e+00   6.7808833e+00   6.9998384e+00   7.2443571e+00   7.4291787e+00   7.3093948e+00   7.0565758e+00   6.8778434e+00   6.9251537e+00   6.8793631e+00   6.7578688e+00   6.5742784e+00   6.3350863e+00   6.0089493e+00   5.5684147e+00   5.1746578e+00   4.7222137e+00   4.4572248e+00   4.3567491e+00   4.3003840e+00   4.3491502e+00   4.3542514e+00   4.4347625e+00   4.4078965e+00
   5.1960676e+00   4.8587313e+00   3.6183927e+00   0.0000000e+00   0.0000000e+00   0.0000000e+00   0.0000000e+00   0.0000000e+00   0.0000000e+00   0.0000000e+00   0.0000000e+00   0.0000000e+00   6.6958965e+00   6.8911319e+00   7.2318954e+00   7.3138661e+00   7.2057486e+00   6.9235749e+00   6.9042806e+00   7.1566520e+00   7.5621304e+00   7.8365717e+00   7.8845658e+00   7.9492526e+00   7.7754297e+00   7.5432458e+00   7.1689505e+00   6.7953057e+00   6.3997145e+00   5.9966973e+00   5.8557948e+00   5.6417565e+00   5.5792206e+00   5.3880752e+00   5.3373256e+00   5.3430408e+00
   4.3977320e+00   3.8529739e+00   0.0000000e+00   0.0000000e+00   0.0000000e+00   0.0000000e+00   0.0000000e+00   0.0000000e+00   0.0000000e+00   0.0000000e+00   5.1993667e+00   5.5804537e+00   5.4752067e+00   5.2780873e+00   5.5391744e+00   5.2198141e+00   4.7615224e+00   4.6759713e+00   5.1968959e+00   5.8475034e+00   6.2843946e+00   6.6592392e+00   6.8024324e+00   6.9868144e+00   6.9159798e+00   6.8455947e+00   6.6370486e+00   6.3539986e+00   6.1147211e+00   5.7432822e+00   5.5807880e+00   5.2606093e+00   5.1099656e+00   4.8371556e+00   4.6631027e+00   4.6387480e+00
   2.2235279e+00   1.9434555e+00   1.2115810e+00   0.0000000e+00   0.0000000e+00   0.0000000e+00   0.0000000e+00   0.0000000e+00   0.0000000e+00   2.9174240e+00   3.2406906e+00   3.1061082e+00   2.9996014e+00   3.0071841e+00   2.7360110e+00   2.4016433e+00   2.3267684e+00   2.1208265e+00   2.3837540e+00   2.9960908e+00   3.3389034e+00   3.6596823e+00   3.7897060e+00   3.9791813e+00   4.0071507e+00   4.0542312e+00   4.0056701e+00   3.8582268e+00   3.7673896e+00   3.5271492e+00   3.3955855e+00   3.0968426e+00   2.9062026e+00   2.6911497e+00   2.5629174e+00   2.4382863e+00
   1.4118013e+00   1.3605665e+00   1.0318571e+00   0.0000000e+00   0.0000000e+00   1.3503050e+00   1.6900786e+00   0.0000000e+00   0.0000000e+00   1.7763298e+00   1.7438229e+00   1.5266032e+00   1.5122072e+00   1.6543083e+00   1.5239532e+00   1.7694763e+00   0.0000000e+00   0.0000000e+00   1.5945263e+00   1.8862541e+00   2.0563569e+00   2.1773314e+00   2.1593735e+00   2.1884942e+00   2.1884954e+00   2.2234542e+00   2.2070298e+00   2.1375203e+00   2.0765860e+00   1.9575837e+00   1.8856808e+00   1.7239007e+00   1.6262221e+00   1.5252129e+00   1.5381119e+00   1.4452190e+00
   3.4621871e+00   3.2039189e+00   1.9218740e+00   0.0000000e+00   0.0000000e+00   1.4432180e+00   2.2117069e+00   1.3795558e+00   0.0000000e+00   2.0950286e+00   2.0375392e+00   2.4361231e+00   2.2416615e+00   2.1935997e+00   3.4137931e+00   4.3516369e+00   0.0000000e+00   0.0000000e+00   0.0000000e+00   4.5603781e+00   4.4458218e+00   4.2689271e+00   4.0353255e+00   3.7323587e+00   3.5481672e+00   3.4364400e+00   3.2877767e+00   3.1782708e+00   2.9947178e+00   2.9393053e+00   2.9071984e+00   2.9134107e+00   3.0307374e+00   3.0145731e+00   3.1245475e+00   3.2423429e+00
   4.8204358e+00   4.5552164e+00   3.1029686e+00   1.7080651e+00   0.0000000e+00   3.0644308e+00   3.4310410e+00   1.7031948e+00   0.0000000e+00   0.0000000e+00   3.4421948e+00   3.4521877e+00   3.9494376e+00   5.1085128e+00   6.2556915e+00   0.0000000e+00   0.0000000e+00   0.0000000e+00   0.0000000e+00   7.2421802e+00   7.0784780e+00   7.0258615e+00   6.7833841e+00   6.4508879e+00   6.2696803e+00   6.0507834e+00   5.8141018e+00   5.6089433e+00   5.3722280e+00   5.1901090e+00   5.1009646e+00   4.9372212e+00   4.8984448e+00   4.8224646e+00   4.8774157e+00   4.9409735e+00
   4.2003813e+00   4.0887704e+00   3.2546241e+00   2.5270472e+00   0.0000000e+00   4.0909948e+00   3.9161987e+00   2.0213687e+00   0.0000000e+00   0.0000000e+00   3.7784283e+00   3.8871284e+00   4.8041406e+00   6.5576525e+00   7.3059793e+00   0.0000000e+00   0.0000000e+00   0.0000000e+00   0.0000000e+00   6.7400150e+00   6.5888996e+00   6.7129850e+00   6.4707127e+00   6.3821292e+00   6.2460160e+00   5.9693794e+00   5.7388539e+00   5.4228935e+00   5.2333136e+00   4.8850269e+00   4.7657638e+00   4.5075746e+00   4.3694797e+00   4.3563299e+00   4.3156066e+00   4.4587951e+00
   3.2964339e+00   3.3366430e+00   3.0260730e+00   3.0545139e+00   3.7157640e+00   4.2820172e+00   3.8987870e+00   2.3392572e+00   0.0000000e+00   0.0000000e+00   3.9017885e+00   4.4369183e+00   5.3708806e+00   6.9318829e+00   7.0901103e+00   0.0000000e+00   0.0000000e+00   0.0000000e+00   0.0000000e+00   0.0000000e+00   0.0000000e+00   5.2560191e+00   5.1751003e+00   5.3092103e+00   5.2458301e+00   5.0166483e+00   4.8137484e+00   4.4550142e+00   4.2518339e+00   3.8558373e+00   3.7026143e+00   3.4309986e+00   3.3171716e+00   3.3445361e+00   3.2780070e+00   3.4393549e+00
   2.4793091e+00   2.6806816e+00   2.7934761e+00   3.4504099e+00   4.1921458e+00   4.1206589e+00   3.6924520e+00   2.6241919e+00   0.0000000e+00   0.0000000e+00   3.9099944e+00   4.9217367e+00   5.7663507e+00   6.7884614e+00   0.0000000e+00   0.0000000e+00   0.0000000e+00   0.0000000e+00   0.0000000e+00   0.0000000e+00   0.0000000e+00   3.5044656e+00   3.6414216e+00   3.9414735e+00   3.9598026e+00   3.8254869e+00   3.6554675e+00   3.3005352e+00   3.0703031e+00   2.7017734e+00   2.5450215e+00   2.3154983e+00   2.2844906e+00   2.3359170e+00   2.2943446e+00   2.4404993e+00
   2.1348048e+00   2.5785716e+00   2.9325214e+00   3.7630469e+00   4.2281875e+00   3.4857560e+00   3.2656605e+00   2.8505122e+00   0.0000000e+00   0.0000000e+00   3.7082871e+00   5.1351843e+00   5.9147159e+00   0.0000000e+00   0.0000000e+00   0.0000000e+00   0.0000000e+00   0.0000000e+00   0.0000000e+00   0.0000000e+00   0.0000000e+00   0.0000000e+00   1.9133266e+00   2.2190282e+00   2.3436638e+00   2.3953100e+00   2.2624671e+00   2.0193702e+00   1.7725943e+00   1.6012057e+00   1.5668425e+00   1.5179551e+00   1.6808551e+00   1.7227173e+00   1.8342489e+00   1.8996554e+00
   2.9296614e+00   3.3670149e+00   3.7122688e+00   4.0446472e+00   3.9296181e+00   3.1538702e+00   2.7276669e+00   2.4019387e+00   0.0000000e+00   0.0000000e+00   3.2898386e+00   4.4419179e+00   0.0000000e+00   0.0000000e+00   0.0000000e+00   0.0000000e+00   0.0000000e+00   0.0000000e+00   0.0000000e+00   0.0000000e+00   0.0000000e+00   0.0000000e+00   1.6787391e+00   1.8241682e+00   1.9538696e+00   2.0671611e+00   1.9940472e+00   1.9541546e+00   1.9235868e+00   2.0193269e+00   2.1866985e+00   2.3161483e+00   2.5385078e+00   2.6208890e+00   2.7939343e+00   2.8382860e+00
   3.6256227e+00   3.9275496e+00   4.1784115e+00   4.2703838e+00   3.8317134e+00   3.0770779e+00   2.1674633e+00   2.0541906e+00   0.0000000e+00   0.0000000e+00   3.1268978e+00   3.8553159e+00   0.0000000e+00   0.0000000e+00   0.0000000e+00   0.0000000e+00   0.0000000e+00   0.0000000e+00   0.0000000e+00   0.0000000e+00   2.3116541e+00   1.9329271e+00   1.9151120e+00   1.9706044e+00   2.0474002e+00   2.1529458e+00   2.1315928e+00   2.1847272e+00   2.3030701e+00   2.5057724e+00   2.7655621e+00   2.9811072e+00   3.2319851e+00   3.3532996e+00   3.5339491e+00   3.6097388e+00
   4.3408222e+00   4.4450941e+00   4.5569501e+00   4.4905820e+00   3.8041730e+00   3.0923333e+00   1.5526747e+00   1.7204857e+00   0.0000000e+00   0.0000000e+00   3.0382576e+00   3.2473261e+00   0.0000000e+00   0.0000000e+00   0.0000000e+00   0.0000000e+00   0.0000000e+00   0.0000000e+00   3.3172553e+00   3.5194452e+00   3.2934501e+00   2.6706090e+00   2.3580787e+00   2.3430781e+00   2.3393202e+00   2.4091971e+00   2.4412086e+00   2.5515890e+00   2.8047922e+00   3.0599654e+00   3.3759556e+00   3.6476083e+00   3.9172964e+00   4.0801139e+00   4.2480125e+00   4.3788972e+00
   4.2402211e+00   4.3464772e+00   4.1317146e+00   4.1846130e+00   3.7728692e+00   2.8894098e+00   1.7414757e+00   2.1579533e+00   0.0000000e+00   0.0000000e+00   1.6383382e+00   1.7126855e+00   0.0000000e+00   0.0000000e+00   0.0000000e+00   0.0000000e+00   0.0000000e+00   0.0000000e+00   4.1112937e+00   3.8543785e+00   3.5010896e+00   2.9622446e+00   2.4999478e+00   2.4172817e+00   2.3736508e+00   2.4474390e+00   2.5186983e+00   2.5922352e+00   2.8223068e+00   3.0151873e+00   3.2126480e+00   3.3713988e+00   3.6461512e+00   3.7967000e+00   3.9881447e+00   4.1572057e+00
   3.3432915e+00   3.6356065e+00   3.4556775e+00   3.4653926e+00   3.2306581e+00   2.5101066e+00   1.9823475e+00   2.4940026e+00   0.0000000e+00   0.0000000e+00   1.4636770e+00   1.1455992e+00   0.0000000e+00   0.0000000e+00   0.0000000e+00   0.0000000e+00   0.0000000e+00   0.0000000e+00   3.9566193e+00   3.3021615e+00   2.8122149e+00   2.4769111e+00   2.1894581e+00   2.1687078e+00   2.1622972e+00   2.2661495e+00   2.3244002e+00   2.3275905e+00   2.4337561e+00   2.4467564e+00   2.5297847e+00   2.5360665e+00   2.7403121e+00   2.8874924e+00   3.0658453e+00   3.2488627e+00
   2.5047207e+00   2.9298739e+00   2.8023059e+00   2.7200003e+00   2.6104808e+00   2.1487467e+00   2.2349472e+00   2.8993173e+00   0.0000000e+00   2.1667626e+00   1.6314452e+00   1.1550398e+00   0.0000000e+00   0.0000000e+00   0.0000000e+00   0.0000000e+00   0.0000000e+00   0.0000000e+00   3.7701945e+00   2.8855264e+00   2.3121662e+00   2.1799655e+00   2.0563905e+00   2.1125124e+00   2.1348450e+00   2.2409625e+00   2.2758305e+00   2.2065272e+00   2.2002151e+00   2.0292356e+00   1.9956803e+00   1.8415190e+00   1.9363563e+00   2.0771084e+00   2.2245340e+00   2.4163451e+00
   1.5722267e+00   2.0512476e+00   2.0270862e+00   1.7245604e+00   1.6623450e+00   1.7315390e+00   2.5783835e+00   3.5580473e+00   0.0000000e+00   2.6830929e+00   2.5737061e+00   2.3973146e+00   0.0000000e+00   0.0000000e+00   0.0000000e+00   0.0000000e+00   0.0000000e+00   0.0000000e+00   3.4674444e+00   2.6496965e+00   2.0848188e+00   2.2077015e+00   2.2672962e+00   2.4522344e+00   2.4927085e+00   2.5423561e+00   2.5256084e+00   2.3603429e+00   2.2366421e+00   1.8249992e+00   1.6398983e+00   1.2664795e+00   1.1403831e+00   1.2665028e+00   1.3368811e+00   1.5287587e+00
   2.1073401e+00   2.3142287e+00   2.1154134e+00   1.1150787e+00   0.0000000e+00   1.8596733e+00   3.2229323e+00   4.5616815e+00   4.5454435e+00   3.0823083e+00   2.4011292e+00   0.0000000e+00   0.0000000e+00   0.0000000e+00   0.0000000e+00   0.0000000e+00   5.1830948e+00   4.4604983e+00   4.1514487e+00   3.9521146e+00   3.5472057e+00   3.7619648e+00   3.8489990e+00   4.0802202e+00   4.0547438e+00   3.9016991e+00   3.8072343e+00   3.5928814e+00   3.5399871e+00   3.1434910e+00   2.9320555e+00   2.4922859e+00   2.0665479e+00   2.0402377e+00   1.9399023e+00   2.1835089e+00
   3.1403511e+00   3.1217024e+00   2.7358527e+00   1.4825628e+00   0.0000000e+00   0.0000000e+00   3.5369644e+00   4.6709709e+00   4.6979570e+00   3.3246953e+00   2.3567588e+00   0.0000000e+00   0.0000000e+00   0.0000000e+00   0.0000000e+00   5.5373893e+00   6.1508522e+00   5.4337835e+00   5.0709677e+00   5.1144543e+00   4.9440546e+00   5.2049823e+00   5.3098211e+00   5.4560413e+00   5.3376918e+00   5.0521369e+00   4.8797679e+00   4.6799207e+00   4.6873312e+00   4.4194427e+00   4.2367153e+00   3.8400552e+00   3.3649497e+00   3.2234354e+00   3.0733850e+00   3.2951667e+00
   4.1530623e+00   3.9173040e+00   3.3754435e+00   2.1018939e+00   0.0000000e+00   0.0000000e+00   3.5762908e+00   4.2656178e+00   4.4026074e+00   3.5095267e+00   0.0000000e+00   0.0000000e+00   0.0000000e+00   0.0000000e+00   0.0000000e+00   5.8302045e+00   6.6990506e+00   6.2421274e+00   5.8862705e+00   6.0380824e+00   6.1200719e+00   6.3800645e+00   6.5145079e+00   6.5372562e+00   6.3263731e+00   5.9518097e+00   5.7019005e+00   5.5458360e+00   5.5905459e+00   5.4793119e+00   5.3369036e+00   5.0250219e+00   4.5846405e+00   4.3460078e+00   4.1908293e+00   4.3458910e+00
   4.6139608e+00   4.1962844e+00   3.6309915e+00   2.7948754e+00   0.0000000e+00   0.0000000e+00   2.9508240e+00   2.8704096e+00   3.4338319e+00   3.5791027e+00   0.0000000e+00   0.0000000e+00   0.0000000e+00   0.0000000e+00   0.0000000e+00   5.0798573e+00   6.1781085e+00   6.3628824e+00   6.0841496e+00   6.1370441e+00   6.4371003e+00   6.5766494e+00   6.7787194e+00   6.6605327e+00   6.3911470e+00   6.0361007e+00   5.7234257e+00   5.6558882e+00   5.6655569e+00   5.7009874e+00   5.5939884e+00   5.4148006e+00   5.1112181e+00   4.8260220e+00   4.7312563e+00   4.7359131e+00
   2.5965829e+00   2.1645536e+00   2.0162065e+00   2.0787749e+00   0.0000000e+00   0.0000000e+00   0.0000000e+00   0.0000000e+00   1.8591766e+00   2.6259694e+00   0.0000000e+00   0.0000000e+00   0.0000000e+00   0.0000000e+00   0.0000000e+00   0.0000000e+00   3.6941123e+00   4.0532742e+00   3.8879888e+00   3.8206141e+00   3.9804256e+00   3.9351237e+00   4.0092940e+00   3.8596449e+00   3.7168996e+00   3.5198069e+00   3.3054290e+00   3.2716274e+00   3.2095671e+00   3.2485490e+00   3.1551044e+00   3.1096950e+00   2.9863734e+00   2.8169761e+00   2.7234361e+00   2.6304536e+00
   1.9524692e+00   1.8709500e+00   1.7420794e+00   0.0000000e+00   0.0000000e+00   0.0000000e+00   0.0000000e+00   0.0000000e+00   1.1932112e+00   1.3285481e+00   0.0000000e+00   0.0000000e+00   0.0000000e+00   0.0000000e+00   0.0000000e+00   0.0000000e+00   1.2865286e+00   1.4943018e+00   1.4988538e+00   1.4630661e+00   1.6224890e+00   1.6999848e+00   1.9558318e+00   2.0978289e+00   2.1039467e+00   2.0550570e+00   1.8877995e+00   1.8575819e+00   1.8313410e+00   1.8877287e+00   1.9177717e+00   1.9317439e+00   1.8792334e+00   1.7793548e+00   1.8432981e+00   1.8761660e+00
   3.7938774e+00   3.6601458e+00   3.5193305e+00   3.0349257e+00   0.0000000e+00   0.0000000e+00   0.0000000e+00   0.0000000e+00   2.4858576e+00   2.3465693e+00   0.0000000e+00   0.0000000e+00   0.0000000e+00   0.0000000e+00   0.0000000e+00   0.0000000e+00   0.0000000e+00   1.9125895e+00   2.4173722e+00   2.6842704e+00   2.9021844e+00   3.1271181e+00   3.5384693e+00   3.8042016e+00   3.8893852e+00   3.7940936e+00   3.5922949e+00   3.5036952e+00   3.4267423e+00   3.4657707e+00   3.4825706e+00   3.5324852e+00   3.4937560e+00   3.4511209e+00   3.5684595e+00   3.6628387e+00
   6.2410336e+00   5.9811418e+00   5.8760850e+00   5.3190041e+00   0.0000000e+00   0.0000000e+00   0.0000000e+00   0.0000000e+00   4.6026397e+00   4.5248833e+00   0.0000000e+00   0.0000000e+00   0.0000000e+00   0.0000000e+00   0.0000000e+00   0.0000000e+00   0.0000000e+00   0.0000000e+00   4.8227606e+00   5.4620426e+00   5.7035415e+00   6.1079111e+00   6.5392062e+00   6.7865995e+00   6.8993716e+00   6.6937458e+00   6.4380272e+00   6.1960287e+00   6.0190256e+00   5.9608138e+00   5.9014020e+00   5.9662135e+00   5.9292967e+00   5.9746313e+00   6.0500119e+00   6.1630900e+00
   7.0101457e+00   6.9122071e+00   6.8744850e+00   6.5760379e+00   0.0000000e+00   0.0000000e+00   0.0000000e+00   5.3570247e+00   5.6644812e+00   5.5968456e+00   0.0000000e+00   0.0000000e+00   0.0000000e+00   0.0000000e+00   0.0000000e+00   0.0000000e+00   0.0000000e+00   0.0000000e+00   6.1858082e+00   6.9203911e+00   7.1457596e+00   7.6674662e+00   7.9772034e+00   8.1404228e+00   8.1959906e+00   7.9699922e+00   7.6970339e+00   7.2942448e+00   7.0353255e+00   6.8201013e+00   6.7296019e+00   6.7646294e+00   6.7390261e+00   6.8694115e+00   6.9026899e+00   7.0269499e+00
   6.1717582e+00   6.2578511e+00   6.2691622e+00   6.2868905e+00   6.1433988e+00   5.5461097e+00   5.5231757e+00   5.4363427e+00   5.0512862e+00   4.8406820e+00   0.0000000e+00   0.0000000e+00   0.0000000e+00   0.0000000e+00   0.0000000e+00   0.0000000e+00   0.0000000e+00   0.0000000e+00   6.5682368e+00   6.9888887e+00   7.2123661e+00   7.5629315e+00   7.7017326e+00   7.7128391e+00   7.5931406e+00   7.3807087e+00   7.1145864e+00   6.7451930e+00   6.4389658e+00   6.1341119e+00   6.0213170e+00   5.9535303e+00   5.8963523e+00   5.9766397e+00   6.0318527e+00   6.1557360e+00
   4.2990871e+00   4.3723993e+00   4.4610043e+00   4.6041566e+00   4.2786951e+00   4.1918793e+00   4.4826823e+00   3.9592693e+00   3.4654837e+00   0.0000000e+00   0.0000000e+00   0.0000000e+00   0.0000000e+00   0.0000000e+00   0.0000000e+00   4.6147085e+00   5.2529526e+00   5.7884254e+00   5.9358337e+00   5.9205198e+00   5.9828796e+00   5.9583552e+00   5.8802366e+00   5.7376270e+00   5.5329244e+00   5.3424969e+00   5.1589627e+00   5.0107242e+00   4.7531619e+00   4.4950414e+00   4.3278423e+00   4.1374998e+00   4.0075879e+00   3.9545457e+00   4.0536318e+00   4.1950874e+00
   1.6522297e+00   1.6841860e+00   1.7888685e+00   1.8646567e+00   1.5961151e+00   1.9149481e+00   2.3525984e+00   2.1184468e+00   1.9522294e+00   0.0000000e+00   0.0000000e+00   0.0000000e+00   0.0000000e+00   0.0000000e+00   0.0000000e+00   2.9276810e+00   3.4061537e+00   3.6265147e+00   3.5266035e+00   3.3065217e+00   3.1267748e+00   2.8757422e+00   2.6055841e+00   2.3535924e+00   2.2233300e+00   2.1644878e+00   2.1806235e+00   2.2431748e+00   2.1576164e+00   2.0067434e+00   1.8297679e+00   1.6365857e+00   1.5228480e+00   1.4787155e+00   1.5658175e+00   1.6158016e+00
   1.8243861e+00   1.7260941e+00   1.5506623e+00   1.4369426e+00   1.4314187e+00   1.4138694e+00   1.2778567e+00   9.7807145e-01   7.7851999e-01   6.9088197e-01   0.0000000e+00   0.0000000e+00   0.0000000e+00   0.0000000e+00   0.0000000e+00   0.0000000e+00   1.7286725e+00   1.8211648e+00   1.7935017e+00   1.8490224e+00   1.9322917e+00   1.9353175e+00   1.9834342e+00   2.1352267e+00   2.2424691e+00   2.2609856e+00   2.1940908e+00   2.0643079e+00   1.8766339e+00   1.6628370e+00   1.5732071e+00   1.5923511e+00   1.6213577e+00   1.6705704e+00   1.7543592e+00   1.8301504e+00
   1.4578011e+00   1.4565498e+00   1.4335960e+00   1.3967609e+00   1.3387475e+00   1.2641048e+00   1.1879689e+00   1.1175182e+00   1.0769777e+00   1.0382780e+00   0.0000000e+00   0.0000000e+00   0.0000000e+00   0.0000000e+00   6.6635001e-01   8.3271009e-01   1.0432132e+00   1.2618245e+00   1.4446833e+00   1.5976190e+00   1.6761882e+00   1.6889600e+00   1.6900058e+00   1.7147527e+00   1.7441635e+00   1.7456706e+00   1.6978595e+00   1.6128550e+00   1.4902973e+00   1.3676068e+00   1.2868446e+00   1.2469244e+00   1.2522844e+00   1.2924929e+00   1.3627325e+00   1.4283479e+00
