   5.5846284e-01
   1.8172979e-01
  -4.8634925e-01
  -1.5059222e+00
  -1.8558781e+00
  -1.3075229e+00
  -1.1987577e+00
  -2.4696356e+00
  -2.0357322e+00
  -1.4374705e+00
  -8.8001304e-01
   2.3433586e-01
  -1.2148367e+00
  -1.9154868e+00
  -2.3527666e+00
  -4.1047826e+00
  -5.3179243e+00
  -6.2055676e+00
  -6.0182331e+00
  -4.7556694e+00
  -4.4293847e+00
  -4.0541955e+00
  -3.1690924e+00
   3.1491651e+00
   2.8660610e+00
  -4.7594553e+00
  -5.5919728e+00
   3.2789651e-01
   2.2737601e+00
   2.9149833e+00
   3.7001376e+00
   6.5283648e+00
   7.2389517e+00
   6.0703090e+00
   3.4949898e+00
   1.6422350e+00
   2.8183224e+00
   3.4312577e+00
   3.7256690e+00
   3.7997628e+00
   3.6195192e+00
   2.9009822e+00
   2.1931179e+00
   1.8097587e+00
   1.5930888e+00
   1.5984431e+00
   3.2678133e-01
   6.9063187e-01
   9.8514415e-01
   1.1915743e+00
   1.2365933e+00
   1.2648724e+00
   4.5476172e-01
  -4.7220781e-01
  -1.4672604e+00
  -1.8869526e+00
  -2.0163701e+00
  -1.7836512e+00
  -2.8868827e+00
  -2.0144628e+00
  -5.4722396e-01
  -1.9114305e+00
  -4.2509245e+00
  -4.1030625e+00
  -3.3503635e+00
  -3.5057548e+00
  -3.9919477e+00
  -2.5526421e+00
  -1.2060972e+00
  -1.0343946e+00
   6.3378367e-02
   1.4338469e+00
   5.3726119e+00
   5.7562358e+00
   5.9447045e+00
   6.0625674e+00
   6.1376123e+00
   6.0285451e+00
   5.7170085e+00
   5.4689829e+00
   5.3071997e+00
   5.2465503e+00
   5.3281055e+00
   4.8919862e+00
   4.5202780e+00
   4.5130014e+00
   4.4613991e+00
   4.1932956e+00
   4.0630569e+00
   4.0159621e+00
   4.0181738e+00
   4.1546138e+00
   4.3621362e+00
   4.5473143e+00
   4.5445207e+00
   4.2270150e+00
   3.9524953e+00
   3.8842424e+00
   3.7503650e+00
   3.0968697e+00
   2.5438645e+00
   2.4031355e+00
   2.4137632e+00
   2.6091678e+00
   3.0533927e+00
   3.7038524e+00
   4.2540518e+00
   4.7331218e+00
   5.6074969e+00
   5.9209655e+00
   6.2307884e+00
   6.5315314e+00
   6.7995457e+00
   6.9605938e+00
   6.9808681e+00
   6.8907370e+00
   6.7492919e+00
   6.7071798e+00
   5.5313678e+00
   5.3562168e+00
   6.1773586e+00
   6.2336234e+00
   6.4144961e+00
   6.4269043e+00
   6.4341152e+00
   6.4645203e+00
   6.5981244e+00
   6.8110661e+00
   7.0737036e+00
   7.1531518e+00
   7.2626159e+00
   7.4412018e+00
   7.4962803e+00
   7.3434759e+00
   7.3098422e+00
   6.9627177e+00
   6.5795104e+00
   6.3356821e+00
   6.1446336e+00
   6.0107389e+00
   5.8668779e+00
   5.7087594e+00
   5.5676342e+00
   5.4073213e+00
   4.3887792e+00
   4.6947503e+00
   5.1148719e+00
   5.5539630e+00
   6.0161498e+00
   6.3315925e+00
   6.5571576e+00
   6.6436210e+00
   6.6119112e+00
   6.3518911e+00
   3.0592902e+00
   4.4935879e+00
   5.1544591e+00
   5.9018954e+00
   6.4510180e+00
   6.9488884e+00
   7.2460108e+00
   7.4615459e+00
   7.5660786e+00
   7.6255867e+00
   7.6861035e+00
   7.3068055e+00
   7.2107607e+00
   7.5047691e+00
   7.8954368e+00
   8.2337030e+00
   8.5538676e+00
   8.4354446e+00
   8.3093099e+00
   8.0913259e+00
   7.6758119e+00
   7.1022972e+00
   6.4502347e+00
   5.6337457e+00
   4.9879986e+00
   4.3176905e+00
   3.1240895e+00
   3.2682312e+00
   3.4971165e+00
   3.8652730e+00
   4.3236633e+00
   4.7210653e+00
   5.1140620e+00
   5.3359139e+00
   5.4133216e+00
   5.1113030e+00
   2.6040834e+00
   2.1006005e+00
   2.9780222e+00
   4.1815590e+00
   5.1235421e+00
   6.1004643e+00
   6.7287895e+00
   7.1564050e+00
   7.1349252e+00
   6.7496678e+00
   6.1470569e+00
   5.3232394e+00
   5.1926274e+00
   5.6720408e+00
   6.4937493e+00
   7.4218378e+00
   8.0309990e+00
   8.3073233e+00
   8.2384085e+00
   7.7934539e+00
   7.0338919e+00
   6.2025302e+00
   4.2252105e+00
   4.2033277e+00
   3.3663513e+00
   2.4347048e+00
   1.9057706e+00
   1.7004213e+00
   1.6769024e+00
   1.9351582e+00
   2.3069235e+00
   2.7068795e+00
   3.1005230e+00
   3.4468646e+00
   3.6463125e+00
   3.3834134e+00
   1.3922873e+00
   4.9579418e-01
   7.5400129e-01
   2.3203599e+00
   3.2687905e+00
   4.4560318e+00
   5.2728825e+00
   5.7199162e+00
   5.4592988e+00
   4.1736955e+00
   2.9150799e+00
   2.7711510e+00
   2.7137523e+00
   3.2343575e+00
   4.3110757e+00
   5.4449692e+00
   6.2073037e+00
   6.6542943e+00
   6.4220183e+00
   5.5046089e+00
   4.6380867e+00
   3.8314019e+00
   1.7439654e+00
   2.3774991e+00
   2.0908683e+00
   2.2639419e+00
   2.1295632e-01
  -1.0326560e-01
  -1.8849225e-01
  -1.2271129e-01
   8.6657719e-02
   4.4945330e-01
   9.4357947e-01
   1.3998745e+00
   1.5774412e+00
   1.2742622e+00
   6.0993109e-01
   2.3740638e-01
  -6.4613434e-01
   5.2098965e-01
   1.4002093e+00
   2.4469361e+00
   3.0577129e+00
   3.2385348e+00
   2.4241221e+00
   4.9467009e-01
   5.0439700e-01
   3.9215892e-01
   4.0054238e-01
   7.6209684e-01
   1.7315200e+00
   2.5475129e+00
   3.2084603e+00
   3.4734536e+00
   3.0069206e+00
   1.6835669e+00
   1.0742189e+00
   1.1077014e+00
   6.1548865e-01
   1.0114816e+00
   8.3182887e-01
   7.0376525e-01
  -1.1839541e+00
  -1.5066414e+00
  -1.6644443e+00
  -1.7237598e+00
  -1.5320342e+00
  -1.0898712e+00
  -5.0424906e-01
  -1.5978094e-01
  -2.0414434e-01
  -4.2274639e-01
   2.3248279e-01
   1.6944180e-01
  -1.2377834e+00
  -8.6095250e-01
  -1.1112237e-01
   7.2930011e-01
   9.9382139e-01
   7.2998149e-01
  -5.1901626e-01
  -9.7701918e-01
  -6.9905627e-02
  -1.1900811e+00
  -1.3615253e+00
  -1.1572000e+00
  -6.4408286e-01
  -2.0074363e-01
   2.2199259e-01
   3.7704303e-01
   5.9441902e-02
  -1.8754055e-01
  -5.1430956e-01
  -2.4652599e-01
  -1.2719046e-01
   6.3774823e-02
  -2.9319105e-01
  -6.5542689e-01
  -2.6671918e+00
  -2.9735460e+00
  -3.1695775e+00
  -3.2162151e+00
  -2.9362858e+00
  -2.3782790e+00
  -1.9177827e+00
  -1.9205730e+00
  -2.3337110e+00
  -2.2859870e+00
  -6.2687997e-02
  -1.3157076e-01
  -1.6459985e+00
  -2.2063731e+00
  -1.4683953e+00
  -1.1859318e+00
  -1.5471854e+00
  -2.4189662e+00
  -3.2629343e+00
  -3.2835960e-01
  -2.1631337e-01
  -1.6681791e+00
  -2.8187659e+00
  -2.9403446e+00
  -3.2404992e+00
  -3.2691018e+00
  -3.1543003e+00
  -2.9067965e+00
  -2.4552097e+00
  -1.1726028e+00
  -1.0337573e+00
  -1.0335711e+00
  -8.6519477e-01
  -1.3854364e+00
  -1.8755750e+00
  -2.2621876e+00
  -3.6547743e+00
  -3.8981588e+00
  -4.0755554e+00
  -4.0403144e+00
  -3.7254848e+00
  -3.2201183e+00
  -3.0002153e+00
  -3.3476787e+00
  -3.9351989e+00
  -3.4318401e+00
  -7.1987742e-02
  -2.2654161e-01
  -1.6117444e+00
  -2.0009043e+00
  -2.4089808e+00
  -2.6526863e+00
  -3.4577692e+00
  -4.4271542e+00
  -4.2631397e+00
  -7.3481697e-01
  -6.2615022e-01
  -1.9413307e+00
  -2.3728871e+00
  -3.8747841e+00
  -4.7030366e+00
  -5.0383505e+00
  -5.0571119e+00
  -4.6426386e+00
  -3.2552205e+00
  -1.1094872e+00
  -1.4325024e+00
  -1.3000722e+00
  -1.3825938e+00
  -2.7187828e+00
  -3.1136435e+00
  -3.3703279e+00
  -4.2279667e+00
  -4.3955376e+00
  -4.4803760e+00
  -4.3428905e+00
  -4.1339620e+00
  -4.0836425e+00
  -4.3701216e+00
  -4.9501521e+00
  -5.3012000e+00
  -4.2451837e+00
  -8.1035229e-01
   2.6516015e-02
  -9.6683685e-01
  -1.1316235e+00
  -3.0516311e+00
  -4.1253235e+00
  -5.0342005e+00
  -5.4584396e+00
  -4.0405772e+00
  -5.5942044e-01
  -1.0597811e+00
  -1.5711303e+00
  -2.0310875e+00
  -4.6014359e+00
  -5.6456800e+00
  -6.1460873e+00
  -6.1876816e+00
  -5.5009977e+00
  -3.4389221e+00
  -1.1032523e+00
  -1.3618333e+00
  -1.6944901e+00
  -2.5705363e+00
  -3.9519788e+00
  -3.9957274e+00
  -4.0804492e+00
  -3.9803194e+00
  -4.0196844e+00
  -3.9367189e+00
  -3.7910280e+00
  -4.0479771e+00
  -4.8223384e+00
  -5.6255595e+00
  -6.0337572e+00
  -5.9084673e+00
  -4.6947652e+00
  -1.3010958e+00
   3.0191207e-02
  -4.0292167e-01
  -1.0494107e+00
  -3.6326359e+00
  -5.1991705e+00
  -5.7020490e+00
  -5.2753236e+00
  -2.9859713e+00
  -3.2931171e-01
  -1.0633492e+00
  -1.1117300e+00
  -1.2881344e+00
  -4.3757662e+00
  -5.9039641e+00
  -6.4109356e+00
  -6.3478379e+00
  -5.3758945e+00
  -3.2613603e+00
  -1.4306762e+00
  -9.0920067e-01
  -2.2919462e+00
  -3.8880334e+00
  -4.2924832e+00
  -4.0861353e+00
  -4.0032009e+00
  -3.0959672e+00
  -2.9273737e+00
  -2.6261147e+00
  -2.5298349e+00
  -3.4826064e+00
  -5.1654270e+00
  -6.3149354e+00
  -6.3956652e+00
  -5.8369958e+00
  -4.4103500e+00
  -5.9210406e-01
  -2.9927856e-01
  -4.3203774e-01
  -1.1701289e+00
  -4.3245185e+00
  -5.6033905e+00
  -5.5201968e+00
  -4.3178010e+00
  -1.3594601e+00
   8.5170253e-02
  -7.5431081e-01
  -1.0971267e+00
  -1.3988925e+00
  -4.0955586e+00
  -5.5473791e+00
  -5.9536108e+00
  -5.7544104e+00
  -4.6437129e+00
  -2.7560138e+00
  -1.6858760e+00
  -1.4731434e+00
  -2.8839065e+00
  -4.5328973e+00
  -3.8216944e+00
  -3.5326550e+00
  -3.2713249e+00
  -1.8577042e+00
  -1.5828707e+00
  -1.2378616e+00
  -1.2913497e+00
  -2.5102323e+00
  -4.5502949e+00
  -6.0323006e+00
  -6.1216134e+00
  -5.1249145e+00
  -2.8655927e+00
  -2.9908191e-01
  -1.1168631e+00
  -9.4968569e-01
  -1.1772364e+00
  -3.5889089e+00
  -5.1064087e+00
  -4.5140286e+00
  -2.7140321e+00
   6.9310032e-02
   4.6192422e-01
  -4.0598958e-01
  -1.5416721e+00
  -2.9275675e+00
  -3.8142302e+00
  -4.5482237e+00
  -4.7115246e+00
  -4.3275948e+00
  -3.2172679e+00
  -1.7759324e+00
  -1.5378419e+00
  -2.8814420e+00
  -4.0888858e+00
  -2.8693321e+00
  -3.0291998e+00
  -2.6581840e+00
  -2.1908888e+00
  -1.8314752e+00
  -1.8653856e+00
  -1.9080040e+00
  -2.1002087e+00
  -2.6285097e+00
  -3.4788237e+00
  -4.1495430e+00
  -4.0757454e+00
  -2.9316045e+00
  -7.2238548e-01
  -5.3845094e-01
  -2.5294906e+00
  -2.1781739e+00
  -1.1284906e+00
  -2.4852096e+00
  -3.6318447e+00
  -2.7919826e+00
  -7.9201670e-01
   1.3218989e+00
   9.0916590e-01
  -1.1411756e-01
  -1.9174872e+00
  -3.1324856e+00
  -2.9707631e+00
  -3.2331083e+00
  -3.1103818e+00
  -2.5527484e+00
  -1.6329800e+00
  -7.3228933e-01
  -8.0291544e-01
  -2.4033720e+00
  -2.3282505e+00
  -1.4803814e+00
  -2.4781513e+00
  -2.2280991e+00
  -1.9315882e+00
  -3.7995558e+00
  -4.1977739e+00
  -4.5491618e+00
  -4.8209433e+00
  -4.8616965e+00
  -4.6025008e+00
  -3.8327204e+00
  -2.6498619e+00
  -8.1387648e-01
   1.5114445e+00
  -6.1718901e-01
  -3.9086643e+00
  -4.3590835e+00
  -1.6306441e+00
  -1.9618216e+00
  -1.8210854e+00
  -9.1306986e-01
   9.2085163e-01
   2.0794909e+00
   1.0442296e+00
   1.8521210e-01
  -1.9282948e+00
  -2.7946006e+00
  -1.9903272e+00
  -1.8642863e+00
  -1.6078038e+00
  -1.1230728e+00
  -5.5851717e-01
  -1.2632347e-01
  -1.6599094e-01
  -1.0538067e+00
  -6.0162093e-01
  -2.8236166e+00
  -2.8550385e+00
  -3.0273434e+00
  -3.3724056e+00
  -5.3934441e+00
  -5.9163937e+00
  -6.3874927e+00
  -6.7711143e+00
  -6.8936519e+00
  -6.6174505e+00
  -5.7070355e+00
  -4.2350790e+00
  -1.9254310e+00
   1.1327719e+00
  -5.3067374e-01
  -4.4808832e+00
  -5.6378576e+00
  -3.3084807e+00
  -2.3485386e+00
  -3.2200110e-01
   7.4703665e-01
   2.2087737e+00
   2.6268008e+00
   1.0282181e+00
   3.9658212e-01
  -2.1724473e+00
  -2.5086348e+00
  -1.1001574e+00
  -6.4996514e-01
  -3.2366807e-01
  -9.6779110e-02
   3.3942387e-01
   1.5404591e-01
   1.1588936e-01
  -3.2616220e-01
  -1.8861605e+00
  -3.7567163e+00
  -3.4626050e+00
  -4.1209376e+00
  -4.7617054e+00
  -5.3689506e+00
  -5.9605560e+00
  -6.5143898e+00
  -6.9833478e+00
  -7.2377007e+00
  -7.2298385e+00
  -6.8140432e+00
  -5.9859866e+00
  -4.5238040e+00
  -1.2813455e+00
  -1.2777255e+00
  -5.1653250e+00
  -5.1115930e+00
  -4.4092002e+00
  -2.2547817e+00
   7.2773982e-01
   2.5346342e+00
   3.3919865e+00
   3.0528729e+00
   8.4188048e-01
   3.8234968e-01
  -2.3607431e+00
  -1.6697065e+00
  -2.3484935e-01
   3.5195216e-01
   7.8820381e-01
   5.5360683e-01
   4.8145542e-01
  -2.4364598e-01
   2.7796864e-01
  -5.1035674e-01
  -2.2534491e+00
  -3.2924010e+00
  -3.3964599e+00
  -4.1345948e+00
  -4.7472817e+00
  -4.5933136e+00
  -5.0452776e+00
  -5.6202732e+00
  -6.2802211e+00
  -6.8273377e+00
  -7.2006910e+00
  -7.2505979e+00
  -6.8450181e+00
  -6.1333226e+00
  -3.1764577e+00
  -2.1335353e+00
  -6.1187582e+00
  -5.6023740e+00
  -4.7753220e+00
  -2.5610674e+00
   8.1283988e-01
   3.0293647e+00
   1.6262973e+00
   1.7193613e+00
   4.0014584e-01
   1.5263696e-01
  -8.9842298e-01
  -7.4119405e-01
   1.6458068e-01
   8.9371253e-01
   1.7380314e+00
   8.6877121e-01
   1.9683098e-01
  -4.3450804e-01
   1.3833817e-01
  -8.5221047e-01
  -2.0326560e+00
  -2.6854109e+00
  -3.0889625e+00
  -3.7662730e+00
  -4.2185838e+00
  -4.6295984e+00
  -4.9235808e+00
  -5.3125958e+00
  -5.8505456e+00
  -6.3430126e+00
  -6.7099113e+00
  -6.8992055e+00
  -6.8323203e+00
  -6.7888830e+00
  -5.2055568e+00
  -2.6968469e+00
  -5.3262633e+00
  -6.5782836e+00
  -5.7259175e+00
  -3.6831228e+00
   7.0627712e-02
   2.4935054e+00
   4.9737208e-01
   1.8026356e-01
   1.5574688e-01
  -2.8022282e-02
  -2.4633413e-01
  -4.9633805e-01
   2.0547098e-01
   1.1222857e+00
   2.1358421e+00
   1.2284458e+00
   4.0613874e-01
  -1.3824282e-01
  -3.3954373e-01
  -1.2243836e+00
  -1.9926093e+00
  -2.6016226e+00
  -3.2423967e+00
  -3.9361478e+00
  -4.3605631e+00
  -5.3902388e+00
  -5.8082183e+00
  -6.2348412e+00
  -6.6317175e+00
  -6.7729863e+00
  -6.5347011e+00
  -6.1079892e+00
  -5.8584423e+00
  -5.3719486e+00
  -7.3346108e+00
  -7.0089405e+00
  -4.9806732e+00
  -7.2669043e+00
  -6.4697889e+00
  -4.7427497e+00
  -1.2316937e+00
   1.9826113e+00
  -1.3578370e-01
  -3.4647682e-01
  -1.5579593e-01
  -3.5462111e-01
  -4.1392758e-01
  -1.2215172e+00
  -1.0914024e-01
   1.3567666e+00
   1.7658776e+00
   1.1477378e+00
   1.0924945e+00
   1.0615093e-01
  -7.8263227e-01
  -1.6836055e+00
  -2.2468351e+00
  -2.8824141e+00
  -3.6900262e+00
  -4.4801396e+00
  -5.0103031e+00
  -5.8761616e+00
  -6.2642555e+00
  -6.6951694e+00
  -7.0342002e+00
  -6.9875909e+00
  -6.2890730e+00
  -4.8879357e+00
  -3.8522328e+00
  -3.2617764e+00
  -5.0595258e+00
  -1.0037823e+01
  -8.5504839e+00
  -7.4813369e+00
  -7.0240942e+00
  -5.8030234e+00
  -2.9215196e+00
   5.3005316e-01
  -8.2095202e-01
  -8.6835916e-01
  -8.3376807e-01
  -8.9657467e-01
  -9.2548807e-01
  -5.2541973e-01
   4.3963436e-01
   2.1698000e+00
   2.0432789e+00
   1.2295557e+00
   1.0843718e+00
  -2.8312943e-01
  -1.7461277e+00
  -2.3394820e+00
  -2.6790648e+00
  -3.2006882e+00
  -4.0281864e+00
  -4.8920483e+00
  -5.5055685e+00
  -5.8619981e+00
  -6.1077703e+00
  -6.4001951e+00
  -6.6759023e+00
  -6.5596799e+00
  -5.6353495e+00
  -3.2681524e+00
  -8.8455965e-01
  -2.9319510e+00
  -5.7863167e+00
  -7.8602694e+00
  -7.2267489e+00
  -6.9809516e+00
  -7.0126330e+00
  -6.3915579e+00
  -4.1668139e+00
  -1.3317572e+00
  -1.7831721e+00
  -1.1787535e+00
  -1.3751059e+00
  -1.9701352e+00
  -1.1530183e+00
   7.8181682e-03
   1.1236016e+00
   3.3286283e+00
   2.6577532e+00
   1.9756335e+00
   9.3154490e-01
  -3.3572344e-01
  -2.3650633e+00
  -2.9145536e+00
  -3.0794996e+00
  -3.4264207e+00
  -4.1158919e+00
  -4.9311469e+00
  -5.5426826e+00
  -5.2017938e+00
  -5.2910941e+00
  -5.4487737e+00
  -5.6402323e+00
  -5.4390940e+00
  -4.3400400e+00
  -1.1575619e+00
   3.2458268e-01
  -2.5675200e+00
  -4.9825427e+00
  -5.3373526e+00
  -5.3624999e+00
  -5.6522502e+00
  -6.1935736e+00
  -6.2848675e+00
  -4.8969673e+00
  -2.6003384e+00
  -2.4293678e+00
  -1.5023423e+00
  -1.9311346e+00
  -2.5307654e+00
  -1.0131736e+00
  -7.8048266e-01
   1.2163576e+00
   3.8093930e+00
   3.2263294e+00
   2.1976596e+00
   7.5570255e-01
  -1.6960243e-01
  -2.3518433e+00
  -3.3243395e+00
  -3.3334239e+00
  -3.5482641e+00
  -3.9312379e+00
  -4.5068551e+00
  -4.9842979e+00
  -3.7568404e+00
  -3.7122147e+00
  -3.7596401e+00
  -3.9001180e+00
  -3.7226295e+00
  -2.4695345e+00
   5.8519156e-01
   1.7594503e-01
  -2.9921444e+00
  -3.0669225e+00
  -3.1623448e+00
  -3.4969045e+00
  -3.8951623e+00
  -4.6447354e+00
  -5.4159323e+00
  -5.0451208e+00
  -2.8266447e+00
  -2.5814081e+00
  -1.8525559e+00
  -2.5541048e+00
  -1.9927896e+00
  -5.8920953e-01
   8.2108320e-02
   1.7111179e+00
   3.2953879e+00
   3.6856593e+00
   1.4310116e+00
   4.0454964e-01
  -1.8335299e-01
  -1.1881290e+00
  -3.0069807e+00
  -2.9221973e+00
  -3.0114161e+00
  -3.1979969e+00
  -3.4361427e+00
  -3.6752609e+00
  -1.8109644e+00
  -1.7246381e+00
  -1.7940653e+00
  -2.0068161e+00
  -1.9235537e+00
  -5.0147969e-01
   1.3493842e+00
   1.0037751e-02
  -1.6698387e+00
  -8.2816590e-01
  -1.1306274e+00
  -1.7529835e+00
  -2.2901545e+00
  -2.9127968e+00
  -3.8102088e+00
  -4.3084070e+00
  -2.6663444e+00
  -2.0495756e+00
  -2.9842784e+00
  -2.1522358e+00
  -1.1420583e+00
   1.4199363e-01
   1.4561699e+00
   1.0190565e+00
   2.1077809e+00
   2.1006170e+00
   1.9297244e+00
   8.0165786e-01
  -4.7376634e-01
  -6.0532715e-01
  -1.7801389e+00
  -1.7137528e+00
  -1.5495335e+00
  -1.6679784e+00
  -1.7592092e+00
  -1.8303113e+00
   8.6763659e-01
   9.0288057e-01
   6.9557893e-01
   3.0156052e-01
   2.1823833e-01
   1.6043811e+00
   1.4428387e+00
   3.9307627e-01
  -2.9936547e-01
   3.5178106e-01
   1.2021086e+00
   9.2289038e-01
   3.8944641e-01
  -2.0664588e-01
  -1.0187377e+00
  -2.0226884e+00
  -1.9592476e+00
  -4.1529531e-01
  -2.0286245e+00
  -1.0616061e+00
   8.4731593e-01
   2.0616275e+00
   1.5211839e+00
   4.8743315e-01
   1.1195265e+00
   3.0654157e-01
   3.3455182e+00
  -2.0656125e-02
  -6.9570825e-01
  -2.2268451e-01
  -9.3850322e-02
   1.9517223e-01
   9.3016671e-01
   8.9166573e-01
   7.4916575e-01
   7.6968298e-01
   2.6781874e+00
   2.7097355e+00
   2.4279829e+00
   1.8330528e+00
   1.5624401e+00
   1.9827901e+00
   5.1153005e-01
   6.4385943e-01
   1.2311110e-01
   6.8985167e-01
   1.8667553e+00
   2.8491905e+00
   2.6995008e+00
   2.1885929e+00
   1.4219057e+00
   4.6921883e-01
  -1.8517769e-01
   1.0886447e-01
   5.2891164e-01
   1.1098031e+00
   1.5869818e+00
   1.5767218e+00
   7.5840871e-01
  -7.0763416e-02
   5.6435046e-01
   3.4535352e-01
   1.1417180e+00
   2.1101475e-01
   2.2771151e-01
   3.2856106e-01
   2.4936213e-01
   1.2944574e+00
   2.6114868e+00
   2.3548044e+00
   2.3299638e+00
   2.4626540e+00
   4.1894166e+00
   4.1640563e+00
   3.7989457e+00
   3.0237878e+00
   2.4060245e+00
   1.3830471e+00
   4.7180274e-01
   8.6784627e-01
   1.5538980e-01
   9.3768205e-01
   1.5126586e+00
   3.4175408e+00
   4.2285878e+00
   3.7991962e+00
   3.5431782e+00
   3.0097078e+00
   1.7283722e+00
   3.3482254e-01
   1.4734236e+00
   2.1005919e+00
   6.7827222e-01
   6.1626874e-01
  -9.0483582e-02
  -1.1730413e+00
   1.0190242e-01
   3.9830341e-01
  -2.0113888e-01
   1.7496290e+00
   1.1536187e+00
   7.2547600e-01
   3.7903287e-01
   2.1969846e+00
   2.7558683e+00
   2.7036385e+00
   3.2411262e+00
   3.8178228e+00
   4.3837928e+00
   4.3267390e+00
   3.9373342e+00
   3.2584641e+00
   2.5720579e+00
   7.6697861e-01
   5.2059042e-01
   7.4323846e-01
  -5.2955402e-02
   6.6933513e-01
   1.0560483e+00
   1.6215764e+00
   3.0326143e+00
   3.6645478e+00
   4.2173413e+00
   4.2974812e+00
   3.3309887e+00
   2.0095593e+00
   1.0304509e+00
   7.6940865e-01
   6.6499039e-01
   1.1393495e+00
   2.4735995e-01
  -5.5661613e-01
   2.8782792e-02
   8.1371481e-01
   1.1552528e+00
   1.4815443e+00
   1.3960594e+00
   1.0707302e+00
   6.5933852e-01
   1.4302144e+00
   2.7537143e+00
   3.1274195e+00
   3.4942135e+00
   4.1050937e+00
   2.8715942e+00
   2.9466495e+00
   2.7862140e+00
   2.4035819e+00
   1.8334463e+00
   2.6362749e-01
   7.7211076e-01
   3.9457190e-01
  -2.9370228e-02
   4.1366403e-01
   8.2071735e-01
   1.0289280e+00
   1.1151406e+00
   2.6116935e+00
   3.8930199e+00
   4.4397341e+00
   4.1124855e+00
   2.8061943e+00
   1.0353510e+00
   9.1778290e-01
   7.1079465e-01
   5.0269408e-01
   1.1626031e-01
   5.4477953e-02
   2.6943450e-01
   6.7088183e-01
   6.3951675e-01
   1.7890890e+00
   1.1865714e+00
   8.8529198e-01
   6.2528461e-01
   1.0171185e+00
   1.9025996e+00
   1.6281237e+00
   2.0746984e+00
   2.5792225e+00
   1.8398904e-01
   1.2482880e-01
   3.4865167e-01
   3.7976061e-01
  -4.7212315e-01
  -3.3235271e-01
   7.1916622e-01
  -6.8091426e-02
   6.0773684e-02
   4.3603023e-01
   6.0959444e-01
   6.2713102e-01
   1.1865483e+00
   1.8601048e+00
   2.7223732e+00
   3.1042450e+00
   2.7000246e+00
   8.7900341e-01
   1.5653347e+00
   7.6610288e-01
   4.5397715e-01
   1.8616384e-01
   7.9678396e-02
   3.4107301e-01
   5.0103647e-01
   5.6486414e-01
   7.4173352e-01
   1.2249554e+00
   7.2592911e-01
   6.8745215e-01
   3.3857369e-01
   7.9859953e-01
   2.4468424e-01
  -7.4807292e-01
  -6.1836271e-01
  -3.7518095e-01
  -2.1731726e+00
  -1.9048517e+00
  -1.5985088e+00
  -2.1419920e+00
  -1.1979975e+00
   5.7834732e-01
  -3.2187956e-01
  -3.5167251e-01
   1.2338495e-01
   4.1938125e-01
   4.1861242e-01
   4.3019666e-01
   6.4532197e-01
   2.8671101e-02
  -1.0421115e-01
  -3.1647775e-01
  -3.6849043e-01
   1.0573969e-01
  -1.7803722e-01
   7.3553096e-02
  -4.3390245e-02
   4.1045835e-02
   5.0505977e-02
   5.2116049e-02
   2.3837229e-01
   9.1091259e-02
   2.9636433e-01
   2.9418172e-01
   3.0889665e-01
   6.0898058e-01
   8.3655759e-01
   1.2524962e-01
  -1.1628426e+00
  -9.5525561e-01
  -1.5855760e+00
  -2.3956226e+00
  -8.2728339e-01
  -1.0975826e+00
  -1.1206463e+00
   9.5131483e-02
   2.9416850e-01
  -3.1039928e-01
  -6.1096743e-01
  -8.2955425e-02
   2.6683611e-01
   3.8504500e-01
   1.4145838e-02
   3.3542226e-01
  -3.0395749e-01
  -1.1320714e+00
  -8.6170620e-01
  -1.1718160e+00
  -1.0538350e+00
  -1.2021829e+00
  -4.9436759e-01
  -1.0574697e-01
   2.2481973e-02
   1.3149297e-01
   8.7940370e-05
  -4.4964238e-01
   7.2550507e-03
  -6.4231371e-02
  -3.4718285e-01
  -3.3952991e-01
  -2.6936772e-01
   4.7403540e-02
  -4.4537219e-01
  -5.4647274e-01
  -1.5648273e-01
   1.1950923e-02
  -4.8789487e-01
  -4.1314142e-01
  -9.2481713e-01
  -1.2781448e+00
  -1.3087538e+00
  -1.1621195e+00
  -7.5440086e-01
  -3.4352620e-01
   1.4262567e-01
   2.4592767e-01
   2.5163039e-01
   1.2616632e-01
   3.4371917e-01
   1.2561571e-01
  -5.5171276e-01
  -6.0569255e-01
  -9.0715832e-01
   1.3197337e+00
   5.8746362e-01
  -3.0924101e-01
  -7.6539778e-01
  -8.5269616e-01
  -5.1418582e-01
  -2.1772254e-01
  -4.4152001e-01
  -4.6851398e-01
  -1.3230486e-01
  -2.8881438e-01
  -5.7928111e-01
  -6.0248755e-01
  -4.3315923e-01
  -3.8155077e-01
  -6.0532083e-01
  -7.2838854e-01
  -5.8348647e-01
  -5.3467309e-01
  -6.2574925e-01
  -6.3191880e-01
