   6.0882157e-02
   3.8511774e-02
   2.5186656e-02
   1.1097924e-02
  -1.1730213e-02
  -1.9881150e-03
   0.0000000e+00
   0.0000000e+00
   0.0000000e+00
  -0.0000000e+00
   0.0000000e+00
   2.7004141e-02
   1.7606707e-02
   4.4024577e-03
   1.0485732e-02
  -0.0000000e+00
   0.0000000e+00
   0.0000000e+00
   0.0000000e+00
   0.0000000e+00
   0.0000000e+00
   0.0000000e+00
   0.0000000e+00
   0.0000000e+00
   0.0000000e+00
   0.0000000e+00
   0.0000000e+00
   0.0000000e+00
   0.0000000e+00
   0.0000000e+00
   0.0000000e+00
   0.0000000e+00
   0.0000000e+00
   0.0000000e+00
   0.0000000e+00
   9.4568343e-02
   1.9787066e-02
   2.1165762e-02
   1.9734820e-02
   1.8982565e-02
   8.3718251e-03
   1.0153856e-03
  -4.4958566e-03
  -1.0951431e-02
  -1.5948862e-02
  -2.3929643e-02
  -3.2030181e-02
   1.9974622e-02
   6.2463652e-03
   1.3570793e-02
   2.3977780e-02
   2.2045476e-02
   1.3683093e-02
   5.0096414e-03
   3.3610892e-03
  -4.6986861e-04
  -6.8157110e-03
  -1.4860130e-02
  -1.3415370e-02
   2.8733569e-02
   5.4905018e-02
   2.3066960e-02
   1.5997482e-02
   2.2850235e-02
   2.7516023e-02
   1.0659952e-02
   2.3412375e-03
   8.3521261e-03
   2.2924077e-02
   1.4506166e-02
   2.6959004e-02
   2.4839499e-02
  -1.3357703e-02
  -2.8170475e-03
   4.9258128e-03
   8.4436057e-03
   6.4071409e-03
  -1.3231963e-03
  -1.3026787e-02
  -2.4611830e-02
  -3.3139491e-02
  -3.7379898e-02
  -2.7734968e-02
  -9.0614560e-03
  -5.9320782e-04
   1.2081670e-02
   2.1251953e-02
   1.9369010e-02
   1.0012562e-02
  -3.1366817e-03
  -1.7279449e-02
  -2.8043546e-02
  -3.0741950e-02
  -2.9970684e-02
  -2.2433826e-02
  -5.2423196e-03
   1.0970032e-02
   1.6666656e-02
   1.7077214e-02
   1.1474297e-02
   1.4186210e-03
  -1.4111565e-02
  -2.7666316e-02
  -3.6079619e-02
  -3.9010083e-02
  -3.7327509e-02
  -3.0883531e-02
  -2.2861968e-02
  -2.0643601e-02
  -1.1677721e-02
  -5.4510895e-03
  -2.0071981e-03
  -3.1645775e-03
  -1.1843161e-02
  -2.2721611e-02
  -3.4241494e-02
  -4.4478468e-02
  -5.5032019e-02
  -2.8695871e-02
  -1.0759230e-02
  -7.3682304e-03
   5.2604263e-03
   9.6434489e-03
   5.3101823e-03
  -6.2545634e-03
  -2.2397021e-02
  -3.9952780e-02
  -5.0058238e-02
  -5.0013309e-02
  -4.6801321e-02
  -3.5618061e-02
  -1.9588182e-02
  -7.8366429e-03
   4.1048851e-03
   1.1617609e-02
   2.3847835e-03
  -1.6535542e-02
  -3.5827582e-02
  -5.1089188e-02
  -5.9239018e-02
  -5.8651122e-02
  -5.1483805e-02
  -4.3046841e-02
  -3.1180411e-02
  -1.6027589e-02
  -1.4055621e-02
  -1.0427076e-02
  -7.2451422e-03
  -9.7751654e-03
  -1.6910924e-02
  -2.3767665e-02
  -3.3524468e-02
  -4.1014075e-02
  -4.1873810e-02
  -0.0000000e+00
  -7.8827263e-03
  -6.6594335e-03
   1.1528356e-03
   6.5475455e-04
  -6.0751084e-03
  -1.9471099e-02
  -3.5784570e-02
  -5.0081629e-02
  -5.2750895e-02
  -4.6922123e-02
  -4.2215736e-02
  -3.3288967e-02
  -2.1638386e-02
  -1.0067251e-02
   9.3165537e-03
   1.1042327e-02
  -5.5889613e-03
  -2.7825707e-02
  -4.3895830e-02
  -5.3308133e-02
  -5.4804778e-02
  -4.6469032e-02
  -3.7861410e-02
  -3.3433474e-02
  -1.6120902e-02
  -1.8085384e-02
  -1.4887201e-02
  -1.0590009e-02
  -7.2268394e-03
  -8.7723818e-03
  -1.2907377e-02
  -1.8871536e-02
  -2.6615412e-02
  -2.7220781e-02
  -2.0978145e-02
   0.0000000e+00
  -9.1269584e-03
  -1.0376461e-03
   3.0393879e-03
  -2.9030921e-03
  -1.3045845e-02
  -2.6191834e-02
  -3.7340772e-02
  -4.0655473e-02
  -3.1877851e-02
  -2.3480643e-02
  -2.1699449e-02
  -1.8655463e-02
  -1.2691006e-02
  -2.6889803e-03
   7.7689877e-03
  -3.1573168e-04
  -1.3688389e-02
  -2.5790611e-02
  -3.2327932e-02
  -3.7506612e-02
  -3.6862734e-02
  -2.4256290e-02
  -1.5883396e-02
  -1.6299170e-02
  -1.4272824e-02
  -1.3994494e-02
  -8.7378496e-03
  -5.6558893e-03
  -3.4106777e-03
  -3.5686962e-03
  -6.6815083e-03
  -1.2626062e-02
  -1.7585201e-02
  -1.3026086e-02
   6.8973919e-03
   0.0000000e+00
  -0.0000000e+00
  -8.9467572e-04
  -3.3683574e-04
  -8.3149781e-03
  -1.8077102e-02
  -2.5348084e-02
  -2.5574749e-02
  -1.5744655e-02
  -2.0604731e-03
  -3.8168499e-03
  -7.0192423e-03
  -8.0620978e-03
  -7.2644217e-03
  -4.8229832e-03
  -4.7580899e-03
  -5.8447990e-03
  -6.7726069e-03
  -3.9760840e-03
  -1.1608153e-02
  -1.6863695e-02
  -1.0179724e-02
  -0.0000000e+00
  -2.0198033e-03
  -5.5312486e-03
  -1.2421998e-02
  -3.7434809e-03
  -7.9702337e-04
   1.0406922e-03
   3.3049223e-03
   3.3041651e-03
  -9.8819576e-04
  -8.0316400e-03
  -1.1084562e-02
  -4.2136511e-04
   3.7958631e-02
   0.0000000e+00
  -0.0000000e+00
  -4.1923882e-03
  -8.5657891e-03
  -1.3084612e-02
  -1.6398341e-02
  -1.4391147e-02
  -4.7757712e-03
   1.9054406e-02
   1.0542406e-02
  -1.2653725e-03
  -4.2683646e-03
  -6.4147401e-03
  -1.1084587e-02
  -9.6171534e-03
  -3.1234678e-03
   5.1867489e-03
   1.5269203e-02
   2.9139979e-02
  -4.0308990e-03
  -9.6423649e-04
  -4.2328230e-03
   0.0000000e+00
   2.6054050e-03
  -1.5427854e-03
  -5.5273096e-03
   3.7032570e-03
   4.6711719e-03
   7.0316392e-03
   8.9564433e-03
   7.1810121e-03
   8.7537292e-05
  -7.2184368e-03
  -7.4247428e-03
   9.0898602e-03
   5.3425203e-02
   0.0000000e+00
   0.0000000e+00
  -0.0000000e+00
  -9.9694407e-03
  -1.1253326e-02
  -9.8308728e-03
  -3.3560094e-03
   1.2567177e-02
   5.0954647e-02
   0.0000000e+00
  -0.0000000e+00
  -9.1349516e-04
  -5.9030611e-03
  -9.4987528e-03
  -2.5185418e-03
   7.4389656e-03
   1.8209483e-02
   3.5361073e-02
   5.2031394e-02
   0.0000000e+00
   0.0000000e+00
   0.0000000e+00
   0.0000000e+00
   5.5794869e-03
   3.9586425e-03
   2.4725361e-03
   1.0042211e-02
   1.0575889e-02
   1.3742661e-02
   1.3868304e-02
   7.8539654e-03
  -1.5194520e-03
  -6.6856843e-03
  -1.4748115e-03
   1.9891669e-02
   6.0524926e-02
   0.0000000e+00
   0.0000000e+00
  -0.0000000e+00
  -1.4572747e-02
  -9.5437879e-03
  -2.5091843e-03
   8.1891959e-03
   3.2877897e-02
   6.9880396e-02
   0.0000000e+00
   0.0000000e+00
   5.3224976e-03
  -5.8776096e-03
  -9.9511460e-04
   7.6385783e-03
   1.8208426e-02
   3.1451821e-02
   5.2734515e-02
   7.0763826e-02
   0.0000000e+00
   0.0000000e+00
   0.0000000e+00
   0.0000000e+00
   1.1623387e-02
   1.1609269e-02
   1.0238318e-02
   1.4198626e-02
   1.5490753e-02
   1.8777811e-02
   1.6575180e-02
   6.4867047e-03
  -2.9185033e-03
  -4.7771142e-03
   4.8713373e-03
   2.7331960e-02
   5.6357289e-02
   1.5558351e-02
   0.0000000e+00
   0.0000000e+00
  -1.9210789e-02
  -8.5348257e-03
   2.0902481e-03
   1.7492267e-02
   4.9539894e-02
   7.9762413e-02
   0.0000000e+00
   0.0000000e+00
   8.3871203e-03
  -3.4543708e-03
   4.9232535e-03
   1.3367191e-02
   2.5091863e-02
   3.9294191e-02
   5.9734411e-02
   6.9660375e-02
   0.0000000e+00
   0.0000000e+00
   0.0000000e+00
   0.0000000e+00
   1.7431485e-02
   1.6151379e-02
   1.4611499e-02
   1.7831110e-02
   1.9812450e-02
   2.1253083e-02
   1.5503974e-02
   3.3199163e-03
  -3.3225856e-03
   1.2286536e-04
   1.3656911e-02
   3.4907471e-02
   4.9086492e-02
   1.8400982e-02
   0.0000000e+00
   0.0000000e+00
  -0.0000000e+00
  -5.7898694e-03
   8.2453981e-03
   2.9354196e-02
   6.1919531e-02
   7.2677549e-02
   0.0000000e+00
   0.0000000e+00
   0.0000000e+00
   2.5945211e-03
   1.0059304e-02
   1.9318412e-02
   3.2432037e-02
   4.6156992e-02
   5.9850558e-02
   4.5451448e-02
   5.7853199e-03
   0.0000000e+00
   0.0000000e+00
   0.0000000e+00
   2.2395311e-02
   1.9826678e-02
   1.8386789e-02
   1.8682036e-02
   1.9347987e-02
   1.7671369e-02
   9.6162805e-03
  -2.5878248e-04
  -1.4154578e-03
   7.0219417e-03
   2.3035816e-02
   4.3372789e-02
   4.9030097e-02
   0.0000000e+00
   0.0000000e+00
   0.0000000e+00
  -0.0000000e+00
   5.3817961e-04
   1.7179599e-02
   3.9461733e-02
   6.3368492e-02
   6.8442273e-02
   0.0000000e+00
   0.0000000e+00
   0.0000000e+00
   0.0000000e+00
   1.5243845e-02
   2.5011745e-02
   3.8060509e-02
   4.9589059e-02
   5.4740783e-02
   3.1579528e-02
   5.7643807e-03
   0.0000000e+00
   0.0000000e+00
   2.7156500e-02
   2.5460506e-02
   2.2373259e-02
   2.0062983e-02
   1.4395805e-02
   1.2342834e-02
   8.3726517e-03
   1.6255518e-03
  -1.7851016e-03
   3.2023502e-03
   1.4219572e-02
   2.9578030e-02
   4.7309493e-02
   5.2629225e-02
   0.0000000e+00
   0.0000000e+00
   0.0000000e+00
   0.0000000e+00
   9.0226392e-03
   2.5993142e-02
   4.4204651e-02
   5.3354869e-02
   2.8818073e-02
   0.0000000e+00
   0.0000000e+00
  -0.0000000e+00
   1.8307884e-02
   2.0039935e-02
   2.8590580e-02
   3.9855140e-02
   4.8301758e-02
   4.6579177e-02
   2.4894037e-02
   3.9665408e-03
  -1.3259361e-03
   0.0000000e+00
   2.8213024e-02
   2.8318869e-02
   2.2718696e-02
   1.7760082e-02
   1.4906317e-04
  -2.9492587e-03
  -5.9640449e-03
  -7.4837354e-03
  -3.3999434e-03
   7.8644467e-03
   2.1312959e-02
   3.2289402e-02
   3.9004281e-02
   3.5720498e-02
   0.0000000e+00
   0.0000000e+00
   0.0000000e+00
   0.0000000e+00
   1.8417959e-02
   3.1364024e-02
   4.2032712e-02
   3.8177922e-02
   1.4380622e-02
   0.0000000e+00
   0.0000000e+00
   0.0000000e+00
   1.7975629e-02
   2.4838668e-02
   3.0587739e-02
   3.8022116e-02
   4.1203614e-02
   3.3596529e-02
   1.6953747e-02
   9.0107239e-03
   1.4115707e-02
   2.9243955e-02
   2.9944861e-02
   2.4244304e-02
   1.2912752e-02
   4.9630261e-03
  -1.7092323e-02
  -2.0032853e-02
  -2.1957606e-02
  -2.1175133e-02
  -1.5485311e-02
  -3.7353933e-03
   1.0220736e-02
   1.9564469e-02
   1.9880970e-02
   1.6766416e-02
   0.0000000e+00
   0.0000000e+00
   0.0000000e+00
   0.0000000e+00
   2.1806169e-02
   3.0101953e-02
   3.4342251e-02
   2.5100097e-02
   8.3855084e-03
   0.0000000e+00
   0.0000000e+00
   0.0000000e+00
   1.9661411e-02
   2.6834197e-02
   3.0652695e-02
   3.3815588e-02
   3.1001480e-02
   2.0682493e-02
   1.1286027e-02
   1.3128208e-02
   1.6723838e-02
   3.3614409e-02
   2.4236384e-02
   8.0194541e-03
  -6.0342651e-03
  -1.2990757e-02
  -2.2017793e-02
  -2.5649608e-02
  -2.9462284e-02
  -3.2367746e-02
  -3.2116206e-02
  -2.6625542e-02
  -1.8415087e-02
  -1.0763988e-02
  -5.7691517e-03
  -5.3128232e-03
   0.0000000e+00
   0.0000000e+00
   0.0000000e+00
   0.0000000e+00
   1.9336380e-02
   2.4833334e-02
   2.6012110e-02
   1.6545931e-02
   6.0515511e-03
   0.0000000e+00
   0.0000000e+00
   0.0000000e+00
   1.1302889e-02
   2.1998506e-02
   2.6037556e-02
   2.7593151e-02
   2.2699571e-02
   1.5461819e-02
   8.7168377e-03
   1.2373823e-02
   1.1709241e-02
   1.0044668e-02
   1.6178867e-02
  -5.9916889e-03
  -1.4729575e-02
  -1.8846298e-02
  -1.0131438e-02
  -1.2985640e-02
  -1.6732856e-02
  -2.1245194e-02
  -2.5345170e-02
  -2.7354593e-02
  -2.8583391e-02
  -2.9534531e-02
  -2.6507913e-02
  -2.2417284e-02
   0.0000000e+00
   0.0000000e+00
   0.0000000e+00
  -6.5130483e-03
   9.0899955e-03
   1.7087342e-02
   1.9001700e-02
   1.2283767e-02
   3.2650199e-03
   0.0000000e+00
   0.0000000e+00
   0.0000000e+00
   1.6750369e-03
   1.4305552e-02
   1.8621001e-02
   2.0319020e-02
   1.6029992e-02
   1.2800904e-02
   2.0139194e-03
   0.0000000e+00
   2.7113538e-03
   5.2326178e-03
   9.7280845e-03
  -4.7585018e-03
  -7.3619157e-03
  -8.5572597e-03
   5.0302972e-03
   4.1325543e-03
   1.7473825e-03
  -1.8023663e-03
  -6.3318316e-03
  -1.1125633e-02
  -1.6778531e-02
  -2.4519350e-02
  -3.1931969e-02
  -3.0505711e-02
   0.0000000e+00
   0.0000000e+00
  -0.0000000e+00
  -1.9336824e-02
  -6.0314916e-03
   2.7200633e-03
   1.0618087e-02
   1.2982942e-02
   4.9078934e-03
   0.0000000e+00
   0.0000000e+00
   0.0000000e+00
  -2.0967093e-03
   5.8995257e-03
   9.5470455e-03
   1.2719659e-02
   9.5228354e-03
   0.0000000e+00
  -8.3009803e-03
   0.0000000e+00
   1.9730190e-03
   7.6742933e-03
   8.2704528e-03
   2.4599592e-03
   3.1211013e-03
   4.2525398e-03
   5.5302986e-03
   7.2311649e-03
   6.0878827e-03
   2.8124809e-03
  -1.8335588e-03
  -7.1327301e-03
  -1.3216968e-02
  -2.1398850e-02
  -3.5707797e-02
  -3.4260916e-02
   0.0000000e+00
   0.0000000e+00
  -0.0000000e+00
  -3.7418844e-02
  -2.5313632e-02
  -9.8412540e-03
   2.1107990e-03
   0.0000000e+00
   0.0000000e+00
   0.0000000e+00
   0.0000000e+00
   0.0000000e+00
   0.0000000e+00
  -4.0455374e-04
   1.6366734e-03
   1.1107054e-02
   5.4591122e-03
  -6.6288033e-03
  -2.1439193e-02
  -2.8141498e-03
   5.9485918e-04
   4.6920072e-03
   2.4453537e-03
  -7.9372407e-04
   3.4462648e-04
   2.5033198e-03
  -1.1604723e-02
  -8.9328275e-03
  -8.6112549e-03
  -1.0466392e-02
  -1.2274103e-02
  -1.2741248e-02
  -1.3394725e-02
  -1.8579244e-02
  -3.8380044e-02
  -5.6013509e-02
   0.0000000e+00
  -0.0000000e+00
  -5.2713803e-02
  -5.1337047e-02
  -4.1988911e-02
  -1.9331488e-02
   0.0000000e+00
   0.0000000e+00
   0.0000000e+00
   0.0000000e+00
   0.0000000e+00
   0.0000000e+00
   0.0000000e+00
  -8.4320190e-04
  -6.6307172e-03
   2.0086535e-02
   1.4312104e-02
  -3.6060047e-03
  -2.5885898e-02
  -1.4496619e-02
  -4.8803257e-03
  -7.1554116e-04
  -5.3561633e-03
  -1.0076205e-02
  -1.2399257e-02
  -1.3230276e-02
  -2.9069351e-02
  -2.8171527e-02
  -2.7137758e-02
  -2.8205552e-02
  -2.8466232e-02
  -2.2885640e-02
  -1.5308775e-02
  -1.8416056e-02
  -1.9137625e-02
  -7.7829482e-02
  -8.6920724e-03
  -3.1530931e-02
  -4.8357912e-02
  -5.5037206e-02
  -5.5722385e-02
  -4.2057232e-02
   0.0000000e+00
   0.0000000e+00
   0.0000000e+00
   0.0000000e+00
   0.0000000e+00
   0.0000000e+00
   0.0000000e+00
   9.0850060e-03
  -1.5495407e-02
   0.0000000e+00
   3.3212403e-02
  -2.9564502e-03
  -0.0000000e+00
  -2.0270883e-02
  -1.3478826e-02
  -5.4452507e-03
  -8.9921816e-03
  -1.5041796e-02
  -2.1710861e-02
  -2.7114605e-02
  -3.2408572e-02
  -3.3071538e-02
  -3.2158835e-02
  -3.2678767e-02
  -3.3847739e-02
  -2.8335516e-02
  -1.4089799e-02
  -1.5011424e-02
  -2.8654947e-02
  -4.4619165e-02
  -6.7194320e-03
  -1.7727066e-02
  -3.8699553e-02
  -5.5458647e-02
  -7.0315312e-02
  -7.1984069e-02
   0.0000000e+00
   0.0000000e+00
   0.0000000e+00
   0.0000000e+00
   0.0000000e+00
   0.0000000e+00
   0.0000000e+00
   2.1662619e-02
  -9.7000520e-03
   0.0000000e+00
   4.1139501e-02
   0.0000000e+00
  -0.0000000e+00
  -2.5160876e-02
  -2.1645449e-02
  -1.1590350e-02
  -9.8162449e-03
  -1.3380323e-02
  -2.0900172e-02
  -2.8768315e-02
  -3.0315798e-02
  -3.0944909e-02
  -2.9975675e-02
  -2.9685314e-02
  -3.1347813e-02
  -2.9491243e-02
  -1.4727003e-02
  -2.3388042e-03
  -0.0000000e+00
  -1.3779709e-02
   1.9806059e-03
  -7.4935443e-03
  -2.5117126e-02
  -4.7010297e-02
  -7.5641286e-02
  -9.3282335e-02
   0.0000000e+00
   0.0000000e+00
   0.0000000e+00
   0.0000000e+00
   0.0000000e+00
   0.0000000e+00
   0.0000000e+00
   3.2481426e-02
   3.4614154e-03
   0.0000000e+00
   4.4345548e-02
   0.0000000e+00
  -0.0000000e+00
  -2.9429614e-02
  -2.6947750e-02
  -1.8861634e-02
  -1.2922751e-02
  -1.2318145e-02
  -1.7797558e-02
  -2.5979048e-02
  -2.5979557e-02
  -2.6096194e-02
  -2.4094406e-02
  -2.3047561e-02
  -2.5849918e-02
  -3.0091835e-02
  -2.1657141e-02
   0.0000000e+00
   3.8375513e-03
  -1.6931329e-03
   6.3324019e-03
   9.9487525e-04
  -1.1110649e-02
  -3.0845830e-02
  -6.4926749e-02
  -9.8195707e-02
   0.0000000e+00
   0.0000000e+00
   0.0000000e+00
   0.0000000e+00
   0.0000000e+00
   0.0000000e+00
   0.0000000e+00
   0.0000000e+00
   0.0000000e+00
   0.0000000e+00
   0.0000000e+00
   0.0000000e+00
  -0.0000000e+00
  -3.3092011e-02
  -2.9433062e-02
  -2.4523630e-02
  -1.8069532e-02
  -1.3316210e-02
  -1.4762743e-02
  -2.1804901e-02
  -1.9099523e-02
  -1.8513869e-02
  -1.5441683e-02
  -1.4813022e-02
  -2.0899198e-02
  -3.1357710e-02
  -3.3263791e-02
   0.0000000e+00
   1.0229026e-02
  -5.8285169e-04
   5.1097777e-03
   2.2730508e-03
  -4.3810603e-03
  -1.8876968e-02
  -5.0036596e-02
  -9.0275312e-02
   0.0000000e+00
   0.0000000e+00
   0.0000000e+00
   0.0000000e+00
   0.0000000e+00
   0.0000000e+00
   0.0000000e+00
   0.0000000e+00
   0.0000000e+00
   0.0000000e+00
   0.0000000e+00
   0.0000000e+00
   0.0000000e+00
  -0.0000000e+00
  -3.0002422e-02
  -2.4253929e-02
  -1.9539459e-02
  -1.3381208e-02
  -1.0835022e-02
  -1.5802966e-02
  -1.0787294e-02
  -9.3879781e-03
  -6.2166431e-03
  -6.9643937e-03
  -1.7202291e-02
  -3.0942653e-02
  -3.4077956e-02
   0.0000000e+00
   0.0000000e+00
   8.4555294e-05
   6.7307418e-03
   3.5218195e-03
  -2.2851793e-03
  -1.2235762e-02
  -3.6740832e-02
  -8.1013218e-02
   7.0131147e-09
   0.0000000e+00
   0.0000000e+00
   0.0000000e+00
   0.0000000e+00
   0.0000000e+00
   0.0000000e+00
   0.0000000e+00
   0.0000000e+00
   0.0000000e+00
   0.0000000e+00
   0.0000000e+00
   0.0000000e+00
  -0.0000000e+00
  -2.5035889e-02
  -2.1944231e-02
  -1.3894174e-02
  -8.2831393e-03
  -4.7850248e-03
  -7.7634104e-03
   3.0485552e-04
   3.3004482e-03
   7.0967678e-03
   4.6083327e-03
  -1.2959543e-02
  -2.6969202e-02
   0.0000000e+00
   0.0000000e+00
   0.0000000e+00
   0.0000000e+00
   1.0681404e-02
   1.0603141e-02
   4.6422845e-03
  -3.9883642e-03
  -2.0618343e-02
  -5.6885283e-02
  -7.7033865e-02
   0.0000000e+00
   0.0000000e+00
  -0.0000000e+00
  -0.0000000e+00
   0.0000000e+00
   0.0000000e+00
   0.0000000e+00
   0.0000000e+00
   0.0000000e+00
   0.0000000e+00
   0.0000000e+00
   0.0000000e+00
   0.0000000e+00
   0.0000000e+00
  -2.2874250e-02
  -6.8085023e-03
   3.7999125e-03
   5.8262857e-03
   3.1894026e-03
   8.1054596e-03
   1.4377320e-02
   1.9541882e-02
   1.6110295e-02
  -8.0095804e-03
  -2.2841386e-02
   0.0000000e+00
   0.0000000e+00
   0.0000000e+00
   0.0000000e+00
   1.4229161e-02
   1.4625521e-02
   1.2614208e-02
   5.9056341e-03
  -8.2727289e-03
  -3.4777963e-02
  -5.3653268e-02
  -0.0000000e+00
  -0.0000000e+00
  -0.0000000e+00
  -0.0000000e+00
   0.0000000e+00
   0.0000000e+00
   0.0000000e+00
   0.0000000e+00
   0.0000000e+00
   0.0000000e+00
   0.0000000e+00
   0.0000000e+00
   0.0000000e+00
  -0.0000000e+00
  -2.8458691e-02
  -7.4059179e-03
   7.0734288e-03
   9.3599642e-03
   8.1705481e-03
   1.7943540e-02
   2.6560928e-02
   3.4450028e-02
   3.0875261e-02
   3.5978790e-03
  -9.2419155e-03
   0.0000000e+00
   0.0000000e+00
   0.0000000e+00
   0.0000000e+00
   0.0000000e+00
   1.4643559e-02
   1.7784684e-02
   1.4583814e-02
   5.5078731e-03
  -1.1515999e-02
  -2.6341194e-02
  -0.0000000e+00
  -0.0000000e+00
  -0.0000000e+00
   0.0000000e+00
   0.0000000e+00
   0.0000000e+00
   0.0000000e+00
   0.0000000e+00
   0.0000000e+00
   0.0000000e+00
   0.0000000e+00
   0.0000000e+00
   0.0000000e+00
  -0.0000000e+00
  -3.7084596e-02
  -1.6331797e-02
   1.4911067e-03
   8.7509071e-03
   1.3347639e-02
   2.1971495e-02
   3.1111847e-02
   4.2482307e-02
   4.1998700e-02
   2.1747803e-02
   0.0000000e+00
   0.0000000e+00
   0.0000000e+00
   0.0000000e+00
   0.0000000e+00
   0.0000000e+00
   0.0000000e+00
   1.5719425e-02
   1.6627902e-02
   1.3050068e-02
   5.9382822e-03
   2.3160919e-03
  -5.3086470e-03
  -0.0000000e+00
   0.0000000e+00
  -0.0000000e+00
   0.0000000e+00
   0.0000000e+00
   0.0000000e+00
   0.0000000e+00
   0.0000000e+00
   0.0000000e+00
   0.0000000e+00
   0.0000000e+00
   0.0000000e+00
  -0.0000000e+00
  -3.0120116e-02
  -7.7098963e-03
   7.6446423e-03
   1.1731366e-02
   1.5960715e-02
   1.4091674e-02
   2.6020906e-02
   4.1557813e-02
   4.6977074e-02
   3.3317955e-02
   0.0000000e+00
   0.0000000e+00
   0.0000000e+00
   0.0000000e+00
   0.0000000e+00
   0.0000000e+00
   0.0000000e+00
  -0.0000000e+00
   1.1121034e-02
   1.6081049e-02
   1.6874932e-02
   1.1040039e-02
   6.0849932e-03
   0.0000000e+00
   0.0000000e+00
   0.0000000e+00
   0.0000000e+00
   0.0000000e+00
   0.0000000e+00
   0.0000000e+00
   0.0000000e+00
   0.0000000e+00
   0.0000000e+00
   0.0000000e+00
   0.0000000e+00
   0.0000000e+00
  -0.0000000e+00
  -9.7733584e-03
  -4.7736108e-05
   3.7483001e-04
   5.4435143e-03
  -3.5651553e-03
   1.2375393e-02
   3.1137332e-02
   4.6419688e-02
   4.1686310e-02
   0.0000000e+00
   0.0000000e+00
   0.0000000e+00
   0.0000000e+00
   0.0000000e+00
   0.0000000e+00
  -0.0000000e+00
  -3.4109819e-02
  -8.5230949e-03
   1.1079526e-02
   1.8984875e-02
   2.6871075e-02
  -0.0000000e+00
   0.0000000e+00
   0.0000000e+00
   0.0000000e+00
   0.0000000e+00
   0.0000000e+00
   0.0000000e+00
   0.0000000e+00
   0.0000000e+00
   0.0000000e+00
   0.0000000e+00
   0.0000000e+00
   0.0000000e+00
   0.0000000e+00
  -0.0000000e+00
  -9.3960981e-03
  -3.6425367e-02
  -3.1821569e-02
  -2.0132251e-02
  -2.7967908e-02
   1.6351460e-03
   0.0000000e+00
   0.0000000e+00
   0.0000000e+00
   0.0000000e+00
   0.0000000e+00
   0.0000000e+00
   0.0000000e+00
   0.0000000e+00
   0.0000000e+00
  -0.0000000e+00
  -3.6227351e-02
  -3.3035907e-02
  -1.7365146e-02
   2.1539772e-03
   2.6372237e-03
   4.7327357e-03
   4.6246411e-03
   0.0000000e+00
   0.0000000e+00
   0.0000000e+00
   0.0000000e+00
   0.0000000e+00
   0.0000000e+00
   0.0000000e+00
   0.0000000e+00
   0.0000000e+00
   0.0000000e+00
   0.0000000e+00
   0.0000000e+00
  -0.0000000e+00
  -0.0000000e+00
   0.0000000e+00
  -7.1406128e-02
  -8.0120866e-02
  -5.8639351e-02
   0.0000000e+00
   0.0000000e+00
   0.0000000e+00
   0.0000000e+00
   0.0000000e+00
   0.0000000e+00
   0.0000000e+00
   0.0000000e+00
   0.0000000e+00
   0.0000000e+00
  -0.0000000e+00
  -0.0000000e+00
   0.0000000e+00
  -0.0000000e+00
  -6.6197008e-02
  -3.1084987e-02
  -2.1860082e-02
  -1.0050648e-02
   0.0000000e+00
   0.0000000e+00
   0.0000000e+00
   0.0000000e+00
   0.0000000e+00
   0.0000000e+00
   0.0000000e+00
   0.0000000e+00
   0.0000000e+00
   0.0000000e+00
   0.0000000e+00
   0.0000000e+00
   0.0000000e+00
   0.0000000e+00
   0.0000000e+00
   0.0000000e+00
  -0.0000000e+00
  -2.3610134e-02
  -1.9111214e-02
  -8.8830052e-03
  -3.8263104e-03
  -4.9618982e-03
  -1.2795480e-02
  -0.0000000e+00
  -0.0000000e+00
  -0.0000000e+00
  -0.0000000e+00
  -0.0000000e+00
  -0.0000000e+00
  -0.0000000e+00
  -0.0000000e+00
  -0.0000000e+00
  -0.0000000e+00
  -3.9553061e-02
  -2.7600423e-02
  -1.2161400e-02
  -8.6061329e-03
  -0.0000000e+00
   0.0000000e+00
   0.0000000e+00
   0.0000000e+00
   0.0000000e+00
   0.0000000e+00
   0.0000000e+00
   0.0000000e+00
   0.0000000e+00
   8.5148369e-03
   8.3594950e-03
   9.0833337e-03
   7.7609579e-03
   2.1099444e-03
  -2.2293416e-03
  -9.3947982e-03
