   8.2755915e-02
   4.9470845e-02
   3.6971708e-02
   2.8337590e-02
  -6.4251629e-03
  -2.8307018e-02
   0.0000000e+00
   0.0000000e+00
   0.0000000e+00
   0.0000000e+00
   0.0000000e+00
   3.1041419e-02
   1.5399939e-02
  -1.3298678e-03
  -1.5850650e-02
   0.0000000e+00
   0.0000000e+00
   0.0000000e+00
   0.0000000e+00
   0.0000000e+00
   0.0000000e+00
   0.0000000e+00
   0.0000000e+00
   0.0000000e+00
   0.0000000e+00
   0.0000000e+00
   0.0000000e+00
   0.0000000e+00
   0.0000000e+00
   0.0000000e+00
   0.0000000e+00
   0.0000000e+00
   0.0000000e+00
   0.0000000e+00
   0.0000000e+00
   1.0877468e-01
   5.2774501e-02
   3.8442826e-02
   2.7681795e-02
   1.8777074e-02
   9.5608583e-03
   1.0143424e-03
  -1.5938256e-03
  -2.9318550e-03
  -1.3286598e-02
  -8.6127268e-03
  -3.4372912e-02
   0.0000000e+00
   2.6527623e-02
   9.9951949e-03
   1.7804904e-02
   1.6301492e-02
   1.3770287e-02
   6.2784679e-03
   4.3920902e-03
   8.2825721e-03
   2.5240449e-03
  -6.0134539e-03
  -1.6269204e-02
   0.0000000e+00
   8.3263673e-02
   4.0359398e-02
   0.0000000e+00
   0.0000000e+00
   0.0000000e+00
   0.0000000e+00
   0.0000000e+00
   0.0000000e+00
   6.0897649e-02
   2.1617408e-02
   6.1378251e-02
   7.7708393e-02
  -2.8265184e-03
   4.2888288e-03
   1.0187577e-02
   1.4001808e-02
   1.3438065e-02
   6.3432996e-03
  -3.3934273e-03
  -1.2880159e-02
  -2.1003946e-02
  -2.7114545e-02
  -2.9404273e-02
  -1.6928388e-02
   7.8011272e-04
   5.6743839e-03
   1.8023353e-02
   2.4541129e-02
   2.0296217e-02
   9.3506100e-03
  -1.9648815e-03
  -9.5262857e-03
  -1.5309820e-02
  -1.8066986e-02
  -2.0706283e-02
  -5.8658846e-03
   2.8515701e-02
   2.8946809e-02
   1.9812650e-02
   1.7150985e-02
   1.8551866e-02
   9.0958259e-03
  -6.8950069e-03
  -1.2376571e-02
  -6.2835718e-03
  -1.1933355e-02
  -1.1836734e-02
  -8.3971750e-03
  -2.5448874e-02
  -1.4302770e-02
  -4.4975089e-03
   1.0229016e-03
   2.8373586e-03
  -1.1067930e-03
  -1.2735939e-02
  -2.4408015e-02
  -3.5655803e-02
  -4.5117329e-02
  -4.6555191e-02
  -1.7822925e-02
  -6.9660873e-03
   2.9824472e-03
   1.4654556e-02
   1.5434116e-02
   8.2713373e-03
  -4.2075945e-03
  -2.1199840e-02
  -3.6031964e-02
  -4.2114787e-02
  -4.1695695e-02
  -3.6555752e-02
  -2.3026652e-02
  -6.1014769e-03
   3.6326786e-03
   1.2046458e-02
   1.0604803e-02
  -1.1591295e-03
  -1.7500738e-02
  -3.5856498e-02
  -4.7812935e-02
  -5.3803317e-02
  -5.2231971e-02
  -4.4839577e-02
  -3.6816790e-02
  -2.0070040e-02
  -1.5712554e-02
  -1.0590421e-02
  -6.6294545e-03
  -5.2615283e-03
  -1.0919814e-02
  -2.0283727e-02
  -2.9232237e-02
  -3.9540362e-02
  -4.9450842e-02
  -0.0000000e+00
  -5.8635890e-03
  -1.0318700e-02
  -3.2917710e-03
   4.5166771e-03
   2.1940346e-03
  -6.7750866e-03
  -2.1272538e-02
  -3.9944796e-02
  -5.2443192e-02
  -5.3760580e-02
  -4.9933036e-02
  -4.2778932e-02
  -2.9705877e-02
  -1.5740755e-02
  -3.7296617e-03
   1.2037973e-02
   7.2797322e-03
  -1.1694900e-02
  -3.2386933e-02
  -4.9839917e-02
  -5.8724787e-02
  -5.8811933e-02
  -5.1190977e-02
  -4.3681482e-02
  -3.1348080e-02
  -1.4944097e-02
  -1.6633874e-02
  -1.3388393e-02
  -9.1632906e-03
  -8.2596860e-03
  -1.2557547e-02
  -1.8346890e-02
  -2.5956351e-02
  -3.2883984e-02
  -3.3482803e-02
  -3.0198266e-02
  -8.0923706e-03
  -7.7152621e-03
   3.3100079e-04
   9.9187097e-04
  -4.8881986e-03
  -1.6406091e-02
  -3.0300183e-02
  -4.4589201e-02
  -4.7746566e-02
  -4.0041739e-02
  -3.4496318e-02
  -3.0202178e-02
  -2.2977252e-02
  -1.2699661e-02
   2.6742657e-03
   1.1571342e-02
  -2.1684923e-03
  -2.0651139e-02
  -3.5452226e-02
  -4.4321793e-02
  -4.7256310e-02
  -4.4458862e-02
  -2.9768413e-02
  -2.6062222e-02
  -1.4488016e-02
  -1.7676021e-02
  -1.5148353e-02
  -1.0633631e-02
  -6.5952070e-03
  -5.7354493e-03
  -7.9259520e-03
  -1.2660948e-02
  -1.9463352e-02
  -2.2088201e-02
  -1.2091263e-02
  -1.3413193e-02
  -0.0000000e+00
  -6.7039901e-03
   4.9772313e-03
  -6.3031309e-04
  -9.7769877e-03
  -2.1934483e-02
  -3.0852948e-02
  -3.2968431e-02
  -2.3787402e-02
  -1.3106303e-02
  -1.1551278e-02
  -1.2319894e-02
  -1.0244801e-02
  -4.9979985e-03
   1.5160917e-03
  -1.2252767e-03
  -8.7698559e-03
  -1.5801912e-02
  -1.8059169e-02
  -2.6103062e-02
  -2.5763803e-02
  -0.0000000e+00
  -9.1806218e-03
  -8.7138622e-03
  -1.0031381e-02
  -1.0620192e-02
  -6.1789449e-03
  -3.6314329e-03
  -8.7230909e-04
   1.7266636e-04
  -1.0355680e-03
  -6.6242851e-03
  -1.2459541e-02
  -1.2730655e-02
   9.0029346e-03
   3.0096340e-02
   0.0000000e+00
  -6.0798987e-03
  -2.1865782e-03
  -9.3451795e-03
  -1.5418698e-02
  -2.0376569e-02
  -1.9187061e-02
  -8.0282825e-03
   7.6581509e-03
   3.0874129e-03
  -3.5320418e-03
  -6.5319560e-03
  -8.5441183e-03
  -9.2881981e-03
  -8.3332826e-03
  -4.3835278e-03
   8.1377565e-04
   8.2934814e-03
   6.4398042e-03
  -7.9820881e-03
  -6.8245513e-03
   0.0000000e+00
   3.8639363e-03
  -1.8748321e-03
  -6.1560722e-03
  -1.0461902e-03
   1.3821402e-03
   2.7686564e-03
   5.5996254e-03
   6.4023467e-03
   3.6930803e-03
  -4.1768048e-03
  -9.3680163e-03
  -5.9154138e-03
   2.4696274e-02
   5.6239948e-02
   0.0000000e+00
  -0.0000000e+00
  -6.9015073e-03
  -1.1139295e-02
  -1.3249531e-02
  -1.1666240e-02
  -4.1319640e-03
   1.8208878e-02
   4.1742843e-02
   0.0000000e+00
  -2.2652423e-03
  -2.7673345e-03
  -9.8165362e-03
  -9.4471401e-03
  -2.7151837e-03
   6.7580847e-03
   1.7897412e-02
   3.5719558e-02
   0.0000000e+00
  -0.0000000e+00
   0.0000000e+00
   0.0000000e+00
   6.4519893e-03
   1.6984056e-03
  -3.1599775e-04
   6.9084831e-03
   7.1626097e-03
   8.7997288e-03
   1.1604540e-02
   1.0400234e-02
   4.1818398e-03
  -4.7916544e-03
  -7.2997957e-03
   1.4043796e-03
   3.6616369e-02
   6.7604632e-02
   0.0000000e+00
   0.0000000e+00
  -9.0758355e-03
  -1.1513864e-02
  -8.3314404e-03
  -2.3300337e-03
   9.6353564e-03
   4.3487300e-02
   0.0000000e+00
   0.0000000e+00
   3.1440167e-04
  -3.3020134e-04
  -7.9343180e-03
  -1.2160543e-03
   7.9230940e-03
   1.8533336e-02
   3.4238293e-02
   5.6472489e-02
   0.0000000e+00
   0.0000000e+00
   0.0000000e+00
   0.0000000e+00
   9.1569566e-03
   7.9339129e-03
   7.3231998e-03
   1.2138746e-02
   1.2029692e-02
   1.4559516e-02
   1.6556315e-02
   1.2159147e-02
   2.4709603e-03
  -5.3050480e-03
  -3.8088341e-03
   9.5249389e-03
   4.3618140e-02
   6.1009396e-02
   0.0000000e+00
   0.0000000e+00
  -1.4429670e-02
  -1.4901221e-02
  -4.2803837e-03
   4.9929937e-03
   2.2523218e-02
   6.4039268e-02
   0.0000000e+00
   0.0000000e+00
   7.7523878e-03
   1.1107499e-03
  -2.7055994e-03
   6.1925945e-03
   1.5725845e-02
   2.7353223e-02
   4.5228136e-02
   6.6782831e-02
   0.0000000e+00
   0.0000000e+00
   0.0000000e+00
   0.0000000e+00
   1.4620282e-02
   1.4214634e-02
   1.3109174e-02
   1.6533442e-02
   1.6769984e-02
   1.9968682e-02
   1.9774265e-02
   1.1198644e-02
  -2.7464634e-05
  -4.3313051e-03
   2.1684441e-03
   1.8448556e-02
   4.6129636e-02
   3.6364152e-02
   0.0000000e+00
   0.0000000e+00
  -0.0000000e+00
  -1.5325029e-02
  -4.7082362e-04
   1.3054543e-02
   3.7498061e-02
   7.3695949e-02
   0.0000000e+00
   0.0000000e+00
   0.0000000e+00
   1.2083438e-03
   3.1916537e-03
   1.1651353e-02
   2.2718066e-02
   3.5312318e-02
   5.2428066e-02
   6.2842090e-02
   3.6748251e-02
   0.0000000e+00
   0.0000000e+00
   0.0000000e+00
   2.1312653e-02
   1.9266230e-02
   1.7465244e-02
   1.8899391e-02
   1.9272473e-02
   2.1198992e-02
   1.7909156e-02
   7.3811088e-03
  -1.8512925e-03
  -9.4151558e-04
   9.6586451e-03
   2.7224451e-02
   4.8701037e-02
   3.6366838e-02
   0.0000000e+00
   0.0000000e+00
   0.0000000e+00
  -1.0063236e-02
   4.4057967e-03
   2.1978167e-02
   4.8103014e-02
   7.3473007e-02
   0.0000000e+00
   0.0000000e+00
   0.0000000e+00
   0.0000000e+00
   9.0626416e-03
   1.6530927e-02
   2.8665631e-02
   4.1265126e-02
   5.4798605e-02
   5.2884558e-02
   1.6883397e-02
   0.0000000e+00
   0.0000000e+00
   2.3274914e-02
   2.4920621e-02
   2.2331849e-02
   2.0186793e-02
   1.8166165e-02
   1.6905891e-02
   1.5701792e-02
   9.7337893e-03
   1.2823539e-03
  -1.7484590e-03
   5.0024459e-03
   1.8114297e-02
   3.5814196e-02
   5.4385748e-02
   0.0000000e+00
   0.0000000e+00
   0.0000000e+00
   0.0000000e+00
  -1.4199828e-03
   1.3623944e-02
   3.2010738e-02
   5.2323026e-02
   5.7382743e-02
   0.0000000e+00
   0.0000000e+00
   0.0000000e+00
  -4.8549259e-03
   1.5943912e-02
   2.1862138e-02
   3.3586669e-02
   4.4477526e-02
   5.2413191e-02
   4.2767047e-02
   1.2962059e-02
  -1.1321323e-04
   0.0000000e+00
   2.9350569e-02
   2.8051852e-02
   2.5166755e-02
   2.1267717e-02
   9.6136766e-03
   6.2929777e-03
   3.2484575e-03
  -1.5204275e-03
  -3.5514735e-03
   1.0999185e-03
   1.2802790e-02
   2.5365702e-02
   3.8093346e-02
   4.6190234e-02
   0.0000000e+00
   0.0000000e+00
   0.0000000e+00
   0.0000000e+00
   7.7206614e-03
   2.2371333e-02
   3.7277081e-02
   4.7470761e-02
   3.1746923e-02
   0.0000000e+00
   0.0000000e+00
   0.0000000e+00
   2.6964843e-03
   2.1967803e-02
   2.5488864e-02
   3.4779092e-02
   4.2788919e-02
   4.4265127e-02
   3.1482826e-02
   1.1304835e-02
   4.7265591e-03
   2.1855433e-02
   2.8156106e-02
   2.9292094e-02
   2.3567604e-02
   1.5439461e-02
  -6.2231599e-03
  -9.6118630e-03
  -1.2036313e-02
  -1.3370473e-02
  -1.0609230e-02
  -1.7755660e-03
   1.3189459e-02
   2.5653237e-02
   3.1435168e-02
   3.1009020e-02
   0.0000000e+00
   0.0000000e+00
   0.0000000e+00
   0.0000000e+00
   1.7331837e-02
   2.6013155e-02
   3.6104438e-02
   3.8448610e-02
   1.9142729e-02
   0.0000000e+00
   0.0000000e+00
   0.0000000e+00
   1.0573272e-02
   2.5411368e-02
   2.8373950e-02
   3.4035791e-02
   3.7734917e-02
   3.2906109e-02
   2.0412159e-02
   1.1368464e-02
   1.3934000e-02
   2.3299427e-02
   3.2775875e-02
   2.5124215e-02
   1.0604851e-02
   2.4567306e-05
  -2.0647940e-02
  -2.3971289e-02
  -2.7028483e-02
  -2.8877330e-02
  -2.7347514e-02
  -2.0713748e-02
  -8.6349816e-03
   2.4955239e-03
   8.0640299e-03
   6.9784826e-03
   0.0000000e+00
   0.0000000e+00
   0.0000000e+00
   0.0000000e+00
   2.0828029e-02
   2.4655274e-02
   3.0166095e-02
   2.7736478e-02
   1.2683929e-02
   0.0000000e+00
   0.0000000e+00
   0.0000000e+00
   1.1625136e-02
   2.2437772e-02
   2.7619406e-02
   3.0571934e-02
   3.0210603e-02
   2.1072321e-02
   1.1501324e-02
   1.1386170e-02
   1.4140102e-02
   2.0146801e-02
   1.9330604e-02
   1.2646971e-02
  -7.6974196e-03
  -1.5844368e-02
  -1.5504254e-02
  -1.8208563e-02
  -2.2080741e-02
  -2.6933571e-02
  -3.1145733e-02
  -3.2433354e-02
  -3.0217503e-02
  -2.7054594e-02
  -2.2713846e-02
  -1.6691732e-02
   0.0000000e+00
   0.0000000e+00
   0.0000000e+00
  -1.1090686e-02
   8.1481651e-03
   1.6973032e-02
   2.2229046e-02
   1.9209661e-02
   7.7215986e-03
   0.0000000e+00
   0.0000000e+00
   0.0000000e+00
   8.5210069e-03
   1.1033363e-02
   2.0472552e-02
   2.2964384e-02
   2.2094296e-02
   1.6372427e-02
   5.3798859e-03
   0.0000000e+00
   8.1538879e-03
   1.4841337e-03
   1.4681494e-02
   3.2762798e-04
  -1.0338583e-02
  -1.3229696e-02
  -1.3774678e-03
  -2.5632356e-03
  -5.0246906e-03
  -8.7038130e-03
  -1.2933293e-02
  -1.6963915e-02
  -2.0987303e-02
  -2.5603514e-02
  -3.0151423e-02
  -2.9743239e-02
   0.0000000e+00
   0.0000000e+00
   0.0000000e+00
  -2.6458279e-02
  -3.9127615e-03
   6.3673216e-03
   1.3016668e-02
   1.5451958e-02
   7.1756211e-03
   0.0000000e+00
   0.0000000e+00
   0.0000000e+00
  -1.5526433e-03
   3.6003613e-03
   1.2973554e-02
   1.5433190e-02
   1.5345825e-02
   1.1388436e-02
  -3.0195744e-03
   0.0000000e+00
   3.1651935e-03
   1.1543515e-03
   1.1996204e-02
   2.3089555e-03
  -1.1977383e-03
  -1.2289793e-03
   6.9990023e-03
   8.1922337e-03
   7.2246416e-03
   4.1362445e-03
  -1.1803109e-04
  -5.2523881e-03
  -1.1626882e-02
  -1.8856073e-02
  -2.7979465e-02
  -3.2712734e-02
  -0.0000000e+00
   0.0000000e+00
   0.0000000e+00
  -3.6202553e-02
  -1.9461206e-02
  -8.3371368e-03
   1.8518238e-03
   0.0000000e+00
   0.0000000e+00
   0.0000000e+00
   0.0000000e+00
   0.0000000e+00
   0.0000000e+00
   6.2863510e-04
   4.6489225e-03
   8.5159992e-03
   1.0335889e-02
   3.3316925e-03
  -1.2243886e-02
   0.0000000e+00
   1.5594729e-03
   3.0957326e-03
   9.1769017e-03
   3.1969201e-03
   2.9836020e-03
   4.6845954e-03
  -3.3139281e-03
  -1.5891707e-04
   1.3274032e-03
  -3.1120817e-04
  -3.4563460e-03
  -6.9760578e-03
  -1.0691471e-02
  -1.5750658e-02
  -2.5902627e-02
  -4.6151261e-02
  -0.0000000e+00
   0.0000000e+00
  -5.1996468e-02
  -5.0414885e-02
  -4.1531628e-02
  -2.6175951e-02
  -8.6958363e-03
   0.0000000e+00
   0.0000000e+00
   0.0000000e+00
   0.0000000e+00
   0.0000000e+00
   0.0000000e+00
   2.9834696e-03
  -4.8710068e-03
   5.8730043e-03
   1.4488305e-02
  -4.9366127e-04
  -2.3761599e-02
  -2.5648928e-02
  -4.6891555e-03
   1.0515765e-04
   9.7967153e-04
  -4.7142315e-03
  -5.9308673e-03
  -5.6335991e-03
  -2.2816033e-02
  -2.1842623e-02
  -2.0092685e-02
  -2.0493793e-02
  -2.1889295e-02
  -2.0589241e-02
  -1.6018523e-02
  -1.5436800e-02
  -1.9662289e-02
  -6.2542367e-02
  -6.9027381e-02
   0.0000000e+00
  -4.5224177e-02
  -5.4307874e-02
  -5.2858328e-02
  -4.1961589e-02
  -1.5896702e-02
   0.0000000e+00
   0.0000000e+00
   0.0000000e+00
   0.0000000e+00
   0.0000000e+00
   0.0000000e+00
   1.6486138e-02
  -1.0036258e-02
  -0.0000000e+00
   3.4750614e-02
   7.8634118e-03
  -0.0000000e+00
  -2.2263657e-02
  -1.3789186e-02
  -5.3300053e-03
  -4.6642460e-03
  -1.1401854e-02
  -1.6279226e-02
  -2.0822209e-02
  -3.0908667e-02
  -3.2112375e-02
  -3.1289358e-02
  -3.0922331e-02
  -3.2441338e-02
  -3.0430538e-02
  -2.0190653e-02
  -1.2896287e-02
  -2.0512104e-02
  -6.9171906e-02
  -3.9964092e-02
  -4.3282550e-03
  -3.6250781e-02
  -5.0805054e-02
  -5.9761492e-02
  -6.0819514e-02
  -0.0000000e+00
   0.0000000e+00
   0.0000000e+00
   0.0000000e+00
   0.0000000e+00
   0.0000000e+00
   0.0000000e+00
   2.8911159e-02
  -5.7346866e-03
  -0.0000000e+00
   4.1294676e-02
   3.1167024e-02
   0.0000000e+00
  -2.3633684e-02
  -2.1113766e-02
  -1.2012188e-02
  -7.2913693e-03
  -1.2050535e-02
  -1.8048726e-02
  -2.5780267e-02
  -3.0378034e-02
  -3.2273830e-02
  -3.2121372e-02
  -3.1319660e-02
  -3.2607686e-02
  -3.2564228e-02
  -2.2502091e-02
  -7.2845452e-03
  -0.0000000e+00
  -2.9204752e-02
  -1.8249388e-02
  -2.5740841e-03
  -2.4016092e-02
  -4.2460963e-02
  -6.3392167e-02
  -8.2187300e-02
  -0.0000000e+00
   0.0000000e+00
   0.0000000e+00
   0.0000000e+00
   0.0000000e+00
   0.0000000e+00
   0.0000000e+00
   4.3004540e-02
   6.6121026e-03
  -0.0000000e+00
   4.6673413e-02
   3.8693824e-02
  -0.0000000e+00
  -2.7206679e-02
  -2.6398410e-02
  -1.9970077e-02
  -1.1898883e-02
  -1.1391325e-02
  -1.5213988e-02
  -2.3611945e-02
  -2.6642780e-02
  -2.8785996e-02
  -2.7889973e-02
  -2.6488328e-02
  -2.6998429e-02
  -2.9787312e-02
  -2.5610692e-02
  -1.0794702e-02
   3.1769850e-03
  -3.2037389e-03
   4.6195415e-04
   4.3675323e-03
  -9.2609899e-03
  -2.6118208e-02
  -5.2372990e-02
  -9.0441367e-02
  -0.0000000e+00
   0.0000000e+00
   0.0000000e+00
   0.0000000e+00
   0.0000000e+00
   0.0000000e+00
   0.0000000e+00
   0.0000000e+00
   0.0000000e+00
   0.0000000e+00
   0.0000000e+00
   0.0000000e+00
   0.0000000e+00
  -2.9583847e-02
  -3.0964889e-02
  -2.6283175e-02
  -1.8946790e-02
  -1.3685512e-02
  -1.3379469e-02
  -1.9959132e-02
  -2.1882947e-02
  -2.3629130e-02
  -2.1697357e-02
  -1.9490462e-02
  -2.0625258e-02
  -2.7089198e-02
  -3.0602116e-02
  -0.0000000e+00
   1.2097387e-02
   7.8781925e-04
   2.9830006e-03
   5.0442904e-03
  -2.0564708e-03
  -1.4374979e-02
  -3.7841697e-02
  -8.1959155e-02
  -1.0202567e-01
   0.0000000e+00
   0.0000000e+00
   0.0000000e+00
   0.0000000e+00
   0.0000000e+00
   0.0000000e+00
   0.0000000e+00
   0.0000000e+00
   0.0000000e+00
   0.0000000e+00
   0.0000000e+00
   0.0000000e+00
  -0.0000000e+00
  -3.2876900e-02
  -2.6932964e-02
  -2.2848430e-02
  -1.6434879e-02
  -1.2420027e-02
  -1.6031078e-02
  -1.4009285e-02
  -1.4784128e-02
  -1.2195359e-02
  -1.0057134e-02
  -1.3584364e-02
  -2.5427530e-02
  -3.4012505e-02
   0.0000000e+00
   0.0000000e+00
   8.8990000e-04
   3.0614269e-03
   4.8505526e-03
  -2.5716569e-04
  -7.9397466e-03
  -2.5450091e-02
  -6.6283447e-02
  -9.5033970e-02
   0.0000000e+00
   0.0000000e+00
   0.0000000e+00
   0.0000000e+00
   0.0000000e+00
   0.0000000e+00
   0.0000000e+00
   0.0000000e+00
   0.0000000e+00
   0.0000000e+00
   0.0000000e+00
   0.0000000e+00
   0.0000000e+00
  -3.0658708e-02
  -2.5842676e-02
  -2.0056729e-02
  -1.4181695e-02
  -8.9674074e-03
  -9.0832835e-03
  -4.4683927e-03
  -4.6071800e-03
  -1.3617388e-03
   2.6537200e-04
  -6.4212327e-03
  -2.4403716e-02
  -2.9722195e-02
   0.0000000e+00
   0.0000000e+00
   0.0000000e+00
   5.6757429e-03
   9.2932599e-03
   3.4403736e-03
  -3.5142906e-03
  -1.5561083e-02
  -4.7713050e-02
  -8.2043551e-02
   0.0000000e+00
   0.0000000e+00
   0.0000000e+00
   0.0000000e+00
   0.0000000e+00
   0.0000000e+00
   0.0000000e+00
   0.0000000e+00
   0.0000000e+00
   0.0000000e+00
   0.0000000e+00
   0.0000000e+00
   0.0000000e+00
  -2.1354869e-02
  -2.3765229e-02
  -1.6170184e-02
  -4.9753307e-03
  -5.1683797e-04
   2.5169225e-04
   4.2826246e-03
   6.0284844e-03
   1.1185004e-02
   1.3040587e-02
   2.1379792e-03
  -2.1383043e-02
  -0.0000000e+00
   0.0000000e+00
   0.0000000e+00
   0.0000000e+00
   1.1449700e-02
   1.3739099e-02
   1.1124169e-02
   5.2875099e-03
  -5.1662529e-03
  -2.8197020e-02
  -6.0249753e-02
   0.0000000e+00
   0.0000000e+00
  -0.0000000e+00
  -0.0000000e+00
  -0.0000000e+00
   0.0000000e+00
   0.0000000e+00
   0.0000000e+00
   0.0000000e+00
   0.0000000e+00
   0.0000000e+00
   0.0000000e+00
   0.0000000e+00
   0.0000000e+00
  -2.6098181e-02
  -1.8847600e-02
   2.6281982e-03
   8.0283816e-03
   8.0750424e-03
   1.1131205e-02
   1.6165573e-02
   2.4500912e-02
   2.7172250e-02
   1.2279650e-02
  -1.1589578e-02
   0.0000000e+00
   0.0000000e+00
   0.0000000e+00
   0.0000000e+00
   0.0000000e+00
   1.4130058e-02
   1.5952540e-02
   1.4203520e-02
   6.2237338e-03
  -1.0655197e-02
  -3.4917834e-02
   0.0000000e+00
  -0.0000000e+00
  -0.0000000e+00
   0.0000000e+00
   0.0000000e+00
   0.0000000e+00
   0.0000000e+00
   0.0000000e+00
   0.0000000e+00
   0.0000000e+00
   0.0000000e+00
   0.0000000e+00
   0.0000000e+00
   0.0000000e+00
  -3.0482831e-02
  -2.6691535e-02
  -7.9020532e-04
   6.3686617e-03
   9.2911125e-03
   1.8865184e-02
   2.4865777e-02
   3.5425818e-02
   4.0516969e-02
   2.5889154e-02
   0.0000000e+00
   0.0000000e+00
   0.0000000e+00
   0.0000000e+00
   0.0000000e+00
   0.0000000e+00
   0.0000000e+00
   1.6408211e-02
   1.7238466e-02
   1.3839113e-02
   5.0497157e-03
  -8.2952146e-03
   0.0000000e+00
  -0.0000000e+00
  -0.0000000e+00
   0.0000000e+00
  -0.0000000e+00
   0.0000000e+00
   0.0000000e+00
   0.0000000e+00
   0.0000000e+00
   0.0000000e+00
   0.0000000e+00
   0.0000000e+00
   0.0000000e+00
   0.0000000e+00
  -3.3570698e-02
  -2.7315453e-02
  -1.2469138e-03
   8.6096534e-03
   1.3491645e-02
   1.5945330e-02
   2.4113326e-02
   3.6488355e-02
   4.6833804e-02
   3.6659863e-02
   0.0000000e+00
   0.0000000e+00
   0.0000000e+00
   0.0000000e+00
   0.0000000e+00
   0.0000000e+00
   0.0000000e+00
   0.0000000e+00
   1.3185643e-02
   1.6135519e-02
   1.4091197e-02
   1.0181548e-02
   5.2158799e-03
   0.0000000e+00
   0.0000000e+00
   0.0000000e+00
  -0.0000000e+00
   0.0000000e+00
   0.0000000e+00
   0.0000000e+00
   0.0000000e+00
   0.0000000e+00
   0.0000000e+00
   0.0000000e+00
   0.0000000e+00
   0.0000000e+00
  -0.0000000e+00
  -2.1314779e-02
   1.6968918e-03
   6.9185393e-03
   1.0173763e-02
   2.2131831e-05
   1.2651686e-02
   2.7570378e-02
   4.5678548e-02
   4.3096658e-02
   0.0000000e+00
   0.0000000e+00
   0.0000000e+00
   0.0000000e+00
   0.0000000e+00
   0.0000000e+00
   0.0000000e+00
  -3.8773286e-02
  -9.5816364e-03
   1.0252303e-02
   1.7408142e-02
   1.9733221e-02
   0.0000000e+00
   0.0000000e+00
   0.0000000e+00
   0.0000000e+00
   0.0000000e+00
   0.0000000e+00
   0.0000000e+00
   0.0000000e+00
   0.0000000e+00
   0.0000000e+00
   0.0000000e+00
   0.0000000e+00
   0.0000000e+00
   0.0000000e+00
   0.0000000e+00
  -2.2217788e-02
   2.3601319e-04
  -1.6681614e-02
  -8.7688683e-03
  -2.7785935e-02
  -5.7568756e-04
   0.0000000e+00
   0.0000000e+00
   0.0000000e+00
   0.0000000e+00
   0.0000000e+00
   0.0000000e+00
   0.0000000e+00
   0.0000000e+00
   0.0000000e+00
   0.0000000e+00
  -3.9926792e-02
  -3.0524768e-02
  -1.0083631e-02
   1.0581989e-02
   1.9330441e-02
   0.0000000e+00
   1.9429571e-03
   0.0000000e+00
   0.0000000e+00
   0.0000000e+00
   0.0000000e+00
   0.0000000e+00
   0.0000000e+00
   0.0000000e+00
   0.0000000e+00
   0.0000000e+00
   0.0000000e+00
   0.0000000e+00
   0.0000000e+00
   0.0000000e+00
  -0.0000000e+00
   0.0000000e+00
  -5.4906964e-02
  -5.6184315e-02
  -8.9286150e-02
  -0.0000000e+00
   0.0000000e+00
   0.0000000e+00
   0.0000000e+00
   0.0000000e+00
   0.0000000e+00
   0.0000000e+00
   0.0000000e+00
   0.0000000e+00
   0.0000000e+00
   0.0000000e+00
  -0.0000000e+00
  -0.0000000e+00
  -0.0000000e+00
  -2.3533642e-02
  -5.8338287e-03
  -1.4599397e-02
   5.3355160e-03
   0.0000000e+00
   0.0000000e+00
   0.0000000e+00
   0.0000000e+00
   0.0000000e+00
   0.0000000e+00
   0.0000000e+00
   0.0000000e+00
   0.0000000e+00
   0.0000000e+00
   0.0000000e+00
   0.0000000e+00
   0.0000000e+00
   0.0000000e+00
   0.0000000e+00
  -0.0000000e+00
  -0.0000000e+00
  -3.5808724e-02
  -4.7047019e-02
  -3.0415696e-02
  -5.5195250e-03
  -3.7111497e-04
   1.5964556e-03
   0.0000000e+00
   0.0000000e+00
   0.0000000e+00
   0.0000000e+00
  -0.0000000e+00
  -0.0000000e+00
  -0.0000000e+00
   0.0000000e+00
   0.0000000e+00
  -0.0000000e+00
  -5.2589090e-02
  -3.6327617e-02
  -2.4079367e-02
  -1.1496378e-02
   0.0000000e+00
   0.0000000e+00
   0.0000000e+00
   0.0000000e+00
   0.0000000e+00
   0.0000000e+00
   0.0000000e+00
   0.0000000e+00
   0.0000000e+00
   0.0000000e+00
   6.3773350e-04
   3.1753627e-03
   0.0000000e+00
  -5.8602527e-03
  -8.7162104e-03
  -1.0898087e-02
