   1.8653268e-02
   1.7797008e-02
   1.6483691e-02
   1.4972934e-02
   1.3531630e-02
   1.1961431e-02
   1.0579864e-02
   9.7867999e-03
   9.0083085e-03
   7.1441512e-03
   4.8340618e-03
   1.4896563e-03
  -0.0000000e+00
   0.0000000e+00
   0.0000000e+00
   0.0000000e+00
  -0.0000000e+00
  -0.0000000e+00
   0.0000000e+00
   0.0000000e+00
   0.0000000e+00
   0.0000000e+00
   0.0000000e+00
   0.0000000e+00
   0.0000000e+00
   0.0000000e+00
   0.0000000e+00
   0.0000000e+00
   0.0000000e+00
   0.0000000e+00
   0.0000000e+00
   0.0000000e+00
   0.0000000e+00
   2.1776281e-02
   2.1987041e-02
   1.9768817e-02
   1.6065067e-02
   1.3957204e-02
   1.0182160e-02
   7.6155635e-03
   6.5396274e-03
   6.7260466e-03
   6.5785600e-03
   5.2133333e-03
   4.7753146e-03
   4.8020384e-03
   4.9069016e-03
   2.4440286e-03
  -1.5654519e-03
  -0.0000000e+00
   0.0000000e+00
   6.2793628e-03
   3.6530739e-03
   1.3926814e-04
   0.0000000e+00
   0.0000000e+00
   0.0000000e+00
   0.0000000e+00
   0.0000000e+00
   0.0000000e+00
   0.0000000e+00
   0.0000000e+00
   0.0000000e+00
   0.0000000e+00
   0.0000000e+00
   0.0000000e+00
   0.0000000e+00
   0.0000000e+00
   2.5487250e-02
   2.3371963e-02
   2.0134585e-02
   1.7557768e-02
   1.4866035e-02
   1.2261726e-02
   6.6077444e-03
   4.8970827e-03
   4.9099885e-03
   3.3909150e-03
   5.2008047e-03
   1.8203070e-03
   2.3784279e-04
  -2.5696568e-03
  -5.9924196e-03
  -5.1852516e-03
  -8.7800239e-03
  -4.3904064e-03
   3.8497203e-03
   8.4766494e-03
   2.1530511e-03
  -2.5593070e-03
   0.0000000e+00
   0.0000000e+00
   0.0000000e+00
   0.0000000e+00
   0.0000000e+00
   2.6865908e-02
   1.7413209e-02
   0.0000000e+00
   0.0000000e+00
   0.0000000e+00
   0.0000000e+00
   0.0000000e+00
   0.0000000e+00
   2.4038231e-02
   2.6649926e-02
   2.5701402e-02
   2.2208340e-02
   1.9376237e-02
  -3.6521526e-03
  -4.0612090e-03
  -7.7953925e-03
  -7.5742728e-03
  -6.8094307e-03
  -1.0027718e-02
  -5.7167499e-03
  -8.7980200e-03
  -8.3074542e-03
  -6.7845103e-03
  -1.1796341e-02
  -1.5197651e-02
  -2.1481605e-02
  -1.6576175e-02
   2.9338319e-04
   2.0429108e-03
  -1.1259459e-02
  -2.2326696e-03
   4.6392797e-03
  -5.4012869e-03
  -0.0000000e+00
   0.0000000e+00
   0.0000000e+00
   2.9454969e-02
   1.3021723e-02
   0.0000000e+00
   0.0000000e+00
   0.0000000e+00
   0.0000000e+00
   0.0000000e+00
   0.0000000e+00
   1.0492465e-02
   1.1288183e-02
   1.2095580e-02
   6.8118442e-03
   4.4134664e-03
  -2.5487220e-02
  -2.4924370e-02
  -2.6826635e-02
  -2.6087813e-02
  -2.4728993e-02
  -2.4342511e-02
  -2.1546107e-02
  -2.4052532e-02
  -2.3555394e-02
  -1.8256100e-02
  -1.5556905e-02
  -1.7362410e-02
  -2.5047071e-02
  -2.7370525e-02
  -0.0000000e+00
  -3.3877380e-03
  -1.5048881e-02
   2.0017171e-04
  -3.4501203e-04
  -1.3198908e-02
  -0.0000000e+00
   0.0000000e+00
   0.0000000e+00
   1.4696421e-02
   1.1115715e-04
  -1.0020000e-02
  -1.9614062e-02
  -1.6221157e-02
  -1.9485915e-02
  -0.0000000e+00
  -0.0000000e+00
  -9.5456252e-03
  -1.0472338e-02
  -1.0816081e-02
  -1.4521733e-02
  -1.7638003e-02
  -3.4258194e-02
  -3.3942174e-02
  -3.4488574e-02
  -3.3768553e-02
  -3.2831285e-02
  -2.9015729e-02
  -2.8055312e-02
  -2.9027898e-02
  -2.9620940e-02
  -2.9759450e-02
  -2.6228249e-02
  -1.9358058e-02
  -2.0747814e-02
  -1.9105628e-02
  -0.0000000e+00
  -0.0000000e+00
  -0.0000000e+00
   0.0000000e+00
  -7.1384036e-03
  -1.2521542e-02
   0.0000000e+00
  -0.0000000e+00
  -0.0000000e+00
  -1.7946770e-02
  -2.5434062e-02
  -2.9020565e-02
  -2.8775666e-02
  -2.4020109e-02
  -2.4415670e-02
  -1.6221880e-02
  -1.6056774e-02
  -2.3575617e-02
  -2.5162725e-02
  -2.7161635e-02
  -2.7222883e-02
  -3.1148903e-02
  -2.9197043e-02
  -2.8657865e-02
  -2.8065544e-02
  -2.7778754e-02
  -2.6805226e-02
  -2.4090258e-02
  -2.2818074e-02
  -2.2103000e-02
  -2.2233859e-02
  -2.6187038e-02
  -2.8791349e-02
  -1.8836997e-02
  -1.1470173e-02
  -6.6054629e-03
   0.0000000e+00
  -0.0000000e+00
  -0.0000000e+00
   0.0000000e+00
  -0.0000000e+00
  -6.9510848e-03
  -1.2568105e-02
  -0.0000000e+00
  -2.8366072e-02
  -4.0056385e-02
  -4.2811938e-02
  -4.4995856e-02
  -3.4022406e-02
  -2.7101576e-02
  -2.3900684e-02
  -1.6899554e-02
  -2.2444440e-02
  -2.5631651e-02
  -2.7507020e-02
  -2.8888250e-02
  -2.8013900e-02
  -2.9794075e-02
  -1.9016497e-02
  -1.8149873e-02
  -1.6619815e-02
  -1.7193139e-02
  -1.5985321e-02
  -1.5117501e-02
  -1.3473025e-02
  -1.2107276e-02
  -1.2054641e-02
  -1.3337045e-02
  -1.6478755e-02
  -8.1795435e-03
   4.2804843e-03
   7.3993827e-03
   0.0000000e+00
   0.0000000e+00
   0.0000000e+00
   0.0000000e+00
   0.0000000e+00
  -0.0000000e+00
  -1.3311412e-02
  -2.8549925e-02
  -4.0588729e-02
  -3.8350601e-02
  -3.7554666e-02
  -4.0989213e-02
  -2.7714310e-02
  -1.9344229e-02
  -1.6059801e-02
  -1.3344903e-02
  -1.7257096e-02
  -1.9403636e-02
  -2.1889757e-02
  -2.1871125e-02
  -2.1774763e-02
  -2.0818658e-02
  -8.7983785e-03
  -8.3550503e-03
  -6.6192262e-03
  -7.8067114e-03
  -6.7663677e-03
  -5.9801559e-03
  -5.0942223e-03
  -3.3305758e-03
  -4.2503090e-03
  -1.4945414e-03
   6.2755734e-04
   1.0051853e-02
   2.4402900e-02
   2.0208773e-02
   0.0000000e+00
   0.0000000e+00
   0.0000000e+00
   0.0000000e+00
   0.0000000e+00
  -0.0000000e+00
  -1.1729904e-02
  -2.5808096e-02
  -3.4919947e-02
  -2.4409464e-02
  -2.0825472e-02
  -2.4570156e-02
  -1.5532265e-02
  -7.7666128e-03
  -6.0566268e-03
  -5.0933408e-03
  -7.3537328e-03
  -1.0284198e-02
  -1.3073444e-02
  -1.2797772e-02
  -1.2661449e-02
  -1.0967948e-02
   1.0675614e-03
   4.5013247e-04
   1.3338795e-03
   7.7986682e-05
   7.8673975e-04
   2.2505093e-03
   1.9892766e-03
   4.5508994e-03
   2.5181612e-03
   6.7047528e-03
   1.3808963e-02
   2.9543076e-02
   4.5111276e-02
   2.8392362e-02
   0.0000000e+00
   0.0000000e+00
   0.0000000e+00
   0.0000000e+00
   0.0000000e+00
  -0.0000000e+00
  -8.2664089e-03
  -1.6322650e-02
  -1.4112090e-02
  -9.0482756e-03
  -5.1719458e-03
  -6.6717132e-03
  -2.0802827e-03
   3.3765857e-03
   4.5286738e-03
   6.0287421e-03
   1.9819706e-03
  -1.3925064e-04
  -2.4811148e-03
  -3.1086742e-03
  -1.8786638e-03
  -1.3897580e-03
   1.2709318e-02
   1.1376105e-02
   1.1059586e-02
   9.5237959e-03
   1.0431939e-02
   1.0768342e-02
   1.1015000e-02
   1.3565913e-02
   1.1829801e-02
   1.5680593e-02
   2.1602772e-02
   4.5526028e-02
   6.3709915e-02
   3.4183056e-02
   0.0000000e+00
   0.0000000e+00
   0.0000000e+00
   0.0000000e+00
   0.0000000e+00
   0.0000000e+00
   0.0000000e+00
  -1.2545136e-03
   1.0008478e-02
   6.6591967e-03
   4.5780796e-03
   7.0446404e-03
   1.2179160e-02
   1.6193962e-02
   1.5766013e-02
   1.6042886e-02
   1.2657800e-02
   1.2612151e-02
   1.1152824e-02
   9.9538835e-03
   1.0746093e-02
   1.0777056e-02
   2.5017349e-02
   2.3899691e-02
   2.3470916e-02
   2.1923058e-02
   2.2952713e-02
   2.2447357e-02
   2.3049859e-02
   2.4476077e-02
   2.3617083e-02
   2.6507152e-02
   2.8589593e-02
   4.5961764e-02
   5.9063118e-02
   2.9860669e-02
   0.0000000e+00
   0.0000000e+00
   0.0000000e+00
   0.0000000e+00
   0.0000000e+00
   0.0000000e+00
   0.0000000e+00
   1.2022383e-02
   2.1447901e-02
   1.6982725e-02
   1.0282148e-02
   1.5414745e-02
   2.7420871e-02
   3.0578611e-02
   2.4618994e-02
   2.3382042e-02
   2.4857236e-02
   2.5408609e-02
   2.4214564e-02
   2.2918178e-02
   2.2509355e-02
   2.3840467e-02
   3.3543937e-02
   3.2883462e-02
   3.2819711e-02
   3.2109167e-02
   3.3054996e-02
   3.2704260e-02
   3.3709262e-02
   3.4098256e-02
   3.4140579e-02
   3.5922512e-02
   3.7672140e-02
   4.8496380e-02
   4.6480540e-02
   2.6736576e-02
   0.0000000e+00
   0.0000000e+00
   0.0000000e+00
   0.0000000e+00
   0.0000000e+00
   0.0000000e+00
   0.0000000e+00
   1.9229811e-02
   2.7362501e-02
   2.3473069e-02
   1.7907951e-02
   2.4255194e-02
   3.9000165e-02
   4.0591449e-02
   3.2213595e-02
   3.1094268e-02
   3.3432338e-02
   3.2995079e-02
   3.2089110e-02
   3.1395894e-02
   3.0822078e-02
   3.2778293e-02
   3.8331974e-02
   3.8260937e-02
   3.8640108e-02
   3.8917936e-02
   4.0042635e-02
   3.9906666e-02
   4.1779108e-02
   4.1212581e-02
   4.2416003e-02
   4.3233279e-02
   4.6170007e-02
   5.1962912e-02
   3.1247787e-02
   1.5957661e-02
   0.0000000e+00
   0.0000000e+00
   0.0000000e+00
   0.0000000e+00
   0.0000000e+00
   0.0000000e+00
   0.0000000e+00
   2.3803887e-02
   3.0293079e-02
   2.7327156e-02
   2.6580637e-02
   3.3599060e-02
   4.6699140e-02
   4.6462912e-02
   3.9008845e-02
   3.8305864e-02
   3.9212607e-02
   3.6792666e-02
   3.5936713e-02
   3.6259107e-02
   3.5806846e-02
   3.8093887e-02
   3.2044623e-02
   3.2869775e-02
   3.3152893e-02
   3.4211714e-02
   3.6431998e-02
   3.5777483e-02
   3.9832026e-02
   3.8905039e-02
   4.2634353e-02
   4.3511160e-02
   4.9553126e-02
   5.6383952e-02
   1.9289025e-02
   0.0000000e+00
   0.0000000e+00
   0.0000000e+00
   0.0000000e+00
   0.0000000e+00
   0.0000000e+00
   0.0000000e+00
   0.0000000e+00
   0.0000000e+00
   2.7426548e-02
   2.5700605e-02
   3.5148051e-02
   4.2088103e-02
   4.2820688e-02
   4.2173192e-02
   4.3839075e-02
   4.1668210e-02
   3.6958542e-02
   3.0882100e-02
   2.9729268e-02
   3.1504471e-02
   3.1041790e-02
   3.3203784e-02
   1.6809629e-02
   1.7898435e-02
   1.7960032e-02
   1.8816449e-02
   2.0945139e-02
   2.0792183e-02
   2.5540188e-02
   2.5873093e-02
   3.1600330e-02
   3.3590201e-02
   3.7428379e-02
   3.9795548e-02
   1.6499870e-02
   0.0000000e+00
   0.0000000e+00
   0.0000000e+00
   0.0000000e+00
   0.0000000e+00
   0.0000000e+00
   0.0000000e+00
   0.0000000e+00
   0.0000000e+00
   1.5494192e-02
   1.9238951e-02
   2.9406091e-02
   3.4588922e-02
   3.1255879e-02
   3.2048684e-02
   3.7113722e-02
   3.1570256e-02
   2.5325101e-02
   1.8410906e-02
   1.6838256e-02
   1.8102838e-02
   1.6910594e-02
   1.8618658e-02
   2.5935858e-03
   3.6773547e-03
   3.9062565e-03
   4.8270491e-03
   5.7237344e-03
   6.9787828e-03
   1.0795562e-02
   1.3141572e-02
   2.1010621e-02
   2.3629636e-02
   2.6161456e-02
   2.0465329e-02
   4.5425600e-03
   0.0000000e+00
   0.0000000e+00
   0.0000000e+00
   0.0000000e+00
   0.0000000e+00
   0.0000000e+00
   0.0000000e+00
   0.0000000e+00
   0.0000000e+00
   2.5800567e-03
   1.2076128e-02
   2.0300506e-02
   2.2969104e-02
   2.1505544e-02
   2.3730164e-02
   2.7642347e-02
   2.0812048e-02
   1.4491116e-02
   7.1302936e-03
   4.2516650e-03
   4.6515656e-03
   3.0743247e-03
   3.6178138e-03
  -1.1380177e-02
  -1.0486989e-02
  -9.8790806e-03
  -8.7914076e-03
  -9.7464053e-03
  -6.6017639e-03
  -4.6010041e-03
   1.5162343e-04
   1.0109675e-02
   1.2934465e-02
   1.4510962e-02
  -9.7409135e-04
  -9.1703968e-03
   0.0000000e+00
   0.0000000e+00
   0.0000000e+00
   0.0000000e+00
   0.0000000e+00
   0.0000000e+00
   0.0000000e+00
   0.0000000e+00
  -0.0000000e+00
  -1.1129553e-02
   4.1172178e-03
   8.9393482e-03
   8.7367157e-03
   1.1972239e-02
   1.5264534e-02
   1.5866172e-02
   9.1700451e-03
   3.5527912e-03
  -3.9747083e-03
  -8.5264547e-03
  -9.1274586e-03
  -1.0900481e-02
  -1.1914481e-02
  -3.1968094e-02
  -2.9567769e-02
  -3.0010380e-02
  -2.7364489e-02
  -3.1396408e-02
  -2.8683253e-02
  -3.0424053e-02
  -2.6735162e-02
  -1.5101061e-02
  -1.1700300e-02
  -6.5563980e-04
  -2.2517873e-02
  -3.2117518e-02
  -0.0000000e+00
   0.0000000e+00
   0.0000000e+00
   0.0000000e+00
   0.0000000e+00
   0.0000000e+00
   0.0000000e+00
   0.0000000e+00
  -0.0000000e+00
  -2.8723536e-02
  -1.6031103e-02
  -9.5763924e-03
  -7.7505065e-03
  -6.9047702e-03
   3.4849448e-04
   3.9690595e-03
  -0.0000000e+00
  -0.0000000e+00
  -1.6463204e-02
  -2.6243938e-02
  -2.9990638e-02
  -3.0028572e-02
  -3.2934647e-02
  -4.1902538e-02
  -3.6820054e-02
  -3.9085519e-02
  -3.4867596e-02
  -3.8342379e-02
  -3.8811494e-02
  -3.8939577e-02
  -4.0661536e-02
  -2.8539557e-02
  -2.7433768e-02
  -9.4977459e-03
  -1.4773904e-02
  -4.0599432e-02
  -3.2881316e-02
  -0.0000000e+00
  -0.0000000e+00
   0.0000000e+00
   0.0000000e+00
   0.0000000e+00
  -0.0000000e+00
  -0.0000000e+00
  -0.0000000e+00
  -3.3368919e-02
  -2.7501604e-02
  -1.6384397e-02
  -1.1675141e-02
  -1.6320944e-02
  -6.8581589e-03
   0.0000000e+00
  -0.0000000e+00
  -0.0000000e+00
  -0.0000000e+00
  -3.1860922e-02
  -3.8174871e-02
  -3.8593326e-02
  -3.9430849e-02
  -4.9713455e-02
  -4.2618178e-02
  -4.5939710e-02
  -4.0462177e-02
  -4.2973045e-02
  -4.6619762e-02
  -4.5354117e-02
  -5.2710712e-02
  -4.1136362e-02
  -4.2027064e-02
  -1.8574622e-02
  -7.8004948e-03
  -4.5910314e-02
  -4.1094453e-02
  -3.7167424e-02
  -2.2190674e-02
   0.0000000e+00
   0.0000000e+00
   0.0000000e+00
  -0.0000000e+00
  -2.9563904e-02
  -3.3283225e-02
  -3.6912307e-02
  -3.6623087e-02
  -2.2259019e-02
  -1.4763442e-02
  -2.2076278e-02
  -1.5651853e-02
   0.0000000e+00
  -0.0000000e+00
  -1.3476522e-02
  -2.9044548e-02
  -3.6683440e-02
  -4.3948464e-02
  -4.5906004e-02
  -4.4431932e-02
  -5.4919742e-02
  -4.6821080e-02
  -4.9853068e-02
  -4.3436453e-02
  -4.4242222e-02
  -5.1320586e-02
  -4.9210265e-02
  -6.3213468e-02
  -5.3760130e-02
  -5.6120533e-02
  -2.8830549e-02
  -2.2490021e-03
  -4.3868135e-02
  -6.2511116e-02
  -5.9337884e-02
  -4.5971048e-02
   0.0000000e+00
   0.0000000e+00
  -0.0000000e+00
  -0.0000000e+00
  -4.5288734e-02
  -4.1927338e-02
  -3.9210081e-02
  -4.2085677e-02
  -2.7846465e-02
  -1.9201407e-02
  -2.4915865e-02
  -1.4420004e-02
   0.0000000e+00
  -0.0000000e+00
  -1.5700027e-02
  -3.4681156e-02
  -3.9842803e-02
  -4.6281364e-02
  -5.1997770e-02
  -4.7799006e-02
  -5.0262332e-02
  -4.4913121e-02
  -4.5208242e-02
  -3.9463397e-02
  -3.7257165e-02
  -4.2759765e-02
  -4.2442311e-02
  -5.4168940e-02
  -5.3967189e-02
  -5.7236753e-02
  -3.4778047e-02
  -5.8843637e-03
  -0.0000000e+00
  -4.5010436e-02
  -6.8994723e-02
  -5.3944327e-02
  -0.0000000e+00
   0.0000000e+00
  -0.0000000e+00
  -2.4107046e-02
  -3.9089411e-02
  -4.4826690e-02
  -3.5450555e-02
  -3.2142021e-02
  -2.8988492e-02
  -2.5890244e-02
  -2.0759413e-02
  -5.6966096e-03
   0.0000000e+00
  -0.0000000e+00
  -1.2659090e-02
  -2.9720576e-02
  -3.6509503e-02
  -4.0306404e-02
  -4.7786426e-02
  -4.5394715e-02
  -4.2571548e-02
  -3.9251778e-02
  -3.8356978e-02
  -3.3342291e-02
  -2.9041836e-02
  -3.2129932e-02
  -3.3035789e-02
  -4.1279290e-02
  -4.7602147e-02
  -5.2782714e-02
  -3.4913238e-02
  -1.3092768e-02
  -0.0000000e+00
  -2.6897281e-02
  -5.3068529e-02
  -4.9374724e-02
  -3.1002365e-02
   0.0000000e+00
  -0.0000000e+00
  -1.8372944e-02
  -2.8265057e-02
  -3.8870405e-02
  -3.0475479e-02
  -2.4736179e-02
  -2.6652534e-02
  -2.6257940e-02
  -1.6576538e-02
  -2.9174413e-03
   0.0000000e+00
  -0.0000000e+00
  -7.8600344e-03
  -1.9131165e-02
  -2.8383994e-02
  -3.2403514e-02
  -3.9327599e-02
  -3.8867410e-02
  -3.3691943e-02
  -3.2055110e-02
  -3.0825963e-02
  -2.6530575e-02
  -2.0833738e-02
  -2.1405054e-02
  -2.3154236e-02
  -2.8463518e-02
  -3.9884102e-02
  -4.7961369e-02
  -3.2362469e-02
  -1.4045610e-02
  -0.0000000e+00
  -1.1853728e-02
  -3.1228747e-02
  -4.2991846e-02
  -3.3699967e-02
  -0.0000000e+00
  -0.0000000e+00
  -1.0845503e-02
  -1.7359534e-02
  -3.0015757e-02
  -2.5141662e-02
  -1.8400846e-02
  -2.4492618e-02
  -2.2098867e-02
  -1.4858748e-02
  -0.0000000e+00
   0.0000000e+00
  -0.0000000e+00
  -2.4723717e-03
  -7.2401725e-03
  -1.8471872e-02
  -2.3571802e-02
  -2.9424358e-02
  -3.0559290e-02
  -2.2332910e-02
  -2.2122139e-02
  -2.1806384e-02
  -1.8302575e-02
  -1.2679076e-02
  -1.0817498e-02
  -1.3129517e-02
  -1.7598173e-02
  -3.2146759e-02
  -4.5500662e-02
  -2.6816316e-02
  -1.0161603e-02
  -0.0000000e+00
  -5.9345420e-03
  -1.3294330e-02
  -2.8377809e-02
  -3.4944005e-02
  -1.0319275e-02
   7.1645712e-03
  -8.1197279e-04
  -9.2740017e-03
  -1.8928299e-02
  -1.9894511e-02
  -1.7203667e-02
  -1.9616202e-02
  -1.0424310e-02
  -9.3688617e-03
   0.0000000e+00
   0.0000000e+00
  -0.0000000e+00
   7.3855156e-03
   5.9887785e-03
  -6.0897311e-03
  -1.2588052e-02
  -1.7279636e-02
  -1.9217491e-02
  -6.7892428e-03
  -8.4217936e-03
  -8.7479018e-03
  -6.3428227e-03
  -2.7914064e-03
   1.2324023e-03
  -2.0610224e-03
  -7.0997612e-03
  -2.3428082e-02
  -3.9561875e-02
  -1.9909671e-02
  -0.0000000e+00
  -0.0000000e+00
  -0.0000000e+00
  -0.0000000e+00
  -1.2372416e-02
  -1.9338841e-02
  -7.3305939e-03
   1.1710472e-02
   8.0316977e-03
   3.9067853e-04
  -7.4482607e-03
  -1.3360667e-02
  -1.4795096e-02
  -1.1723730e-02
  -6.1401764e-03
  -0.0000000e+00
   0.0000000e+00
   0.0000000e+00
   0.0000000e+00
   1.6509246e-02
   2.2721265e-02
   1.0194253e-02
   2.4710274e-03
  -9.4122178e-04
  -4.4038869e-03
   1.0138281e-02
   7.4218968e-03
   6.5959971e-03
   7.3714871e-03
   8.8099418e-03
   1.2676518e-02
   9.1550071e-03
   4.4779927e-03
  -1.1903514e-02
  -2.6857976e-02
  -1.5604001e-02
   0.0000000e+00
   0.0000000e+00
   0.0000000e+00
  -0.0000000e+00
  -3.0936038e-03
  -1.3659727e-03
   2.4383832e-04
   0.0000000e+00
   1.4007230e-02
   1.1635717e-02
   4.9970469e-03
  -1.9025251e-05
  -6.9704665e-03
  -9.1400261e-03
   0.0000000e+00
   0.0000000e+00
   0.0000000e+00
   0.0000000e+00
   0.0000000e+00
   0.0000000e+00
   3.3568863e-02
   2.8371515e-02
   1.9750096e-02
   1.6859740e-02
   1.2042882e-02
   2.5795629e-02
   2.3244377e-02
   2.1340596e-02
   2.1417612e-02
   2.1155126e-02
   2.3882462e-02
   2.0160524e-02
   1.6179133e-02
   1.2301157e-03
  -1.1858786e-02
  -8.2491085e-03
   0.0000000e+00
   0.0000000e+00
   0.0000000e+00
  -0.0000000e+00
   0.0000000e+00
   7.3414552e-03
   8.6023331e-03
   1.1673190e-02
   0.0000000e+00
   1.6827084e-02
   1.7518219e-02
   1.4647992e-02
   4.7439983e-03
   0.0000000e+00
   0.0000000e+00
   0.0000000e+00
   0.0000000e+00
   0.0000000e+00
   0.0000000e+00
   0.0000000e+00
   3.2140106e-02
   4.2901762e-02
   3.5387017e-02
   3.2469057e-02
   2.7690500e-02
   3.5787933e-02
   3.4760121e-02
   3.1545378e-02
   3.1831622e-02
   3.0710498e-02
   3.1766757e-02
   2.8439682e-02
   2.3722857e-02
   1.2131434e-02
   3.0149616e-03
   1.2630513e-03
   0.0000000e+00
   0.0000000e+00
   0.0000000e+00
   0.0000000e+00
   0.0000000e+00
   0.0000000e+00
   1.4583335e-02
   1.7551382e-02
   0.0000000e+00
   0.0000000e+00
   0.0000000e+00
   2.6459714e-02
   2.1014272e-02
   0.0000000e+00
   0.0000000e+00
   0.0000000e+00
   0.0000000e+00
   0.0000000e+00
   0.0000000e+00
   0.0000000e+00
   1.8313637e-02
   4.3255765e-02
   4.2512529e-02
   4.0952049e-02
   3.7695780e-02
   3.6287237e-02
   3.7610404e-02
   3.4151278e-02
   3.3658024e-02
   3.2836273e-02
   3.0700359e-02
   2.8405370e-02
   2.2005247e-02
   1.7345028e-02
   1.9108199e-02
   2.0246389e-02
   0.0000000e+00
   0.0000000e+00
   0.0000000e+00
   0.0000000e+00
   0.0000000e+00
  -0.0000000e+00
   1.3830830e-02
   0.0000000e+00
   0.0000000e+00
   0.0000000e+00
   0.0000000e+00
   2.2941265e-02
   2.7323457e-02
   0.0000000e+00
   0.0000000e+00
   0.0000000e+00
   0.0000000e+00
   0.0000000e+00
   0.0000000e+00
  -0.0000000e+00
  -0.0000000e+00
   1.8759057e-02
   3.1564225e-02
   3.6731407e-02
   3.7466053e-02
   2.9433185e-02
   3.2252297e-02
   3.0392084e-02
   2.7256085e-02
   2.6557693e-02
   1.9511081e-02
   1.7150572e-02
   1.2539041e-02
   1.6539570e-02
   2.5236579e-02
   2.6303632e-02
   0.0000000e+00
   0.0000000e+00
   0.0000000e+00
   0.0000000e+00
   0.0000000e+00
   0.0000000e+00
   9.6340342e-03
   1.1237939e-02
   0.0000000e+00
   0.0000000e+00
  -0.0000000e+00
   4.4147278e-03
   0.0000000e+00
   0.0000000e+00
   0.0000000e+00
   0.0000000e+00
   0.0000000e+00
   0.0000000e+00
   0.0000000e+00
   0.0000000e+00
  -0.0000000e+00
  -2.0962516e-02
   3.8912804e-03
   1.9618571e-02
   2.7826196e-02
   1.7880959e-02
   2.0938190e-02
   2.1327630e-02
   1.7308816e-02
   1.4614826e-02
   4.7222679e-03
   1.0844393e-03
   1.4814282e-03
   8.1154936e-03
   1.5866093e-02
   0.0000000e+00
   0.0000000e+00
   0.0000000e+00
   0.0000000e+00
   0.0000000e+00
   0.0000000e+00
   0.0000000e+00
  -0.0000000e+00
  -7.2613944e-03
  -1.1221984e-02
   0.0000000e+00
  -0.0000000e+00
  -1.1037991e-02
   0.0000000e+00
   0.0000000e+00
   0.0000000e+00
   0.0000000e+00
   0.0000000e+00
   0.0000000e+00
   0.0000000e+00
   0.0000000e+00
  -0.0000000e+00
  -5.0853446e-02
  -2.4959177e-02
  -6.8871225e-03
   9.4464617e-03
  -1.9335130e-03
   3.3246747e-03
   6.6995318e-03
   4.3918234e-03
   3.1836942e-04
  -9.1204010e-03
  -1.4542899e-02
  -1.2796371e-02
  -9.6093615e-03
   8.7921815e-04
   0.0000000e+00
   0.0000000e+00
   0.0000000e+00
   0.0000000e+00
   0.0000000e+00
   0.0000000e+00
   0.0000000e+00
   0.0000000e+00
  -0.0000000e+00
  -1.6788045e-02
  -1.0761386e-02
  -0.0000000e+00
  -1.6322840e-02
  -0.0000000e+00
   0.0000000e+00
   0.0000000e+00
   0.0000000e+00
   0.0000000e+00
   0.0000000e+00
   0.0000000e+00
   0.0000000e+00
  -0.0000000e+00
  -5.0274657e-02
  -4.0204623e-02
  -3.3043571e-02
  -1.6397780e-02
  -2.0794673e-02
  -1.5192000e-02
  -1.1068074e-02
  -1.0631507e-02
  -1.3193317e-02
  -1.6709529e-02
  -1.8927965e-02
  -1.8629963e-02
  -1.2296481e-02
  -4.8530599e-03
   0.0000000e+00
   0.0000000e+00
   0.0000000e+00
   0.0000000e+00
   0.0000000e+00
   0.0000000e+00
   0.0000000e+00
  -0.0000000e+00
  -0.0000000e+00
  -0.0000000e+00
  -9.6181193e-03
  -8.8871084e-03
  -5.4136386e-03
  -2.8209361e-03
   0.0000000e+00
   0.0000000e+00
   0.0000000e+00
   0.0000000e+00
   0.0000000e+00
   0.0000000e+00
   0.0000000e+00
  -0.0000000e+00
  -0.0000000e+00
  -0.0000000e+00
  -3.5245702e-02
  -2.9920108e-02
  -0.0000000e+00
  -0.0000000e+00
  -1.1961532e-02
  -1.0724513e-02
  -9.9013134e-03
  -8.5866541e-03
  -5.5880416e-03
  -3.7336691e-03
  -0.0000000e+00
  -0.0000000e+00
  -0.0000000e+00
  -0.0000000e+00
  -9.6160120e-04
  -9.5412256e-04
  -9.5164769e-04
  -1.0085209e-03
  -9.4385445e-04
  -9.3950407e-04
  -1.0580854e-03
  -1.3797392e-03
  -1.5657741e-03
  -1.1875442e-03
  -8.5333560e-04
  -3.4369766e-04
   7.6940390e-05
   0.0000000e+00
   0.0000000e+00
   0.0000000e+00
  -0.0000000e+00
  -0.0000000e+00
  -0.0000000e+00
  -0.0000000e+00
  -0.0000000e+00
  -0.0000000e+00
  -0.0000000e+00
  -0.0000000e+00
