  6.141493e-01
  5.594463e-01
  5.193955e-01
  4.997537e-01
  4.575472e-01
  4.064974e-01
  3.515993e-01
  2.992813e-01
  2.605477e-01
  2.382854e-01
  2.263116e-01
  2.277414e-01
  2.269192e-01
  2.257721e-01
  2.256764e-01
  2.255903e-01
  2.262420e-01
  2.271784e-01
  2.203006e-01
  2.290189e-01
  2.390490e-01
  2.544918e-01
  2.485128e-01
  2.409075e-01
  2.357551e-01
  2.402387e-01
  2.496450e-01
  2.574930e-01
  2.744152e-01
  3.043144e-01
  3.475040e-01
  4.006561e-01
  4.487883e-01
  4.820852e-01
  5.148103e-01
  5.810669e-01
