-START-OF-DATA-
500.5
1000.5
1500.5
1550.5
1600.5
1650.5
1700.5
1750.5
1800.5
1850.5
1900.5
1950.5
1960.5
1970.5
1980.5
1990.5
2000.5
2010.5
2020.5
2030.5
2040.5
2050.5
2060.5
2070.5
2080.5
2090.5
2100.5
2120.5
2140.5
2160.5
2180.5
2200.5
2220.5
2240.5
2260.5
2280.5
2300.5
2350.5
2400.5
2450.5
2500.5
2550.5
2600.5
2650.5
2700.5
2750.5
2800.5
2850.5
2900.5
2950.5
3000.5
3100.5
3200.5
3300.5
3400.5
3500.5
3600.5
3700.5
3800.5
3900.5
4000.5
4100.5
4200.5
4300.5
4400.5
4500.5
4600.5
4700.5
4800.5
4900.5
5000.5
5200.5
5400.5
5600.5
5800.5
6000.5
6200.5
6400.5
6600.5
6800.5
7000.5
7500.5
8100.5
8500.5
9000.5
9500.5
10000.5
11000.5
12000.5
13000.5
14000.5
15000.5
16100.5
17000.5
18000.5
19000.5
20000.5
22000.5
24100.5
26000.5
28000.5
30000.5
32100.5
34000.5
36000.5
38000.5
40100.5
42000.5
44000.5
46000.5
48100.5
50000.5
55000.5
60000.5
65000.5
70000.5
75000.5
80100.5
85000.5
90000.5
95000.5
100000.5
110000.5
120100.5
130000.5
140000.5
150000.5
160100.5
170000.5
180000.5
190000.5
200100.5
220000.5
240100.5
260000.5
280100.5
300000.5
320100.5
340000.5
360100.5
380000.5
400100.5
420000.5
440100.5
460000.5
480100.5
500000.5
550000.5
600100.5
650000.5
700000.5
750000.5
800100.5
850000.5
900000.5
950000.5
1000100.5
1100000.5
1200100.5
1300000.5
1400100.5
1500000.5
1600100.5
1700000.5
1800100.5
1900000.5
2000100.5
3000100.5
4000100.5
5000100.5
6000100.5
7000100.5
8000100.5
9000100.5
10000100.5
-END-OF-DATA-
