   9.4269233e-03
  -2.4542098e-03
   0.0000000e+00
   0.0000000e+00
   0.0000000e+00
   0.0000000e+00
   0.0000000e+00
   0.0000000e+00
   0.0000000e+00
   0.0000000e+00
   0.0000000e+00
  -0.0000000e+00
   1.9889609e-02
   4.3130197e-03
  -1.4254094e-02
   0.0000000e+00
   0.0000000e+00
   0.0000000e+00
   0.0000000e+00
   0.0000000e+00
   0.0000000e+00
   0.0000000e+00
   0.0000000e+00
   0.0000000e+00
   0.0000000e+00
   0.0000000e+00
   0.0000000e+00
   0.0000000e+00
   0.0000000e+00
   0.0000000e+00
   0.0000000e+00
   0.0000000e+00
   0.0000000e+00
   0.0000000e+00
   0.0000000e+00
   3.0756910e-02
   3.8980590e-02
   3.6448159e-02
   3.0409124e-02
   1.3841387e-02
   1.7390932e-02
   1.0101361e-02
   9.9772231e-03
   1.3108148e-02
   9.6600018e-03
   1.2557310e-02
   6.3980444e-03
   1.1321941e-02
   7.4387444e-03
   1.3806455e-02
   1.6549733e-02
   1.3321968e-02
   5.4842513e-03
  -8.3262969e-03
  -4.3990912e-02
  -6.6880368e-02
  -7.0082139e-02
  -2.8990293e-02
  -4.3519817e-02
   0.0000000e+00
   0.0000000e+00
   0.0000000e+00
   0.0000000e+00
   0.0000000e+00
   0.0000000e+00
   0.0000000e+00
   0.0000000e+00
   0.0000000e+00
   0.0000000e+00
   1.1727673e-02
   1.9076348e-02
   3.2700616e-02
   1.1111712e-01
   1.1650903e-01
   1.1232307e-01
   9.8157068e-02
   8.7512479e-02
   7.9692404e-02
   7.6294465e-02
   7.5413611e-02
   7.4190196e-02
   7.3350278e-02
   7.5455656e-02
   8.2017346e-02
   6.8599878e-02
   6.2377757e-02
   6.0969351e-02
   6.0554319e-02
   5.7734662e-02
   5.2221126e-02
   4.4873558e-02
   4.1860693e-02
   4.2354606e-02
   4.2163910e-02
   4.0791471e-02
   1.2959427e-02
   5.8603693e-03
   3.0485377e-02
   1.7937005e-02
   6.0189994e-03
   2.4161850e-02
   3.2894128e-02
   2.8932066e-02
   6.5586579e-02
   6.4847566e-02
   7.7728466e-02
   9.7048432e-02
   1.0768051e-01
   1.3736204e-01
   1.4733241e-01
   1.5493452e-01
   1.4378046e-01
   1.3349308e-01
   1.2846071e-01
   1.2349104e-01
   1.1804866e-01
   1.1157527e-01
   1.0346171e-01
   1.0526927e-01
   0.0000000e+00
   6.6408653e-02
   7.8027249e-02
   9.2337536e-02
   1.0325465e-01
   1.1184667e-01
   1.1674328e-01
   1.2047396e-01
   1.2666832e-01
   1.3528609e-01
   1.4302139e-01
   1.4678551e-01
   1.4657167e-01
   1.4113365e-01
   1.3433708e-01
   1.3869852e-01
   1.2466448e-01
   1.1653432e-01
   1.2171152e-01
   1.2493936e-01
   1.2505086e-01
   1.2781698e-01
   1.3059301e-01
   1.3738685e-01
   1.3771190e-01
   1.0586675e-01
   1.1825312e-01
   1.3262518e-01
   1.3258235e-01
   1.2924103e-01
   1.2727573e-01
   1.2392893e-01
   1.1853574e-01
   1.1083585e-01
   9.5633744e-02
   6.2490177e-02
   0.0000000e+00
   3.8758438e-02
   6.9252865e-02
   9.4031894e-02
   1.1647637e-01
   1.3499412e-01
   1.4794751e-01
   1.5496859e-01
   1.5818137e-01
   1.6078684e-01
   1.6050810e-01
   1.6359913e-01
   1.7329077e-01
   1.7859242e-01
   1.7461464e-01
   1.8606158e-01
   1.6988603e-01
   1.5682660e-01
   1.4827090e-01
   1.3599108e-01
   1.2224858e-01
   1.1134899e-01
   1.0414714e-01
   1.0658418e-01
   1.1567681e-01
   6.7612072e-02
   7.9742579e-02
   9.2805770e-02
   9.7156562e-02
   9.8944375e-02
   9.9547616e-02
   9.8478962e-02
   9.5348626e-02
   9.0795126e-02
   7.8354949e-02
   4.7854910e-02
   0.0000000e+00
   2.8122385e-02
   5.3285606e-02
   7.4850397e-02
   1.0367226e-01
   1.2624350e-01
   1.3865720e-01
   1.4183841e-01
   1.3510604e-01
   1.2584312e-01
   1.1341543e-01
   1.1381065e-01
   1.2995504e-01
   1.4679780e-01
   1.6079739e-01
   1.7339750e-01
   1.6026029e-01
   1.4146205e-01
   1.1517080e-01
   9.3798579e-02
   8.0809944e-02
   0.0000000e+00
   5.5404847e-02
   5.6552427e-02
   5.2126688e-02
   3.6827337e-02
   4.8950783e-02
   5.7629021e-02
   5.9415663e-02
   6.0701428e-02
   6.1880240e-02
   6.2418877e-02
   6.3328977e-02
   6.2680014e-02
   5.6305805e-02
   3.8833444e-02
   0.0000000e+00
   2.0415403e-02
   3.3233714e-02
   4.8932220e-02
   7.6207152e-02
   9.6805850e-02
   1.0545819e-01
   1.0024098e-01
   7.8753974e-02
   6.6057333e-02
   5.4346289e-02
   5.4889588e-02
   7.0734947e-02
   9.4907316e-02
   1.1792027e-01
   1.2732081e-01
   1.1598432e-01
   9.6371983e-02
   0.0000000e+00
   0.0000000e+00
   0.0000000e+00
   0.0000000e+00
   1.8837378e-02
   1.4817197e-02
   2.4013200e-02
   8.6243434e-03
   1.5100724e-02
   1.9350814e-02
   1.9679408e-02
   2.0039673e-02
   2.1634146e-02
   2.5417201e-02
   3.0466476e-02
   3.3357318e-02
   3.1193309e-02
   2.5527840e-02
   0.0000000e+00
   0.0000000e+00
   1.5595478e-02
   2.8719081e-02
   4.6970625e-02
   5.6480173e-02
   5.6739365e-02
   4.1506823e-02
   1.6682630e-02
   1.5731599e-02
   6.0446834e-03
   1.1353845e-02
   2.3097935e-02
   4.2113392e-02
   5.7821312e-02
   6.2733157e-02
   5.3421078e-02
   3.5111834e-02
   0.0000000e+00
   0.0000000e+00
   0.0000000e+00
   0.0000000e+00
  -7.5201267e-03
  -1.3047611e-02
  -2.6514211e-03
  -2.0694504e-02
  -1.8393974e-02
  -1.5408277e-02
  -1.3225029e-02
  -1.0643080e-02
  -6.7117511e-03
  -1.0606195e-03
   4.7052725e-03
   8.1097986e-03
   7.0983340e-03
   4.5338105e-03
   0.0000000e+00
   0.0000000e+00
  -3.8494408e-03
   5.8812608e-03
   1.7979673e-02
   1.8882310e-02
   1.3964802e-02
  -3.7204810e-03
  -1.3546133e-02
  -0.0000000e+00
  -1.7591817e-02
  -1.3496485e-02
  -6.2270967e-03
   1.9866230e-03
   7.2867911e-03
   7.6267910e-03
  -2.2778885e-04
  -8.4075887e-03
   0.0000000e+00
   0.0000000e+00
   0.0000000e+00
   0.0000000e+00
  -2.5711297e-02
  -2.8607799e-02
  -2.3587958e-02
  -4.5758998e-02
  -4.4880616e-02
  -4.1107311e-02
  -3.6192720e-02
  -2.9727936e-02
  -2.3606246e-02
  -1.8069729e-02
  -1.4499842e-02
  -1.3852505e-02
  -1.5461946e-02
  -1.0804664e-02
   0.0000000e+00
   0.0000000e+00
  -0.0000000e+00
  -1.5201845e-02
  -7.1449741e-03
  -1.1496469e-02
  -2.0425636e-02
  -3.6634504e-02
  -0.0000000e+00
   0.0000000e+00
  -2.4238009e-02
  -2.9874333e-02
  -2.8064477e-02
  -3.1394150e-02
  -3.4299349e-02
  -3.7625644e-02
  -4.0201818e-02
  -3.0029448e-02
   0.0000000e+00
   0.0000000e+00
   0.0000000e+00
   0.0000000e+00
  -3.7813422e-02
  -3.6970413e-02
  -4.2057269e-02
  -5.7045217e-02
  -5.5532735e-02
  -4.9761726e-02
  -4.1774815e-02
  -3.3857564e-02
  -2.8207005e-02
  -2.5790718e-02
  -2.7232417e-02
  -3.1464495e-02
  -3.3284369e-02
  -1.7605949e-02
   0.0000000e+00
   0.0000000e+00
  -0.0000000e+00
  -2.6600756e-02
  -2.5277861e-02
  -3.4270403e-02
  -4.7209942e-02
  -5.3551569e-02
  -0.0000000e+00
   0.0000000e+00
  -2.7825633e-02
  -3.2776080e-02
  -4.3754026e-02
  -5.6034044e-02
  -6.2771165e-02
  -6.6817952e-02
  -6.1326716e-02
  -3.6009433e-02
  -2.2264866e-02
   0.0000000e+00
   0.0000000e+00
  -4.6106893e-02
  -3.6013331e-02
  -4.1314401e-02
  -5.2057772e-02
  -5.2979340e-02
  -4.9732027e-02
  -4.1619597e-02
  -3.2689711e-02
  -2.8112261e-02
  -2.8781978e-02
  -3.3731449e-02
  -4.0909097e-02
  -4.7847363e-02
  -4.6517673e-02
  -2.0522382e-02
   0.0000000e+00
   0.0000000e+00
   0.0000000e+00
  -3.3135849e-02
  -3.9944792e-02
  -5.3266922e-02
  -6.5809150e-02
  -6.0984061e-02
   0.0000000e+00
   0.0000000e+00
  -3.0823230e-02
  -3.2453091e-02
  -5.3484581e-02
  -7.0771483e-02
  -7.9378078e-02
  -8.2631125e-02
  -6.9718234e-02
  -3.8417225e-02
  -2.3182555e-02
   0.0000000e+00
   0.0000000e+00
  -4.2920852e-02
  -3.6082486e-02
  -4.6491824e-02
  -5.0475741e-02
  -3.6561126e-02
  -3.2538396e-02
  -2.5138961e-02
  -2.0650787e-02
  -2.3103919e-02
  -3.1559306e-02
  -4.2779424e-02
  -5.2407321e-02
  -5.7343157e-02
  -5.1992057e-02
  -3.0268443e-02
   0.0000000e+00
   0.0000000e+00
   0.0000000e+00
  -3.5718069e-02
  -5.0664659e-02
  -6.3971680e-02
  -6.7264355e-02
  -4.2028823e-02
   0.0000000e+00
   0.0000000e+00
  -0.0000000e+00
  -4.1297327e-02
  -5.7376971e-02
  -7.4396065e-02
  -8.2170982e-02
  -8.3047286e-02
  -6.6236150e-02
  -3.6424384e-02
  -2.4011211e-02
  -2.4719766e-02
   0.0000000e+00
  -3.8112127e-02
  -2.9993706e-02
  -3.5410622e-02
  -3.6785516e-02
  -1.2151830e-02
  -1.0171167e-02
  -8.0804450e-03
  -1.2683752e-02
  -2.4014767e-02
  -3.8209791e-02
  -5.1143347e-02
  -5.7170878e-02
  -5.5076711e-02
  -4.2998065e-02
  -2.4788987e-02
   0.0000000e+00
   0.0000000e+00
   0.0000000e+00
  -4.2201435e-02
  -5.6463313e-02
  -6.3328890e-02
  -5.2192235e-02
  -1.5736755e-02
   0.0000000e+00
   0.0000000e+00
   0.0000000e+00
  -4.3982400e-02
  -5.5077510e-02
  -6.6082254e-02
  -6.8613597e-02
  -6.4526167e-02
  -4.6926725e-02
  -2.4153001e-02
  -1.9765454e-02
  -3.1022548e-02
  -3.4472801e-02
  -2.3735698e-02
  -1.6254718e-02
  -1.3520728e-02
  -1.2623374e-02
   1.7659095e-03
   8.8812757e-04
  -1.7012215e-03
  -1.0750580e-02
  -2.4176662e-02
  -3.8811424e-02
  -4.9495600e-02
  -5.0343334e-02
  -4.1825215e-02
  -2.5423867e-02
  -1.6910962e-02
   0.0000000e+00
   0.0000000e+00
   0.0000000e+00
  -0.0000000e+00
  -5.0666405e-02
  -4.8813144e-02
  -3.0642651e-02
  -2.0356585e-03
   0.0000000e+00
   0.0000000e+00
   0.0000000e+00
  -3.5991201e-02
  -4.3639567e-02
  -4.7756976e-02
  -4.3153424e-02
  -3.3841331e-02
  -1.8200070e-02
  -2.9121070e-03
  -5.9428772e-03
  -1.9566244e-02
  -1.7518384e-02
  -1.2042573e-02
  -2.1449447e-03
   2.4687682e-03
   3.0533684e-03
  -6.6616087e-03
  -8.4621409e-03
  -1.1048011e-02
  -1.6887171e-02
  -2.4679586e-02
  -3.3174173e-02
  -3.9066056e-02
  -3.7451785e-02
  -2.5838441e-02
  -5.8139163e-03
   3.9635929e-03
   7.7919804e-03
   0.0000000e+00
   0.0000000e+00
   0.0000000e+00
  -3.5132001e-02
  -2.8465777e-02
  -1.1149008e-02
   5.5488525e-03
   0.0000000e+00
   0.0000000e+00
  -0.0000000e+00
  -2.2927818e-02
  -2.6923541e-02
  -2.5110797e-02
  -1.4865749e-02
  -3.6975673e-03
   7.7146337e-03
   1.5970166e-02
   6.6063932e-03
  -8.0363513e-03
  -1.2357521e-02
  -1.1750831e-02
  -2.9474777e-03
  -3.2700770e-03
  -4.5686284e-03
  -3.5374560e-02
  -3.7289628e-02
  -3.8885697e-02
  -4.0799386e-02
  -4.1589108e-02
  -4.0737052e-02
  -3.6722915e-02
  -2.8542677e-02
  -1.2523038e-02
   1.0211748e-02
   1.2570016e-02
   5.1748563e-03
   0.0000000e+00
   0.0000000e+00
  -6.2152381e-03
  -1.3095538e-02
  -5.1225682e-03
   7.9715387e-03
   1.0885024e-02
   0.0000000e+00
   0.0000000e+00
  -0.0000000e+00
  -1.0741281e-02
  -6.4457584e-03
  -1.8444002e-04
   1.3744986e-02
   2.3530265e-02
   2.6449804e-02
   2.5046714e-02
   9.0139698e-03
  -7.7768120e-03
  -1.8063581e-02
  -2.1890710e-02
  -2.5187290e-02
  -3.0104288e-02
  -3.3142048e-02
  -6.1849056e-02
  -6.5328157e-02
  -6.8748816e-02
  -7.1768944e-02
  -7.2366521e-02
  -6.9616171e-02
  -6.2360401e-02
  -5.2127503e-02
  -3.3820358e-02
   2.6114297e-03
   1.3454104e-02
   0.0000000e+00
   0.0000000e+00
  -1.8514801e-02
  -7.1176045e-03
   6.8094851e-03
   1.7862641e-02
   2.7093985e-02
   1.8914827e-02
   0.0000000e+00
   0.0000000e+00
  -0.0000000e+00
  -2.5940549e-03
   8.9455344e-03
   1.9900147e-02
   3.7162458e-02
   4.1941507e-02
   3.3722174e-02
   0.0000000e+00
   4.6006548e-04
  -1.9364286e-02
  -3.5173401e-02
  -4.3032233e-02
  -4.9417007e-02
  -5.4838505e-02
  -5.8801290e-02
  -6.6094638e-02
  -7.0239946e-02
  -7.4482885e-02
  -7.8726011e-02
  -8.1688659e-02
  -8.2937194e-02
  -8.1179979e-02
  -7.8702160e-02
  -7.1916364e-02
  -2.4653237e-02
   3.1583065e-03
   0.0000000e+00
   0.0000000e+00
  -2.1710350e-02
  -8.5148426e-03
   1.5862903e-02
   3.4231033e-02
   4.7024245e-02
   2.5209799e-02
   0.0000000e+00
   0.0000000e+00
   0.0000000e+00
   1.0067390e-02
   1.6359965e-02
   3.0246515e-02
   5.6538132e-02
   5.1103373e-02
   3.2935193e-02
   0.0000000e+00
  -0.0000000e+00
  -2.7798401e-02
  -4.1943607e-02
  -4.8632752e-02
  -5.4052660e-02
  -5.9122150e-02
  -6.2841830e-02
  -6.5872097e-02
  -6.9971888e-02
  -7.5488907e-02
  -8.1645215e-02
  -8.6840609e-02
  -9.2067566e-02
  -9.6150980e-02
  -1.0141409e-01
  -1.1465181e-01
  -6.2529840e-02
  -0.0000000e+00
   0.0000000e+00
   0.0000000e+00
  -2.7687846e-02
  -8.8388542e-03
   1.7143193e-02
   3.2458591e-02
   0.0000000e+00
   0.0000000e+00
   0.0000000e+00
   0.0000000e+00
   0.0000000e+00
   0.0000000e+00
   2.2012667e-02
   3.4373909e-02
   8.1062798e-02
   6.0978182e-02
   2.9224399e-02
   0.0000000e+00
   0.0000000e+00
  -3.0858467e-02
  -4.1792848e-02
  -4.8684453e-02
  -5.4691313e-02
  -5.9851387e-02
  -6.3242513e-02
  -6.3861925e-02
  -6.3267844e-02
  -6.5728815e-02
  -7.2594194e-02
  -8.0981016e-02
  -8.9957427e-02
  -9.8652811e-02
  -1.0981137e-01
  -1.4735078e-01
  -1.1175243e-01
  -1.0064126e-01
   0.0000000e+00
  -5.6729315e-02
  -4.5594982e-02
  -2.0869279e-02
   9.3345372e-03
   0.0000000e+00
   0.0000000e+00
   0.0000000e+00
   0.0000000e+00
   0.0000000e+00
   0.0000000e+00
   0.0000000e+00
   2.2006509e-02
   2.1190414e-02
   0.0000000e+00
   6.0939346e-02
   2.1924729e-02
  -1.4645455e-02
  -3.1498529e-02
  -3.2317376e-02
  -3.9762132e-02
  -4.7837448e-02
  -5.5446078e-02
  -6.1442973e-02
  -6.4228512e-02
  -8.1219246e-02
  -7.6968159e-02
  -7.0684846e-02
  -6.7654904e-02
  -6.9850660e-02
  -7.3858620e-02
  -7.7368302e-02
  -8.1511281e-02
  -1.1051488e-01
  -1.2434218e-01
  -1.3075087e-01
  -1.1374811e-01
  -7.6435368e-02
  -6.8127072e-02
  -4.2226667e-02
  -2.1980271e-03
   0.0000000e+00
   0.0000000e+00
   0.0000000e+00
   0.0000000e+00
   0.0000000e+00
   0.0000000e+00
   0.0000000e+00
   2.0252443e-02
   1.9391787e-02
   0.0000000e+00
   3.8768819e-02
   1.5000711e-02
  -0.0000000e+00
  -3.3174197e-02
  -3.6049492e-02
  -4.0628127e-02
  -5.1012450e-02
  -6.2975590e-02
  -7.3400596e-02
  -7.9985293e-02
  -1.0406847e-01
  -1.0156563e-01
  -9.3207240e-02
  -8.3259680e-02
  -7.6432956e-02
  -6.9132855e-02
  -5.8890404e-02
  -5.2094458e-02
  -4.9503192e-02
  -9.6965227e-02
  -1.3291422e-01
  -1.1447791e-01
  -9.3085655e-02
  -8.5611154e-02
  -6.4001162e-02
  -2.0194267e-02
   0.0000000e+00
   0.0000000e+00
   0.0000000e+00
   0.0000000e+00
   0.0000000e+00
   0.0000000e+00
   0.0000000e+00
   2.1625066e-02
   2.4684739e-02
   0.0000000e+00
   0.0000000e+00
   0.0000000e+00
  -0.0000000e+00
  -3.4974353e-02
  -3.7972555e-02
  -4.2454591e-02
  -5.4353315e-02
  -7.1068795e-02
  -8.6758659e-02
  -9.8577825e-02
  -1.1591498e-01
  -1.1491536e-01
  -1.0721567e-01
  -9.6234929e-02
  -8.4473212e-02
  -6.8173833e-02
  -4.1907495e-02
  -2.6378956e-02
  -0.0000000e+00
  -7.6398500e-02
  -1.1068346e-01
  -1.0763396e-01
  -1.0091233e-01
  -9.9784382e-02
  -8.8927089e-02
  -5.2152835e-02
  -0.0000000e+00
   0.0000000e+00
   0.0000000e+00
   0.0000000e+00
   0.0000000e+00
   0.0000000e+00
   0.0000000e+00
   2.4955748e-02
   2.8369731e-02
   0.0000000e+00
   0.0000000e+00
   0.0000000e+00
  -0.0000000e+00
  -4.6000488e-02
  -4.4873755e-02
  -4.2984535e-02
  -5.2655781e-02
  -7.1658750e-02
  -9.1681484e-02
  -1.0768318e-01
  -1.1318599e-01
  -1.1201068e-01
  -1.0328725e-01
  -9.1399757e-02
  -7.7411103e-02
  -5.6149061e-02
  -2.1687927e-02
  -5.7668912e-03
  -3.3771031e-02
  -5.5059369e-02
  -7.8950829e-02
  -8.4874460e-02
  -8.9319896e-02
  -9.8456898e-02
  -1.0512197e-01
  -9.0208882e-02
  -0.0000000e+00
   0.0000000e+00
   0.0000000e+00
   0.0000000e+00
   0.0000000e+00
   0.0000000e+00
   0.0000000e+00
   2.5864304e-02
   3.1433307e-02
   0.0000000e+00
   0.0000000e+00
   0.0000000e+00
  -0.0000000e+00
  -6.9384865e-02
  -5.3029119e-02
  -4.3165393e-02
  -4.7954315e-02
  -6.4977766e-02
  -8.5965664e-02
  -1.0380015e-01
  -9.2998375e-02
  -8.9752218e-02
  -8.0330840e-02
  -6.9329910e-02
  -5.8257956e-02
  -3.9096833e-02
  -7.8457588e-03
   0.0000000e+00
  -2.7782182e-02
  -4.1087154e-02
  -5.0156054e-02
  -5.6704949e-02
  -6.7107563e-02
  -8.1110580e-02
  -9.7552958e-02
  -1.0280730e-01
  -8.7392638e-02
   0.0000000e+00
   0.0000000e+00
   0.0000000e+00
   0.0000000e+00
   0.0000000e+00
   0.0000000e+00
   3.5305983e-02
   3.9343750e-02
   0.0000000e+00
   0.0000000e+00
   0.0000000e+00
   0.0000000e+00
  -7.8773605e-02
  -5.6695024e-02
  -4.1970235e-02
  -4.2040862e-02
  -5.3950137e-02
  -7.1818563e-02
  -8.6624157e-02
  -5.5800618e-02
  -5.0232079e-02
  -4.2140804e-02
  -3.7079709e-02
  -3.3567099e-02
  -2.0451764e-02
   5.4019197e-04
   0.0000000e+00
  -0.0000000e+00
  -1.9561414e-02
  -2.0407156e-02
  -2.6623376e-02
  -3.8327467e-02
  -5.4828550e-02
  -7.2302594e-02
  -8.4219442e-02
  -6.2947729e-02
   0.0000000e+00
   0.0000000e+00
  -1.1881115e-02
  -1.1420589e-02
   0.0000000e+00
   0.0000000e+00
   0.0000000e+00
   0.0000000e+00
   0.0000000e+00
   0.0000000e+00
   0.0000000e+00
   0.0000000e+00
  -0.0000000e+00
  -4.6073246e-02
  -3.2276682e-02
  -2.7003728e-02
  -3.1741805e-02
  -4.3640403e-02
  -5.3535227e-02
  -1.4874496e-02
  -8.3504643e-03
  -2.0270666e-03
  -3.8626037e-03
  -9.4433735e-03
  -3.3817201e-03
   8.0019778e-03
   0.0000000e+00
   0.0000000e+00
   0.0000000e+00
   6.4940436e-03
   3.3209636e-03
  -8.8792054e-03
  -2.6156551e-02
  -4.6813912e-02
  -6.1078133e-02
  -4.4641590e-02
   0.0000000e+00
   0.0000000e+00
  -1.9242325e-03
   4.2375586e-03
   0.0000000e+00
   0.0000000e+00
   0.0000000e+00
   0.0000000e+00
   0.0000000e+00
   0.0000000e+00
   0.0000000e+00
   0.0000000e+00
   0.0000000e+00
  -1.9739491e-02
  -1.4306936e-02
   9.6508086e-04
   2.0858351e-03
  -6.4787413e-03
  -1.4486405e-02
   3.2760097e-02
   3.8824509e-02
   4.1662072e-02
   3.3346623e-02
   1.8234073e-02
   1.4971508e-02
   0.0000000e+00
   0.0000000e+00
   0.0000000e+00
   0.0000000e+00
   0.0000000e+00
   3.8263565e-02
   2.8545864e-02
   9.5247847e-03
  -1.2807312e-02
  -3.1744027e-02
  -1.7833462e-02
  -7.0272867e-03
   1.3592676e-02
   1.2911900e-02
   6.4640298e-03
   0.0000000e+00
   0.0000000e+00
   0.0000000e+00
   0.0000000e+00
   0.0000000e+00
   0.0000000e+00
   0.0000000e+00
   0.0000000e+00
   0.0000000e+00
  -4.0529501e-03
   1.8076768e-02
   4.2658560e-02
   4.7589088e-02
   3.8246636e-02
   3.1427763e-02
   7.7143602e-02
   8.2076345e-02
   8.0403378e-02
   6.5966023e-02
   4.3533039e-02
   2.9015223e-02
   0.0000000e+00
   0.0000000e+00
   0.0000000e+00
   0.0000000e+00
   0.0000000e+00
   5.4730187e-02
   6.4741909e-02
   4.6032317e-02
   2.3259367e-02
   6.9169748e-04
  -1.1149584e-03
   0.0000000e+00
   1.8683798e-02
   1.4450410e-02
   0.0000000e+00
   0.0000000e+00
   0.0000000e+00
   0.0000000e+00
   0.0000000e+00
   0.0000000e+00
   0.0000000e+00
   0.0000000e+00
   0.0000000e+00
   0.0000000e+00
   0.0000000e+00
   4.5709591e-02
   7.7295177e-02
   7.1778448e-02
   7.1825099e-02
   7.2847509e-02
   1.1119595e-01
   1.1173875e-01
   1.0294585e-01
   8.1773766e-02
   5.6207355e-02
   3.2648032e-02
   0.0000000e+00
   0.0000000e+00
   0.0000000e+00
   0.0000000e+00
   0.0000000e+00
   0.0000000e+00
   0.0000000e+00
   6.0100991e-02
   5.2000887e-02
   3.3978512e-02
   2.0345584e-02
   0.0000000e+00
  -0.0000000e+00
  -1.6866363e-03
  -4.2102683e-02
  -2.8340634e-02
  -1.6762905e-02
  -8.6789771e-03
   0.0000000e+00
   0.0000000e+00
   0.0000000e+00
   0.0000000e+00
   0.0000000e+00
   0.0000000e+00
   0.0000000e+00
   5.3225076e-02
   7.6413267e-02
   7.2582250e-02
   9.2537276e-02
   1.0422637e-01
   1.1565624e-01
   1.0507151e-01
   8.8707601e-02
   6.6556638e-02
   4.5049486e-02
   2.5284775e-02
   0.0000000e+00
   0.0000000e+00
   0.0000000e+00
   0.0000000e+00
   0.0000000e+00
   0.0000000e+00
   0.0000000e+00
   4.4178741e-02
   6.0678996e-02
   5.6443932e-02
   3.7695394e-02
   0.0000000e+00
   0.0000000e+00
   0.0000000e+00
  -0.0000000e+00
  -0.0000000e+00
  -0.0000000e+00
  -0.0000000e+00
   0.0000000e+00
   0.0000000e+00
   0.0000000e+00
   0.0000000e+00
   0.0000000e+00
   0.0000000e+00
   0.0000000e+00
   0.0000000e+00
   6.3064574e-02
   8.0956055e-02
   1.0460512e-01
   1.1779620e-01
   5.7883030e-02
   4.6997704e-02
   3.5001764e-02
   2.3569975e-02
   1.0840016e-02
   0.0000000e+00
   0.0000000e+00
   0.0000000e+00
   0.0000000e+00
   0.0000000e+00
   0.0000000e+00
   0.0000000e+00
   3.3504622e-02
   4.3066894e-02
   6.0405294e-02
   6.1207945e-02
   4.0120235e-02
   0.0000000e+00
  -0.0000000e+00
   0.0000000e+00
   0.0000000e+00
   0.0000000e+00
   0.0000000e+00
   0.0000000e+00
   0.0000000e+00
   0.0000000e+00
   0.0000000e+00
   0.0000000e+00
   0.0000000e+00
   0.0000000e+00
   0.0000000e+00
   0.0000000e+00
   3.7096667e-02
   3.3678832e-02
   5.4171496e-02
   6.2948472e-02
  -2.6596739e-02
  -0.0000000e+00
  -0.0000000e+00
  -2.8837196e-02
  -3.3187640e-02
   0.0000000e+00
   0.0000000e+00
   0.0000000e+00
   0.0000000e+00
   0.0000000e+00
   0.0000000e+00
   0.0000000e+00
   2.6394293e-02
   2.5370010e-02
   3.2498336e-02
   2.4504784e-02
   1.1666849e-02
  -2.4407799e-03
  -0.0000000e+00
   0.0000000e+00
   0.0000000e+00
   0.0000000e+00
   0.0000000e+00
   0.0000000e+00
   0.0000000e+00
   0.0000000e+00
   0.0000000e+00
   0.0000000e+00
   0.0000000e+00
   0.0000000e+00
   0.0000000e+00
   0.0000000e+00
   2.0776839e-02
  -1.5723612e-02
  -2.5277316e-02
  -2.3272627e-02
  -0.0000000e+00
   0.0000000e+00
   0.0000000e+00
  -0.0000000e+00
  -0.0000000e+00
   0.0000000e+00
   0.0000000e+00
   0.0000000e+00
   0.0000000e+00
   0.0000000e+00
   0.0000000e+00
   0.0000000e+00
   2.9196739e-03
  -0.0000000e+00
  -0.0000000e+00
  -0.0000000e+00
  -3.1346367e-02
  -1.6084056e-02
  -8.8583417e-03
   0.0000000e+00
   0.0000000e+00
   0.0000000e+00
   0.0000000e+00
   0.0000000e+00
   0.0000000e+00
   0.0000000e+00
   0.0000000e+00
   0.0000000e+00
   0.0000000e+00
   0.0000000e+00
   0.0000000e+00
   0.0000000e+00
  -0.0000000e+00
  -0.0000000e+00
  -0.0000000e+00
  -0.0000000e+00
  -5.7818701e-02
  -5.7825320e-02
  -6.0473697e-02
  -6.4238560e-02
  -5.5226478e-02
  -1.5868266e-02
  -5.5029853e-03
   0.0000000e+00
   0.0000000e+00
   0.0000000e+00
   0.0000000e+00
   7.4891177e-03
   3.3113335e-03
   0.0000000e+00
   0.0000000e+00
   0.0000000e+00
  -0.0000000e+00
  -2.2497906e-02
  -1.7495198e-02
  -0.0000000e+00
   0.0000000e+00
   0.0000000e+00
   0.0000000e+00
   0.0000000e+00
   0.0000000e+00
   0.0000000e+00
   0.0000000e+00
   0.0000000e+00
  -0.0000000e+00
   0.0000000e+00
   0.0000000e+00
   0.0000000e+00
   0.0000000e+00
   0.0000000e+00
  -5.6333467e-02
  -6.8917042e-02
