  4.536209e-01
  3.907363e-01
  3.826138e-01
  3.755384e-01
  3.640485e-01
  3.480343e-01
  3.268140e-01
  3.066779e-01
  2.857419e-01
  2.786779e-01
  2.677517e-01
  2.566317e-01
  2.512396e-01
  2.517759e-01
  2.429815e-01
  2.363290e-01
  2.277903e-01
  2.170136e-01
  2.189545e-01
  2.290949e-01
  2.493310e-01
  2.551364e-01
  2.549205e-01
  2.461386e-01
  2.392040e-01
  2.381129e-01
  2.373794e-01
  2.462051e-01
  2.626117e-01
  2.849598e-01
  3.184323e-01
  3.654834e-01
  4.078009e-01
  4.331541e-01
  4.798537e-01
  5.937521e-01
