-START-OF-DATA-
   1.000 8.12187e-04
   6.000 8.13077e-04
  11.000 8.13966e-04
  16.000 8.14856e-04
  21.000 8.15746e-04
  26.000 8.16635e-04
  31.000 8.17525e-04
  36.000 8.18415e-04
  41.000 8.19304e-04
  46.000 8.20194e-04
  51.000 8.21084e-04
  56.000 8.21974e-04
  61.000 8.22863e-04
  66.000 8.23753e-04
  71.000 8.24643e-04
  76.000 8.25532e-04
  81.000 8.26422e-04
  86.000 8.27312e-04
  91.000 8.28201e-04
  96.000 8.29091e-04
 101.000 8.29981e-04
 106.000 8.30870e-04
 111.000 8.31760e-04
 116.000 8.32650e-04
 121.000 8.33539e-04
 126.000 8.34429e-04
 131.000 8.35319e-04
 136.000 8.36209e-04
 141.000 8.37098e-04
 146.000 8.37988e-04
 151.000 8.38878e-04
 156.000 8.39767e-04
 161.000 8.40657e-04
 166.000 8.41547e-04
 171.000 8.42436e-04
 176.000 8.43326e-04
 181.000 8.44216e-04
 186.000 8.45105e-04
 191.000 8.45995e-04
 196.000 8.46885e-04
 201.000 8.47774e-04
 206.000 8.48664e-04
 211.000 8.49554e-04
 216.000 8.50444e-04
 221.000 8.51333e-04
 226.000 8.52223e-04
 231.000 8.53113e-04
 236.000 8.54002e-04
 241.000 8.54892e-04
 246.000 8.55782e-04
 251.000 8.56671e-04
 256.000 8.57561e-04
 261.000 8.58451e-04
 266.000 8.59340e-04
 271.000 8.60230e-04
 276.000 8.61120e-04
 281.000 8.62009e-04
 286.000 8.62899e-04
 291.000 8.63789e-04
 296.000 8.64679e-04
 301.000 8.65568e-04
 306.000 8.66458e-04
 311.000 8.67348e-04
 316.000 8.68237e-04
 321.000 8.69127e-04
 326.000 8.70017e-04
 331.000 8.70906e-04
 336.000 8.71796e-04
 341.000 8.72686e-04
 346.000 8.73575e-04
 351.000 8.74465e-04
 356.000 8.75355e-04
 361.000 8.76244e-04
 366.000 8.77134e-04
 371.000 8.78024e-04
 376.000 8.78913e-04
 381.000 8.79803e-04
 386.000 8.80693e-04
 391.000 8.81583e-04
 396.000 8.82472e-04
 401.000 8.83362e-04
 406.000 8.84252e-04
 411.000 8.85141e-04
 416.000 8.86031e-04
 421.000 8.86921e-04
 426.000 8.87810e-04
 431.000 8.88700e-04
 436.000 8.89590e-04
 441.000 8.90479e-04
 446.000 8.91369e-04
 451.000 8.92259e-04
 456.000 8.93148e-04
 461.000 8.94038e-04
 466.000 8.94928e-04
 471.000 8.95818e-04
 476.000 8.96707e-04
 481.000 8.97597e-04
 486.000 8.98487e-04
 491.000 8.99376e-04
 496.000 9.00266e-04
 501.000 9.01156e-04
 506.000 9.02045e-04
 511.000 9.02935e-04
 516.000 9.03825e-04
 521.000 9.04714e-04
 526.000 9.05604e-04
 531.000 9.06494e-04
 536.000 9.07383e-04
 541.000 9.08273e-04
 546.000 9.09163e-04
 551.000 9.10053e-04
 556.000 9.10942e-04
 561.000 9.11832e-04
 566.000 9.12722e-04
 571.000 9.13611e-04
 576.000 9.14501e-04
 581.000 9.15391e-04
 586.000 9.16280e-04
 591.000 9.17170e-04
 596.000 9.18060e-04
 601.000 9.18949e-04
 606.000 9.19839e-04
 611.000 9.20729e-04
 616.000 9.21618e-04
 621.000 9.22508e-04
 626.000 9.23398e-04
 631.000 9.24287e-04
 636.000 9.25177e-04
 641.000 9.26067e-04
 646.000 9.26957e-04
 651.000 9.27846e-04
 656.000 9.28736e-04
 661.000 9.29626e-04
 666.000 9.30515e-04
 671.000 9.31405e-04
 676.000 9.32295e-04
 681.000 9.33184e-04
 686.000 9.34074e-04
 691.000 9.34964e-04
 696.000 9.35853e-04
 701.000 9.36743e-04
 706.000 9.37633e-04
 711.000 9.38522e-04
 716.000 9.39412e-04
 721.000 9.40302e-04
 726.000 9.41192e-04
 731.000 9.42081e-04
 736.000 9.42971e-04
 741.000 9.43861e-04
 746.000 9.44750e-04
 751.000 9.45640e-04
 756.000 9.46530e-04
 761.000 9.47419e-04
 766.000 9.48309e-04
 771.000 9.49199e-04
 776.000 9.50088e-04
 781.000 9.50978e-04
 786.000 9.51868e-04
 791.000 9.52757e-04
 796.000 9.53647e-04
 801.000 9.54537e-04
 806.000 9.55427e-04
 811.000 9.56316e-04
 816.000 9.57206e-04
 821.000 9.58096e-04
 826.000 9.58985e-04
 831.000 9.59875e-04
 836.000 9.60765e-04
 841.000 9.61654e-04
 846.000 9.62544e-04
 851.000 9.63434e-04
 856.000 9.64323e-04
 861.000 9.65213e-04
 866.000 9.66103e-04
 871.000 9.66992e-04
 876.000 9.67882e-04
 881.000 9.68772e-04
 886.000 9.69662e-04
 891.000 9.70551e-04
 896.000 9.71441e-04
 901.000 9.72331e-04
 906.000 9.73220e-04
 911.000 9.74110e-04
 916.000 9.75000e-04
 921.000 9.75889e-04
 926.000 9.76779e-04
 931.000 9.77669e-04
 936.000 9.78558e-04
 941.000 9.79448e-04
 946.000 9.80338e-04
 951.000 9.81227e-04
 956.000 9.82117e-04
 961.000 9.83007e-04
 966.000 9.83896e-04
 971.000 9.84786e-04
 976.000 9.85676e-04
 981.000 9.86566e-04
 986.000 9.87455e-04
 991.000 9.88345e-04
 996.000 9.89235e-04
1001.000 9.90124e-04
1006.000 9.91014e-04
1011.000 9.91904e-04
1016.000 9.92793e-04
1021.000 9.93683e-04
1026.000 9.94573e-04
1031.000 9.95462e-04
1036.000 9.96352e-04
1041.000 9.97242e-04
1046.000 9.98131e-04
1051.000 9.99021e-04
1056.000 9.99911e-04
1061.000 1.00080e-03
1066.000 1.00169e-03
1071.000 1.00258e-03
1076.000 1.00347e-03
1081.000 1.00436e-03
1086.000 1.00525e-03
1091.000 1.00614e-03
1096.000 1.00703e-03
1101.000 1.00792e-03
1106.000 1.00881e-03
1111.000 1.00970e-03
1116.000 1.01059e-03
1121.000 1.01148e-03
1126.000 1.01237e-03
1131.000 1.01326e-03
1136.000 1.01415e-03
1141.000 1.01504e-03
1146.000 1.01593e-03
1151.000 1.01681e-03
1156.000 1.01770e-03
1161.000 1.01859e-03
1166.000 1.01948e-03
1171.000 1.02037e-03
1176.000 1.02126e-03
1181.000 1.02215e-03
1186.000 1.02304e-03
1191.000 1.02393e-03
1196.000 1.02482e-03
1201.000 1.02571e-03
1206.000 1.02660e-03
1211.000 1.02749e-03
1216.000 1.02838e-03
1221.000 1.02927e-03
1226.000 1.03016e-03
1231.000 1.03105e-03
1236.000 1.03194e-03
1241.000 1.03283e-03
1246.000 1.03372e-03
1251.000 1.03461e-03
1256.000 1.03550e-03
1261.000 1.03639e-03
1266.000 1.03728e-03
1271.000 1.03817e-03
1276.000 1.03906e-03
1281.000 1.03995e-03
1286.000 1.04084e-03
1291.000 1.04173e-03
1296.000 1.04262e-03
1301.000 1.04351e-03
1306.000 1.04440e-03
1311.000 1.04528e-03
1316.000 1.04617e-03
1321.000 1.04706e-03
1326.000 1.04795e-03
1331.000 1.04884e-03
1336.000 1.04973e-03
1341.000 1.05062e-03
1346.000 1.05151e-03
1351.000 1.05240e-03
1356.000 1.05329e-03
1361.000 1.05418e-03
1366.000 1.05507e-03
1371.000 1.05596e-03
1376.000 1.05685e-03
1381.000 1.05774e-03
1386.000 1.05863e-03
1391.000 1.05952e-03
1396.000 1.06041e-03
1401.000 1.06130e-03
1406.000 1.06219e-03
1411.000 1.06308e-03
1416.000 1.06397e-03
1421.000 1.06486e-03
1426.000 1.06575e-03
1431.000 1.06664e-03
1436.000 1.06753e-03
1441.000 1.06842e-03
1446.000 1.06931e-03
1451.000 1.07020e-03
1456.000 1.07109e-03
1461.000 1.07198e-03
1466.000 1.07287e-03
1471.000 1.07375e-03
1476.000 1.07464e-03
1481.000 1.07553e-03
1486.000 1.07642e-03
1491.000 1.07731e-03
1496.000 1.07820e-03
1501.000 1.07909e-03
1506.000 1.07998e-03
1511.000 1.08087e-03
1516.000 1.08176e-03
1521.000 1.08265e-03
1526.000 1.08354e-03
1531.000 1.08443e-03
1536.000 1.08532e-03
1541.000 1.08621e-03
1546.000 1.08710e-03
1551.000 1.08799e-03
1556.000 1.08888e-03
1561.000 1.08977e-03
1566.000 1.09066e-03
1571.000 1.09155e-03
1576.000 1.09244e-03
1581.000 1.09333e-03
1586.000 1.09422e-03
1591.000 1.09511e-03
1596.000 1.09600e-03
1601.000 1.09689e-03
1606.000 1.09778e-03
1611.000 1.09867e-03
1616.000 1.09956e-03
1621.000 1.10045e-03
1626.000 1.10134e-03
1631.000 1.10222e-03
1636.000 1.10311e-03
1641.000 1.10400e-03
1646.000 1.10489e-03
1651.000 1.10578e-03
1656.000 1.10667e-03
1661.000 1.10756e-03
1666.000 1.10845e-03
1671.000 1.10934e-03
1676.000 1.11023e-03
1681.000 1.11112e-03
1686.000 1.11201e-03
1691.000 1.11290e-03
1696.000 1.11379e-03
1701.000 1.11468e-03
1706.000 1.11557e-03
1711.000 1.11646e-03
1716.000 1.11735e-03
1721.000 1.11824e-03
1726.000 1.11913e-03
1731.000 1.12002e-03
1736.000 1.12091e-03
1741.000 1.12180e-03
1746.000 1.12269e-03
1751.000 1.12358e-03
1756.000 1.12447e-03
1761.000 1.12536e-03
1766.000 1.12625e-03
1771.000 1.12714e-03
1776.000 1.12803e-03
1781.000 1.12892e-03
1786.000 1.12981e-03
1791.000 1.13069e-03
1796.000 1.13158e-03
1801.000 1.13247e-03
1806.000 1.13336e-03
1811.000 1.13425e-03
1816.000 1.13514e-03
1821.000 1.13603e-03
1826.000 1.13692e-03
1831.000 1.13781e-03
1836.000 1.13870e-03
1841.000 1.13959e-03
1846.000 1.14048e-03
1851.000 1.14137e-03
1856.000 1.14226e-03
1861.000 1.14315e-03
1866.000 1.14404e-03
1871.000 1.14493e-03
1876.000 1.14582e-03
1881.000 1.14671e-03
1886.000 1.14760e-03
1891.000 1.14849e-03
1896.000 1.14938e-03
1901.000 1.15027e-03
1906.000 1.15116e-03
1911.000 1.15205e-03
1916.000 1.15294e-03
1921.000 1.15383e-03
1926.000 1.15472e-03
1931.000 1.15561e-03
1936.000 1.15650e-03
1941.000 1.15739e-03
1946.000 1.15828e-03
1951.000 1.15916e-03
1956.000 1.16005e-03
1961.000 1.16094e-03
1966.000 1.16183e-03
1971.000 1.16272e-03
1976.000 1.16361e-03
1981.000 1.16450e-03
1986.000 1.16539e-03
1991.000 1.16628e-03
1996.000 1.16717e-03
2001.000 1.16806e-03
2006.000 1.16895e-03
2011.000 1.16984e-03
2016.000 1.17073e-03
2021.000 1.17162e-03
2026.000 1.17251e-03
2031.000 1.17340e-03
2036.000 1.17429e-03
2041.000 1.17518e-03
2046.000 1.17607e-03
2051.000 1.17696e-03
2056.000 1.17785e-03
2061.000 1.17874e-03
2066.000 1.17963e-03
2071.000 1.18052e-03
2076.000 1.18141e-03
2081.000 1.18230e-03
2086.000 1.18319e-03
2091.000 1.18408e-03
2096.000 1.18497e-03
2101.000 1.18586e-03
2106.000 1.18675e-03
2111.000 1.18763e-03
2116.000 1.18852e-03
2121.000 1.18941e-03
2126.000 1.19030e-03
2131.000 1.19119e-03
2136.000 1.19208e-03
2141.000 1.19297e-03
2146.000 1.19386e-03
2151.000 1.19475e-03
2156.000 1.19564e-03
2161.000 1.19653e-03
2166.000 1.19742e-03
2171.000 1.19831e-03
2176.000 1.19920e-03
2181.000 1.20009e-03
2186.000 1.20098e-03
2191.000 1.20187e-03
2196.000 1.20276e-03
2201.000 1.20365e-03
2206.000 1.20454e-03
2211.000 1.20543e-03
2216.000 1.20632e-03
2221.000 1.20721e-03
2226.000 1.20810e-03
2231.000 1.20899e-03
2236.000 1.20988e-03
2241.000 1.21077e-03
2246.000 1.21166e-03
2251.000 1.21255e-03
2256.000 1.21344e-03
2261.000 1.21433e-03
2266.000 1.21521e-03
2271.000 1.21610e-03
2276.000 1.21699e-03
2281.000 1.21788e-03
2286.000 1.21877e-03
2291.000 1.21966e-03
2296.000 1.22055e-03
2301.000 1.22144e-03
2306.000 1.22233e-03
2311.000 1.22322e-03
2316.000 1.22411e-03
2321.000 1.22500e-03
2326.000 1.22589e-03
2331.000 1.22678e-03
2336.000 1.22767e-03
2341.000 1.22856e-03
2346.000 1.22945e-03
2351.000 1.23034e-03
2356.000 1.23123e-03
2361.000 1.23212e-03
2366.000 1.23301e-03
2371.000 1.23390e-03
2376.000 1.23479e-03
2381.000 1.23568e-03
2386.000 1.23657e-03
2391.000 1.23746e-03
2396.000 1.23835e-03
2401.000 1.23924e-03
2406.000 1.24013e-03
2411.000 1.24102e-03
2416.000 1.24191e-03
2421.000 1.24280e-03
2426.000 1.24368e-03
2431.000 1.24457e-03
2436.000 1.24546e-03
2441.000 1.24635e-03
2446.000 1.24724e-03
2451.000 1.24813e-03
2456.000 1.24902e-03
2461.000 1.24991e-03
2466.000 1.25080e-03
2471.000 1.25169e-03
2476.000 1.25258e-03
2481.000 1.25347e-03
2486.000 1.25436e-03
2491.000 1.25525e-03
2496.000 1.25614e-03
2501.000 1.25703e-03
2506.000 1.25792e-03
2511.000 1.25881e-03
2516.000 1.25970e-03
2521.000 1.26059e-03
2526.000 1.26148e-03
2531.000 1.26237e-03
2536.000 1.26326e-03
2541.000 1.26415e-03
2546.000 1.26504e-03
2551.000 1.26593e-03
2556.000 1.26682e-03
2561.000 1.26771e-03
2566.000 1.26860e-03
2571.000 1.26949e-03
2576.000 1.27038e-03
2581.000 1.27127e-03
2586.000 1.27215e-03
2591.000 1.27304e-03
2596.000 1.27393e-03
2601.000 1.27482e-03
2606.000 1.27571e-03
2611.000 1.27660e-03
2616.000 1.27749e-03
2621.000 1.27838e-03
2626.000 1.27927e-03
2631.000 1.28016e-03
2636.000 1.28105e-03
2641.000 1.28194e-03
2646.000 1.28283e-03
2651.000 1.28372e-03
2656.000 1.28461e-03
2661.000 1.28550e-03
2666.000 1.28639e-03
2671.000 1.28728e-03
2676.000 1.28817e-03
2681.000 1.28906e-03
2686.000 1.28995e-03
2691.000 1.29084e-03
2696.000 1.29173e-03
2701.000 1.29262e-03
2706.000 1.29351e-03
2711.000 1.29440e-03
2716.000 1.29529e-03
2721.000 1.29618e-03
2726.000 1.29707e-03
2731.000 1.29796e-03
2736.000 1.29885e-03
2741.000 1.29974e-03
2746.000 1.30062e-03
2751.000 1.30151e-03
2756.000 1.30240e-03
2761.000 1.30329e-03
2766.000 1.30418e-03
2771.000 1.30507e-03
2776.000 1.30596e-03
2781.000 1.30685e-03
2786.000 1.30774e-03
2791.000 1.30863e-03
2796.000 1.30952e-03
2801.000 1.31041e-03
2806.000 1.31130e-03
2811.000 1.31219e-03
2816.000 1.31308e-03
2821.000 1.31397e-03
2826.000 1.31486e-03
2831.000 1.31575e-03
2836.000 1.31664e-03
2841.000 1.31753e-03
2846.000 1.31842e-03
2851.000 1.31931e-03
2856.000 1.32020e-03
2861.000 1.32109e-03
2866.000 1.32198e-03
2871.000 1.32287e-03
2876.000 1.32376e-03
2881.000 1.32465e-03
2886.000 1.32554e-03
2891.000 1.32643e-03
2896.000 1.32732e-03
2901.000 1.32821e-03
2906.000 1.32909e-03
2911.000 1.32998e-03
2916.000 1.33087e-03
2921.000 1.33176e-03
2926.000 1.33265e-03
2931.000 1.33354e-03
2936.000 1.33443e-03
2941.000 1.33532e-03
2946.000 1.33621e-03
2951.000 1.33710e-03
2956.000 1.33799e-03
2961.000 1.33888e-03
2966.000 1.33977e-03
2971.000 1.34066e-03
2976.000 1.34155e-03
2981.000 1.34244e-03
2986.000 1.34333e-03
2991.000 1.34422e-03
2996.000 1.34511e-03
3001.000 1.34600e-03
3006.000 1.34689e-03
3011.000 1.34778e-03
3016.000 1.34867e-03
3021.000 1.34956e-03
3026.000 1.35045e-03
3031.000 1.35134e-03
3036.000 1.35223e-03
3041.000 1.35312e-03
3046.000 1.35401e-03
3051.000 1.35490e-03
3056.000 1.35579e-03
3061.000 1.35668e-03
3066.000 1.35756e-03
3071.000 1.35845e-03
3076.000 1.35934e-03
3081.000 1.36023e-03
3086.000 1.36112e-03
3091.000 1.36201e-03
3096.000 1.36290e-03
3101.000 1.36379e-03
3106.000 1.36468e-03
3111.000 1.36557e-03
3116.000 1.36646e-03
3121.000 1.36735e-03
3126.000 1.36824e-03
3131.000 1.36913e-03
3136.000 1.37002e-03
3141.000 1.37091e-03
3146.000 1.37180e-03
3151.000 1.37269e-03
3156.000 1.37358e-03
3161.000 1.37447e-03
3166.000 1.37536e-03
3171.000 1.37625e-03
3176.000 1.37714e-03
3181.000 1.37803e-03
3186.000 1.37892e-03
3191.000 1.37981e-03
3196.000 1.38070e-03
3201.000 1.38159e-03
3206.000 1.38248e-03
3211.000 1.38337e-03
3216.000 1.38426e-03
3221.000 1.38515e-03
3226.000 1.38603e-03
3231.000 1.38692e-03
3236.000 1.38781e-03
3241.000 1.38870e-03
3246.000 1.38959e-03
3251.000 1.39048e-03
3256.000 1.39137e-03
3261.000 1.39226e-03
3266.000 1.39315e-03
3271.000 1.39404e-03
3276.000 1.39493e-03
3281.000 1.39582e-03
3286.000 1.39671e-03
3291.000 1.39760e-03
3296.000 1.39849e-03
3301.000 1.39938e-03
3306.000 1.40027e-03
3311.000 1.40116e-03
3316.000 1.40205e-03
3321.000 1.40294e-03
3326.000 1.40383e-03
3331.000 1.40472e-03
3336.000 1.40561e-03
3341.000 1.40650e-03
3346.000 1.40739e-03
3351.000 1.40828e-03
3356.000 1.40917e-03
3361.000 1.41006e-03
3366.000 1.41095e-03
3371.000 1.41184e-03
3376.000 1.41273e-03
3381.000 1.41362e-03
3386.000 1.41450e-03
3391.000 1.41539e-03
3396.000 1.41628e-03
3401.000 1.41717e-03
3406.000 1.41806e-03
3411.000 1.41895e-03
3416.000 1.41984e-03
3421.000 1.42073e-03
3426.000 1.42162e-03
3431.000 1.42251e-03
3436.000 1.42340e-03
3441.000 1.42429e-03
3446.000 1.42518e-03
3451.000 1.42607e-03
3456.000 1.42696e-03
3461.000 1.42785e-03
3466.000 1.42874e-03
3471.000 1.42963e-03
3476.000 1.43052e-03
3481.000 1.43141e-03
3486.000 1.43230e-03
3491.000 1.43319e-03
3496.000 1.43408e-03
3501.000 1.43497e-03
3506.000 1.43586e-03
3511.000 1.43675e-03
3516.000 1.43764e-03
3521.000 1.43853e-03
3526.000 1.43942e-03
3531.000 1.44031e-03
3536.000 1.44120e-03
3541.000 1.44209e-03
3546.000 1.44297e-03
3551.000 1.44386e-03
3556.000 1.44475e-03
3561.000 1.44564e-03
3566.000 1.44653e-03
3571.000 1.44742e-03
3576.000 1.44831e-03
3581.000 1.44920e-03
3586.000 1.45009e-03
3591.000 1.45098e-03
3596.000 1.45187e-03
3601.000 1.45276e-03
3606.000 1.45365e-03
3611.000 1.45454e-03
3616.000 1.45543e-03
3621.000 1.45632e-03
3626.000 1.45721e-03
3631.000 1.45810e-03
3636.000 1.45899e-03
3641.000 1.45988e-03
3646.000 1.46077e-03
3651.000 1.46166e-03
3656.000 1.46255e-03
3661.000 1.46344e-03
3666.000 1.46433e-03
3671.000 1.46522e-03
3676.000 1.46611e-03
3681.000 1.46700e-03
3686.000 1.46789e-03
3691.000 1.46878e-03
3696.000 1.46967e-03
3701.000 1.47055e-03
3706.000 1.47144e-03
3711.000 1.47233e-03
3716.000 1.47322e-03
3721.000 1.47411e-03
3726.000 1.47500e-03
3731.000 1.47589e-03
3736.000 1.47678e-03
3741.000 1.47767e-03
3746.000 1.47856e-03
3751.000 1.47945e-03
3756.000 1.48034e-03
3761.000 1.48123e-03
3766.000 1.48212e-03
3771.000 1.48301e-03
3776.000 1.48390e-03
3781.000 1.48479e-03
3786.000 1.48568e-03
3791.000 1.48657e-03
3796.000 1.48746e-03
3801.000 1.48835e-03
3806.000 1.48924e-03
3811.000 1.49013e-03
3816.000 1.49102e-03
3821.000 1.49191e-03
3826.000 1.49280e-03
3831.000 1.49369e-03
3836.000 1.49458e-03
3841.000 1.49547e-03
3846.000 1.49636e-03
3851.000 1.49725e-03
3856.000 1.49814e-03
3861.000 1.49902e-03
3866.000 1.49991e-03
3871.000 1.50080e-03
3876.000 1.50169e-03
3881.000 1.50258e-03
3886.000 1.50347e-03
3891.000 1.50436e-03
3896.000 1.50525e-03
3901.000 1.50614e-03
3906.000 1.50703e-03
3911.000 1.50792e-03
3916.000 1.50881e-03
3921.000 1.50970e-03
3926.000 1.51059e-03
3931.000 1.51148e-03
3936.000 1.51237e-03
3941.000 1.51326e-03
3946.000 1.51415e-03
3951.000 1.51504e-03
3956.000 1.51593e-03
3961.000 1.51682e-03
3966.000 1.51771e-03
3971.000 1.51860e-03
3976.000 1.51949e-03
3981.000 1.52038e-03
3986.000 1.52127e-03
3991.000 1.52216e-03
3996.000 1.52305e-03
4001.000 1.52394e-03
4006.000 1.52483e-03
4011.000 1.52572e-03
4016.000 1.52661e-03
4021.000 1.52749e-03
4026.000 1.52838e-03
4031.000 1.52927e-03
4036.000 1.53016e-03
4041.000 1.53105e-03
4046.000 1.53194e-03
4051.000 1.53283e-03
4056.000 1.53372e-03
4061.000 1.53461e-03
4066.000 1.53550e-03
4071.000 1.53639e-03
4076.000 1.53728e-03
4081.000 1.53817e-03
4086.000 1.53906e-03
4091.000 1.53995e-03
4096.000 1.54084e-03
4101.000 1.54173e-03
4106.000 1.54262e-03
4111.000 1.54351e-03
4116.000 1.54440e-03
4121.000 1.54529e-03
4126.000 1.54618e-03
4131.000 1.54707e-03
4136.000 1.54796e-03
4141.000 1.54885e-03
4146.000 1.54974e-03
4151.000 1.55063e-03
4156.000 1.55152e-03
4161.000 1.55241e-03
4166.000 1.55330e-03
4171.000 1.55419e-03
4176.000 1.55508e-03
4181.000 1.55596e-03
4186.000 1.55685e-03
4191.000 1.55774e-03
4196.000 1.55863e-03
4201.000 1.55952e-03
4206.000 1.56041e-03
4211.000 1.56130e-03
4216.000 1.56219e-03
4221.000 1.56308e-03
4226.000 1.56397e-03
4231.000 1.56486e-03
4236.000 1.56575e-03
4241.000 1.56664e-03
4246.000 1.56753e-03
4251.000 1.56842e-03
4256.000 1.56931e-03
4261.000 1.57020e-03
4266.000 1.57109e-03
4271.000 1.57198e-03
4276.000 1.57287e-03
4281.000 1.57376e-03
4286.000 1.57465e-03
4291.000 1.57554e-03
4296.000 1.57643e-03
4301.000 1.57732e-03
4306.000 1.57821e-03
4311.000 1.57910e-03
4316.000 1.57999e-03
4321.000 1.58088e-03
4326.000 1.58177e-03
4331.000 1.58266e-03
4336.000 1.58355e-03
4341.000 1.58443e-03
4346.000 1.58532e-03
4351.000 1.58621e-03
4356.000 1.58710e-03
4361.000 1.58799e-03
4366.000 1.58888e-03
4371.000 1.58977e-03
4376.000 1.59066e-03
4381.000 1.59155e-03
4386.000 1.59244e-03
4391.000 1.59333e-03
4396.000 1.59422e-03
4401.000 1.59511e-03
4406.000 1.59600e-03
4411.000 1.59689e-03
4416.000 1.59778e-03
4421.000 1.59867e-03
4426.000 1.59956e-03
4431.000 1.60045e-03
4436.000 1.60134e-03
4441.000 1.60223e-03
4446.000 1.60312e-03
4451.000 1.60401e-03
4456.000 1.60490e-03
4461.000 1.60579e-03
4466.000 1.60668e-03
4471.000 1.60757e-03
4476.000 1.60846e-03
4481.000 1.60935e-03
4486.000 1.61024e-03
4491.000 1.61113e-03
4496.000 1.61202e-03
4501.000 1.61290e-03
4506.000 1.61379e-03
4511.000 1.61468e-03
4516.000 1.61557e-03
4521.000 1.61646e-03
4526.000 1.61735e-03
4531.000 1.61824e-03
4536.000 1.61913e-03
4541.000 1.62002e-03
4546.000 1.62091e-03
4551.000 1.62180e-03
4556.000 1.62269e-03
4561.000 1.62358e-03
4566.000 1.62447e-03
4571.000 1.62536e-03
4576.000 1.62625e-03
4581.000 1.62714e-03
4586.000 1.62803e-03
4591.000 1.62892e-03
4596.000 1.62981e-03
4601.000 1.63070e-03
4606.000 1.63159e-03
4611.000 1.63248e-03
4616.000 1.63337e-03
4621.000 1.63426e-03
4626.000 1.63515e-03
4631.000 1.63604e-03
4636.000 1.63693e-03
4641.000 1.63782e-03
4646.000 1.63871e-03
4651.000 1.63960e-03
4656.000 1.64049e-03
4661.000 1.64137e-03
4666.000 1.64226e-03
4671.000 1.64315e-03
4676.000 1.64404e-03
4681.000 1.64493e-03
4686.000 1.64582e-03
4691.000 1.64671e-03
4696.000 1.64760e-03
4701.000 1.64849e-03
4706.000 1.64938e-03
4711.000 1.65027e-03
4716.000 1.65116e-03
4721.000 1.65205e-03
4726.000 1.65294e-03
4731.000 1.65383e-03
4736.000 1.65472e-03
4741.000 1.65561e-03
4746.000 1.65650e-03
4751.000 1.65739e-03
4756.000 1.65828e-03
4761.000 1.65917e-03
4766.000 1.66006e-03
4771.000 1.66095e-03
4776.000 1.66184e-03
4781.000 1.66273e-03
4786.000 1.66362e-03
4791.000 1.66451e-03
4796.000 1.66540e-03
4801.000 1.66629e-03
4806.000 1.66718e-03
4811.000 1.66807e-03
4816.000 1.66896e-03
4821.000 1.66984e-03
4826.000 1.67073e-03
4831.000 1.67162e-03
4836.000 1.67251e-03
4841.000 1.67340e-03
4846.000 1.67429e-03
4851.000 1.67518e-03
4856.000 1.67607e-03
4861.000 1.67696e-03
4866.000 1.67785e-03
4871.000 1.67874e-03
4876.000 1.67963e-03
4881.000 1.68052e-03
4886.000 1.68141e-03
4891.000 1.68230e-03
4896.000 1.68319e-03
4901.000 1.68408e-03
4906.000 1.68497e-03
4911.000 1.68586e-03
4916.000 1.68675e-03
4921.000 1.68764e-03
4926.000 1.68853e-03
4931.000 1.68942e-03
4936.000 1.69031e-03
4941.000 1.69120e-03
4946.000 1.69209e-03
4951.000 1.69298e-03
4956.000 1.69387e-03
4961.000 1.69476e-03
4966.000 1.69565e-03
4971.000 1.69654e-03
4976.000 1.69743e-03
4981.000 1.69831e-03
4986.000 1.69920e-03
4991.000 1.70009e-03
4996.000 1.70098e-03
5001.000 1.70187e-03
-END-OF-DATA-
force pCO2 follows the value above (in ppm)
