   1.1816870e-02
   1.2144709e-02
   1.3011481e-02
   1.3650696e-02
   1.3829617e-02
   1.3109469e-02
   1.0927035e-02
   8.1638703e-03
   5.7167034e-03
   3.9298530e-03
   2.6498206e-03
   1.3936383e-03
  -6.6529913e-04
  -3.8101247e-03
  -7.8633269e-03
  -9.5871799e-03
  -8.2135508e-03
  -6.1003421e-03
  -5.0069367e-03
  -4.5773233e-03
  -4.5252888e-03
  -3.6136206e-03
  -2.3273456e-03
  -0.0000000e+00
   0.0000000e+00
   0.0000000e+00
   0.0000000e+00
   0.0000000e+00
   0.0000000e+00
   1.8421596e-02
   2.3067931e-02
   2.4450324e-02
   2.2434572e-02
   1.8898742e-02
   1.5595769e-02
   1.2910512e-02
   6.5796697e-03
   8.7482873e-03
   1.1099024e-02
   1.2281420e-02
   1.2557930e-02
   1.1308127e-02
   9.4564818e-03
   7.5967107e-03
   7.1524079e-03
   7.5863050e-03
   5.0552189e-03
   2.7416563e-03
   2.9730902e-03
   9.2641526e-04
  -2.6851913e-03
  -1.8049800e-03
  -5.0206310e-04
  -2.8706341e-04
  -4.2839182e-04
  -2.0829919e-03
  -1.8981215e-03
  -7.7705941e-04
   1.7819658e-04
   0.0000000e+00
   0.0000000e+00
   0.0000000e+00
   0.0000000e+00
   0.0000000e+00
   0.0000000e+00
   3.9173815e-02
   4.3381639e-02
   3.7901595e-02
   2.7460063e-02
   1.9693078e-02
   1.2968025e-02
   7.5085890e-03
   1.3051074e-02
   1.6293526e-02
   1.8494427e-02
   1.9605195e-02
   1.8439140e-02
   1.3217065e-02
   1.0765660e-02
   6.9727506e-03
   2.5393744e-03
   2.1784634e-03
   1.7644067e-03
   2.4304125e-03
   2.3694478e-03
   8.8929461e-04
  -5.4288251e-04
   3.3481220e-03
   2.4876802e-03
  -7.6023168e-03
  -1.0042766e-02
   0.0000000e+00
   0.0000000e+00
   0.0000000e+00
   0.0000000e+00
   0.0000000e+00
   0.0000000e+00
   0.0000000e+00
   0.0000000e+00
   0.0000000e+00
   4.4532412e-02
   4.6586301e-02
   4.2123549e-02
   3.3196289e-02
   2.3972502e-02
   2.3332281e-02
   1.6667154e-02
   1.0978486e-02
   1.0057163e-03
   5.4237065e-03
   8.5210316e-03
   8.9960424e-03
   9.2091681e-03
   3.7885511e-03
   9.0333074e-04
  -3.5998223e-03
  -1.0067786e-02
  -1.5698355e-02
  -1.3638672e-02
  -7.8306021e-03
  -1.5624981e-02
  -1.7263647e-02
  -1.0941197e-02
  -2.7987391e-03
  -1.5074413e-03
  -1.6195066e-02
  -1.5894085e-02
   0.0000000e+00
   0.0000000e+00
   0.0000000e+00
   0.0000000e+00
   0.0000000e+00
   0.0000000e+00
   0.0000000e+00
   0.0000000e+00
   0.0000000e+00
   2.8497172e-02
   1.8912585e-02
   1.6702125e-02
   7.8769522e-03
   3.6530313e-04
   3.4774450e-04
  -5.0057853e-03
  -3.5791690e-03
  -1.6466847e-02
  -1.2394502e-02
  -1.1143345e-02
  -1.2316007e-02
  -1.2114102e-02
  -1.4676209e-02
  -1.9828985e-02
  -2.4462437e-02
  -2.4626564e-02
  -2.9701967e-02
  -2.6331119e-02
  -1.9302158e-02
  -2.9933132e-02
  -2.5323633e-02
  -1.8504919e-02
  -0.0000000e+00
  -4.2514722e-03
  -1.6871205e-02
  -0.0000000e+00
   0.0000000e+00
   0.0000000e+00
   0.0000000e+00
   0.0000000e+00
   0.0000000e+00
   0.0000000e+00
   0.0000000e+00
   0.0000000e+00
   0.0000000e+00
  -0.0000000e+00
  -5.1295450e-03
  -6.4492407e-03
  -1.5506133e-02
  -2.2018559e-02
  -2.6771044e-02
  -2.6706299e-02
  -2.0627970e-02
  -2.3583267e-02
  -2.0926051e-02
  -2.3214340e-02
  -2.4002604e-02
  -2.4972005e-02
  -2.5999829e-02
  -3.1198377e-02
  -3.7257716e-02
  -3.4491152e-02
  -3.5474975e-02
  -3.1937644e-02
  -2.6126437e-02
  -2.6775913e-02
  -1.4361802e-02
  -8.8547971e-03
  -0.0000000e+00
  -4.0235742e-03
  -1.0225970e-02
  -0.0000000e+00
   0.0000000e+00
   0.0000000e+00
   0.0000000e+00
  -0.0000000e+00
  -0.0000000e+00
  -0.0000000e+00
  -0.0000000e+00
  -0.0000000e+00
  -1.3929891e-02
  -2.2989911e-02
  -1.9424807e-02
  -2.0739239e-02
  -2.9580258e-02
  -3.2535624e-02
  -3.6509372e-02
  -3.1683523e-02
  -2.4886914e-02
  -2.0768754e-02
  -1.8947363e-02
  -2.2215620e-02
  -2.1794736e-02
  -2.2231380e-02
  -2.3811307e-02
  -2.5193894e-02
  -3.1614687e-02
  -3.2301944e-02
  -3.3070557e-02
  -3.0982228e-02
  -2.1603640e-02
  -1.1785606e-02
   6.7964412e-04
   4.3210490e-03
   0.0000000e+00
  -0.0000000e+00
  -0.0000000e+00
  -0.0000000e+00
  -0.0000000e+00
   0.0000000e+00
  -0.0000000e+00
  -0.0000000e+00
  -2.0998458e-02
  -2.3112039e-02
  -2.3360940e-02
  -2.8016035e-02
  -2.6677456e-02
  -2.8777573e-02
  -2.6471112e-02
  -2.5979809e-02
  -3.2280635e-02
  -3.0894140e-02
  -2.9416174e-02
  -2.4856465e-02
  -2.0200530e-02
  -1.4214001e-02
  -1.3172235e-02
  -1.4948291e-02
  -1.4712832e-02
  -1.4029733e-02
  -1.5341573e-02
  -1.4350872e-02
  -1.9188447e-02
  -2.1991454e-02
  -2.3772966e-02
  -2.2150228e-02
  -7.2208908e-03
   6.8526277e-03
   1.0791608e-02
   0.0000000e+00
   0.0000000e+00
   0.0000000e+00
   0.0000000e+00
  -0.0000000e+00
  -0.0000000e+00
   0.0000000e+00
  -0.0000000e+00
  -1.7269086e-02
  -2.3221873e-02
  -2.5148455e-02
  -2.8488407e-02
  -3.1853724e-02
  -2.7250441e-02
  -2.3799397e-02
  -2.4481762e-02
  -2.3007989e-02
  -2.5178395e-02
  -2.2842923e-02
  -1.9206870e-02
  -1.7527036e-02
  -1.3914313e-02
  -7.5201369e-03
  -7.1384930e-03
  -7.2237821e-03
  -8.1008589e-03
  -7.0188753e-03
  -7.2956756e-03
  -6.6623800e-03
  -9.2661511e-03
  -1.0871696e-02
  -1.0761654e-02
  -7.3864032e-03
   1.2477904e-02
   2.6948055e-02
   1.8559288e-02
   0.0000000e+00
   0.0000000e+00
   0.0000000e+00
   0.0000000e+00
   0.0000000e+00
   0.0000000e+00
   0.0000000e+00
  -0.0000000e+00
  -1.8769547e-02
  -2.1340827e-02
  -1.7082088e-02
  -1.9461658e-02
  -2.0236500e-02
  -1.7888097e-02
  -1.3870607e-02
  -1.4551439e-02
  -1.4003706e-02
  -1.3424582e-02
  -1.3235757e-02
  -1.0654260e-02
  -1.0580334e-02
  -8.3577139e-03
   5.5034069e-04
   1.0086061e-04
   5.7821837e-04
  -1.4282491e-03
  -4.4325172e-04
  -9.8897517e-04
  -1.2537923e-03
  -2.2136644e-03
  -1.7539251e-03
   2.9636214e-03
   8.9080986e-03
   3.4218218e-02
   4.7491673e-02
   2.4986885e-02
   0.0000000e+00
   0.0000000e+00
   0.0000000e+00
   0.0000000e+00
   0.0000000e+00
   0.0000000e+00
   0.0000000e+00
  -0.0000000e+00
  -1.3148103e-02
  -1.2277593e-02
  -2.3821027e-03
  -2.1120138e-03
  -2.1285661e-03
  -3.4682339e-03
  -1.4133935e-03
   5.6717552e-05
  -8.1352418e-04
  -3.9610849e-04
  -2.7536228e-03
  -1.3702081e-03
  -2.1308835e-03
  -1.3264744e-03
   1.2975425e-02
   1.2090296e-02
   1.2467693e-02
   9.9924626e-03
   1.1049106e-02
   7.4471640e-03
   7.5681754e-03
   6.9927378e-03
   7.2778505e-03
   1.4368623e-02
   2.2880593e-02
   5.7737153e-02
   6.5849543e-02
   3.0445068e-02
   0.0000000e+00
   0.0000000e+00
   0.0000000e+00
   0.0000000e+00
   0.0000000e+00
   0.0000000e+00
   0.0000000e+00
   0.0000000e+00
   2.3573563e-03
   3.8772384e-03
   9.6110646e-03
   1.1246573e-02
   1.4261396e-02
   1.5213361e-02
   1.5903000e-02
   1.6406700e-02
   1.6666675e-02
   1.4811035e-02
   1.2252780e-02
   1.3545244e-02
   1.0831676e-02
   1.2388323e-02
   2.8955780e-02
   2.7931821e-02
   2.8811615e-02
   2.6069753e-02
   2.6916599e-02
   2.1898368e-02
   2.0879909e-02
   2.0496858e-02
   1.8269410e-02
   2.2632213e-02
   3.0603047e-02
   6.3336857e-02
   6.9728032e-02
   2.8693314e-02
   0.0000000e+00
   0.0000000e+00
   0.0000000e+00
   0.0000000e+00
   0.0000000e+00
   0.0000000e+00
   1.6452427e-02
   1.5646616e-02
   1.5054018e-02
   1.6189691e-02
   2.0343658e-02
   2.3002535e-02
   3.0717222e-02
   3.4786928e-02
   3.1765245e-02
   3.0834889e-02
   3.3015765e-02
   3.0572610e-02
   2.7903264e-02
   2.9126884e-02
   2.7222876e-02
   2.9449154e-02
   4.0291809e-02
   3.8474143e-02
   4.0545236e-02
   3.7479926e-02
   3.8235389e-02
   3.3988006e-02
   3.2520458e-02
   3.3716235e-02
   2.9569352e-02
   3.3185974e-02
   3.7410010e-02
   6.1981101e-02
   6.3741378e-02
   2.6626004e-02
   0.0000000e+00
   0.0000000e+00
   0.0000000e+00
   0.0000000e+00
   0.0000000e+00
   1.8270274e-02
   2.0182347e-02
   2.2924162e-02
   2.3981098e-02
   2.5509814e-02
   3.1253435e-02
   3.4551289e-02
   4.5149442e-02
   4.8018988e-02
   4.2823240e-02
   4.1549765e-02
   4.3226440e-02
   4.2471711e-02
   3.8591772e-02
   4.0205408e-02
   3.9551161e-02
   4.0675543e-02
   4.6389613e-02
   4.3804873e-02
   4.6812348e-02
   4.3452550e-02
   4.4349514e-02
   4.1391384e-02
   4.0574465e-02
   4.3338813e-02
   3.9067000e-02
   4.4262748e-02
   4.3325968e-02
   5.8763959e-02
   5.3096015e-02
   2.4201698e-02
   0.0000000e+00
   0.0000000e+00
   0.0000000e+00
   0.0000000e+00
   0.0000000e+00
   1.8015446e-02
   2.1531131e-02
   2.8812977e-02
   3.0545054e-02
   3.2358523e-02
   4.1310862e-02
   4.5332808e-02
   5.6663938e-02
   5.5819716e-02
   5.0042890e-02
   4.9086761e-02
   4.8905879e-02
   5.0030638e-02
   4.4856269e-02
   4.6829872e-02
   4.6835382e-02
   4.6436772e-02
   3.6600199e-02
   3.4046412e-02
   3.6278050e-02
   3.2593552e-02
   3.4611385e-02
   3.2042306e-02
   3.5419635e-02
   3.8491249e-02
   4.0572122e-02
   5.3741794e-02
   4.6361018e-02
   5.6114320e-02
   3.6855038e-02
   2.0286425e-02
   0.0000000e+00
   0.0000000e+00
   0.0000000e+00
   0.0000000e+00
   0.0000000e+00
   1.5563234e-02
   1.6663506e-02
   2.7935712e-02
   3.0406058e-02
   3.2413777e-02
   4.6622302e-02
   5.1310424e-02
   5.7537653e-02
   5.0159413e-02
   4.8272185e-02
   4.7002427e-02
   4.2745657e-02
   4.3929078e-02
   3.8347881e-02
   4.0221483e-02
   3.7818234e-02
   3.6771391e-02
   1.5908664e-02
   1.4716363e-02
   1.4901771e-02
   1.2329335e-02
   1.3617983e-02
   1.1611504e-02
   1.7092178e-02
   1.9780373e-02
   2.6942117e-02
   3.9968088e-02
   3.8591154e-02
   5.2490976e-02
   3.2825065e-02
   0.0000000e+00
   0.0000000e+00
   0.0000000e+00
   0.0000000e+00
   0.0000000e+00
   0.0000000e+00
   0.0000000e+00
   0.0000000e+00
   1.7250028e-02
   1.9804949e-02
   2.5847469e-02
   3.8511459e-02
   4.2390916e-02
   4.2877052e-02
   3.6022916e-02
   3.5200372e-02
   3.1331882e-02
   2.6250504e-02
   2.4509246e-02
   2.1501074e-02
   2.1982986e-02
   1.8283842e-02
   1.7609287e-02
  -2.7679843e-03
  -3.0316329e-03
  -3.7387633e-03
  -5.3952960e-03
  -5.7822126e-03
  -6.4699515e-03
  -8.1254903e-04
   3.0165634e-03
   1.4071709e-02
   2.5243487e-02
   3.0360240e-02
   4.6191409e-02
   2.8157960e-02
   0.0000000e+00
   0.0000000e+00
   0.0000000e+00
   0.0000000e+00
   0.0000000e+00
   0.0000000e+00
   0.0000000e+00
   0.0000000e+00
   5.0169900e-03
   8.5163023e-03
   1.8569933e-02
   2.9433165e-02
   3.2628071e-02
   3.0881580e-02
   2.5090123e-02
   2.3577761e-02
   1.7519007e-02
   1.0334526e-02
   7.5057913e-03
   5.9937723e-03
   4.5169573e-03
   1.0719486e-03
  -4.7076645e-04
  -2.0556465e-02
  -2.0104449e-02
  -2.1101106e-02
  -2.1893991e-02
  -2.4425305e-02
  -2.3391260e-02
  -1.8640257e-02
  -1.2956494e-02
   1.2114791e-03
   9.2392666e-03
   2.1177333e-02
   3.7883006e-02
   2.0633398e-02
   0.0000000e+00
   0.0000000e+00
   0.0000000e+00
   0.0000000e+00
   0.0000000e+00
   0.0000000e+00
   0.0000000e+00
  -0.0000000e+00
  -8.2838638e-03
  -3.4634259e-03
   1.0451729e-02
   1.9171452e-02
   2.1692947e-02
   1.9124277e-02
   1.4662324e-02
   1.2063164e-02
   4.0062787e-03
  -5.9298963e-03
  -8.6794300e-03
  -9.1647971e-03
  -1.2880843e-02
  -1.5173086e-02
  -1.8205522e-02
  -4.4574942e-02
  -4.4768911e-02
  -4.6782482e-02
  -4.7557581e-02
  -5.2365713e-02
  -5.0046492e-02
  -4.8122540e-02
  -4.1030079e-02
  -2.8551908e-02
  -1.7817587e-02
   3.7488074e-03
   1.5109854e-02
   7.7402184e-03
   0.0000000e+00
   0.0000000e+00
   0.0000000e+00
   0.0000000e+00
   0.0000000e+00
   0.0000000e+00
   0.0000000e+00
  -0.0000000e+00
  -3.1808279e-02
  -2.1924831e-02
  -9.3329279e-03
   3.3942168e-03
   1.2124186e-02
   8.9835618e-03
   4.1212441e-03
   0.0000000e+00
  -0.0000000e+00
  -2.5797977e-02
  -3.3587739e-02
  -3.1956144e-02
  -3.7707727e-02
  -3.9239287e-02
  -4.2975016e-02
  -5.0744560e-02
  -5.1365051e-02
  -5.2807786e-02
  -5.3370792e-02
  -5.6092206e-02
  -5.5539839e-02
  -5.5341221e-02
  -4.9684290e-02
  -4.1868586e-02
  -2.9172022e-02
  -8.5043935e-03
   3.8806414e-03
   1.9626664e-03
   0.0000000e+00
   0.0000000e+00
   0.0000000e+00
   0.0000000e+00
   0.0000000e+00
   0.0000000e+00
   0.0000000e+00
  -0.0000000e+00
  -4.0063404e-02
  -2.7501633e-02
  -1.8911345e-02
  -3.0925910e-03
   9.6483165e-03
   6.3681305e-03
   0.0000000e+00
   0.0000000e+00
  -0.0000000e+00
  -2.9593663e-02
  -4.4097748e-02
  -4.1994058e-02
  -4.4744398e-02
  -4.7451254e-02
  -4.9203083e-02
  -5.4384049e-02
  -5.4991864e-02
  -5.5666219e-02
  -5.5019073e-02
  -5.6549080e-02
  -5.6701843e-02
  -5.8962759e-02
  -5.5910729e-02
  -5.2198257e-02
  -4.1423395e-02
  -2.0530578e-02
  -5.6132912e-03
  -3.1983703e-03
   0.0000000e+00
   0.0000000e+00
   0.0000000e+00
   0.0000000e+00
   0.0000000e+00
   0.0000000e+00
   0.0000000e+00
  -0.0000000e+00
  -4.5185294e-02
  -3.2394983e-02
  -2.6150174e-02
  -8.0955476e-03
   7.0326299e-03
   0.0000000e+00
   0.0000000e+00
   0.0000000e+00
  -0.0000000e+00
  -0.0000000e+00
  -5.0897155e-02
  -4.9052693e-02
  -4.9124006e-02
  -5.2081902e-02
  -5.2996267e-02
  -5.4182030e-02
  -5.4048516e-02
  -5.3629860e-02
  -4.9736604e-02
  -5.1642422e-02
  -5.0600007e-02
  -5.7038631e-02
  -5.8975127e-02
  -5.8510866e-02
  -5.6891773e-02
  -3.2942735e-02
  -1.2172771e-02
  -0.0000000e+00
  -0.0000000e+00
  -0.0000000e+00
  -0.0000000e+00
   0.0000000e+00
   0.0000000e+00
   0.0000000e+00
  -0.0000000e+00
  -0.0000000e+00
  -4.5103576e-02
  -3.6615226e-02
  -2.9275026e-02
  -1.1510952e-02
   0.0000000e+00
   0.0000000e+00
   0.0000000e+00
   0.0000000e+00
  -0.0000000e+00
  -0.0000000e+00
  -5.1923249e-02
  -5.1592883e-02
  -4.9378190e-02
  -5.0834652e-02
  -5.3049035e-02
  -4.8723076e-02
  -4.7176179e-02
  -4.8038285e-02
  -4.1760795e-02
  -4.4147871e-02
  -4.2154755e-02
  -4.6625022e-02
  -5.2473623e-02
  -5.4044224e-02
  -6.6456765e-02
  -4.3114189e-02
  -1.2461208e-02
  -0.0000000e+00
  -0.0000000e+00
  -0.0000000e+00
  -0.0000000e+00
   0.0000000e+00
   0.0000000e+00
  -0.0000000e+00
  -0.0000000e+00
  -3.1602953e-02
  -4.0757310e-02
  -3.6056664e-02
  -2.3728883e-02
  -1.3493032e-02
   0.0000000e+00
   0.0000000e+00
   0.0000000e+00
   0.0000000e+00
  -0.0000000e+00
  -3.3967599e-02
  -4.3582212e-02
  -4.2509116e-02
  -4.2409908e-02
  -4.2596720e-02
  -4.6295248e-02
  -4.2506497e-02
  -4.0626306e-02
  -4.2604350e-02
  -3.7761975e-02
  -3.7480101e-02
  -3.7814159e-02
  -3.7603147e-02
  -4.4931352e-02
  -4.9997803e-02
  -6.3506484e-02
  -4.5482952e-02
  -1.1908084e-02
  -0.0000000e+00
  -0.0000000e+00
  -0.0000000e+00
  -0.0000000e+00
   0.0000000e+00
   0.0000000e+00
  -0.0000000e+00
  -1.7961796e-02
  -2.9235372e-02
  -3.9239526e-02
  -3.2164384e-02
  -1.9150837e-02
  -1.2181072e-02
   0.0000000e+00
   0.0000000e+00
   0.0000000e+00
   0.0000000e+00
  -0.0000000e+00
  -2.5071157e-02
  -3.5235688e-02
  -3.3967942e-02
  -3.4029838e-02
  -3.6730185e-02
  -3.8249251e-02
  -3.5300069e-02
  -3.3901896e-02
  -3.6414005e-02
  -3.3932891e-02
  -3.0619655e-02
  -3.3455089e-02
  -2.9621314e-02
  -3.7167195e-02
  -4.5616113e-02
  -5.7350419e-02
  -4.4633247e-02
  -1.1506615e-02
  -0.0000000e+00
  -0.0000000e+00
  -0.0000000e+00
  -0.0000000e+00
   0.0000000e+00
   0.0000000e+00
  -0.0000000e+00
  -8.0346307e-03
  -2.4123758e-02
  -3.7654676e-02
  -2.7415407e-02
  -1.6948748e-02
   0.0000000e+00
   0.0000000e+00
   0.0000000e+00
   0.0000000e+00
   0.0000000e+00
  -0.0000000e+00
  -1.2283321e-02
  -2.5821986e-02
  -2.5709666e-02
  -2.5089890e-02
  -3.0715030e-02
  -2.9812472e-02
  -2.5135027e-02
  -2.5807370e-02
  -2.7343744e-02
  -2.7148796e-02
  -2.1885544e-02
  -2.5219183e-02
  -2.3041686e-02
  -2.8779555e-02
  -3.8982335e-02
  -5.0077794e-02
  -3.9521070e-02
  -1.0569295e-02
   0.0000000e+00
  -0.0000000e+00
  -0.0000000e+00
  -0.0000000e+00
  -0.0000000e+00
  -0.0000000e+00
  -3.7452188e-03
   6.3114516e-03
  -1.5195825e-02
  -3.3394780e-02
  -2.4687449e-02
   0.0000000e+00
   0.0000000e+00
   0.0000000e+00
   0.0000000e+00
   0.0000000e+00
   0.0000000e+00
   0.0000000e+00
   5.6799687e-03
  -1.2591969e-02
  -1.7325699e-02
  -1.4968933e-02
  -2.2061231e-02
  -2.0385569e-02
  -8.9148255e-03
  -1.1014107e-02
  -1.2149164e-02
  -9.8123290e-03
  -7.8060380e-03
  -6.5825274e-03
  -1.1162736e-02
  -1.6530925e-02
  -2.3165710e-02
  -4.4260658e-02
  -3.4645390e-02
  -1.2928767e-02
   0.0000000e+00
   0.0000000e+00
  -0.0000000e+00
  -0.0000000e+00
  -2.0744597e-02
  -8.6211779e-03
   7.5705020e-03
   1.4417791e-02
  -4.9060953e-05
  -1.5275147e-02
  -1.4879226e-02
   0.0000000e+00
   0.0000000e+00
   0.0000000e+00
   0.0000000e+00
   0.0000000e+00
   0.0000000e+00
   0.0000000e+00
   1.6204819e-02
   1.0302325e-02
   9.0395700e-04
  -9.9497649e-04
  -3.5387699e-03
  -6.0486333e-03
   8.8526420e-03
   6.9971271e-03
   4.4609876e-03
   8.4547848e-03
   8.0088852e-03
   1.1570001e-02
   6.1811684e-03
  -1.6926246e-03
  -1.0882442e-02
  -3.4446794e-02
  -2.6905577e-02
  -0.0000000e+00
   0.0000000e+00
   0.0000000e+00
   0.0000000e+00
  -0.0000000e+00
  -1.0144953e-02
   2.0396663e-03
   1.4808845e-02
   1.6010359e-02
   1.2829643e-02
   6.1461305e-05
  -0.0000000e+00
   0.0000000e+00
   0.0000000e+00
   0.0000000e+00
   0.0000000e+00
   0.0000000e+00
   0.0000000e+00
   0.0000000e+00
   0.0000000e+00
   2.5093250e-02
   2.6035132e-02
   1.8701753e-02
   1.7482847e-02
   1.2869393e-02
   2.6122374e-02
   2.4336109e-02
   1.9980371e-02
   2.3631550e-02
   2.2825705e-02
   2.6716737e-02
   2.3562836e-02
   1.4133476e-02
   6.4269336e-03
  -0.0000000e+00
  -1.8252612e-02
   0.0000000e+00
   0.0000000e+00
   0.0000000e+00
   0.0000000e+00
  -0.0000000e+00
   0.0000000e+00
   1.2562036e-02
   1.9121519e-02
   1.7184027e-02
   2.0310748e-02
   1.2687555e-02
   0.0000000e+00
   0.0000000e+00
   0.0000000e+00
   0.0000000e+00
   0.0000000e+00
   0.0000000e+00
   0.0000000e+00
   0.0000000e+00
   0.0000000e+00
   1.9863719e-02
   4.1165695e-02
   3.9044701e-02
   3.6509994e-02
   3.2017488e-02
   3.7805710e-02
   3.5544075e-02
   3.0860787e-02
   3.2849561e-02
   3.2741234e-02
   3.5300512e-02
   3.3982083e-02
   2.7097706e-02
   1.4636513e-02
   1.7739444e-03
  -5.2218544e-04
   0.0000000e+00
   0.0000000e+00
   0.0000000e+00
   0.0000000e+00
   0.0000000e+00
   0.0000000e+00
   0.0000000e+00
   0.0000000e+00
   0.0000000e+00
   0.0000000e+00
   0.0000000e+00
   0.0000000e+00
   0.0000000e+00
   0.0000000e+00
   0.0000000e+00
   0.0000000e+00
   0.0000000e+00
   0.0000000e+00
   0.0000000e+00
   0.0000000e+00
   0.0000000e+00
   3.1046592e-02
   4.5775950e-02
   4.6955682e-02
   4.3883231e-02
   3.7122220e-02
   3.5283830e-02
   3.3114579e-02
   3.4425188e-02
   3.4386404e-02
   3.4508083e-02
   3.1946063e-02
   3.1123970e-02
   2.7432758e-02
   1.9566372e-02
   1.6887839e-02
   0.0000000e+00
   0.0000000e+00
   0.0000000e+00
   0.0000000e+00
   0.0000000e+00
   0.0000000e+00
   0.0000000e+00
   0.0000000e+00
   0.0000000e+00
   0.0000000e+00
   0.0000000e+00
   0.0000000e+00
   0.0000000e+00
   0.0000000e+00
   0.0000000e+00
   0.0000000e+00
   0.0000000e+00
   0.0000000e+00
   0.0000000e+00
   0.0000000e+00
  -0.0000000e+00
  -4.0530887e-03
   2.3411183e-02
   3.9065108e-02
   4.0041391e-02
   2.4010945e-02
   2.5491824e-02
   2.6637388e-02
   2.8931230e-02
   2.8244974e-02
   2.5280703e-02
   2.1537647e-02
   2.3418576e-02
   2.7542651e-02
   2.3010959e-02
   1.2720773e-02
   9.5586663e-03
   0.0000000e+00
   0.0000000e+00
   0.0000000e+00
   0.0000000e+00
   0.0000000e+00
   0.0000000e+00
  -0.0000000e+00
   0.0000000e+00
   0.0000000e+00
   0.0000000e+00
   0.0000000e+00
   0.0000000e+00
   0.0000000e+00
   0.0000000e+00
   0.0000000e+00
   0.0000000e+00
   0.0000000e+00
   0.0000000e+00
   0.0000000e+00
   0.0000000e+00
  -0.0000000e+00
  -1.4423117e-02
   1.2393521e-02
   2.1193253e-02
   3.7806456e-03
   1.0083212e-02
   1.3255148e-02
   1.6617594e-02
   1.5378677e-02
   9.9890921e-03
   8.4994044e-03
   8.2370192e-03
   9.6786367e-03
   6.5551698e-03
   1.3875106e-04
   2.0158477e-03
   0.0000000e+00
   0.0000000e+00
   0.0000000e+00
   0.0000000e+00
   0.0000000e+00
   0.0000000e+00
  -0.0000000e+00
  -0.0000000e+00
   0.0000000e+00
   0.0000000e+00
   0.0000000e+00
   0.0000000e+00
   0.0000000e+00
   0.0000000e+00
   0.0000000e+00
   0.0000000e+00
   0.0000000e+00
   0.0000000e+00
  -0.0000000e+00
  -0.0000000e+00
  -0.0000000e+00
  -2.8972870e-02
  -1.3020241e-02
  -3.8203252e-03
  -1.7456127e-02
  -1.0491380e-02
  -5.0359396e-03
  -1.1216840e-03
  -3.8324415e-03
  -9.0731746e-03
  -7.2216019e-03
  -5.9688285e-03
  -5.6419108e-03
  -0.0000000e+00
  -0.0000000e+00
   0.0000000e+00
   0.0000000e+00
   0.0000000e+00
   0.0000000e+00
   0.0000000e+00
   0.0000000e+00
   0.0000000e+00
  -0.0000000e+00
  -0.0000000e+00
  -0.0000000e+00
  -0.0000000e+00
   0.0000000e+00
   0.0000000e+00
   0.0000000e+00
   0.0000000e+00
   0.0000000e+00
   0.0000000e+00
   0.0000000e+00
   0.0000000e+00
  -0.0000000e+00
  -0.0000000e+00
  -0.0000000e+00
  -2.5244694e-02
  -2.3339683e-02
  -2.2771034e-02
  -2.1860857e-02
  -1.6285969e-02
  -9.9121090e-03
  -7.1368925e-03
  -9.1755176e-03
  -1.1098312e-02
  -8.4437439e-03
  -4.3324790e-03
  -2.7618594e-03
  -2.5563517e-03
  -1.4057118e-03
  -8.5345349e-04
  -1.0653244e-03
  -9.3227007e-04
  -0.0000000e+00
   0.0000000e+00
  -0.0000000e+00
  -0.0000000e+00
  -0.0000000e+00
  -2.6791618e-03
  -1.6984426e-03
  -1.9194612e-03
  -2.0004894e-03
  -0.0000000e+00
   0.0000000e+00
   0.0000000e+00
   0.0000000e+00
   0.0000000e+00
   0.0000000e+00
   0.0000000e+00
   0.0000000e+00
  -0.0000000e+00
  -0.0000000e+00
  -1.4833673e-02
  -1.9622221e-02
  -2.2649869e-02
  -0.0000000e+00
  -0.0000000e+00
  -0.0000000e+00
  -0.0000000e+00
  -0.0000000e+00
  -3.8592148e-03
  -2.8270036e-03
  -1.8067093e-03
  -1.6770411e-03
  -1.6943037e-03
  -1.4960926e-03
  -1.2079492e-03
  -7.5513706e-04
  -5.0586360e-04
   6.4377533e-05
   4.1231135e-04
   4.8531787e-04
   3.9972510e-04
   1.4853819e-04
  -1.7249719e-04
  -4.3956739e-04
  -5.2120436e-04
  -3.0978397e-04
   5.1255708e-05
   3.8943742e-04
   0.0000000e+00
   0.0000000e+00
   0.0000000e+00
   0.0000000e+00
   0.0000000e+00
  -0.0000000e+00
  -0.0000000e+00
  -0.0000000e+00
  -0.0000000e+00
  -0.0000000e+00
  -0.0000000e+00
