  5.396072e-01
  4.767372e-01
  4.368074e-01
  3.993848e-01
  3.611658e-01
  3.224676e-01
  2.860561e-01
  2.584237e-01
  2.443133e-01
  2.421271e-01
  2.434788e-01
  2.419502e-01
  2.379019e-01
  2.336547e-01
  2.304812e-01
  2.379547e-01
  2.379060e-01
  2.348357e-01
  2.282816e-01
  2.287311e-01
  2.284711e-01
  2.266292e-01
  2.325219e-01
  2.361278e-01
  2.382613e-01
  2.368191e-01
  2.378675e-01
  2.467934e-01
  2.680600e-01
  3.067360e-01
  3.590924e-01
  4.133659e-01
  4.634125e-01
  5.067579e-01
  5.443496e-01
  5.933742e-01
