   7.2816151e-01
   1.0271375e+00
   1.1248131e+00
   1.0158796e+00
   8.2082578e-01
   6.1972898e-01
   4.0927997e-01
   1.0975212e-01
  -3.1541845e-01
  -8.4078193e-01
  -1.4678187e+00
  -1.9327904e+00
  -2.0970330e+00
  -2.0387499e+00
  -1.8021896e+00
  -1.4481915e+00
  -1.0066879e+00
  -6.8577164e-01
  -5.6923836e-01
  -5.7454758e-01
  -6.5023291e-01
  -7.7521849e-01
  -9.6400363e-01
  -1.1080320e+00
  -1.0839012e+00
  -8.7215932e-01
  -6.0989404e-01
  -4.5015368e-01
  -3.8711439e-01
  -3.7733710e-01
  -3.3943099e-01
  -2.3700895e-01
  -1.0761647e-01
   1.3931551e-02
   1.8037021e-01
   4.2823821e-01
  -1.0956876e+00
  -8.7890983e-02
   7.7671897e-01
   5.4180849e-01
   7.4654475e-02
  -1.2918428e-01
  -2.5984672e-01
  -2.9782400e-01
  -4.8167652e-01
  -9.4431067e-01
  -1.7328510e+00
  -2.3993871e+00
  -2.4959397e+00
  -2.2459264e+00
  -1.9111487e+00
  -1.4015906e+00
  -6.9279176e-01
  -1.9043127e-01
   1.2624958e-01
   4.4822231e-01
   6.6674751e-01
   6.5860188e-01
   3.0831641e-01
  -3.0565411e-01
  -7.8946239e-01
  -8.6371005e-01
  -7.1951616e-01
  -6.1564326e-01
  -4.6547595e-01
  -3.1812209e-01
  -7.9909444e-02
   8.7238066e-03
  -3.1720001e-01
  -6.9707501e-01
  -1.0355970e+00
  -1.2616348e+00
  -7.2224039e-01
  -1.6128208e-01
   1.8666074e+00
   1.7972846e+00
   8.4811318e-01
   7.6315528e-01
   8.5887659e-01
   1.1786538e+00
   1.2253458e+00
   1.4470242e+00
   1.9724822e+00
   2.0661750e+00
   1.8569950e+00
   1.6311119e+00
   1.5375152e+00
   1.4484290e+00
   1.5362715e+00
   1.8004627e+00
   2.2011023e+00
   2.5827250e+00
   2.6833017e+00
   2.8340838e+00
   3.0054498e+00
   2.9633210e+00
   2.4671321e+00
   1.9345868e+00
   1.6493917e+00
   1.4018989e+00
   1.3753946e+00
   1.3947499e+00
   2.0186584e+00
   2.6517334e+00
   2.2878261e+00
   1.8079364e+00
   1.0903491e+00
   2.1603593e-01
   1.2117830e+00
   7.9799837e-01
   2.9300306e+00
   3.0932118e+00
   1.5582764e+00
   1.7204318e+00
   2.0298650e+00
   2.6081479e+00
   3.1920490e+00
   3.8489675e+00
   4.9237328e+00
   5.4584622e+00
   5.4421126e+00
   4.8621330e+00
   4.2915163e+00
   3.6844554e+00
   3.2205756e+00
   3.1953335e+00
   3.2511176e+00
   3.4503703e+00
   3.5844126e+00
   4.0464931e+00
   4.6004686e+00
   5.0751061e+00
   5.1635477e+00
   4.7465320e+00
   4.4856009e+00
   3.9765527e+00
   3.5320363e+00
   2.9579153e+00
   3.0108904e+00
   4.0766940e+00
   4.1003079e+00
   3.5406942e+00
   2.6529438e+00
   2.0442626e+00
   2.9349718e+00
   2.2907608e+00
   3.6962795e+00
   3.9186761e+00
   2.5400472e+00
   3.0600588e+00
   3.4518619e+00
   4.1271701e+00
   5.4265885e+00
   6.2206616e+00
   6.7227302e+00
   6.7869725e+00
   7.0280409e+00
   6.5777898e+00
   5.6989756e+00
   5.0921583e+00
   4.3894491e+00
   3.8872590e+00
   3.6498094e+00
   3.9220958e+00
   4.2670212e+00
   4.7779608e+00
   5.2965131e+00
   5.7473364e+00
   6.1979222e+00
   6.1294003e+00
   6.0909581e+00
   5.6325045e+00
   5.2026272e+00
   4.4666843e+00
   3.5171857e+00
   4.3350120e+00
   4.7221775e+00
   3.9672534e+00
   3.3493769e+00
   3.2372978e+00
   3.3147254e+00
   3.1976037e+00
   4.2131176e+00
   4.2310772e+00
   3.8762147e+00
   4.5284896e+00
   4.8011436e+00
   5.3950019e+00
   6.5845261e+00
   7.1850042e+00
   7.1013551e+00
   6.6469355e+00
   6.6304479e+00
   6.3518472e+00
   5.6268301e+00
   5.2528224e+00
   4.5960503e+00
   3.7983129e+00
   3.6679261e+00
   4.0137725e+00
   4.3082781e+00
   4.5910215e+00
   4.9613752e+00
   5.3575158e+00
   5.6806331e+00
   5.8507414e+00
   5.9701662e+00
   5.8300467e+00
   5.7728591e+00
   5.2071180e+00
   3.8466344e+00
   3.6642656e+00
   4.1830692e+00
   3.7065964e+00
   3.4957745e+00
   3.7613785e+00
   2.5650597e+00
   2.7861444e+00
   3.9111249e+00
   3.8506038e+00
   4.4555230e+00
   4.9407502e+00
   4.9110727e+00
   5.2860955e+00
   5.6398208e+00
   5.8334899e+00
   5.5485476e+00
   5.0852810e+00
   4.6567435e+00
   4.3228845e+00
   4.1114478e+00
   3.7992873e+00
   3.3156556e+00
   2.7752679e+00
   2.7658048e+00
   2.8228759e+00
   2.8915118e+00
   3.0904684e+00
   3.2994045e+00
   3.6840255e+00
   3.8023667e+00
   4.1314015e+00
   4.4422236e+00
   4.5575800e+00
   4.7596473e+00
   4.3008900e+00
   3.3178921e+00
   2.4110829e+00
   2.7495683e+00
   2.9105630e+00
   2.7646061e+00
   3.2090446e+00
   1.2519568e+00
   1.2729856e+00
   2.3478016e+00
   2.6329784e+00
   3.3750820e+00
   3.5792925e+00
   3.2720165e+00
   3.3357527e+00
   3.0413331e+00
   2.8703978e+00
   2.5161936e+00
   2.1932565e+00
   1.7676243e+00
   1.3994703e+00
   1.5708009e+00
   1.2859136e+00
   8.7839895e-01
   7.8495847e-01
   7.4688274e-01
   3.9724159e-01
   3.2695540e-01
   6.0438430e-01
   6.2406278e-01
   8.9085870e-01
   1.0196437e+00
   1.4729464e+00
   2.0380176e+00
   2.1578462e+00
   2.3040855e+00
   1.8758769e+00
   1.5750961e+00
   1.1802874e+00
   1.1001293e+00
   1.3945168e+00
   1.2331693e+00
   1.5736317e+00
  -3.2426313e-01
  -7.1959537e-01
  -2.8931826e-02
   7.5077641e-01
   9.5255935e-01
   9.1512120e-01
   5.3400183e-01
   2.8580678e-01
  -1.1743796e-01
  -4.8810384e-01
  -8.9707440e-01
  -1.2003311e+00
  -1.2948496e+00
  -1.5142679e+00
  -1.2948153e+00
  -1.3846060e+00
  -1.8231001e+00
  -1.7192132e+00
  -1.7090896e+00
  -2.2183068e+00
  -2.3963101e+00
  -2.1303883e+00
  -2.2517529e+00
  -2.1566753e+00
  -1.9016665e+00
  -1.4711539e+00
  -7.9150057e-01
  -7.9090357e-01
  -8.7447739e-01
  -1.1910052e+00
  -8.5033274e-01
   1.7517477e-01
  -1.9939907e-01
  -5.3077859e-01
  -5.6492168e-01
  -4.4507664e-01
  -1.9677422e+00
  -2.6852252e+00
  -2.4649410e+00
  -1.4281553e+00
  -1.9718001e+00
  -2.1474609e+00
  -2.3877380e+00
  -2.8620415e+00
  -3.0154662e+00
  -3.4339731e+00
  -3.8447685e+00
  -4.1981349e+00
  -3.9630203e+00
  -3.9244056e+00
  -3.8807676e+00
  -3.6284029e+00
  -4.0817142e+00
  -4.0905981e+00
  -3.8147464e+00
  -4.1414070e+00
  -4.5432215e+00
  -4.4995198e+00
  -4.6344142e+00
  -4.6614943e+00
  -4.3319526e+00
  -4.1575489e+00
  -3.6609571e+00
  -3.7476776e+00
  -4.0469308e+00
  -4.0875473e+00
  -3.2600930e+00
  -7.2147036e-01
  -9.3674374e-01
  -2.3005030e+00
  -2.1748321e+00
  -2.1615782e+00
  -3.4862671e+00
  -4.3404886e+00
  -4.1665816e+00
  -3.6612458e+00
  -4.6279537e+00
  -4.7303136e+00
  -4.7720390e+00
  -5.2682116e+00
  -5.2800388e+00
  -5.6337438e+00
  -5.8647532e+00
  -5.9802208e+00
  -5.7446176e+00
  -5.6647552e+00
  -5.6743996e+00
  -5.2532839e+00
  -5.3525716e+00
  -5.2593937e+00
  -4.6665870e+00
  -4.6131919e+00
  -5.5309816e+00
  -5.8853770e+00
  -5.7875293e+00
  -5.8941470e+00
  -5.7028502e+00
  -6.1760160e+00
  -6.3854954e+00
  -6.5342739e+00
  -6.8350873e+00
  -6.2498669e+00
  -5.2692909e+00
  -2.1131547e+00
  -9.7525957e-01
  -3.0080660e+00
  -3.3562173e+00
  -3.0439196e+00
  -3.6018727e+00
  -4.2793326e+00
  -3.9949427e+00
  -4.1066041e+00
  -4.8079618e+00
  -4.8128748e+00
  -4.9379501e+00
  -5.3584464e+00
  -5.5729451e+00
  -5.8374176e+00
  -5.8948081e+00
  -5.7322903e+00
  -5.6390371e+00
  -5.6259816e+00
  -5.4228477e+00
  -5.3847632e+00
  -4.8915647e+00
  -3.9978573e+00
  -3.8185759e+00
  -3.9370928e+00
  -4.8090677e+00
  -5.2347264e+00
  -5.0446023e+00
  -5.2891498e+00
  -5.3610520e+00
  -6.1587117e+00
  -6.8033171e+00
  -7.1999407e+00
  -7.3444391e+00
  -6.3849659e+00
  -5.8488564e+00
  -3.0172721e+00
  -4.6178997e-01
  -2.1599801e+00
  -3.2888094e+00
  -2.8930292e+00
  -3.2820272e+00
  -3.5582635e+00
  -3.4325888e+00
  -3.6843739e+00
  -4.0337496e+00
  -4.1244659e+00
  -4.3370943e+00
  -4.7660379e+00
  -5.0719385e+00
  -5.2842312e+00
  -5.2629638e+00
  -5.0623302e+00
  -5.1185961e+00
  -4.8876863e+00
  -4.5566864e+00
  -4.9166193e+00
  -4.0268030e+00
  -2.6362615e+00
  -3.0234430e+00
  -3.4504583e+00
  -3.8462296e+00
  -4.2005424e+00
  -4.1782560e+00
  -4.5028043e+00
  -4.7624769e+00
  -5.5166817e+00
  -6.1672640e+00
  -6.6677227e+00
  -6.6775012e+00
  -5.8196173e+00
  -5.7061276e+00
  -2.9981565e+00
   1.5389371e-01
  -1.2648988e+00
  -2.7507892e+00
  -2.6583676e+00
  -2.8920999e+00
  -2.7188930e+00
  -2.8118665e+00
  -2.9767137e+00
  -2.9836370e+00
  -3.2165885e+00
  -3.4924250e+00
  -3.9491792e+00
  -4.2658329e+00
  -4.4452729e+00
  -4.3912890e+00
  -4.2345386e+00
  -4.4438834e+00
  -3.9419849e+00
  -3.5548377e+00
  -4.2507710e+00
  -3.1166312e+00
  -1.5222276e+00
  -2.4445524e+00
  -3.1252903e+00
  -2.9500959e+00
  -3.1875548e+00
  -3.4349391e+00
  -3.8036249e+00
  -4.1625071e+00
  -4.7296622e+00
  -5.1868701e+00
  -5.6380258e+00
  -5.4501747e+00
  -4.8862925e+00
  -5.1810417e+00
  -2.4884590e+00
   8.4883451e-01
  -3.9735124e-01
  -2.0801879e+00
  -2.4583080e+00
  -2.7565184e+00
  -2.1383212e+00
  -2.3654031e+00
  -2.1021186e+00
  -1.8550030e+00
  -2.2451094e+00
  -2.4793238e+00
  -2.9292049e+00
  -3.0541365e+00
  -3.2242067e+00
  -3.1949769e+00
  -3.1006698e+00
  -3.5111744e+00
  -2.8652838e+00
  -2.6115126e+00
  -3.4182828e+00
  -2.3825673e+00
  -1.4345914e+00
  -2.6477444e+00
  -3.1742015e+00
  -2.5065838e+00
  -2.6062966e+00
  -3.2666912e+00
  -3.6139288e+00
  -3.7992821e+00
  -4.0329391e+00
  -3.9813613e+00
  -3.8718118e+00
  -3.0977877e+00
  -3.0637245e+00
  -3.8469346e+00
  -9.8081793e-01
   1.9505772e+00
   5.0574931e-01
  -1.3449402e+00
  -2.5009039e+00
  -3.3275340e+00
  -2.9344242e+00
  -2.7239254e+00
  -2.3031192e+00
  -2.0597656e+00
  -2.1523147e+00
  -2.2952302e+00
  -2.5031137e+00
  -2.5495186e+00
  -2.6197958e+00
  -2.6468863e+00
  -2.1809211e+00
  -2.4024618e+00
  -2.9275064e+00
  -3.0539706e+00
  -3.5460021e+00
  -2.9732389e+00
  -2.7495565e+00
  -3.6680956e+00
  -3.6171689e+00
  -3.3199809e+00
  -3.3252273e+00
  -3.9766598e+00
  -4.4097590e+00
  -4.2095628e+00
  -4.2983117e+00
  -3.9263709e+00
  -3.2859528e+00
  -1.2335013e+00
  -8.8732231e-01
  -2.6193411e+00
   1.0491562e-01
   2.9792295e+00
   1.1985545e+00
  -1.3650483e+00
  -3.0237236e+00
  -3.7761362e+00
  -3.5447130e+00
  -3.1135197e+00
  -2.6805789e+00
  -2.4333060e+00
  -2.2678514e+00
  -2.3047190e+00
  -2.3363824e+00
  -2.3812692e+00
  -2.3314972e+00
  -2.3831758e+00
  -1.5509273e+00
  -1.5346564e+00
  -3.1804790e+00
  -3.6631727e+00
  -3.8789496e+00
  -3.6858864e+00
  -3.7081707e+00
  -4.3534794e+00
  -4.0366201e+00
  -4.0031495e+00
  -3.9219847e+00
  -4.4468341e+00
  -4.9761744e+00
  -4.6165233e+00
  -4.5559149e+00
  -4.0331106e+00
  -3.2328694e+00
  -2.6822871e-01
   5.1176977e-01
  -1.9128319e+00
   6.0383397e-01
   3.4601805e+00
   1.4730184e+00
  -1.5144998e+00
  -3.4571249e+00
  -4.2221410e+00
  -4.1424345e+00
  -3.5652333e+00
  -3.1868021e+00
  -2.9315321e+00
  -2.4951121e+00
  -2.4060747e+00
  -2.2708274e+00
  -2.3500959e+00
  -2.1561274e+00
  -2.2205264e+00
  -9.7979969e-01
  -6.7379746e-01
  -3.5537125e+00
  -4.4248755e+00
  -4.3487077e+00
  -4.5426847e+00
  -4.6168295e+00
  -4.9655730e+00
  -4.4962558e+00
  -4.7086932e+00
  -4.5343426e+00
  -4.8620412e+00
  -5.5042360e+00
  -5.0716073e+00
  -4.8413253e+00
  -4.2286632e+00
  -3.4229525e+00
   3.9362185e-01
   1.7174258e+00
  -1.3642438e+00
   8.8868925e-01
   3.7432030e+00
   1.5849616e+00
  -1.7428028e+00
  -3.9015345e+00
  -3.9521637e+00
  -3.5184231e+00
  -3.4128139e+00
  -3.1636457e+00
  -2.9325192e+00
  -2.5563636e+00
  -2.3462539e+00
  -2.2374272e+00
  -2.2281318e+00
  -1.9714879e+00
  -1.8527482e+00
  -6.0399389e-01
  -4.8539108e-01
  -3.5235822e+00
  -4.3838215e+00
  -4.1362596e+00
  -4.6488714e+00
  -4.7281570e+00
  -5.0044942e+00
  -4.6865263e+00
  -4.4658537e+00
  -4.1328149e+00
  -4.2748237e+00
  -4.9038711e+00
  -4.7623549e+00
  -4.3343987e+00
  -3.6686807e+00
  -3.1918268e+00
  -1.0891065e-01
   1.1672904e+00
  -1.1411014e+00
   8.3708543e-01
   2.5550406e+00
   4.0169942e-01
  -1.9729152e+00
  -3.8815069e+00
  -3.3385053e+00
  -2.7965205e+00
  -2.8365562e+00
  -2.6938064e+00
  -2.6215942e+00
  -2.4119761e+00
  -2.3146040e+00
  -2.2499964e+00
  -2.1519823e+00
  -1.9621592e+00
  -1.7217237e+00
  -8.9722228e-01
  -1.1302806e+00
  -3.2461319e+00
  -3.5854893e+00
  -3.3134437e+00
  -3.7446690e+00
  -4.0986872e+00
  -4.5928693e+00
  -4.2697988e+00
  -3.7609372e+00
  -3.3288870e+00
  -3.3974402e+00
  -3.8907282e+00
  -3.8475726e+00
  -3.5922136e+00
  -3.0111344e+00
  -2.7866385e+00
  -1.0057690e+00
  -1.3215485e-01
  -1.3799473e+00
   3.7644604e-01
   1.1995854e+00
  -7.3499268e-01
  -2.2958250e+00
  -3.5542774e+00
  -2.8708449e+00
  -2.3281605e+00
  -2.4324043e+00
  -2.3874379e+00
  -2.4732780e+00
  -2.4171627e+00
  -2.4113825e+00
  -2.3793476e+00
  -2.2252205e+00
  -2.0948444e+00
  -1.8020313e+00
  -1.3782332e+00
  -1.8602519e+00
  -3.0688770e+00
  -2.9280580e+00
  -2.6327608e+00
  -2.8622487e+00
  -3.3613819e+00
  -4.0688758e+00
  -3.8389828e+00
  -3.1839246e+00
  -2.6725267e+00
  -2.6409702e+00
  -2.9818481e+00
  -2.9983906e+00
  -2.9440067e+00
  -2.5521751e+00
  -2.5925527e+00
  -1.9403151e+00
  -1.3803325e+00
  -1.7638144e+00
  -3.5082471e-01
  -1.5639061e-01
  -1.8169114e+00
  -2.7779391e+00
  -3.3414592e+00
  -2.6673695e+00
  -2.3892203e+00
  -2.3751373e+00
  -2.4300009e+00
  -2.7063222e+00
  -2.8050330e+00
  -2.8541180e+00
  -2.8326714e+00
  -2.6912166e+00
  -2.6129506e+00
  -2.4285383e+00
  -2.4317998e+00
  -2.9596318e+00
  -3.1074032e+00
  -2.4860922e+00
  -2.1618034e+00
  -1.8473252e+00
  -2.1935164e+00
  -3.1471596e+00
  -3.2837515e+00
  -2.8021404e+00
  -2.2406943e+00
  -2.0155115e+00
  -2.1284994e+00
  -2.1258918e+00
  -2.3834985e+00
  -2.4864168e+00
  -2.8879953e+00
  -3.1834709e+00
  -2.7797055e+00
  -2.5940370e+00
  -1.9137886e+00
  -1.8328056e+00
  -3.0195223e+00
  -3.7738510e+00
  -3.3731121e+00
  -3.7159872e+00
  -3.7604161e+00
  -3.8090944e+00
  -3.8690891e+00
  -4.1158895e+00
  -4.2000017e+00
  -3.9951463e+00
  -3.9443481e+00
  -3.8634803e+00
  -3.8622196e+00
  -3.8762093e+00
  -3.8238661e+00
  -4.0496206e+00
  -3.8839710e+00
  -3.5254498e+00
  -3.4112878e+00
  -2.4163038e+00
  -1.4759989e+00
  -2.2074912e+00
  -3.3258153e+00
  -3.4526339e+00
  -3.1541843e+00
  -2.8094775e+00
  -2.7738590e+00
  -2.7682781e+00
  -3.0251149e+00
  -3.6795959e+00
  -4.0489063e+00
  -4.2436518e+00
  -3.7666733e+00
  -3.5937552e+00
  -3.8781011e+00
  -3.4015965e+00
  -3.9884841e+00
  -5.0125526e+00
  -4.3135033e+00
  -4.5791392e+00
  -4.8123727e+00
  -4.9719095e+00
  -5.1022234e+00
  -5.2260709e+00
  -5.1592884e+00
  -4.8623323e+00
  -4.7038288e+00
  -4.6561832e+00
  -4.7405763e+00
  -4.7717781e+00
  -4.6735501e+00
  -4.7632060e+00
  -4.5613351e+00
  -4.4468079e+00
  -4.5873737e+00
  -3.4248557e+00
  -1.6127720e+00
  -1.8821656e+00
  -3.3717170e+00
  -3.9853826e+00
  -4.0922666e+00
  -3.8741846e+00
  -3.7997963e+00
  -3.7841311e+00
  -3.9214811e+00
  -4.5772386e+00
  -4.6955142e+00
  -4.8202524e+00
  -4.4602866e+00
  -4.1041236e+00
  -4.8016334e+00
  -4.5178471e+00
  -4.6478648e+00
  -5.6011729e+00
  -5.0333533e+00
  -5.1507688e+00
  -5.5076981e+00
  -5.7796226e+00
  -6.0246968e+00
  -5.9545112e+00
  -5.7172399e+00
  -5.4213595e+00
  -5.1404729e+00
  -5.1358957e+00
  -5.2777500e+00
  -5.2891040e+00
  -5.1974483e+00
  -5.2149520e+00
  -5.0333691e+00
  -5.0950212e+00
  -5.4577274e+00
  -4.3853660e+00
  -2.0877330e+00
  -1.7776736e+00
  -3.2313082e+00
  -4.2707362e+00
  -4.8477044e+00
  -4.8829932e+00
  -4.8016949e+00
  -4.7756586e+00
  -4.7421236e+00
  -5.1599331e+00
  -5.0108461e+00
  -5.0952358e+00
  -4.9377108e+00
  -4.3552074e+00
  -5.2237992e+00
  -5.3526454e+00
  -5.0889978e+00
  -5.7875695e+00
  -5.4394884e+00
  -4.6962942e+00
  -5.0270091e+00
  -5.3514388e+00
  -5.7921553e+00
  -5.3916715e+00
  -5.0657972e+00
  -4.9716611e+00
  -4.6084117e+00
  -4.6964463e+00
  -4.7734854e+00
  -4.7885981e+00
  -4.8842733e+00
  -4.9366840e+00
  -4.7408063e+00
  -4.7098071e+00
  -5.0898511e+00
  -4.5880215e+00
  -2.9613334e+00
  -1.9763095e+00
  -2.4419701e+00
  -3.6953792e+00
  -4.7537685e+00
  -5.2381633e+00
  -5.1738961e+00
  -5.1447551e+00
  -4.8919249e+00
  -4.7224869e+00
  -4.4909988e+00
  -4.6254743e+00
  -4.7747388e+00
  -4.0253665e+00
  -4.6167962e+00
  -5.3669956e+00
  -4.9039839e+00
  -5.0247026e+00
  -4.8049496e+00
  -1.9019489e+00
  -1.9346306e+00
  -2.2680936e+00
  -2.5504835e+00
  -1.9365311e+00
  -1.8803699e+00
  -1.8335893e+00
  -1.7826438e+00
  -1.9881561e+00
  -1.9204816e+00
  -2.1503966e+00
  -2.3294458e+00
  -2.3546515e+00
  -2.1150777e+00
  -1.9937041e+00
  -2.0162663e+00
  -2.0934489e+00
  -2.2705231e+00
  -1.3015456e+00
  -5.5988461e-01
  -1.3387733e+00
  -2.2917297e+00
  -2.9111469e+00
  -2.9031549e+00
  -2.9061723e+00
  -2.5572901e+00
  -2.3057127e+00
  -2.3085730e+00
  -2.1883531e+00
  -2.3843894e+00
  -2.1298597e+00
  -2.2363992e+00
  -2.6384475e+00
  -2.4304628e+00
  -2.0936050e+00
  -1.7610846e+00
   1.5065038e+00
   1.4770149e+00
   1.2775595e+00
   1.3685476e+00
   1.6959432e+00
   1.7097197e+00
   1.8256015e+00
   1.6168861e+00
   1.4120902e+00
   1.3765610e+00
   1.1462320e+00
   1.0625784e+00
   1.1043208e+00
   1.2543440e+00
   1.2412243e+00
   1.3865802e+00
   1.1180745e+00
   2.0943063e-01
   5.6089020e-01
   1.3900892e+00
   1.2168849e+00
   7.5935292e-01
   4.4126701e-01
   3.9038154e-01
   4.1971931e-01
   5.7039487e-01
   5.7037336e-01
   6.0863441e-01
   8.9292932e-01
   8.1294930e-01
   7.3983830e-01
   9.6240497e-01
   1.0540266e+00
   1.1255772e+00
   1.5892731e+00
   1.7492349e+00
   5.0169706e+00
   4.7206234e+00
   4.7526450e+00
   5.0448160e+00
   4.9048375e+00
   5.1016669e+00
   5.2106457e+00
   4.9798631e+00
   4.8643208e+00
   4.6735954e+00
   4.6219992e+00
   4.6171474e+00
   4.6823111e+00
   4.6564216e+00
   4.5153484e+00
   4.6266131e+00
   4.2672915e+00
   3.3928130e+00
   3.1051688e+00
   3.4635153e+00
   3.6842065e+00
   3.7376320e+00
   3.8098223e+00
   3.8081880e+00
   3.9114141e+00
   3.8184297e+00
   3.7509229e+00
   3.9485135e+00
   4.1875796e+00
   4.2427874e+00
   4.2095370e+00
   4.6307654e+00
   4.8621836e+00
   5.0114355e+00
   5.4087451e+00
   5.2480497e+00
   7.5790939e+00
   7.0259889e+00
   7.1833767e+00
   7.3250146e+00
   6.9341239e+00
   7.2843871e+00
   7.2987389e+00
   7.2487482e+00
   7.2722897e+00
   7.0911664e+00
   7.2221636e+00
   7.2313833e+00
   7.2427396e+00
   7.0651392e+00
   6.9117140e+00
   6.8553995e+00
   6.4704288e+00
   6.0329822e+00
   5.4841174e+00
   5.2544252e+00
   5.4750865e+00
   5.7876242e+00
   6.1041386e+00
   6.2996391e+00
   6.4936327e+00
   6.3902729e+00
   6.5242189e+00
   6.8013744e+00
   6.8882168e+00
   7.0550503e+00
   7.2970795e+00
   7.6361298e+00
   7.6954217e+00
   8.0176511e+00
   8.1511784e+00
   7.7721791e+00
   7.9532084e+00
   7.5760999e+00
   7.5621896e+00
   7.3932099e+00
   7.2976694e+00
   7.4165039e+00
   7.3348598e+00
   7.4044142e+00
   7.5088215e+00
   7.5891075e+00
   7.6911254e+00
   7.6996445e+00
   7.6242347e+00
   7.4583054e+00
   7.3911824e+00
   7.2162241e+00
   6.9050260e+00
   6.6980642e+00
   6.4080037e+00
   6.0395551e+00
   6.0012268e+00
   6.2016233e+00
   6.4742074e+00
   6.8774542e+00
   7.1466517e+00
   7.3915501e+00
   7.7432790e+00
   7.9039302e+00
   7.9673796e+00
   8.1891074e+00
   8.5119243e+00
   8.4504061e+00
   8.4089923e+00
   8.7074485e+00
   8.4979515e+00
   8.1915393e+00
   5.8027740e+00
   5.9432344e+00
   5.7377539e+00
   5.6616611e+00
   6.0010405e+00
   5.6659861e+00
   5.5713763e+00
   5.5223117e+00
   5.5563231e+00
   5.7829943e+00
   5.7531595e+00
   5.8352656e+00
   5.7535348e+00
   5.7081065e+00
   5.6512537e+00
   5.5034180e+00
   5.4106460e+00
   5.2322588e+00
   5.2499957e+00
   5.1534233e+00
   5.0744486e+00
   5.0955148e+00
   5.2180529e+00
   5.5460663e+00
   5.8059111e+00
   6.3022275e+00
   6.5770798e+00
   6.6690292e+00
   6.8192897e+00
   7.0054121e+00
   7.0571451e+00
   6.6296110e+00
   6.6871147e+00
   6.6764741e+00
   6.2987199e+00
   6.0814247e+00
   2.3855433e+00
   2.7888279e+00
   2.7559216e+00
   3.0358739e+00
   3.2613301e+00
   2.8356605e+00
   2.8099213e+00
   2.6956615e+00
   2.6346676e+00
   2.6658099e+00
   2.6278944e+00
   2.7459853e+00
   2.7062321e+00
   2.6834905e+00
   2.5939045e+00
   2.5419776e+00
   2.6418498e+00
   2.7180748e+00
   2.7791970e+00
   2.8434014e+00
   3.0138645e+00
   3.0756266e+00
   3.1186328e+00
   3.1188483e+00
   3.1915708e+00
   3.4835203e+00
   3.6560674e+00
   3.8237996e+00
   3.8603706e+00
   3.9317501e+00
   3.8153453e+00
   3.4036901e+00
   3.3322997e+00
   3.0766547e+00
   2.7978334e+00
   2.4948497e+00
  -4.2319611e-01
  -9.3054771e-02
  -9.5691979e-02
  -6.3772731e-02
  -3.4815025e-01
  -5.4244953e-01
  -4.5423016e-01
  -4.1120234e-01
  -3.5672539e-01
  -4.1725504e-01
  -4.4320756e-01
  -4.5892262e-01
  -5.3533483e-01
  -5.7885778e-01
  -5.4985732e-01
  -5.0977451e-01
  -4.2473665e-01
  -1.3007160e-01
  -2.3484033e-02
   3.6576513e-02
   2.6309839e-01
   3.3033556e-01
   2.8926602e-01
   1.4865969e-01
   1.1991131e-01
   2.4064507e-01
   4.2443457e-01
   4.8155585e-01
   2.8771368e-01
   2.3984000e-01
   1.0409497e-01
  -2.2689432e-01
  -4.9316657e-01
  -6.0530216e-01
  -5.9428930e-01
  -6.8432188e-01
  -1.6747875e+00
  -1.6033373e+00
  -2.0223401e+00
  -2.5509489e+00
  -2.9907287e+00
  -3.0701752e+00
  -3.0732491e+00
  -3.1148177e+00
  -3.0705228e+00
  -3.0324876e+00
  -3.0387875e+00
  -3.1045518e+00
  -3.1413660e+00
  -3.0719577e+00
  -2.9196882e+00
  -2.8816195e+00
  -2.9337632e+00
  -2.7962556e+00
  -2.6022263e+00
  -2.4671611e+00
  -2.4323530e+00
  -2.5081322e+00
  -2.5349809e+00
  -2.3996806e+00
  -2.1989782e+00
  -2.0818612e+00
  -2.1818399e+00
  -2.4365125e+00
  -2.6758746e+00
  -2.8113327e+00
  -3.0535917e+00
  -3.3312183e+00
  -3.2906508e+00
  -2.9294214e+00
  -2.4834725e+00
  -2.0820379e+00
  -1.7997439e+00
  -2.0214163e+00
  -2.1683462e+00
  -2.1515884e+00
  -1.9657654e+00
  -1.7459238e+00
  -1.6641035e+00
  -1.7312637e+00
  -1.8596203e+00
  -1.9528750e+00
  -2.0070404e+00
  -2.0242078e+00
  -2.0224066e+00
  -2.0214053e+00
  -2.0459676e+00
  -2.0990891e+00
  -2.1405846e+00
  -2.0850203e+00
  -1.9401896e+00
  -1.7505787e+00
  -1.6022801e+00
  -1.5171585e+00
  -1.4509840e+00
  -1.4224055e+00
  -1.4856782e+00
  -1.6949290e+00
  -1.9782964e+00
  -2.1666851e+00
  -2.1936752e+00
  -2.0796285e+00
  -1.9396877e+00
  -1.7699585e+00
  -1.5814307e+00
  -1.4557167e+00
  -1.4600523e+00
  -1.6054242e+00
