   0.0000000e+00
   0.0000000e+00
   0.0000000e+00
   0.0000000e+00
   0.0000000e+00
   0.0000000e+00
   0.0000000e+00
  -0.0000000e+00
  -0.0000000e+00
  -4.8665340e-03
  -8.7132133e-03
  -1.2125655e-02
  -1.3941059e-02
  -1.4029052e-02
  -1.2689997e-02
  -9.6841856e-03
  -6.5990025e-03
  -5.0488258e-03
  -5.2814873e-03
  -5.6812660e-03
  -6.2690878e-03
  -7.8410752e-03
  -1.0644623e-02
  -0.0000000e+00
   0.0000000e+00
   0.0000000e+00
   0.0000000e+00
   0.0000000e+00
   0.0000000e+00
   0.0000000e+00
   0.0000000e+00
   0.0000000e+00
   0.0000000e+00
   0.0000000e+00
   0.0000000e+00
   0.0000000e+00
   0.0000000e+00
   0.0000000e+00
   0.0000000e+00
   0.0000000e+00
   0.0000000e+00
   0.0000000e+00
   0.0000000e+00
  -0.0000000e+00
  -0.0000000e+00
  -4.8910700e-03
  -1.3487100e-02
  -2.3550799e-02
  -2.4094999e-02
  -1.9665577e-02
  -1.4279847e-02
  -6.6746166e-03
   2.2275929e-04
   4.1883611e-03
   7.5286706e-03
   1.0349734e-02
   1.1655251e-02
   1.0771269e-02
   1.7356656e-03
  -7.6315912e-03
  -7.3579021e-03
   0.0000000e+00
   0.0000000e+00
  -0.0000000e+00
  -0.0000000e+00
  -0.0000000e+00
   0.0000000e+00
   0.0000000e+00
   0.0000000e+00
   0.0000000e+00
   0.0000000e+00
   0.0000000e+00
   0.0000000e+00
   0.0000000e+00
   0.0000000e+00
   0.0000000e+00
   0.0000000e+00
   0.0000000e+00
   0.0000000e+00
   0.0000000e+00
   0.0000000e+00
   2.3131153e-02
   3.7401326e-02
   3.5452407e-02
   2.6145633e-02
   2.6206408e-02
   2.7136650e-02
   2.6703879e-02
   2.8063560e-02
   3.0085318e-02
   3.5565656e-02
   3.8178928e-02
   4.2576514e-02
   5.2019857e-02
   5.4009721e-02
   4.5374833e-02
   3.7969073e-02
   0.0000000e+00
   0.0000000e+00
   1.8908840e-02
   1.2600751e-02
  -0.0000000e+00
   0.0000000e+00
   0.0000000e+00
   0.0000000e+00
   0.0000000e+00
   0.0000000e+00
   0.0000000e+00
   0.0000000e+00
   0.0000000e+00
   0.0000000e+00
   0.0000000e+00
   0.0000000e+00
   0.0000000e+00
   0.0000000e+00
   0.0000000e+00
   0.0000000e+00
   0.0000000e+00
   8.9611493e-02
   1.0153497e-01
   8.7860212e-02
   7.3592886e-02
   6.4776286e-02
   5.5109840e-02
   5.4155689e-02
   5.2855559e-02
   5.4600161e-02
   5.7843637e-02
   6.5136798e-02
   8.0582261e-02
   9.1503687e-02
   9.7718768e-02
   8.7730035e-02
   7.8969531e-02
   6.9508642e-02
   6.1350457e-02
   5.0680870e-02
   4.2373627e-02
   0.0000000e+00
   0.0000000e+00
   0.0000000e+00
   0.0000000e+00
   0.0000000e+00
   0.0000000e+00
   0.0000000e+00
   0.0000000e+00
   0.0000000e+00
   0.0000000e+00
   0.0000000e+00
   0.0000000e+00
   0.0000000e+00
   0.0000000e+00
   0.0000000e+00
   1.1913512e-01
   1.2254840e-01
   1.2767388e-01
   1.2210553e-01
   9.8675057e-02
   8.2995065e-02
   7.1616426e-02
   6.6505618e-02
   6.2580101e-02
   6.4714409e-02
   7.3174827e-02
   8.1298433e-02
   9.3946554e-02
   1.0207507e-01
   1.1353508e-01
   1.1389503e-01
   1.1024393e-01
   1.0320966e-01
   9.0807065e-02
   8.1586257e-02
   5.3298431e-02
   0.0000000e+00
   0.0000000e+00
   0.0000000e+00
   0.0000000e+00
   0.0000000e+00
   0.0000000e+00
   0.0000000e+00
   0.0000000e+00
   0.0000000e+00
   0.0000000e+00
   0.0000000e+00
   0.0000000e+00
   0.0000000e+00
   0.0000000e+00
   1.3709100e-01
   1.4699124e-01
   1.3479446e-01
   1.2675032e-01
   1.2093132e-01
   1.0199869e-01
   8.5710290e-02
   7.6915411e-02
   6.5034021e-02
   6.3387766e-02
   7.0744127e-02
   7.8603424e-02
   8.4305391e-02
   9.0285674e-02
   9.5094986e-02
   1.0200974e-01
   1.0378800e-01
   1.0591729e-01
   1.0272669e-01
   9.6639536e-02
   9.2228293e-02
   6.5497270e-02
   0.0000000e+00
   0.0000000e+00
   0.0000000e+00
   0.0000000e+00
   0.0000000e+00
   0.0000000e+00
   0.0000000e+00
   0.0000000e+00
   0.0000000e+00
   0.0000000e+00
   0.0000000e+00
   8.7176897e-02
   9.2109680e-02
   1.0487794e-01
   1.1900090e-01
   1.2115562e-01
   1.0820054e-01
   9.8479666e-02
   8.6602069e-02
   7.2631295e-02
   6.4399175e-02
   0.0000000e+00
   4.6784949e-02
   5.0958786e-02
   5.5680335e-02
   5.7699420e-02
   6.3554466e-02
   6.5204546e-02
   6.7478172e-02
   6.9957145e-02
   6.8438299e-02
   7.3820993e-02
   7.4237600e-02
   7.5606130e-02
   7.2194315e-02
   5.2350722e-02
   3.3010521e-02
   0.0000000e+00
   0.0000000e+00
   0.0000000e+00
   0.0000000e+00
   0.0000000e+00
   0.0000000e+00
   0.0000000e+00
   0.0000000e+00
   0.0000000e+00
   0.0000000e+00
   6.3058816e-02
   6.4360857e-02
   6.4076819e-02
   6.3314162e-02
   6.1122485e-02
   5.2030161e-02
   4.7093421e-02
   3.6566470e-02
   3.2286290e-02
   3.0749485e-02
   2.4124088e-02
   1.6366199e-02
   2.1698501e-02
   3.2244899e-02
   1.5811937e-02
   2.1714723e-02
   2.3260351e-02
   2.2933001e-02
   2.5067179e-02
   2.4308521e-02
   3.1524573e-02
   3.4799416e-02
   3.7332147e-02
   3.3914447e-02
   2.3151509e-02
   1.4045376e-02
   0.0000000e+00
   0.0000000e+00
   0.0000000e+00
   0.0000000e+00
   0.0000000e+00
   0.0000000e+00
  -0.0000000e+00
  -4.4837143e-03
   1.2178579e-02
   1.5620396e-02
   1.7030301e-02
   1.3491320e-02
   8.8816304e-03
   4.0167184e-03
  -1.5048013e-04
  -6.3988166e-03
  -8.2980599e-03
  -6.2183444e-03
  -9.1555491e-03
  -9.6169449e-03
  -1.5123575e-02
  -1.7099226e-02
  -1.9471575e-02
  -0.0000000e+00
  -0.0000000e+00
  -2.3651155e-02
  -2.1553386e-02
  -2.3561727e-02
  -2.0086747e-02
  -1.7407184e-02
  -1.0072112e-02
  -4.9942723e-03
  -4.8694802e-03
  -7.3395530e-03
  -1.2409150e-02
  -6.2136957e-03
  -4.9439226e-03
   0.0000000e+00
   0.0000000e+00
   0.0000000e+00
   0.0000000e+00
  -0.0000000e+00
  -0.0000000e+00
  -3.1497553e-02
  -2.7833192e-02
  -3.2207444e-02
  -2.8268032e-02
  -3.4015343e-02
  -3.7959699e-02
  -4.1857012e-02
  -4.6266284e-02
  -5.0202299e-02
  -5.2324101e-02
  -4.6878305e-02
  -0.0000000e+00
  -4.0484268e-02
  -4.5952830e-02
  -4.9412049e-02
  -4.1601587e-02
  -3.6272258e-02
  -0.0000000e+00
  -5.9033576e-02
  -5.8091786e-02
  -5.9781816e-02
  -5.5245519e-02
  -5.0800934e-02
  -4.6448581e-02
  -4.0275570e-02
  -4.1877091e-02
  -4.1721445e-02
  -4.2227365e-02
  -2.6821828e-02
  -1.3106857e-02
   0.0000000e+00
   0.0000000e+00
   0.0000000e+00
   0.0000000e+00
  -0.0000000e+00
  -6.6956088e-02
  -4.8881058e-02
  -5.3214513e-02
  -6.4852841e-02
  -5.8173783e-02
  -6.6387162e-02
  -6.8621889e-02
  -7.0968114e-02
  -7.4244209e-02
  -7.2350435e-02
  -7.0365757e-02
  -6.4721271e-02
  -5.8788959e-02
  -0.0000000e+00
  -6.1084114e-02
  -6.2469416e-02
  -4.4727979e-02
  -3.6616998e-02
  -0.0000000e+00
  -7.3599068e-02
  -7.3063061e-02
  -7.2927840e-02
  -6.9720246e-02
  -6.9573522e-02
  -7.5835884e-02
  -7.2650954e-02
  -7.7946015e-02
  -6.9499180e-02
  -5.6958152e-02
  -4.7069993e-02
  -1.9743061e-02
   0.0000000e+00
   0.0000000e+00
   0.0000000e+00
   0.0000000e+00
  -0.0000000e+00
  -5.9632532e-02
  -4.6156162e-02
  -6.0057812e-02
  -6.7614213e-02
  -6.3111745e-02
  -6.9520049e-02
  -7.2611935e-02
  -7.6374844e-02
  -7.7383026e-02
  -7.2013639e-02
  -6.4006865e-02
  -6.2379152e-02
  -5.5994458e-02
  -0.0000000e+00
  -5.5890173e-02
  -4.9606031e-02
   0.0000000e+00
   0.0000000e+00
  -0.0000000e+00
  -6.0986221e-02
  -5.8634397e-02
  -5.8593731e-02
  -6.0127415e-02
  -6.4237155e-02
  -7.4025966e-02
  -7.6654553e-02
  -8.5965104e-02
  -7.0786960e-02
  -6.0108092e-02
  -0.0000000e+00
  -2.4516945e-02
   0.0000000e+00
   0.0000000e+00
   0.0000000e+00
   0.0000000e+00
  -0.0000000e+00
  -4.5279017e-02
  -4.1892802e-02
  -5.3595306e-02
  -5.6269303e-02
  -5.4596163e-02
  -5.9024353e-02
  -6.3254617e-02
  -6.6364154e-02
  -6.7196354e-02
  -6.1707314e-02
  -5.5616155e-02
  -5.5392329e-02
  -4.6600669e-02
  -0.0000000e+00
  -4.6727292e-02
  -3.2280938e-02
   0.0000000e+00
   0.0000000e+00
  -0.0000000e+00
  -4.2518992e-02
  -4.2499450e-02
  -4.3358762e-02
  -4.7738861e-02
  -5.3877324e-02
  -6.2669545e-02
  -6.8105549e-02
  -7.6653235e-02
  -6.2500030e-02
  -5.3653903e-02
  -0.0000000e+00
  -2.1966579e-02
   0.0000000e+00
   0.0000000e+00
   0.0000000e+00
   0.0000000e+00
  -0.0000000e+00
  -3.0261405e-02
  -3.6094835e-02
  -3.9488960e-02
  -3.9699480e-02
  -4.0440165e-02
  -4.3170154e-02
  -4.8214752e-02
  -4.9970679e-02
  -5.1462378e-02
  -4.6193145e-02
  -4.5077723e-02
  -4.6040349e-02
  -3.4384792e-02
  -0.0000000e+00
  -3.6171250e-02
  -1.8655095e-02
  -1.2601030e-02
  -0.0000000e+00
  -2.3376016e-02
  -2.5145655e-02
  -2.7864672e-02
  -2.9633928e-02
  -3.5597656e-02
  -4.2198941e-02
  -4.8373248e-02
  -5.4479007e-02
  -5.9723224e-02
  -4.9437806e-02
  -4.3682270e-02
  -0.0000000e+00
  -1.4904933e-02
   0.0000000e+00
   0.0000000e+00
   0.0000000e+00
   0.0000000e+00
  -2.2710240e-02
  -2.2334072e-02
  -2.8371431e-02
  -2.1356041e-02
  -2.2320570e-02
  -2.4180740e-02
  -2.6048260e-02
  -2.9788783e-02
  -2.8954195e-02
  -3.1714339e-02
  -2.9446237e-02
  -3.4986188e-02
  -3.6571305e-02
  -2.3710618e-02
  -2.4598438e-02
  -2.6998218e-02
  -1.3258549e-02
  -1.4532124e-02
  -2.3787165e-02
  -1.9055489e-02
  -1.4878524e-02
  -1.9131653e-02
  -2.4877096e-02
  -2.9313019e-02
  -3.3182990e-02
  -3.6212809e-02
  -3.8342908e-02
  -3.6260854e-02
  -2.9482868e-02
  -2.6693498e-02
  -0.0000000e+00
  -8.4722180e-04
   0.0000000e+00
   0.0000000e+00
   0.0000000e+00
  -0.0000000e+00
  -2.7713547e-02
  -2.8318183e-02
  -2.8199365e-02
  -2.1699026e-02
  -2.1185102e-02
  -2.2046741e-02
  -2.3291962e-02
  -2.5527209e-02
  -2.4599604e-02
  -2.6844461e-02
  -2.4000803e-02
  -2.0727719e-02
  -2.9699946e-02
  -2.8955730e-02
  -3.0509248e-02
  -3.0974116e-02
  -2.2596566e-02
  -2.7892537e-02
  -3.1239213e-02
  -2.6594279e-02
  -2.4380341e-02
  -2.6720942e-02
  -3.4597013e-02
  -3.6083855e-02
  -3.7119798e-02
  -3.7980828e-02
  -3.3974666e-02
  -2.3314016e-02
  -8.1668710e-03
  -1.0273635e-02
  -0.0000000e+00
   9.8530297e-03
   0.0000000e+00
   0.0000000e+00
   0.0000000e+00
  -0.0000000e+00
  -3.2122643e-02
  -3.1600624e-02
  -2.7863305e-02
  -2.3057740e-02
  -2.1038152e-02
  -2.0568280e-02
  -2.1184064e-02
  -2.2473630e-02
  -2.1948636e-02
  -2.3216991e-02
  -1.9932957e-02
  -1.0748213e-02
  -0.0000000e+00
  -3.5002971e-02
  -3.5062443e-02
  -3.6907960e-02
  -3.2170445e-02
  -3.5812706e-02
  -3.6179236e-02
  -3.1425379e-02
  -3.1990897e-02
  -3.2012258e-02
  -3.8720521e-02
  -4.0428761e-02
  -3.9508879e-02
  -3.8393244e-02
  -3.1902935e-02
  -1.7672075e-02
   4.0194672e-03
  -5.6472783e-03
  -0.0000000e+00
   1.5395123e-02
   0.0000000e+00
   0.0000000e+00
   0.0000000e+00
  -0.0000000e+00
  -3.2376323e-02
  -3.2137331e-02
  -2.6144955e-02
  -2.3466697e-02
  -2.0261746e-02
  -1.8333348e-02
  -1.8368352e-02
  -1.8876728e-02
  -1.8722152e-02
  -1.8533805e-02
  -1.5122622e-02
  -3.0610702e-03
  -9.1998702e-03
  -0.0000000e+00
  -3.7837010e-02
  -4.1856106e-02
  -3.9647374e-02
  -3.8233057e-02
  -3.6263213e-02
  -3.2339193e-02
  -3.5539702e-02
  -3.1481452e-02
  -3.7497579e-02
  -4.0278763e-02
  -3.7684321e-02
  -3.3976406e-02
  -2.7268976e-02
  -1.3952091e-02
   1.2536406e-02
   1.2056885e-03
  -0.0000000e+00
   1.8249578e-02
   0.0000000e+00
   0.0000000e+00
  -0.0000000e+00
  -0.0000000e+00
  -2.6715002e-02
  -2.6399599e-02
  -2.4930866e-02
  -2.2593847e-02
  -2.0717276e-02
  -1.7636031e-02
  -1.6298443e-02
  -1.6716959e-02
  -1.5885592e-02
  -1.4933995e-02
  -1.0839154e-02
  -1.7833572e-03
  -1.0819415e-02
  -0.0000000e+00
  -3.7556414e-02
  -4.2361181e-02
  -4.2861111e-02
  -4.2430092e-02
  -4.2259317e-02
  -3.5646111e-02
  -3.2707434e-02
  -2.7299106e-02
  -3.0541513e-02
  -3.5490219e-02
  -3.3686999e-02
  -2.8944876e-02
  -2.3975916e-02
  -1.4612851e-02
   9.2844591e-03
  -2.2893591e-03
  -0.0000000e+00
   1.3217594e-02
   0.0000000e+00
   0.0000000e+00
  -0.0000000e+00
  -2.8621807e-02
  -2.6047079e-02
  -2.5861753e-02
  -2.6397767e-02
  -2.5360921e-02
  -2.5100918e-02
  -2.2965172e-02
  -2.1747701e-02
  -2.1202076e-02
  -1.9893521e-02
  -1.8285036e-02
  -1.4058730e-02
  -1.0530263e-02
  -2.3686686e-02
  -3.6839928e-02
  -3.2109965e-02
  -3.5456933e-02
  -3.8769607e-02
  -4.3878552e-02
  -4.5173153e-02
  -3.7452281e-02
  -3.0454900e-02
  -2.5406400e-02
  -2.9173074e-02
  -3.2666508e-02
  -3.1616580e-02
  -2.7579518e-02
  -2.3982160e-02
  -1.9765189e-02
  -2.7409371e-03
  -1.3299731e-02
  -0.0000000e+00
   5.7677256e-03
   0.0000000e+00
   0.0000000e+00
  -0.0000000e+00
  -2.9980466e-02
  -2.7303064e-02
  -2.7182326e-02
  -2.8322358e-02
  -2.8617974e-02
  -2.9653646e-02
  -2.8346568e-02
  -2.7446812e-02
  -2.5989542e-02
  -2.4544561e-02
  -2.2459164e-02
  -1.9312387e-02
  -2.1262262e-02
  -3.3564894e-02
  -3.3964209e-02
  -2.6695282e-02
  -2.6517635e-02
  -3.0037083e-02
  -4.0080123e-02
  -4.4601575e-02
  -3.7003890e-02
  -2.6994402e-02
  -2.0724988e-02
  -2.3487860e-02
  -2.5168937e-02
  -2.5872009e-02
  -2.3760181e-02
  -2.2426840e-02
  -2.5512313e-02
  -1.5857643e-02
  -1.8479918e-02
  -1.8042164e-02
  -4.6418873e-03
  -2.5908211e-03
   0.0000000e+00
  -0.0000000e+00
  -3.1754215e-02
  -3.3685356e-02
  -3.5023943e-02
  -3.4336697e-02
  -3.6789637e-02
  -3.8583852e-02
  -3.8145162e-02
  -3.7659101e-02
  -3.5814632e-02
  -3.4925293e-02
  -3.2758623e-02
  -3.2060247e-02
  -3.7891336e-02
  -4.1613169e-02
  -3.3596748e-02
  -2.1606443e-02
  -1.7420584e-02
  -1.5463708e-02
  -2.8931346e-02
  -4.0654339e-02
  -3.6950391e-02
  -2.7113810e-02
  -1.7998837e-02
  -1.8515551e-02
  -1.9393928e-02
  -2.0028395e-02
  -2.1820936e-02
  -2.4674838e-02
  -3.4852300e-02
  -3.3011895e-02
  -2.8037813e-02
  -2.8577105e-02
  -2.3776192e-02
  -2.1589922e-02
  -0.0000000e+00
  -3.8252671e-02
  -3.4779034e-02
  -5.2186009e-02
  -5.6665018e-02
  -5.5627026e-02
  -5.7008076e-02
  -5.8363475e-02
  -5.6238350e-02
  -5.4525316e-02
  -5.4542743e-02
  -5.3165320e-02
  -5.3583045e-02
  -5.3550683e-02
  -5.4698285e-02
  -5.4421004e-02
  -4.4486067e-02
  -3.7750988e-02
  -3.1507555e-02
  -1.5453669e-02
  -1.8896429e-02
  -3.9431650e-02
  -4.5521059e-02
  -4.0980318e-02
  -3.2856829e-02
  -3.0452194e-02
  -3.1270584e-02
  -3.1015593e-02
  -3.7936989e-02
  -4.5300253e-02
  -5.0652299e-02
  -5.0207414e-02
  -4.0059876e-02
  -4.6097748e-02
  -4.7789790e-02
  -4.3729059e-02
  -0.0000000e+00
  -5.9254348e-02
  -5.0402903e-02
  -6.4966381e-02
  -7.0669569e-02
  -7.2049141e-02
  -7.2682381e-02
  -7.1361005e-02
  -6.8725921e-02
  -6.5095060e-02
  -6.4928010e-02
  -6.4024799e-02
  -6.5649562e-02
  -6.6018686e-02
  -6.5392137e-02
  -6.3296713e-02
  -5.4631874e-02
  -5.4705828e-02
  -4.9472563e-02
  -2.4302596e-02
  -1.6597334e-02
  -3.6248017e-02
  -4.7145963e-02
  -5.1024287e-02
  -5.0072208e-02
  -4.7063023e-02
  -4.7540057e-02
  -4.6135064e-02
  -5.3120866e-02
  -5.9149746e-02
  -5.8679070e-02
  -6.1243460e-02
  -4.7998346e-02
  -5.7405608e-02
  -6.3594200e-02
  -6.1552145e-02
  -0.0000000e+00
  -7.1820274e-02
  -6.1647230e-02
  -7.1202293e-02
  -7.6968461e-02
  -8.1616178e-02
  -8.1653737e-02
  -7.6851070e-02
  -7.4950494e-02
  -6.9887273e-02
  -6.9108903e-02
  -6.9173470e-02
  -7.1115181e-02
  -7.2197251e-02
  -7.0885971e-02
  -6.7778513e-02
  -6.1208833e-02
  -6.5436050e-02
  -6.3304320e-02
  -3.6185359e-02
  -0.0000000e+00
  -0.0000000e+00
  -4.7901616e-02
  -5.6717102e-02
  -6.3955292e-02
  -6.1951354e-02
  -6.2057935e-02
  -6.0360965e-02
  -6.3976981e-02
  -6.6780224e-02
  -6.1982561e-02
  -6.6963442e-02
  -5.2829098e-02
  -5.2763637e-02
  -7.2286509e-02
  -6.8148198e-02
  -0.0000000e+00
  -7.6230690e-02
  -6.8184803e-02
  -6.3185275e-02
  -6.6875339e-02
  -7.5999998e-02
  -7.5270817e-02
  -6.6362001e-02
  -6.8266027e-02
  -6.3553400e-02
  -6.2461633e-02
  -6.3893333e-02
  -6.4794190e-02
  -6.7727946e-02
  -6.7170553e-02
  -6.3283302e-02
  -5.6924958e-02
  -6.0090318e-02
  -6.3969314e-02
  -4.7833076e-02
  -2.6781253e-02
   0.0000000e+00
   0.0000000e+00
  -0.0000000e+00
  -6.7651704e-02
  -6.9737673e-02
  -6.8997487e-02
  -6.7301504e-02
  -6.3460380e-02
  -6.1596368e-02
  -5.7227574e-02
  -6.3489996e-02
  -5.3240947e-02
  -4.7455110e-02
  -6.7625202e-02
  -5.3896820e-02
  -0.0000000e+00
  -6.4774580e-02
  -5.8900964e-02
  -2.5232920e-02
  -2.5246179e-02
  -3.2407850e-02
  -2.7961107e-02
  -2.0953704e-02
  -2.3120815e-02
  -2.1244697e-02
  -2.5202097e-02
  -2.7201222e-02
  -2.9018598e-02
  -3.2287713e-02
  -3.0997289e-02
  -2.7622759e-02
  -2.3255033e-02
  -2.4620436e-02
  -2.6219280e-02
  -3.1121802e-02
  -2.4500993e-02
  -1.0541673e-02
  -0.0000000e+00
  -0.0000000e+00
  -3.3887063e-02
  -3.8871221e-02
  -3.9948802e-02
  -3.8534481e-02
  -3.2948945e-02
  -3.2638565e-02
  -2.9399728e-02
  -2.9485267e-02
  -2.9613147e-02
  -2.5543303e-02
  -0.0000000e+00
  -2.8225343e-02
  -2.5575003e-02
  -2.3127602e-02
  -2.2230526e-02
   2.6371947e-02
   2.6710173e-02
   2.5923366e-02
   3.0912887e-02
   3.3360586e-02
   3.5497520e-02
   3.5257563e-02
   2.8779211e-02
   2.5494365e-02
   2.1983987e-02
   2.1340990e-02
   2.3925856e-02
   2.6709007e-02
   2.7792951e-02
   2.4655666e-02
   2.3618836e-02
   1.2316605e-02
   6.4820447e-03
   2.0927230e-02
   2.7568240e-02
   2.0404415e-02
   1.9449604e-02
   1.0031113e-02
   8.4000356e-03
   1.0170016e-02
   1.1343825e-02
   1.0148305e-02
   1.4340015e-02
   1.6514881e-02
   1.3402856e-02
   2.1758969e-02
   2.8691518e-02
   1.8782632e-02
   2.6151948e-02
   3.1343307e-02
   2.8704852e-02
   8.5686602e-02
   8.2922615e-02
   9.2213333e-02
   9.0314731e-02
   9.1065116e-02
   9.9864617e-02
   9.5576718e-02
   9.2126437e-02
   8.6770177e-02
   8.4632367e-02
   8.7808326e-02
   8.9680865e-02
   9.1767848e-02
   8.7640069e-02
   8.3292134e-02
   7.9323299e-02
   6.8301275e-02
   5.7520527e-02
   5.8716439e-02
   6.4598478e-02
   6.6971295e-02
   6.9590285e-02
   6.6594683e-02
   6.5391459e-02
   6.6071324e-02
   6.3122645e-02
   6.5352373e-02
   7.0466600e-02
   7.3154151e-02
   7.2872125e-02
   7.8452840e-02
   8.2591794e-02
   8.4289014e-02
   9.5667541e-02
   9.5270626e-02
   9.0222366e-02
   1.3759290e-01
   1.3015552e-01
   1.4185646e-01
   1.3323022e-01
   1.3472453e-01
   1.4441726e-01
   1.3854453e-01
   1.4094716e-01
   1.3762279e-01
   1.3878457e-01
   1.4237234e-01
   1.4218600e-01
   1.4274080e-01
   1.3653502e-01
   1.3286124e-01
   1.2405007e-01
   1.1527301e-01
   1.0620102e-01
   9.8095603e-02
   9.9912912e-02
   1.0427210e-01
   1.0918058e-01
   1.0967427e-01
   1.1186749e-01
   1.1317506e-01
   1.1239716e-01
   1.2014353e-01
   1.2477931e-01
   1.2757891e-01
   1.3362952e-01
   1.4084117e-01
   1.4226311e-01
   1.4905986e-01
   1.6029604e-01
   1.5091428e-01
   1.4620163e-01
   1.5407999e-01
   1.4755851e-01
   1.4440958e-01
   1.4170828e-01
   1.4323764e-01
   1.4204957e-01
   1.4140901e-01
   1.4391063e-01
   1.4763547e-01
   1.5024203e-01
   1.5021020e-01
   1.5012889e-01
   1.4816490e-01
   1.4621559e-01
   1.4342631e-01
   1.3533178e-01
   1.2838550e-01
   1.2432618e-01
   1.1852570e-01
   1.1326785e-01
   1.1285600e-01
   1.1492874e-01
   1.1952093e-01
   1.2464731e-01
   1.2974936e-01
   1.3763013e-01
   1.4582513e-01
   1.5077846e-01
   1.5500814e-01
   1.6533779e-01
   1.6489227e-01
   1.6022041e-01
   1.7355384e-01
   1.7559765e-01
   1.6463627e-01
   1.6130750e-01
   1.1595097e-01
   1.1393339e-01
   9.9265195e-02
   1.1107095e-01
   1.0859387e-01
   9.8089255e-02
   1.0111596e-01
   9.6804298e-02
   1.0205902e-01
   1.0266672e-01
   1.0281342e-01
   1.0555728e-01
   1.0334099e-01
   1.0463921e-01
   1.0185602e-01
   1.0244523e-01
   1.0063270e-01
   1.0053180e-01
   1.0121158e-01
   9.5386408e-02
   9.2743911e-02
   9.2083037e-02
   9.6327059e-02
   1.0014391e-01
   1.0839402e-01
   1.1762411e-01
   1.2028787e-01
   1.2595251e-01
   1.2980309e-01
   1.3639098e-01
   1.2828141e-01
   1.2435894e-01
   1.3378918e-01
   1.2457379e-01
   1.1974771e-01
   1.1438291e-01
   4.8873991e-02
   4.6826366e-02
   4.4055209e-02
   5.5674832e-02
   4.9347878e-02
   4.3457553e-02
   4.2804759e-02
   3.7587285e-02
   3.7448663e-02
   3.6565423e-02
   4.0300187e-02
   4.3287065e-02
   4.2311296e-02
   4.1862562e-02
   4.1317064e-02
   4.6010450e-02
   4.9681790e-02
   5.1823001e-02
   5.1295355e-02
   5.2188702e-02
   5.4718688e-02
   5.5733651e-02
   5.7602789e-02
   5.8159806e-02
   6.2646016e-02
   6.5332025e-02
   6.7371361e-02
   6.8783127e-02
   6.7999847e-02
   6.9453865e-02
   6.3984677e-02
   6.4214773e-02
   6.2566929e-02
   5.4038998e-02
   5.0943073e-02
   4.4810977e-02
  -7.6572602e-03
  -7.6752547e-03
  -4.7035194e-03
  -6.9567231e-03
  -1.3629938e-02
  -1.2700337e-02
  -1.2607411e-02
  -1.3108629e-02
  -1.3165274e-02
  -1.2527572e-02
  -9.5198974e-03
  -9.7690793e-03
  -1.1651923e-02
  -1.2283438e-02
  -1.0645901e-02
  -9.7483387e-03
  -6.5459763e-03
  -2.6261024e-03
  -2.8352446e-03
   1.1492763e-03
   5.7031061e-03
   7.2896238e-03
   7.3990319e-03
   6.4824950e-03
   7.8395260e-03
   1.0075962e-02
   1.1971360e-02
   7.1795746e-03
   2.8121052e-03
   3.2272898e-03
   7.7286822e-04
  -1.8052398e-03
  -5.4416978e-03
  -6.4061466e-03
  -8.8368822e-03
  -1.0738980e-02
  -2.5263071e-02
  -2.6530566e-02
  -3.2619037e-02
  -4.2104352e-02
  -4.7111876e-02
  -4.6892669e-02
  -4.6362661e-02
  -4.5287672e-02
  -4.2867728e-02
  -4.0951449e-02
  -4.1173253e-02
  -4.3943617e-02
  -4.5896504e-02
  -4.5328807e-02
  -4.4105984e-02
  -4.5617238e-02
  -4.5477357e-02
  -4.1950818e-02
  -3.8266581e-02
  -3.5105679e-02
  -3.4925956e-02
  -3.6677301e-02
  -3.7043668e-02
  -3.5663243e-02
  -3.2589030e-02
  -3.0205237e-02
  -3.1337678e-02
  -3.5577521e-02
  -3.7573241e-02
  -3.9232608e-02
  -4.4759803e-02
  -4.8593327e-02
  -4.6174411e-02
  -3.9506573e-02
  -3.4439802e-02
  -2.9116524e-02
  -1.6009986e-02
  -1.7592162e-02
  -1.9484390e-02
  -2.0019531e-02
  -1.9223813e-02
  -1.8609053e-02
  -1.9420354e-02
  -2.0763552e-02
  -2.1873964e-02
  -2.2700161e-02
  -2.3216255e-02
  -2.3807369e-02
  -2.4400961e-02
  -2.5188820e-02
  -2.6449949e-02
  -2.7543595e-02
  -2.7369507e-02
  -2.5599597e-02
  -2.2980308e-02
  -2.0603983e-02
  -1.8956114e-02
  -1.8066345e-02
  -1.7316423e-02
  -1.6781591e-02
  -1.7286861e-02
  -1.8810716e-02
  -2.0944068e-02
  -2.2682525e-02
  -2.3220891e-02
  -2.3314105e-02
  -2.2972412e-02
  -2.1603264e-02
  -1.9038396e-02
  -1.6676700e-02
  -1.5556247e-02
  -1.5309198e-02
