  -3.6729535e-01
  -1.5447068e-01
   1.4838763e-01
   3.6407310e-01
   5.1293862e-01
   6.7741686e-01
   8.7960851e-01
   1.1387542e+00
   1.4027160e+00
   1.5846386e+00
   1.6341929e+00
   1.5269573e+00
   1.3745731e+00
   1.1989889e+00
   9.7358012e-01
   7.5513327e-01
   6.5725211e-01
   7.6379889e-01
   9.3620425e-01
   1.0649373e+00
   1.0879328e+00
   1.0085921e+00
   7.5731853e-01
   3.2261011e-01
  -1.1165386e-01
  -4.2562527e-01
  -5.3893679e-01
  -5.8895087e-01
  -6.9567565e-01
  -8.4504157e-01
  -9.5435679e-01
  -9.6420598e-01
  -8.3883059e-01
  -6.6290736e-01
  -5.1187593e-01
  -4.4156417e-01
  -6.4941323e-01
  -5.9895766e-01
   4.0417391e-01
   1.1727669e+00
   1.4496399e+00
   1.7654495e+00
   2.0292463e+00
   2.2297525e+00
   2.4905887e+00
   2.6175058e+00
   2.3451641e+00
   1.5290663e+00
   7.1596551e-01
   2.4141796e-01
  -1.0588562e-01
  -4.8782781e-01
  -5.7921004e-01
  -2.6532021e-01
   9.5805898e-02
   4.2479548e-01
   8.1836140e-01
   1.2688372e+00
   1.3730345e+00
   6.5843290e-01
  -3.0630368e-01
  -6.8016630e-01
  -3.7655431e-01
  -3.2852590e-01
  -5.7648563e-01
  -6.5138149e-01
  -4.3011987e-01
  -5.4743029e-02
   1.8104875e-01
   3.5708815e-01
   3.8172022e-01
  -6.8473734e-02
  -9.7330117e-01
  -1.8411629e+00
  -7.8354883e-01
   9.4798440e-01
   1.4389324e+00
   1.4607239e+00
   1.3300700e+00
   1.1562181e+00
   1.3047894e+00
   1.1227775e+00
   6.5709984e-01
  -8.5366093e-02
  -9.4270051e-01
  -1.5941479e+00
  -1.8748170e+00
  -1.7879862e+00
  -1.4713991e+00
  -1.0706933e+00
  -6.5958118e-01
  -2.3158588e-01
   2.2685167e-01
   6.6269583e-01
   7.4987543e-01
   1.0373366e-01
  -7.8350681e-01
  -1.1107162e+00
  -8.5722250e-01
  -1.0352327e+00
  -1.4924353e+00
  -1.7287247e+00
  -1.4996878e+00
  -8.0546588e-01
  -4.7814035e-01
  -1.3363615e-01
   2.6654828e-01
  -8.3352320e-02
  -1.2158035e+00
  -2.7323155e+00
  -1.7460847e+00
   8.3496581e-01
   9.8963630e-01
   3.8848826e-01
   9.2761349e-02
  -2.7652866e-01
  -6.4525627e-02
  -3.7047906e-01
  -9.0061772e-01
  -1.2774715e+00
  -1.6190657e+00
  -2.0126076e+00
  -2.2194951e+00
  -2.0023596e+00
  -1.8239939e+00
  -1.5189426e+00
  -1.1368165e+00
  -6.7879492e-01
  -2.3791507e-01
  -7.6027432e-02
  -1.9973326e-01
  -7.1303141e-01
  -1.1153312e+00
  -1.3544219e+00
  -1.4443970e+00
  -1.6054828e+00
  -1.8964609e+00
  -2.3103580e+00
  -2.6793841e+00
  -1.9223564e+00
  -7.5865006e-01
  -3.1676609e-02
   1.8088400e-01
  -3.8212591e-01
  -1.9011605e+00
  -3.3180714e+00
  -1.6498907e+00
   7.4200529e-01
  -1.0282458e-01
  -7.1430910e-01
  -8.8031089e-01
  -1.2521771e+00
  -1.0683939e+00
  -1.3831702e+00
  -1.7468156e+00
  -1.9918952e+00
  -2.0464044e+00
  -2.0818977e+00
  -1.9820557e+00
  -1.7925034e+00
  -1.7601612e+00
  -1.5103486e+00
  -1.3623382e+00
  -9.4436061e-01
  -5.9633893e-01
  -5.8593071e-01
  -8.5709393e-01
  -1.4030347e+00
  -1.4967637e+00
  -1.6494253e+00
  -1.6643164e+00
  -1.7790360e+00
  -2.0324426e+00
  -2.3344245e+00
  -2.9970286e+00
  -2.0727925e+00
  -2.3846287e-01
   4.2827451e-01
  -1.8744503e-01
  -1.1415257e+00
  -2.3151271e+00
  -3.2538190e+00
  -1.0116854e+00
   2.1003208e-01
  -1.2440066e+00
  -1.2742424e+00
  -1.4474068e+00
  -1.6595095e+00
  -1.5835719e+00
  -1.9367973e+00
  -2.0032756e+00
  -2.0936010e+00
  -2.0711148e+00
  -2.0712442e+00
  -1.8242613e+00
  -1.5844396e+00
  -1.4383664e+00
  -1.2809379e+00
  -1.3264686e+00
  -9.9020720e-01
  -8.3823359e-01
  -8.8773566e-01
  -1.2316861e+00
  -1.5952282e+00
  -1.5935103e+00
  -1.7461056e+00
  -1.5412215e+00
  -1.7520491e+00
  -1.9692286e+00
  -2.0826836e+00
  -2.2334611e+00
  -8.8715786e-01
   4.0840536e-01
   4.7129908e-01
  -7.3350531e-01
  -1.6753061e+00
  -1.9118309e+00
  -2.4143428e+00
  -5.5797679e-01
  -4.1870406e-01
  -1.5344742e+00
  -1.1819321e+00
  -1.4966218e+00
  -1.5989784e+00
  -1.5659520e+00
  -1.8328800e+00
  -1.6849317e+00
  -1.5084453e+00
  -1.4020770e+00
  -1.4806507e+00
  -1.3483057e+00
  -1.1517705e+00
  -9.8595572e-01
  -9.6818113e-01
  -1.0403101e+00
  -8.2138350e-01
  -7.3863950e-01
  -8.6055392e-01
  -1.1426465e+00
  -1.1155045e+00
  -1.1725734e+00
  -1.3592121e+00
  -1.3032517e+00
  -1.5796206e+00
  -1.5810000e+00
  -1.5505579e+00
  -6.9932652e-01
   9.0512086e-01
   9.4380676e-01
   3.0827937e-01
  -8.8527800e-01
  -1.4296710e+00
  -1.0620160e+00
  -1.3297873e+00
  -1.6512291e-01
  -4.8182157e-01
  -9.3420959e-01
  -5.6489018e-01
  -1.0233396e+00
  -1.1166130e+00
  -1.0511597e+00
  -1.0789611e+00
  -7.7737039e-01
  -4.0902468e-01
  -2.7483287e-01
  -3.6139229e-01
  -2.8784849e-01
  -2.8181353e-01
  -2.7868748e-01
  -4.1276672e-01
  -5.3009540e-01
  -3.3906612e-01
  -2.3187847e-01
  -3.5778573e-01
  -4.4639400e-01
  -2.7032979e-01
  -4.8526981e-01
  -7.4848932e-01
  -9.2412674e-01
  -1.1142960e+00
  -9.4072533e-01
  -6.3733194e-01
   1.0741005e+00
   2.5774007e+00
   1.6093397e+00
   5.3579503e-01
  -4.1116190e-01
  -6.3528065e-01
  -3.3608741e-01
  -4.0798372e-01
   4.7317678e-01
   8.2118087e-02
   6.5632440e-02
   3.5406280e-01
  -2.3635030e-01
  -2.8821328e-01
  -1.7903589e-01
   2.0571001e-02
   4.7822931e-01
   8.6081964e-01
   8.9989579e-01
   8.0410349e-01
   9.6686220e-01
   8.4703052e-01
   7.2946632e-01
   4.4300899e-01
   2.2996137e-01
   4.5033512e-01
   4.7586215e-01
   4.9426857e-01
   5.7102692e-01
   5.3977382e-01
   1.5413846e-01
  -2.2921000e-01
  -3.5849851e-01
  -3.8043511e-01
  -1.1902207e-01
   5.7005811e-01
   2.6575267e+00
   3.9495566e+00
   2.5015514e+00
   1.2150525e+00
   3.6272144e-01
   1.1352250e-01
   1.8344814e-02
   2.9567248e-01
   1.3521814e+00
   9.4808912e-01
   1.0662313e+00
   1.3297237e+00
   6.2805605e-01
   7.2457767e-01
   8.5467875e-01
   1.1516974e+00
   1.7503911e+00
   2.0001612e+00
   1.8514570e+00
   1.6782383e+00
   1.9673071e+00
   1.9322650e+00
   1.8828132e+00
   1.4743084e+00
   1.2028042e+00
   1.3748920e+00
   1.1597736e+00
   1.4245827e+00
   1.5070103e+00
   1.1055695e+00
   6.0437417e-01
   1.2296042e-01
   3.2028034e-01
   4.5995879e-01
   8.5530019e-01
   1.8811833e+00
   3.8487110e+00
   5.0543036e+00
   3.5186584e+00
   2.0525217e+00
   1.0046705e+00
   4.3714640e-01
   5.3236386e-02
   1.1474936e+00
   2.1137023e+00
   1.7021028e+00
   1.9447183e+00
   2.0653918e+00
   1.4996743e+00
   1.7680237e+00
   1.9303019e+00
   2.1736498e+00
   2.7125725e+00
   2.7368592e+00
   2.3500427e+00
   2.1486091e+00
   2.4131681e+00
   2.6123543e+00
   2.8188299e+00
   2.5475966e+00
   2.3170936e+00
   2.0578612e+00
   1.7082011e+00
   2.0334517e+00
   1.8477735e+00
   1.3145295e+00
   8.5528789e-01
   5.8815627e-01
   1.0107667e+00
   1.3351894e+00
   2.2495187e+00
   3.2936783e+00
   4.5910211e+00
   5.8607415e+00
   4.6190274e+00
   2.5001524e+00
   7.6558902e-01
  -2.8300977e-02
   1.8831345e-01
   1.5882090e+00
   1.8683472e+00
   1.7488828e+00
   2.0309036e+00
   1.9439309e+00
   1.7668998e+00
   1.9407213e+00
   2.1696656e+00
   2.3692882e+00
   2.6895274e+00
   2.6109691e+00
   2.1472199e+00
   2.1217716e+00
   2.3366699e+00
   2.3795850e+00
   2.6020014e+00
   2.4850538e+00
   1.9891845e+00
   1.6839598e+00
   1.6996896e+00
   1.6929075e+00
   1.3784424e+00
   1.0153577e+00
   8.5945392e-01
   9.6480453e-01
   1.3190068e+00
   1.8860378e+00
   3.0348314e+00
   3.8717473e+00
   4.5230789e+00
   5.7685406e+00
   4.8275518e+00
   1.7678988e+00
  -3.8375826e-01
  -6.6693091e-01
   2.8026059e-01
   1.4911315e+00
   1.4031036e+00
   1.5838706e+00
   1.7162799e+00
   1.5947039e+00
   1.6463693e+00
   1.7265607e+00
   1.9915831e+00
   2.1341984e+00
   2.3756783e+00
   2.3217120e+00
   1.9616295e+00
   1.9309434e+00
   1.9596065e+00
   1.9873868e+00
   2.1139622e+00
   1.6059117e+00
   8.6586618e-01
   1.0134610e+00
   1.3291758e+00
   1.1394253e+00
   8.5411400e-01
   5.7846355e-01
   6.9266325e-01
   9.8826534e-01
   1.4618762e+00
   2.2064769e+00
   3.2446036e+00
   3.8335097e+00
   4.1032877e+00
   5.4235163e+00
   4.3267212e+00
   6.7542630e-01
  -1.2010289e+00
  -9.4860017e-01
   2.9595587e-01
   1.1549791e+00
   9.0935481e-01
   1.3379594e+00
   1.2699962e+00
   1.1897520e+00
   1.3627685e+00
   1.3848569e+00
   1.6601672e+00
   1.7374572e+00
   1.9747622e+00
   2.0172219e+00
   1.8614553e+00
   1.6568811e+00
   1.3708239e+00
   1.5458578e+00
   1.5486384e+00
   4.1318676e-01
  -4.5006391e-01
   2.8642608e-01
   7.9896128e-01
   5.3259856e-01
   3.3527069e-01
   1.1770810e-01
   4.2421412e-01
   8.2374262e-01
   1.4898335e+00
   2.3364105e+00
   3.1860327e+00
   3.5057230e+00
   3.5265675e+00
   4.9628590e+00
   3.4783642e+00
  -4.8502269e-01
  -1.7312224e+00
  -1.0361080e+00
   2.2541816e-02
   4.4851398e-01
   4.9411563e-01
   9.7759344e-01
   7.1432701e-01
   7.7124967e-01
   8.4492146e-01
   9.6014988e-01
   1.1749254e+00
   1.1503981e+00
   1.5132136e+00
   1.8166717e+00
   2.1118186e+00
   1.1730292e+00
   9.2247372e-02
   1.0017595e+00
   8.9208679e-01
  -1.2968275e+00
  -1.7764930e+00
  -4.3766937e-01
  -5.9305934e-02
  -1.5636852e-01
  -2.1404812e-01
  -3.6460923e-01
  -1.2889783e-01
   2.8446466e-01
   1.2437269e+00
   1.9653403e+00
   2.7556593e+00
   2.6955494e+00
   2.6057902e+00
   4.2284568e+00
   1.8758539e+00
  -1.7158831e+00
  -1.5753524e+00
  -7.9569375e-01
  -7.0506535e-02
   2.6028004e-01
   4.6360216e-01
   7.8506243e-01
   6.4627355e-01
   7.5104487e-01
   7.1366954e-01
   9.4990802e-01
   1.0820832e+00
   1.1170859e+00
   1.4498657e+00
   1.8555119e+00
   2.2650139e+00
   7.1186888e-01
  -6.4584410e-01
   3.8010183e-01
   2.8021508e-01
  -1.2699252e+00
  -1.2283828e+00
  -3.1614351e-01
  -3.1725731e-01
  -4.6667165e-01
  -4.6551687e-01
  -3.9358699e-01
  -3.2981443e-01
  -2.0965077e-03
   7.0999914e-01
   1.0370507e+00
   2.0848684e+00
   2.1735849e+00
   2.0269566e+00
   3.2132921e+00
   8.0839002e-01
  -1.7539922e+00
  -1.1700184e+00
  -6.3661098e-01
   9.6075661e-02
   3.4142086e-01
   5.0167567e-01
   7.0464832e-01
   6.4710921e-01
   7.8815442e-01
   7.5534797e-01
   1.0029619e+00
   1.1121991e+00
   1.2346324e+00
   1.4917140e+00
   1.7919443e+00
   1.9539608e+00
   4.3472692e-01
  -6.1623037e-01
  -2.3507778e-02
  -8.5617989e-02
  -6.4704317e-01
  -4.0796405e-01
   3.2877643e-02
  -2.0223908e-01
  -4.7059816e-01
  -4.8955187e-01
  -2.3032573e-01
  -1.5929729e-01
  -6.4240005e-03
   4.0029439e-01
   4.3371242e-01
   1.3539038e+00
   1.6808777e+00
   1.6750062e+00
   2.3368456e+00
   2.2735286e-01
  -1.5280852e+00
  -1.0731899e+00
  -5.8991098e-01
   4.0465051e-01
   5.5868989e-01
   5.7653532e-01
   6.6695323e-01
   6.8032658e-01
   8.5665046e-01
   8.8314549e-01
   1.0921513e+00
   1.2036067e+00
   1.4372177e+00
   1.5879634e+00
   1.6726303e+00
   1.3873988e+00
   2.0997978e-01
  -2.2327185e-01
  -3.7421561e-01
  -3.8082202e-01
   3.3114015e-01
   6.4020517e-01
   5.3110480e-01
   1.0158535e-01
  -3.3144275e-01
  -4.0995050e-01
   4.2944617e-02
   2.0608136e-01
   1.2096866e-01
   1.5775461e-01
  -9.1013538e-02
   5.0550976e-01
   1.1417316e+00
   1.3864033e+00
   1.4184076e+00
  -1.9668576e-01
  -1.1508890e+00
  -1.1090997e+00
  -5.9017016e-01
   5.6216162e-01
   7.5282180e-01
   5.7763487e-01
   4.1622615e-01
   3.7809783e-01
   4.5942765e-01
   7.0072454e-01
   7.7908128e-01
   9.7462416e-01
   1.1833596e+00
   1.2978513e+00
   8.7076199e-01
  -2.4662611e-01
   1.2952566e-01
   8.0746078e-01
   1.3959348e-01
   2.6165357e-01
   9.5389521e-01
   1.1113791e+00
   8.0839956e-01
   5.9145558e-01
   4.2379841e-01
   1.7923722e-01
   7.1986973e-01
   9.9626803e-01
   6.7251456e-01
   4.4864511e-01
   8.8745445e-02
  -8.4231490e-01
  -8.6321169e-01
   4.5533955e-01
   3.4941125e-01
  -8.0087823e-01
  -1.2197151e+00
  -1.4589763e+00
  -5.0062495e-01
   7.0585087e-02
   3.3903626e-01
   2.8641623e-01
  -3.6579490e-02
  -1.0709147e-01
  -1.6613993e-01
   5.0253339e-02
   1.7200089e-01
   3.5961545e-01
   4.6308514e-01
   5.9272796e-01
   1.0434113e-01
  -8.8462901e-01
  -4.0115818e-02
   7.3632842e-01
   5.9279937e-01
   8.4038806e-01
   6.3748205e-01
   5.1782268e-01
   3.0129734e-01
   3.8186508e-01
   5.8091569e-01
   5.2285868e-01
   9.4579595e-01
   1.1023309e+00
   8.7877524e-01
   6.1135685e-01
   2.9697168e-01
  -1.3083615e+00
  -2.1472318e+00
  -5.9453923e-01
  -3.4468943e-01
  -1.1832230e+00
  -1.5830944e+00
  -1.6886377e+00
  -5.7498741e-01
  -5.1031673e-01
  -2.3541668e-01
  -1.5314569e-01
  -5.5772329e-01
  -6.7319530e-01
  -8.4804438e-01
  -6.9576123e-01
  -5.3006375e-01
  -3.6081277e-01
  -3.4161184e-01
  -2.2205187e-01
  -6.6325386e-01
  -1.3660765e+00
  -3.1269932e-01
   4.3648677e-01
   7.2187057e-01
   1.1072916e+00
   4.0208744e-01
  -1.7892131e-03
  -2.7583981e-01
  -2.7994487e-02
   4.4307100e-01
   6.7451900e-01
   9.9490762e-01
   1.0451393e+00
   9.2773330e-01
   5.9306426e-01
   3.1924204e-01
  -1.6910239e+00
  -3.1234325e+00
  -1.6250121e+00
  -1.1651636e+00
  -1.5425053e+00
  -1.8559853e+00
  -1.9688303e+00
  -8.2699440e-01
  -1.4399684e+00
  -1.3377414e+00
  -1.0645163e+00
  -1.3705782e+00
  -1.5738307e+00
  -1.8291157e+00
  -1.8495839e+00
  -1.6319813e+00
  -1.5096847e+00
  -1.5401113e+00
  -1.4977644e+00
  -1.6173895e+00
  -1.5901863e+00
  -9.0752429e-01
  -4.8613079e-01
   6.6454468e-02
   6.5359677e-01
   3.3589238e-01
  -4.3487526e-01
  -1.1491861e+00
  -1.0242389e+00
  -4.5722455e-01
   3.8421826e-01
   6.2042226e-01
   5.7844642e-01
   5.9983450e-01
   1.1730075e-01
  -1.2230068e-01
  -1.9745916e+00
  -3.5728391e+00
  -2.8493032e+00
  -2.5078255e+00
  -1.9342361e+00
  -1.9592597e+00
  -2.4457527e+00
  -1.5828573e+00
  -2.2422495e+00
  -2.1686737e+00
  -2.0450869e+00
  -2.1011248e+00
  -2.3317840e+00
  -2.6382055e+00
  -2.6396313e+00
  -2.5230800e+00
  -2.3942671e+00
  -2.3454857e+00
  -2.4407606e+00
  -2.2449026e+00
  -1.8828816e+00
  -1.6067387e+00
  -1.4933568e+00
  -1.5595139e+00
  -1.0852522e+00
   3.4871197e-01
   4.2623872e-01
  -1.2003337e+00
  -2.1441870e+00
  -1.9506817e+00
  -8.7768938e-01
  -3.6247370e-01
  -3.6521068e-01
  -2.7184900e-01
  -8.4335506e-01
  -1.0729551e+00
  -2.1210763e+00
  -3.2768514e+00
  -3.1081386e+00
  -3.2938405e+00
  -2.4344440e+00
  -1.8510163e+00
  -2.8635324e+00
  -2.7373090e+00
  -2.6356750e+00
  -2.3285167e+00
  -2.2951479e+00
  -2.3885298e+00
  -2.5732186e+00
  -2.8807430e+00
  -2.8774271e+00
  -2.7538042e+00
  -2.6312225e+00
  -2.5213437e+00
  -2.6755793e+00
  -2.4728031e+00
  -2.1328559e+00
  -1.9970355e+00
  -1.9062357e+00
  -2.2420990e+00
  -2.2205157e+00
  -2.1377087e-01
   1.0340562e+00
  -6.9068992e-01
  -2.5026553e+00
  -2.6370909e+00
  -1.7767410e+00
  -1.1027524e+00
  -1.0800347e+00
  -8.9207590e-01
  -1.2934783e+00
  -1.5264324e+00
  -2.0723953e+00
  -3.2247210e+00
  -2.9755964e+00
  -2.9482241e+00
  -2.7496057e+00
  -2.0248916e+00
  -2.8586059e+00
  -3.2586167e+00
  -2.8096550e+00
  -2.2141230e+00
  -2.1849139e+00
  -2.4241879e+00
  -2.5800791e+00
  -2.8214579e+00
  -2.8649366e+00
  -2.6890366e+00
  -2.5707412e+00
  -2.4218638e+00
  -2.5973690e+00
  -2.5076668e+00
  -2.2839551e+00
  -2.2340939e+00
  -2.0212796e+00
  -2.4340138e+00
  -3.0202873e+00
  -1.0429223e+00
   1.3226554e+00
  -8.2153454e-04
  -2.4544165e+00
  -2.9073265e+00
  -2.4111233e+00
  -1.7013911e+00
  -1.6501836e+00
  -1.3731232e+00
  -1.4734251e+00
  -1.7141721e+00
  -1.8951612e+00
  -3.1851954e+00
  -2.7595010e+00
  -2.1586981e+00
  -2.8617411e+00
  -2.2791035e+00
  -2.6473825e+00
  -3.4468839e+00
  -2.4959011e+00
  -1.6988145e+00
  -1.4108513e+00
  -1.9142288e+00
  -2.1722623e+00
  -2.1602967e+00
  -2.4152933e+00
  -2.1262299e+00
  -1.9933931e+00
  -1.8789151e+00
  -2.0009678e+00
  -2.1732837e+00
  -2.0792632e+00
  -2.1251424e+00
  -1.5343522e+00
  -1.6033134e+00
  -2.9393000e+00
  -2.1703364e+00
   6.0414067e-01
   7.1628046e-01
  -1.5865648e+00
  -2.2925343e+00
  -2.2537333e+00
  -1.8606811e+00
  -1.7645017e+00
  -1.4570053e+00
  -1.0664603e+00
  -1.3180707e+00
  -1.4556826e+00
  -2.9930829e+00
  -2.6196031e+00
  -8.9100214e-01
  -2.3693062e+00
  -2.5298409e+00
  -2.0922598e+00
  -2.9222672e+00
  -1.3926584e+00
  -8.0103600e-01
  -3.2411426e-01
  -7.1804404e-01
  -1.1755005e+00
  -9.7618341e-01
  -1.2303773e+00
  -1.1018171e+00
  -9.1667509e-01
  -8.7256765e-01
  -9.2090660e-01
  -1.1576152e+00
  -1.1551545e+00
  -1.1406883e+00
  -4.4555721e-01
  -3.0677390e-01
  -1.6007949e+00
  -2.0376959e+00
  -5.3669357e-01
   6.6532165e-01
  -1.8501547e-01
  -8.2517511e-01
  -9.6174979e-01
  -8.7729478e-01
  -8.0510420e-01
  -6.8652791e-01
  -1.9415808e-01
  -3.6763078e-01
  -6.1708128e-01
  -1.7568650e+00
  -2.0888727e+00
  -3.9589173e-01
  -9.6456558e-01
  -1.6938586e+00
  -1.2897621e+00
  -1.6106846e+00
  -2.9503310e-01
   1.1170372e-01
   5.4926932e-01
   2.3560810e-01
  -1.2263705e-01
  -2.8408051e-02
  -8.2927980e-02
   8.2584769e-03
   1.0811709e-01
   1.5628347e-01
   1.0147742e-01
  -9.2401668e-02
  -1.3426563e-01
  -1.7680367e-02
   4.2555362e-01
   5.2198046e-01
  -1.9813871e-01
  -8.2081997e-01
  -3.5358325e-01
   5.8339077e-01
   6.4532375e-01
   3.1168699e-01
   1.6584861e-01
   3.1613246e-01
   2.9110441e-01
   2.4666724e-01
   5.1944447e-01
   4.3748432e-01
   2.8840548e-01
  -3.8259453e-01
  -9.0329802e-01
  -1.0071579e-01
   8.8014126e-02
  -3.8534659e-01
  -4.0352109e-01
  -3.6578470e-01
   8.3763325e-01
   1.0674746e+00
   1.4803700e+00
   1.0617015e+00
   8.3592429e-01
   8.3992088e-01
   8.8175696e-01
   1.1712589e+00
   1.1950462e+00
   1.2249081e+00
   1.1139040e+00
   9.0712118e-01
   8.7012327e-01
   9.6542681e-01
   1.2276586e+00
   1.3310332e+00
   1.1777847e+00
   7.7306134e-01
   6.0790122e-01
   9.1285856e-01
   1.2337884e+00
   1.1907215e+00
   1.0956738e+00
   1.3151939e+00
   1.2504865e+00
   1.1352041e+00
   1.2335033e+00
   1.1974695e+00
   1.1950321e+00
   8.7394476e-01
   5.2177382e-01
   6.2624054e-01
   9.4424909e-01
   8.5509169e-01
   6.1595939e-01
   8.6272615e-01
   1.8806963e+00
   1.9241415e+00
   2.2920033e+00
   1.7791866e+00
   1.4364450e+00
   1.4753824e+00
   1.4854603e+00
   1.9729691e+00
   2.1146461e+00
   2.0698408e+00
   1.8934378e+00
   1.6107722e+00
   1.5719050e+00
   1.6044021e+00
   1.8977805e+00
   2.1232663e+00
   2.2788315e+00
   2.2102174e+00
   1.8110019e+00
   1.5924781e+00
   1.6721237e+00
   1.7139340e+00
   1.6843420e+00
   1.8332887e+00
   1.8459107e+00
   1.7745125e+00
   1.8393907e+00
   1.8046365e+00
   1.8632821e+00
   1.7652472e+00
   1.6139230e+00
   1.5969412e+00
   1.6634972e+00
   1.6483797e+00
   1.4908544e+00
   1.8275231e+00
   2.5423216e+00
   2.4100711e+00
   2.5651976e+00
   2.3423866e+00
   1.5352591e+00
   1.6259917e+00
   1.6659778e+00
   1.9454933e+00
   2.4000849e+00
   2.3000599e+00
   2.1242423e+00
   1.7845464e+00
   1.6837776e+00
   1.8259624e+00
   2.2293211e+00
   2.6121034e+00
   2.7904055e+00
   2.8753449e+00
   2.4675948e+00
   2.1090157e+00
   1.9759805e+00
   1.8612734e+00
   1.8343515e+00
   1.8282758e+00
   1.9896048e+00
   1.9920998e+00
   2.0682987e+00
   2.0514575e+00
   2.0377212e+00
   2.0963923e+00
   1.8136547e+00
   2.0675607e+00
   2.1678306e+00
   1.8127320e+00
   1.8176434e+00
   2.1782466e+00
   2.3466654e+00
   2.0924692e+00
   1.9320339e+00
   2.3451722e+00
   1.2581114e+00
   1.1239018e+00
   1.3897114e+00
   1.1973794e+00
   1.7057042e+00
   1.6929383e+00
   1.5985899e+00
   1.3033310e+00
   1.1762502e+00
   1.5454000e+00
   1.8265481e+00
   2.2424645e+00
   2.4390190e+00
   2.5658498e+00
   2.3496599e+00
   1.9674616e+00
   1.8353529e+00
   1.5937594e+00
   1.4880137e+00
   1.4856735e+00
   1.7017028e+00
   1.6636925e+00
   1.6239767e+00
   1.6915475e+00
   1.6286513e+00
   1.7259053e+00
   1.2698708e+00
   1.5110214e+00
   1.8931983e+00
   1.4450948e+00
   1.4567747e+00
   1.7317832e+00
   1.2157130e+00
   7.9914737e-01
   6.4659953e-01
   1.4439647e+00
   7.1415037e-01
   2.1888024e-01
   5.4884994e-01
   3.8430685e-01
   5.5723947e-01
   5.7817829e-01
   4.9223915e-01
   2.7939087e-01
   2.3022632e-01
   5.3313464e-01
   6.6747469e-01
   1.0510997e+00
   1.3337377e+00
   1.6066279e+00
   1.7692206e+00
   1.4117507e+00
   1.1252930e+00
   8.9758193e-01
   7.2848451e-01
   7.3782700e-01
   8.3362246e-01
   7.0293349e-01
   6.1556542e-01
   7.8441828e-01
   7.3902798e-01
   6.9697458e-01
   5.2513242e-01
   5.4161197e-01
   6.5550697e-01
   5.5269736e-01
   6.4874721e-01
   8.1318414e-01
  -1.0954323e-01
  -6.0113335e-01
  -4.5400161e-01
   3.0391040e-01
   1.2224887e-01
  -5.6229460e-01
  -5.7724464e-01
  -3.3101356e-01
  -2.4838451e-01
  -3.6853522e-01
  -6.1374491e-01
  -8.2045710e-01
  -8.6662436e-01
  -7.7293015e-01
  -4.9987084e-01
  -1.2833177e-01
   1.1036466e-01
   4.5238382e-01
   8.4414321e-01
   7.1656877e-01
   3.1686154e-01
   1.1145646e-01
  -1.0535809e-01
  -3.5091054e-01
  -5.3176016e-01
  -6.5453964e-01
  -5.2851498e-01
  -2.3457535e-01
  -2.4937935e-01
  -4.4331887e-01
  -2.6818395e-01
  -2.1159162e-01
  -5.3660679e-01
  -5.7507169e-01
  -3.6209157e-01
  -1.2232733e-01
  -8.4072942e-01
  -7.4061003e-01
  -2.2524776e-01
   3.6042839e-01
   3.2292434e-01
  -4.5802784e-01
  -1.0478371e+00
  -1.0540125e+00
  -8.7663150e-01
  -8.9306688e-01
  -1.0637456e+00
  -1.2182051e+00
  -1.2803800e+00
  -1.1955864e+00
  -9.0228343e-01
  -6.9179386e-01
  -6.3077389e-01
  -4.8513150e-01
  -2.3803762e-01
  -1.1792685e-01
  -1.8021397e-01
  -2.3650053e-01
  -4.3916912e-01
  -9.0164584e-01
  -1.3471752e+00
  -1.5263546e+00
  -1.2495573e+00
  -8.1212068e-01
  -6.3020562e-01
  -7.6547849e-01
  -7.2407222e-01
  -6.4567570e-01
  -9.0961659e-01
  -1.2095809e+00
  -1.2539012e+00
  -9.9873483e-01
  -1.0224831e+00
  -3.5606538e-01
   3.7911272e-01
   8.8221747e-01
   1.0035421e+00
   6.6454071e-01
   1.7431909e-01
  -2.6606284e-01
  -5.1086140e-01
  -6.1731070e-01
  -6.9254194e-01
  -7.6578695e-01
  -8.3315277e-01
  -8.8351225e-01
  -8.9252669e-01
  -8.7192559e-01
  -8.1401901e-01
  -7.0344925e-01
  -5.7075298e-01
  -4.3694248e-01
  -3.5260755e-01
  -3.4623161e-01
  -4.6086031e-01
  -6.9975048e-01
  -9.3358243e-01
  -1.0422363e+00
  -9.1195834e-01
  -6.5516049e-01
  -4.2226016e-01
  -3.6785749e-01
  -4.6336550e-01
  -6.9033347e-01
  -1.0321144e+00
  -1.3641812e+00
  -1.5581969e+00
  -1.4280850e+00
