   0.0000000e+00
   0.0000000e+00
   0.0000000e+00
   0.0000000e+00
   0.0000000e+00
   0.0000000e+00
   0.0000000e+00
   0.0000000e+00
   0.0000000e+00
   0.0000000e+00
   0.0000000e+00
   0.0000000e+00
   0.0000000e+00
   0.0000000e+00
   0.0000000e+00
   0.0000000e+00
   0.0000000e+00
   5.6135750e-02
   1.9668439e-02
   6.6046370e-03
  -3.8366155e-03
  -1.2943269e-02
  -0.0000000e+00
  -0.0000000e+00
  -0.0000000e+00
  -0.0000000e+00
  -0.0000000e+00
  -0.0000000e+00
   0.0000000e+00
   0.0000000e+00
   3.3372876e-02
   1.9972106e-02
   1.4651397e-02
   1.3523940e-03
   0.0000000e+00
   0.0000000e+00
   4.5237284e-04
  -6.8064863e-04
   4.4317482e-04
  -5.7805039e-03
  -5.2420740e-03
   2.0134893e-02
   4.5544615e-02
   1.4517160e-02
   0.0000000e+00
   0.0000000e+00
   0.0000000e+00
   0.0000000e+00
   0.0000000e+00
   0.0000000e+00
   8.8816050e-03
   1.3029507e-02
   3.5567862e-02
   1.1662226e-02
   3.3973543e-03
  -3.1742981e-03
  -7.2016621e-03
  -1.3838858e-02
  -1.8861074e-02
  -1.7046812e-02
  -1.4558257e-02
  -1.3120088e-02
  -1.2298534e-02
  -1.8537349e-02
  -2.1490921e-02
   1.5302330e-02
   7.9347496e-05
   7.9935372e-03
   1.0751006e-02
   1.2277573e-02
   1.0309096e-02
   4.5719531e-03
  -1.6346003e-02
  -2.1130198e-02
  -2.2127823e-02
  -1.7792621e-02
  -8.0532741e-03
   3.1908638e-03
   1.0441738e-02
   7.9477107e-03
   4.5050820e-03
  -1.0865082e-02
  -2.8432820e-02
  -3.8674786e-02
  -3.3638637e-02
  -2.5994796e-02
  -1.8856844e-02
  -1.0500947e-02
  -6.9125235e-03
  -1.3500351e-02
  -1.6571130e-02
  -1.1016233e-02
  -1.2160118e-02
  -2.3251359e-02
  -2.8754673e-02
  -3.0457538e-02
  -2.8148093e-02
  -2.5339631e-02
  -2.6493134e-02
  -3.1176106e-02
  -3.3631567e-02
  -9.2035635e-03
  -4.0591257e-04
   6.5626789e-04
   1.4422200e-03
   2.5131090e-04
  -3.5803209e-03
  -9.1794528e-03
  -3.4048955e-02
  -3.9454743e-02
  -3.8200304e-02
  -3.0892952e-02
  -1.8285669e-02
  -5.6357819e-03
  -5.7493962e-03
  -1.2690353e-03
  -4.3115752e-03
  -3.9146371e-02
  -5.7859100e-02
  -5.4697757e-02
  -4.5522149e-02
  -4.3325770e-02
  -2.2932774e-02
  -1.6835335e-02
  -1.8426170e-02
  -1.7891508e-02
  -1.4559066e-02
  -6.3866357e-03
  -1.2461820e-02
  -2.8639464e-02
  -3.4812220e-02
  -3.5710905e-02
  -3.3794347e-02
  -3.2275301e-02
  -3.3333589e-02
  -3.9628741e-02
  -5.6649585e-02
   0.0000000e+00
   2.6829556e-03
  -4.7394455e-03
  -7.0780952e-03
  -1.2367244e-02
  -2.0121576e-02
  -2.7286993e-02
  -3.6381147e-02
  -3.7739592e-02
  -3.2518668e-02
  -2.4253826e-02
  -1.4454500e-02
  -2.3348178e-03
  -1.9959344e-03
   1.1257542e-02
  -1.3323967e-02
  -4.7991458e-02
  -5.2816751e-02
  -4.0287903e-02
  -3.6816063e-02
  -3.6025657e-02
  -4.9973295e-03
  -8.0534278e-03
  -1.0043929e-02
  -1.4878731e-02
  -3.1932494e-03
  -2.7084536e-03
  -1.5833439e-02
  -2.9748731e-02
  -3.3571196e-02
  -3.4019757e-02
  -3.2135198e-02
  -3.0911885e-02
  -2.8646713e-02
  -2.8107357e-02
  -5.2856849e-02
   0.0000000e+00
  -8.4217895e-03
  -9.8588874e-03
  -1.4025187e-02
  -2.1234319e-02
  -2.7983474e-02
  -3.2502727e-02
  -2.0876022e-02
  -1.8419402e-02
  -1.1511098e-02
  -5.9910600e-03
  -2.0449808e-03
   6.3354218e-03
   7.0472775e-03
   3.8924153e-04
  -2.5652954e-02
  -2.6243276e-02
   0.0000000e+00
  -0.0000000e+00
  -0.0000000e+00
   0.0000000e+00
   0.0000000e+00
   4.3154602e-03
  -4.7601238e-03
  -7.3807245e-03
  -1.9809535e-03
  -1.0055186e-02
  -1.8714979e-02
  -2.5035384e-02
  -2.6753563e-02
  -2.7420952e-02
  -2.6432385e-02
  -2.4099557e-02
  -1.9782802e-02
  -1.1210382e-02
  -1.7214525e-02
  -0.0000000e+00
  -1.2251675e-02
  -1.1327001e-02
  -1.8627277e-02
  -2.4744104e-02
  -2.7404755e-02
  -2.4987974e-02
   6.0669840e-03
  -1.4525167e-03
   2.6038854e-03
  -4.8806417e-03
  -5.1166952e-03
  -5.6190694e-04
   3.9973488e-05
  -7.4401507e-03
  -8.3132420e-03
   1.1909484e-02
   0.0000000e+00
   0.0000000e+00
   0.0000000e+00
   0.0000000e+00
   0.0000000e+00
   9.4654758e-03
  -4.1290052e-03
  -3.6636584e-03
  -4.9437933e-03
  -1.1906893e-02
  -1.3677166e-02
  -1.5922005e-02
  -1.7083417e-02
  -1.9210494e-02
  -1.9672554e-02
  -1.6093630e-02
  -1.1104245e-02
   4.9311296e-03
   1.8406548e-02
   0.0000000e+00
  -1.0656832e-02
  -1.5887517e-02
  -2.4181845e-02
  -2.5146180e-02
  -2.0305239e-02
  -8.4846037e-03
   4.6354911e-02
   0.0000000e+00
  -4.4523287e-03
  -1.1359260e-02
  -1.0622283e-02
  -2.8985090e-03
   2.7017717e-03
   7.1568940e-03
   1.8096586e-02
   4.3330831e-02
   0.0000000e+00
   0.0000000e+00
   0.0000000e+00
   0.0000000e+00
   0.0000000e+00
   9.9454396e-03
  -3.2030944e-03
  -2.1602041e-03
  -5.2039724e-03
  -4.0011990e-03
  -2.9245003e-03
  -4.2259321e-03
  -6.8060187e-03
  -1.1237741e-02
  -1.1836931e-02
  -8.7708832e-03
  -2.7370598e-03
   1.8411364e-02
   3.9062521e-02
   0.0000000e+00
  -0.0000000e+00
  -2.2966637e-02
  -3.2127479e-02
  -2.1925370e-02
  -7.2067463e-03
   1.3274146e-02
   6.9159461e-02
   0.0000000e+00
  -0.0000000e+00
  -8.4461003e-03
  -8.8035528e-03
   3.7794942e-03
   1.3423990e-02
   2.1985572e-02
   3.3614419e-02
   5.4528887e-02
   0.0000000e+00
   0.0000000e+00
   0.0000000e+00
   0.0000000e+00
   0.0000000e+00
   1.4169954e-02
   1.0573926e-03
   1.1254156e-03
   1.6524500e-03
   5.5064530e-03
   5.7461405e-03
   3.4071803e-03
  -1.6807914e-03
  -6.9377130e-03
  -7.6409113e-03
  -4.7197807e-03
   3.1100202e-03
   2.5915336e-02
   4.1657399e-02
   0.0000000e+00
   0.0000000e+00
  -2.8591422e-02
  -3.6127230e-02
  -1.4208912e-02
   3.2626159e-03
   3.1639180e-02
   6.6953733e-02
   0.0000000e+00
  -0.0000000e+00
  -5.2592678e-03
  -6.1783854e-03
   1.4913162e-02
   2.6928591e-02
   3.6305900e-02
   4.5572084e-02
   5.3060376e-02
   2.5344743e-02
   1.2549390e-02
   0.0000000e+00
   0.0000000e+00
   2.5423003e-02
   1.0202255e-02
   8.6369473e-03
   7.4992629e-03
   1.0358607e-02
   1.3249673e-02
   1.1777588e-02
   5.6606472e-03
  -2.6579748e-03
  -6.7303201e-03
  -6.1625321e-03
  -1.2133671e-03
   9.8708228e-03
   3.3465636e-02
   5.1096840e-02
   0.0000000e+00
   0.0000000e+00
  -0.0000000e+00
  -4.0341405e-02
  -5.7031124e-03
   1.3183314e-02
   5.0871923e-02
   9.0433158e-02
   0.0000000e+00
  -0.0000000e+00
  -1.0477146e-02
   8.5400892e-03
   2.4209329e-02
   3.7129297e-02
   4.8201650e-02
   5.3492857e-02
   4.9453787e-02
   2.4984726e-02
   7.7808647e-03
   0.0000000e+00
   0.0000000e+00
   2.4292367e-02
   1.1609282e-02
   1.1801714e-02
   1.0046421e-02
   1.3312160e-02
   1.4256144e-02
   9.8299613e-03
   1.7774206e-04
  -7.2169830e-03
  -8.2803644e-03
  -5.0397148e-03
   2.5623547e-03
   1.6637045e-02
   4.2099221e-02
   4.4397618e-02
   0.0000000e+00
   0.0000000e+00
   0.0000000e+00
  -3.6695105e-02
  -7.5261667e-04
   2.1237807e-02
   6.6028004e-02
   7.9435066e-02
   0.0000000e+00
  -0.0000000e+00
  -1.5190391e-02
   2.8969462e-02
   3.5028744e-02
   4.9741816e-02
   6.1951134e-02
   5.8387285e-02
   4.4047597e-02
   2.1842777e-02
   6.8520876e-03
   1.0868666e-02
   7.5885892e-03
   2.1713099e-02
   1.1950363e-02
   7.5655141e-03
   7.5081249e-03
   1.0179344e-02
   8.4799141e-03
   1.1724605e-03
  -7.4672740e-03
  -9.6198698e-03
  -6.4473674e-03
  -1.1147297e-04
   1.0005802e-02
   2.6746358e-02
   5.0619570e-02
   4.1401070e-02
   0.0000000e+00
   0.0000000e+00
   0.0000000e+00
  -2.3876976e-02
   6.8849992e-03
   3.3373391e-02
   7.3506954e-02
   5.8316706e-02
   0.0000000e+00
   0.0000000e+00
  -0.0000000e+00
   4.2116808e-02
   4.3410349e-02
   5.8023852e-02
   6.6689416e-02
   5.2727703e-02
   3.2716170e-02
   1.4086097e-02
   5.7021019e-03
   5.9948995e-03
   2.2016886e-03
   1.4219400e-02
   3.3648878e-03
  -1.2994537e-03
   5.1659238e-04
   1.9397020e-03
  -7.2947075e-04
  -6.3795652e-03
  -8.8357808e-03
  -5.9428226e-03
  -1.0042158e-04
   7.4287817e-03
   1.8260516e-02
   3.5322628e-02
   5.4517238e-02
   0.0000000e+00
   0.0000000e+00
   0.0000000e+00
   0.0000000e+00
  -6.5385813e-03
   1.9151021e-02
   4.4540862e-02
   6.6932764e-02
   4.3477639e-02
   0.0000000e+00
   0.0000000e+00
   0.0000000e+00
   4.3591250e-02
   4.5360937e-02
   5.5924379e-02
   5.5782285e-02
   3.3790132e-02
   1.4022912e-02
   1.8157444e-03
  -1.2788984e-03
  -2.3313425e-03
  -1.3683568e-04
   3.1144878e-03
  -7.4115930e-03
  -9.6793940e-03
  -7.6092714e-03
  -6.4423922e-03
  -7.2362825e-03
  -8.1779045e-03
  -5.8386657e-03
  -1.7769368e-04
   6.6563636e-03
   1.4122185e-02
   2.3737433e-02
   3.6994482e-02
   4.0582000e-02
   0.0000000e+00
   0.0000000e+00
   0.0000000e+00
   0.0000000e+00
   1.0560514e-02
   2.9519081e-02
   4.7075504e-02
   5.4168096e-02
   2.6675421e-02
   0.0000000e+00
   0.0000000e+00
   0.0000000e+00
   4.1117526e-02
   4.0577491e-02
   4.2657588e-02
   3.3889743e-02
   9.1720251e-03
  -6.4469348e-03
  -1.1233058e-02
  -1.0953010e-02
  -1.1359724e-02
  -1.0190690e-02
  -1.0390935e-02
  -1.5642556e-02
  -1.6008455e-02
  -1.5023173e-02
  -1.3892332e-02
  -1.2467524e-02
  -9.8502536e-03
  -5.2737172e-03
   2.0248788e-03
   9.7392198e-03
   1.7333560e-02
   2.4500598e-02
   3.0841461e-02
   3.1565146e-02
   0.0000000e+00
   0.0000000e+00
   0.0000000e+00
   0.0000000e+00
   0.0000000e+00
   3.4817958e-02
   4.2485370e-02
   3.9311561e-02
   1.4671412e-02
   0.0000000e+00
   0.0000000e+00
   0.0000000e+00
   3.0353523e-02
   3.0753458e-02
   2.6278715e-02
   1.6599575e-02
  -6.1197136e-03
  -1.6329432e-02
  -1.5104467e-02
  -1.5491439e-02
  -1.6870863e-02
  -1.8560850e-02
  -2.0192367e-02
  -2.3340305e-02
  -2.4094502e-02
  -2.3926729e-02
  -2.3308447e-02
  -2.1813628e-02
  -1.9062027e-02
  -1.4303572e-02
  -7.1005684e-03
   3.2941530e-04
   6.6556743e-03
   1.0338808e-02
   1.1585065e-02
   1.0004538e-02
   0.0000000e+00
   0.0000000e+00
   0.0000000e+00
   0.0000000e+00
   0.0000000e+00
   3.6213893e-02
   3.8281013e-02
   2.9531228e-02
   0.0000000e+00
   0.0000000e+00
   0.0000000e+00
   0.0000000e+00
   1.6749001e-02
   1.9082227e-02
   1.3771505e-02
   1.2236650e-02
  -9.3334288e-03
  -1.5709092e-02
  -1.1762566e-02
  -1.5896055e-02
  -1.7893836e-02
  -2.1146778e-02
  -2.3927006e-02
  -2.7157038e-02
  -2.8350744e-02
  -2.7822743e-02
  -2.7163960e-02
  -2.6670045e-02
  -2.5498380e-02
  -2.2576566e-02
  -1.7904761e-02
  -1.3639445e-02
  -1.2193044e-02
  -1.6342259e-02
  -2.0591162e-02
  -1.7936124e-02
   0.0000000e+00
   0.0000000e+00
   0.0000000e+00
   0.0000000e+00
   3.6093670e-02
   3.4765116e-02
   3.5595661e-02
   2.4016324e-02
   0.0000000e+00
   0.0000000e+00
   0.0000000e+00
   0.0000000e+00
   9.0965361e-03
   5.5345155e-03
   2.5567935e-03
   2.0326969e-02
  -4.9129642e-03
  -1.3746161e-02
  -1.1236497e-02
  -1.1843576e-02
  -1.0559520e-02
  -1.2498708e-02
  -1.4477490e-02
  -1.6382966e-02
  -1.6548212e-02
  -1.5176517e-02
  -1.3918107e-02
  -1.3929720e-02
  -1.4232267e-02
  -1.3778370e-02
  -1.2639555e-02
  -1.2154446e-02
  -1.4594240e-02
  -2.4131609e-02
  -3.6136072e-02
  -3.3258867e-02
   0.0000000e+00
   0.0000000e+00
   0.0000000e+00
  -1.1596855e-02
   2.6332124e-02
   2.4332533e-02
   2.6449420e-02
   1.6716153e-02
   0.0000000e+00
   0.0000000e+00
   0.0000000e+00
   0.0000000e+00
   1.6311066e-02
  -7.0953734e-03
  -2.2432520e-02
   4.6536049e-02
   4.9899422e-03
  -9.1383093e-03
   0.0000000e+00
  -1.0734941e-03
  -1.0803253e-04
  -1.1606472e-03
  -2.9893488e-03
  -4.8593630e-03
  -5.7999793e-03
  -4.6150732e-03
  -1.5889753e-03
   9.9513075e-04
   1.8187536e-03
   1.7732867e-03
   1.3417817e-03
   1.8720818e-04
  -2.7655955e-03
  -1.3783292e-02
  -3.5022006e-02
  -3.9137994e-02
   0.0000000e+00
   0.0000000e+00
  -0.0000000e+00
  -1.1998559e-02
   7.1836463e-03
   5.9624704e-03
   0.0000000e+00
   0.0000000e+00
   0.0000000e+00
   0.0000000e+00
   0.0000000e+00
   0.0000000e+00
   0.0000000e+00
  -1.2577447e-02
  -2.0471980e-02
   4.9080114e-02
   1.1448734e-02
  -4.9325774e-03
   0.0000000e+00
   4.8617736e-03
  -2.3346077e-04
  -2.1856116e-03
  -5.0323788e-03
  -8.1087966e-03
  -1.0705958e-02
  -1.1031698e-02
  -7.0782549e-03
   8.9513245e-04
   7.7987570e-03
   1.1504669e-02
   1.2499941e-02
   1.1646819e-02
   9.1215479e-03
  -2.4863888e-03
  -4.0877685e-02
  -4.4749530e-02
   0.0000000e+00
   0.0000000e+00
  -0.0000000e+00
  -2.2609145e-02
  -1.2328916e-02
  -6.4687863e-03
   0.0000000e+00
   0.0000000e+00
   0.0000000e+00
   0.0000000e+00
   0.0000000e+00
   0.0000000e+00
   0.0000000e+00
  -1.2045093e-02
  -1.7849452e-02
   3.5907212e-02
   1.4703730e-02
  -2.6210041e-03
   0.0000000e+00
   6.1888613e-03
  -7.2930548e-03
  -1.1203171e-02
  -1.6591484e-02
  -2.2665175e-02
  -2.8942560e-02
  -3.3297590e-02
  -3.3508175e-02
  -2.6057467e-02
  -1.3370699e-02
  -1.7279669e-03
   5.9142664e-03
   1.0941079e-02
   1.4422343e-02
   1.2090164e-02
  -4.3213679e-02
  -4.1846053e-02
  -2.6722087e-02
  -2.6987711e-02
  -3.4044409e-02
  -3.8253058e-02
  -2.9180329e-02
  -1.1781197e-02
   0.0000000e+00
   0.0000000e+00
   0.0000000e+00
   0.0000000e+00
   0.0000000e+00
   0.0000000e+00
   0.0000000e+00
  -1.1821679e-02
   0.0000000e+00
   0.0000000e+00
   1.3319223e-02
   0.0000000e+00
   0.0000000e+00
   4.6083048e-03
  -1.1623805e-02
  -1.5068894e-02
  -2.2037763e-02
  -3.1319696e-02
  -4.2036475e-02
  -5.1138051e-02
  -5.7692218e-02
  -5.9050380e-02
  -5.1667720e-02
  -3.7280690e-02
  -2.2085686e-02
  -8.2079183e-03
   4.6389203e-03
   1.3247681e-02
  -3.9703620e-02
  -4.9506139e-02
  -3.3352215e-02
  -3.4052859e-02
  -4.0913291e-02
  -4.7988997e-02
  -4.4591883e-02
  -2.1083293e-02
   0.0000000e+00
   0.0000000e+00
   0.0000000e+00
   0.0000000e+00
   0.0000000e+00
   0.0000000e+00
   0.0000000e+00
  -1.0813348e-02
   0.0000000e+00
   0.0000000e+00
   0.0000000e+00
   0.0000000e+00
   0.0000000e+00
   2.1844723e-03
  -1.0590250e-02
  -1.1097197e-02
  -1.5982479e-02
  -2.5800703e-02
  -3.8208483e-02
  -5.0096720e-02
  -6.0225765e-02
  -6.6994598e-02
  -6.7358847e-02
  -6.0008467e-02
  -4.5994834e-02
  -2.9158870e-02
  -8.2215589e-03
   1.5924931e-03
  -5.2740376e-02
  -3.8323242e-02
  -2.8675765e-02
  -3.0540180e-02
  -3.7522497e-02
  -5.0379396e-02
  -6.3004309e-02
  -4.2646797e-02
   0.0000000e+00
   0.0000000e+00
   0.0000000e+00
   0.0000000e+00
   0.0000000e+00
   0.0000000e+00
  -0.0000000e+00
  -1.1009307e-02
   0.0000000e+00
   0.0000000e+00
   0.0000000e+00
   0.0000000e+00
   0.0000000e+00
  -1.2169989e-03
  -8.7038643e-03
  -7.4582091e-03
  -7.3725523e-03
  -1.4461548e-02
  -2.5441768e-02
  -3.7299008e-02
  -4.7992813e-02
  -5.5150942e-02
  -5.6669068e-02
  -5.4272025e-02
  -4.8119267e-02
  -3.8349759e-02
  -1.5551905e-02
  -1.1953853e-03
  -9.7410203e-03
  -2.4036217e-02
  -1.6658386e-02
  -1.8196190e-02
  -2.7864532e-02
  -4.6613236e-02
  -7.6408348e-02
  -9.2753014e-02
   0.0000000e+00
   0.0000000e+00
   0.0000000e+00
   0.0000000e+00
   0.0000000e+00
   0.0000000e+00
  -0.0000000e+00
  -9.3742217e-03
   0.0000000e+00
   0.0000000e+00
   0.0000000e+00
   0.0000000e+00
   0.0000000e+00
  -1.1240395e-02
  -9.4143459e-03
  -1.4799508e-03
   9.4986105e-04
  -1.2230995e-03
  -9.6195279e-03
  -2.0590126e-02
  -3.0999587e-02
  -3.7469717e-02
  -3.8223629e-02
  -3.6818651e-02
  -3.6938990e-02
  -3.7880057e-02
  -1.8975779e-02
  -2.0494133e-03
   0.0000000e+00
  -1.5173941e-02
  -9.7561558e-03
  -7.9280482e-03
  -1.6301929e-02
  -3.6836030e-02
  -7.3106175e-02
  -9.9447042e-02
   0.0000000e+00
   0.0000000e+00
   0.0000000e+00
   0.0000000e+00
   0.0000000e+00
   0.0000000e+00
  -0.0000000e+00
  -1.5149370e-02
   0.0000000e+00
   0.0000000e+00
   0.0000000e+00
   0.0000000e+00
   0.0000000e+00
  -2.8392702e-02
  -1.7160829e-02
   4.3751855e-03
   9.1127017e-03
   1.1637298e-02
   6.1737903e-03
  -4.8726839e-03
  -1.6922253e-02
  -2.5299435e-02
  -2.6802419e-02
  -2.6814420e-02
  -3.1835739e-02
  -3.9561361e-02
  -2.8308858e-02
   0.0000000e+00
   0.0000000e+00
  -1.1009443e-02
  -8.4770773e-03
  -3.6800652e-03
  -8.0268916e-03
  -2.5416783e-02
  -5.9564831e-02
  -8.8492763e-02
   0.0000000e+00
   0.0000000e+00
   0.0000000e+00
  -1.9282990e-02
   1.3125313e-09
   0.0000000e+00
  -3.8414087e-02
  -1.6819920e-02
   0.0000000e+00
   0.0000000e+00
   0.0000000e+00
   0.0000000e+00
   0.0000000e+00
  -0.0000000e+00
  -2.0673502e-02
   8.3035533e-03
   1.8304295e-02
   2.2603769e-02
   1.7884128e-02
   5.5789169e-03
  -8.5279878e-03
  -1.8394250e-02
  -1.9864736e-02
  -2.0447371e-02
  -3.0426827e-02
  -4.4274523e-02
  -3.6696132e-02
   0.0000000e+00
  -0.0000000e+00
  -7.8090796e-03
  -8.3994723e-03
  -2.0029288e-03
  -3.1512066e-03
  -1.5472439e-02
  -4.7067015e-02
  -8.5426302e-02
   3.9682328e-09
   0.0000000e+00
  -0.0000000e+00
  -1.2754945e-02
  -1.5508970e-02
  -2.8303542e-02
   0.0000000e+00
   0.0000000e+00
   0.0000000e+00
   0.0000000e+00
   0.0000000e+00
   0.0000000e+00
   0.0000000e+00
  -0.0000000e+00
  -1.8278317e-02
   2.2745257e-04
   2.7061912e-02
   3.9647694e-02
   3.4472739e-02
   1.8582540e-02
   2.0807094e-04
  -1.1458724e-02
  -1.1059187e-02
  -8.6239757e-03
  -2.3622514e-02
  -4.6097938e-02
  -3.3682635e-02
   0.0000000e+00
   0.0000000e+00
   0.0000000e+00
   8.8893092e-04
   2.3185342e-03
   2.2558181e-03
  -3.9719900e-03
  -2.9955014e-02
  -7.1102824e-02
  -3.2221272e-02
  -9.8585799e-03
  -9.2197453e-03
  -1.0410178e-02
  -0.0000000e+00
  -2.8303542e-02
   0.0000000e+00
   0.0000000e+00
   0.0000000e+00
   0.0000000e+00
   0.0000000e+00
   0.0000000e+00
   0.0000000e+00
   0.0000000e+00
  -0.0000000e+00
  -1.6599624e-02
   1.8350100e-02
   4.3808793e-02
   4.5210861e-02
   2.8663013e-02
   6.6324366e-03
  -6.4677680e-03
  -3.9078182e-03
   3.4099770e-03
  -1.2898506e-02
  -4.6393000e-02
   0.0000000e+00
   0.0000000e+00
   0.0000000e+00
   0.0000000e+00
   0.0000000e+00
   9.3688116e-03
   9.0985071e-03
   4.8422445e-03
  -1.6019175e-02
  -6.2121632e-02
  -2.1212501e-02
  -1.8183828e-02
  -8.7395119e-03
   0.0000000e+00
  -0.0000000e+00
  -1.1198109e-02
  -6.4955510e-03
  -1.5712520e-02
   0.0000000e+00
   0.0000000e+00
   0.0000000e+00
   0.0000000e+00
   0.0000000e+00
   0.0000000e+00
   0.0000000e+00
  -0.0000000e+00
  -1.4593022e-02
   2.3586709e-02
   3.9429153e-02
   3.1578899e-02
   1.2931205e-02
   2.1619670e-05
   5.7089316e-03
   1.8380043e-02
   4.8667990e-03
  -3.1366799e-02
   0.0000000e+00
   0.0000000e+00
   0.0000000e+00
   0.0000000e+00
   0.0000000e+00
   1.0052686e-02
   2.1287624e-02
   1.5614327e-02
   7.0096714e-04
  -4.2336231e-02
   0.0000000e+00
  -0.0000000e+00
  -0.0000000e+00
   0.0000000e+00
  -0.0000000e+00
  -8.9078580e-03
  -2.0114259e-03
  -1.5712521e-02
   0.0000000e+00
   0.0000000e+00
   0.0000000e+00
   0.0000000e+00
   0.0000000e+00
   0.0000000e+00
   0.0000000e+00
  -0.0000000e+00
  -4.0241887e-02
   9.4292389e-03
   3.7584265e-02
   3.6569933e-02
   1.9804149e-02
   6.9208707e-03
   1.4247635e-02
   3.0543387e-02
   2.3705863e-02
   5.8746252e-03
   0.0000000e+00
   0.0000000e+00
   0.0000000e+00
   0.0000000e+00
   0.0000000e+00
   0.0000000e+00
   0.0000000e+00
   1.5368589e-02
   1.2296680e-02
  -1.6354433e-02
  -1.7101908e-02
   0.0000000e+00
   0.0000000e+00
   0.0000000e+00
   0.0000000e+00
  -0.0000000e+00
   0.0000000e+00
   0.0000000e+00
   0.0000000e+00
   0.0000000e+00
   0.0000000e+00
   0.0000000e+00
   0.0000000e+00
   0.0000000e+00
   0.0000000e+00
  -0.0000000e+00
  -6.8447874e-02
  -7.4893615e-03
   3.1894470e-02
   3.8525180e-02
   2.4725935e-02
   1.1574492e-02
   1.9996352e-02
   3.8588758e-02
   3.7931025e-02
   3.0782742e-02
   0.0000000e+00
   0.0000000e+00
   0.0000000e+00
   0.0000000e+00
   0.0000000e+00
   0.0000000e+00
  -0.0000000e+00
  -2.3166722e-03
   1.5166500e-02
   2.9072067e-03
  -2.2957640e-02
   0.0000000e+00
   0.0000000e+00
   0.0000000e+00
   0.0000000e+00
   0.0000000e+00
   0.0000000e+00
   0.0000000e+00
   0.0000000e+00
   0.0000000e+00
   0.0000000e+00
   0.0000000e+00
   0.0000000e+00
   0.0000000e+00
   0.0000000e+00
  -0.0000000e+00
  -7.7406121e-02
  -3.0514862e-02
   1.3497101e-02
   2.8692840e-02
   2.4490156e-02
   6.9649096e-03
   1.0197701e-02
   3.4617079e-02
   4.5687909e-02
   3.5666808e-02
   0.0000000e+00
   0.0000000e+00
   0.0000000e+00
   0.0000000e+00
   0.0000000e+00
   0.0000000e+00
  -0.0000000e+00
  -7.4379558e-03
   1.3968355e-02
   1.8140804e-02
   0.0000000e+00
  -5.7893948e-03
   0.0000000e+00
   0.0000000e+00
   0.0000000e+00
   0.0000000e+00
   0.0000000e+00
   0.0000000e+00
   0.0000000e+00
   0.0000000e+00
   0.0000000e+00
   0.0000000e+00
   0.0000000e+00
   0.0000000e+00
   0.0000000e+00
  -0.0000000e+00
  -2.1896317e-02
  -7.0210389e-02
  -2.1798418e-02
   1.1807843e-02
   2.6164490e-02
  -2.2612969e-03
  -0.0000000e+00
   1.8425354e-02
   4.1943017e-02
   0.0000000e+00
   0.0000000e+00
   0.0000000e+00
   0.0000000e+00
   0.0000000e+00
   0.0000000e+00
  -0.0000000e+00
  -1.4749161e-02
  -1.9793437e-02
  -8.0814611e-03
   2.2608907e-03
   5.5050303e-03
   5.7387207e-03
   1.0364680e-02
   0.0000000e+00
   0.0000000e+00
   0.0000000e+00
   0.0000000e+00
   0.0000000e+00
   0.0000000e+00
   0.0000000e+00
   0.0000000e+00
   0.0000000e+00
   0.0000000e+00
   0.0000000e+00
   0.0000000e+00
   0.0000000e+00
   0.0000000e+00
   0.0000000e+00
   0.0000000e+00
  -0.0000000e+00
   0.0000000e+00
   0.0000000e+00
   0.0000000e+00
   0.0000000e+00
   0.0000000e+00
   0.0000000e+00
   0.0000000e+00
   0.0000000e+00
   0.0000000e+00
   0.0000000e+00
   0.0000000e+00
  -0.0000000e+00
  -7.5716210e-03
   0.0000000e+00
   0.0000000e+00
  -0.0000000e+00
  -2.5872515e-02
  -8.3528518e-03
  -8.6417432e-03
  -0.0000000e+00
  -0.0000000e+00
  -0.0000000e+00
   0.0000000e+00
   0.0000000e+00
   0.0000000e+00
   0.0000000e+00
   0.0000000e+00
   0.0000000e+00
  -0.0000000e+00
   0.0000000e+00
   0.0000000e+00
   0.0000000e+00
   0.0000000e+00
   0.0000000e+00
   0.0000000e+00
   0.0000000e+00
   0.0000000e+00
  -0.0000000e+00
  -0.0000000e+00
   0.0000000e+00
  -0.0000000e+00
  -0.0000000e+00
  -0.0000000e+00
  -0.0000000e+00
  -0.0000000e+00
  -0.0000000e+00
  -0.0000000e+00
  -0.0000000e+00
  -2.0715413e-02
  -0.0000000e+00
  -0.0000000e+00
  -0.0000000e+00
  -0.0000000e+00
  -1.9036896e-02
