  0.6632  0.6631  0.6640  0.6641  0.6637  0.6642  0.6649  0.6645  0.6634  0.6627  0.6634  0.6647  0.6651  0.6649  0.6639  0.6623  0.6618  0.6628  0.6634  0.6632  0.6633  0.6643  0.6653  0.6653  0.6649  0.6647  0.6649  0.6652  0.6645  0.6635  0.6620  0.6601  0.6598  0.6610  0.6622  0.6631
  0.6516  0.6523  0.6579  0.6602  0.6584  0.6575  0.6589  0.6581  0.6542  0.6537  0.6550  0.6559  0.6546  0.6562  0.6571  0.6542  0.6557  0.6587  0.6587  0.6573  0.6549  0.6564  0.6585  0.6566  0.6561  0.6562  0.6570  0.6593  0.6597  0.6572  0.6538  0.6524  0.6522  0.6498  0.6518  0.6545
  0.6366  0.6315  0.6338  0.6389  0.6435  0.6454  0.6452  0.6458  0.6493  0.6506  0.6484  0.6475  0.6405  0.6347  0.6323  0.6147  0.5937  0.5715  0.5858  0.6309  0.6410  0.6440  0.6477  0.6473  0.6519  0.6536  0.6537  0.6538  0.6540  0.6504  0.6387  0.6388  0.6370  0.6175  0.6210  0.6389
  0.6017  0.5831  0.5675  0.5721  0.5777  0.5962  0.5986  0.5936  0.6048  0.6067  0.6063  0.6077  0.6023  0.5841  0.5751  0.5623  0.5284  0.4777  0.4680  0.5337  0.5790  0.5884  0.6028  0.6106  0.6164  0.6188  0.6196  0.6161  0.6093  0.6038  0.5709  0.5620  0.5713  0.5517  0.5508  0.5862
  0.5259  0.5148  0.5026  0.5081  0.4990  0.5202  0.5296  0.5194  0.5263  0.5290  0.5368  0.5301  0.5288  0.5251  0.5072  0.4985  0.4519  0.4111  0.4017  0.4247  0.4804  0.5098  0.5273  0.5397  0.5414  0.5449  0.5450  0.5424  0.5346  0.5230  0.4983  0.4745  0.4857  0.4976  0.4911  0.5017
  0.4274  0.4246  0.4259  0.4281  0.4215  0.4201  0.4335  0.4441  0.4454  0.4475  0.4518  0.4462  0.4284  0.4273  0.4138  0.4019  0.3859  0.3592  0.3664  0.3862  0.3597  0.4025  0.4292  0.4394  0.4451  0.4434  0.4436  0.4411  0.4445  0.4234  0.4097  0.3870  0.3845  0.4155  0.4043  0.4044
  0.3395  0.3337  0.3472  0.3498  0.3561  0.3362  0.3409  0.3671  0.3620  0.3656  0.3608  0.3606  0.3456  0.3348  0.3344  0.3290  0.3333  0.3063  0.3146  0.3875  0.3171  0.3113  0.3413  0.3435  0.3528  0.3482  0.3518  0.3504  0.3564  0.3442  0.3358  0.3251  0.3210  0.3435  0.3299  0.3308
  0.2791  0.2782  0.3039  0.3081  0.3077  0.2936  0.2929  0.3132  0.3055  0.3070  0.3041  0.3001  0.2972  0.2870  0.2861  0.2855  0.2821  0.2656  0.2628  0.3597  0.3465  0.2743  0.2875  0.2903  0.2936  0.2970  0.2973  0.3030  0.3024  0.2894  0.2923  0.2908  0.2903  0.2932  0.2848  0.2866
  0.2419  0.2542  0.2892  0.2871  0.2728  0.2710  0.2710  0.2797  0.2762  0.2715  0.2724  0.2679  0.2589  0.2588  0.2632  0.2577  0.2423  0.2414  0.2371  0.3199  0.3580  0.2648  0.2573  0.2667  0.2639  0.2745  0.2683  0.2761  0.2735  0.2459  0.2780  0.2754  0.2599  0.2533  0.2530  0.2571
  0.2260  0.2448  0.2804  0.2660  0.2514  0.2508  0.2511  0.2540  0.2582  0.2493  0.2441  0.2513  0.2202  0.2286  0.2584  0.2476  0.2237  0.2286  0.2460  0.3064  0.3144  0.2532  0.2404  0.2521  0.2521  0.2592  0.2524  0.2491  0.2531  0.2179  0.2888  0.2735  0.2264  0.2253  0.2316  0.2386
  0.2346  0.2316  0.2519  0.2422  0.2394  0.2339  0.2282  0.2354  0.2407  0.2385  0.2260  0.2338  0.2069  0.2106  0.2305  0.2662  0.2297  0.2071  0.2749  0.3326  0.2730  0.2356  0.2377  0.2385  0.2481  0.2436  0.2439  0.2271  0.2292  0.2145  0.2647  0.2459  0.2148  0.2272  0.2204  0.2248
  0.2252  0.2166  0.2264  0.2316  0.2303  0.2252  0.2207  0.2258  0.2300  0.2315  0.2251  0.2257  0.2199  0.2045  0.2078  0.2328  0.2173  0.2135  0.2928  0.3280  0.2571  0.2230  0.2286  0.2279  0.2310  0.2292  0.2300  0.2222  0.2316  0.2658  0.2374  0.2566  0.2721  0.2776  0.2227  0.2193
  0.2105  0.2098  0.2179  0.2240  0.2209  0.2215  0.2212  0.2180  0.2192  0.2217  0.2216  0.2223  0.2213  0.2070  0.1986  0.2090  0.2135  0.2118  0.2821  0.3049  0.2338  0.2183  0.2183  0.2189  0.2179  0.2173  0.2191  0.2201  0.2287  0.2493  0.2354  0.2420  0.2667  0.3082  0.2400  0.2157
  0.1992  0.2090  0.2169  0.2190  0.2149  0.2201  0.2251  0.2155  0.2131  0.2150  0.2198  0.2201  0.2278  0.2170  0.1988  0.2036  0.2190  0.2110  0.2708  0.2849  0.2168  0.2186  0.2110  0.2145  0.2107  0.2105  0.2123  0.2196  0.2249  0.2197  0.2372  0.2260  0.2448  0.3147  0.2533  0.2141
  0.2052  0.2217  0.2251  0.2201  0.2209  0.2219  0.2338  0.2309  0.2244  0.2220  0.2275  0.2168  0.2698  0.2495  0.2210  0.2598  0.2527  0.2228  0.2877  0.2939  0.2297  0.2298  0.2155  0.2254  0.2212  0.2190  0.2172  0.2220  0.2228  0.2093  0.2248  0.2294  0.2243  0.2492  0.2371  0.2174
  0.2275  0.2290  0.2358  0.2341  0.2338  0.2345  0.2370  0.2614  0.2634  0.2546  0.2438  0.2228  0.2561  0.2346  0.2261  0.2903  0.2615  0.2277  0.2792  0.2691  0.2319  0.2387  0.2372  0.2510  0.2502  0.2538  0.2451  0.2410  0.2398  0.2287  0.2349  0.2306  0.2220  0.2302  0.2364  0.2331
  0.2297  0.2242  0.2273  0.2280  0.2218  0.2185  0.2163  0.2404  0.2471  0.2429  0.2388  0.2201  0.2718  0.2650  0.2621  0.3132  0.2532  0.2277  0.2590  0.2392  0.2194  0.2209  0.2296  0.2371  0.2379  0.2427  0.2374  0.2341  0.2315  0.2233  0.2251  0.2255  0.2379  0.2677  0.2750  0.2471
  0.2241  0.2142  0.2102  0.2133  0.1989  0.1900  0.1845  0.1973  0.2075  0.2126  0.2246  0.2139  0.3005  0.3160  0.3136  0.3348  0.2374  0.2258  0.2323  0.2048  0.2001  0.1912  0.2095  0.2063  0.2081  0.2124  0.2150  0.2164  0.2125  0.2080  0.2071  0.2175  0.2621  0.3304  0.3324  0.2621
  0.2220  0.2052  0.1928  0.1811  0.1939  0.1845  0.1961  0.1817  0.1775  0.1904  0.1890  0.2466  0.3012  0.3344  0.3297  0.2942  0.2386  0.2256  0.2084  0.2192  0.2061  0.1942  0.1887  0.1869  0.1941  0.1802  0.2039  0.2052  0.2106  0.2379  0.2654  0.2133  0.2438  0.2998  0.3375  0.3115
  0.2393  0.2110  0.2045  0.1924  0.2061  0.2113  0.2155  0.2044  0.2010  0.2110  0.2068  0.2324  0.2362  0.2840  0.3337  0.2910  0.2292  0.2269  0.2153  0.2344  0.2225  0.2122  0.2185  0.2099  0.2199  0.2044  0.2275  0.2270  0.2173  0.2227  0.2648  0.2159  0.2244  0.2747  0.3501  0.3306
  0.2622  0.2163  0.2163  0.2055  0.2139  0.2278  0.2240  0.2186  0.2145  0.2278  0.2295  0.2180  0.1944  0.2407  0.3372  0.2941  0.2188  0.2277  0.2223  0.2403  0.2290  0.2203  0.2337  0.2220  0.2325  0.2176  0.2361  0.2332  0.2146  0.2144  0.2711  0.2259  0.2150  0.2594  0.3595  0.3470
  0.3032  0.2220  0.2317  0.2262  0.2143  0.2266  0.2115  0.2182  0.2101  0.2410  0.2683  0.1998  0.1911  0.2012  0.3403  0.3119  0.2033  0.2278  0.2310  0.2282  0.2159  0.2097  0.2216  0.2139  0.2202  0.2108  0.2149  0.2078  0.1911  0.2187  0.2938  0.2545  0.2245  0.2610  0.3645  0.3621
  0.3014  0.2358  0.2821  0.2569  0.2192  0.2316  0.2315  0.2243  0.2059  0.2323  0.3013  0.2422  0.2698  0.3054  0.3867  0.3254  0.2133  0.2642  0.2817  0.2255  0.2194  0.2214  0.2213  0.2185  0.2205  0.2142  0.2226  0.2129  0.1899  0.2206  0.2871  0.2182  0.1957  0.2575  0.3500  0.3530
  0.3148  0.2352  0.2594  0.2732  0.2408  0.2322  0.2438  0.2333  0.2136  0.2192  0.2708  0.2254  0.2339  0.3156  0.3919  0.2909  0.2166  0.3116  0.3375  0.2463  0.2281  0.2341  0.2284  0.2251  0.2249  0.2217  0.2223  0.2195  0.1945  0.2254  0.2765  0.2051  0.1876  0.2597  0.3400  0.3447
  0.3288  0.2359  0.2268  0.2843  0.2754  0.2357  0.2555  0.2471  0.2264  0.2136  0.2411  0.2051  0.1980  0.3205  0.3741  0.2501  0.2217  0.3574  0.3891  0.2783  0.2412  0.2461  0.2391  0.2355  0.2313  0.2311  0.2224  0.2272  0.2000  0.2399  0.2666  0.1998  0.1888  0.2696  0.3352  0.3383
  0.3327  0.2493  0.2144  0.2865  0.3344  0.2506  0.2681  0.2713  0.2455  0.2355  0.2591  0.2142  0.2395  0.3668  0.3133  0.2262  0.2357  0.3830  0.4156  0.3256  0.2627  0.2535  0.2547  0.2552  0.2401  0.2419  0.2283  0.2358  0.2040  0.2805  0.2636  0.2050  0.2065  0.2982  0.3447  0.3386
  0.3611  0.3098  0.2310  0.3035  0.3752  0.2994  0.2902  0.2968  0.2919  0.2808  0.2691  0.2236  0.2434  0.2841  0.2394  0.2214  0.2796  0.3738  0.3532  0.3713  0.2897  0.2645  0.2787  0.2827  0.2779  0.2667  0.2594  0.2431  0.2137  0.3188  0.2532  0.2120  0.2318  0.3415  0.3780  0.3520
  0.3944  0.4068  0.3268  0.3761  0.4334  0.3432  0.3247  0.3265  0.3427  0.3418  0.3167  0.2979  0.2924  0.2964  0.2654  0.2401  0.3186  0.3790  0.3731  0.3935  0.3208  0.3013  0.3103  0.3038  0.3153  0.3049  0.2944  0.2638  0.2399  0.3247  0.3014  0.2431  0.2727  0.3756  0.4050  0.3804
  0.4236  0.4678  0.4449  0.4570  0.4641  0.4069  0.3896  0.3893  0.4170  0.4264  0.4089  0.3992  0.3727  0.3514  0.3391  0.3145  0.3554  0.3896  0.4050  0.4171  0.3789  0.3665  0.3678  0.3521  0.3587  0.3572  0.3412  0.3236  0.2965  0.3541  0.3456  0.3154  0.3760  0.4102  0.4275  0.4165
  0.4535  0.4973  0.5271  0.5130  0.4947  0.5008  0.5041  0.4846  0.5018  0.5137  0.5090  0.4971  0.4748  0.4509  0.4474  0.4323  0.4253  0.4309  0.4526  0.4563  0.4578  0.4509  0.4529  0.4363  0.4310  0.4369  0.4196  0.4209  0.3846  0.4211  0.4194  0.4330  0.4852  0.4445  0.4503  0.4565
  0.4896  0.5179  0.5519  0.5350  0.5433  0.5899  0.6021  0.5764  0.5698  0.5766  0.5762  0.5699  0.5636  0.5483  0.5391  0.5282  0.5174  0.5056  0.5195  0.5234  0.5356  0.5349  0.5404  0.5299  0.5233  0.5252  0.5151  0.5167  0.4861  0.5032  0.5071  0.5465  0.5465  0.4841  0.4814  0.4961
  0.5224  0.5401  0.5640  0.5538  0.5808  0.6137  0.6046  0.6143  0.6093  0.6120  0.6206  0.6231  0.6154  0.6029  0.5944  0.5788  0.5776  0.5747  0.5885  0.5995  0.5991  0.6052  0.6018  0.5946  0.5891  0.5829  0.5798  0.5726  0.5636  0.5528  0.5609  0.5916  0.5752  0.5355  0.5266  0.5288
  0.5440  0.5658  0.5740  0.5691  0.5742  0.5750  0.5796  0.6088  0.6176  0.6337  0.6421  0.6455  0.6448  0.6436  0.6417  0.6320  0.6268  0.6274  0.6337  0.6383  0.6385  0.6436  0.6378  0.6309  0.6210  0.6154  0.6127  0.5991  0.5879  0.5723  0.5928  0.5759  0.5709  0.5765  0.5761  0.5498
  0.5724  0.5947  0.5825  0.5508  0.5235  0.5307  0.5647  0.5996  0.6155  0.6401  0.6447  0.6437  0.6531  0.6497  0.6453  0.6458  0.6419  0.6441  0.6424  0.6402  0.6433  0.6418  0.6393  0.6309  0.6186  0.6143  0.6135  0.6108  0.5780  0.5775  0.5654  0.5362  0.5460  0.5765  0.5901  0.5637
  0.5936  0.6109  0.5890  0.5458  0.5322  0.5555  0.5849  0.6064  0.6166  0.6293  0.6460  0.6414  0.6488  0.6461  0.6421  0.6443  0.6419  0.6407  0.6414  0.6304  0.6414  0.6439  0.6358  0.6148  0.6101  0.6024  0.6108  0.5926  0.5757  0.5610  0.5531  0.5444  0.5479  0.5587  0.5681  0.5734
  0.5813  0.5868  0.5901  0.5908  0.5997  0.6144  0.6254  0.6276  0.6219  0.6308  0.6450  0.6407  0.6414  0.6461  0.6472  0.6488  0.6487  0.6441  0.6379  0.6403  0.6409  0.6360  0.6253  0.6249  0.6230  0.6150  0.6103  0.6074  0.6030  0.5973  0.5927  0.5884  0.5838  0.5796  0.5767  0.5762
