  6.635354e-01
  6.559002e-01
  6.363841e-01
  5.807125e-01
  5.063388e-01
  4.184062e-01
  3.418942e-01
  2.955203e-01
  2.683300e-01
  2.504152e-01
  2.384346e-01
  2.350755e-01
  2.285191e-01
  2.241406e-01
  2.311529e-01
  2.424130e-01
  2.399610e-01
  2.318680e-01
  2.275278e-01
  2.341283e-01
  2.383702e-01
  2.386837e-01
  2.516440e-01
  2.539916e-01
  2.576980e-01
  2.716754e-01
  2.878388e-01
  3.262945e-01
  3.840939e-01
  4.602279e-01
  5.337734e-01
  5.819588e-01
  6.060795e-01
  6.047593e-01
  6.033823e-01
  6.163712e-01
