  -1.7824955e-02
  -1.8437535e-02
  -1.7010353e-02
  -1.4341518e-02
  -1.3412658e-02
  -1.5236307e-02
  -1.8027499e-02
  -1.9781181e-02
  -2.0026821e-02
  -1.7801197e-02
  -1.1190842e-02
  -0.0000000e+00
  -0.0000000e+00
  -0.0000000e+00
  -0.0000000e+00
  -0.0000000e+00
  -0.0000000e+00
  -0.0000000e+00
   0.0000000e+00
   0.0000000e+00
   0.0000000e+00
   0.0000000e+00
   0.0000000e+00
   0.0000000e+00
   0.0000000e+00
   0.0000000e+00
   0.0000000e+00
   0.0000000e+00
   0.0000000e+00
   0.0000000e+00
   0.0000000e+00
  -0.0000000e+00
  -0.0000000e+00
  -9.1943013e-03
  -1.2083370e-02
  -1.5517293e-02
  -3.2582319e-02
  -3.1178289e-02
  -2.7991077e-02
  -1.6580189e-02
  -1.8092822e-02
  -2.1608608e-02
  -2.1920647e-02
  -2.0508315e-02
  -2.2804963e-02
  -2.2096772e-02
  -1.9676758e-02
  -1.5655824e-02
  -9.3384683e-03
  -0.0000000e+00
  -0.0000000e+00
  -0.0000000e+00
  -0.0000000e+00
  -0.0000000e+00
   0.0000000e+00
   0.0000000e+00
   0.0000000e+00
   0.0000000e+00
   0.0000000e+00
   0.0000000e+00
   0.0000000e+00
   0.0000000e+00
   0.0000000e+00
   0.0000000e+00
   0.0000000e+00
   0.0000000e+00
   0.0000000e+00
  -0.0000000e+00
  -1.5649730e-02
  -2.5547918e-02
  -2.9000495e-02
  -3.3020358e-02
   0.0000000e+00
   0.0000000e+00
   0.0000000e+00
   0.0000000e+00
   0.0000000e+00
   0.0000000e+00
   0.0000000e+00
   0.0000000e+00
   0.0000000e+00
   7.6555743e-03
  -1.0305126e-03
   1.2677870e-03
   2.0558922e-03
   0.0000000e+00
   0.0000000e+00
   0.0000000e+00
   0.0000000e+00
   0.0000000e+00
   0.0000000e+00
   0.0000000e+00
   0.0000000e+00
   0.0000000e+00
   0.0000000e+00
   0.0000000e+00
   0.0000000e+00
   0.0000000e+00
   0.0000000e+00
   0.0000000e+00
   0.0000000e+00
   0.0000000e+00
   0.0000000e+00
   0.0000000e+00
   1.3219079e-02
   1.2160264e-02
   1.4931738e-02
   0.0000000e+00
   6.8550058e-02
   7.3928736e-02
   7.2464891e-02
   7.4633271e-02
   7.0695482e-02
   6.7625560e-02
   6.0096409e-02
   5.0426319e-02
   4.0544320e-02
   3.1139380e-02
   2.9946739e-02
   2.3362332e-02
   0.0000000e+00
   0.0000000e+00
   0.0000000e+00
   0.0000000e+00
   0.0000000e+00
   0.0000000e+00
   0.0000000e+00
   0.0000000e+00
   0.0000000e+00
   3.6128437e-02
   3.4605544e-02
   3.4828532e-02
   0.0000000e+00
   0.0000000e+00
   0.0000000e+00
   0.0000000e+00
   0.0000000e+00
   0.0000000e+00
   0.0000000e+00
   0.0000000e+00
   4.1004032e-02
   5.5654056e-02
   5.7916850e-02
   6.2705047e-02
   1.1100586e-01
   1.1882365e-01
   1.1764449e-01
   1.1601976e-01
   1.0955944e-01
   1.0079373e-01
   9.0714060e-02
   7.6885544e-02
   6.4636268e-02
   5.3804696e-02
   5.4649211e-02
   4.4268060e-02
   3.4694901e-02
   0.0000000e+00
   0.0000000e+00
   0.0000000e+00
   0.0000000e+00
   0.0000000e+00
   0.0000000e+00
   0.0000000e+00
   6.9309670e-02
   8.1580654e-02
   7.7442184e-02
   6.3140316e-02
   0.0000000e+00
   0.0000000e+00
   0.0000000e+00
   0.0000000e+00
   0.0000000e+00
   0.0000000e+00
   0.0000000e+00
   0.0000000e+00
   0.0000000e+00
   8.4187940e-02
   1.0452955e-01
   1.0612196e-01
   1.2476493e-01
   1.3063493e-01
   1.3007124e-01
   1.2530552e-01
   1.1901975e-01
   1.0699437e-01
   9.6573360e-02
   8.5709527e-02
   7.5723790e-02
   6.5132678e-02
   6.2600076e-02
   5.4161780e-02
   4.4185785e-02
   0.0000000e+00
   0.0000000e+00
   0.0000000e+00
   5.3701818e-02
   4.7695081e-02
   0.0000000e+00
   8.5056774e-02
   1.0035021e-01
   1.0949901e-01
   1.0538950e-01
   8.3977891e-02
   0.0000000e+00
   0.0000000e+00
   0.0000000e+00
   0.0000000e+00
   6.9733416e-02
   5.4631180e-02
   5.0839285e-02
   0.0000000e+00
   0.0000000e+00
   9.6557349e-02
   1.1733215e-01
   1.2454630e-01
   1.0223491e-01
   1.0155229e-01
   9.9695593e-02
   9.6726760e-02
   9.3702853e-02
   8.6029425e-02
   7.8073077e-02
   7.1012065e-02
   6.4472213e-02
   5.6172397e-02
   5.0933350e-02
   4.4829503e-02
   3.8450912e-02
   4.1115256e-02
   3.6673242e-02
   0.0000000e+00
   5.0525885e-02
   5.0554797e-02
   6.1383601e-02
   8.7646201e-02
   1.0050268e-01
   9.6773744e-02
   9.5546588e-02
   7.5464025e-02
   5.9850021e-02
   6.9769702e-02
   7.5649901e-02
   7.6701604e-02
   7.2423555e-02
   5.2095301e-02
   3.7274384e-02
   0.0000000e+00
   0.0000000e+00
   9.0298042e-02
   1.0490222e-01
   1.0642618e-01
   5.2869592e-02
   4.9614131e-02
   4.8245862e-02
   4.8599415e-02
   4.9247745e-02
   4.7061771e-02
   4.3083418e-02
   3.7908293e-02
   3.5035841e-02
   3.1300444e-02
   2.7785301e-02
   2.4891214e-02
   2.0762405e-02
   2.5928576e-02
   2.6202656e-02
   0.0000000e+00
   0.0000000e+00
   3.0700145e-02
   3.9998068e-02
   5.6980079e-02
   6.5231420e-02
   5.8673203e-02
   5.7254165e-02
   5.0713036e-02
   3.9351504e-02
   4.4176120e-02
   5.3234801e-02
   5.4270301e-02
   4.5479145e-02
   2.9643286e-02
   0.0000000e+00
   0.0000000e+00
   0.0000000e+00
   6.0862854e-02
   6.2917568e-02
   5.9425764e-02
   1.2492398e-03
  -7.8146404e-04
  -1.2376391e-03
   1.4054927e-04
   2.5543422e-03
   3.3617378e-03
   3.0618527e-03
   5.5411074e-05
   1.7513731e-04
   9.2596060e-04
  -4.1891972e-04
   1.4395483e-03
   4.2098440e-03
   0.0000000e+00
   1.3534919e-02
   3.2867158e-03
  -0.0000000e+00
  -1.5992558e-03
   1.0246736e-02
   1.3188408e-02
   1.9104290e-02
   1.5483570e-02
   1.2614562e-02
   1.3877467e-02
   8.7774327e-03
   4.5443615e-03
   1.3038523e-02
   1.4968897e-02
   6.2466417e-03
   1.5342199e-03
   0.0000000e+00
   0.0000000e+00
   0.0000000e+00
   1.7519323e-02
   1.2319962e-02
   6.9696149e-03
  -3.8712293e-02
  -3.8934045e-02
  -3.8797993e-02
  -3.8457423e-02
  -3.6802012e-02
  -3.5058063e-02
  -3.3025481e-02
  -3.1594694e-02
  -3.0354140e-02
  -2.6434243e-02
  -2.7575839e-02
  -2.1918168e-02
  -1.3372918e-02
  -0.0000000e+00
   2.0487785e-03
  -5.4911744e-04
  -0.0000000e+00
  -0.0000000e+00
  -2.2366056e-02
  -2.2726742e-02
  -2.0921771e-02
  -2.3474090e-02
  -2.5514113e-02
  -2.4900062e-02
  -2.1224544e-02
  -0.0000000e+00
  -2.0951270e-02
  -2.1694066e-02
  -2.6874535e-02
  -1.9172709e-02
   0.0000000e+00
   0.0000000e+00
  -0.0000000e+00
  -0.0000000e+00
  -2.9522182e-02
  -3.5242904e-02
  -6.3992709e-02
  -6.4235352e-02
  -6.4044550e-02
  -6.4319476e-02
  -6.4333029e-02
  -6.0546219e-02
  -5.8689602e-02
  -5.0266128e-02
  -5.0586350e-02
  -4.7005378e-02
  -4.9321052e-02
  -4.2165231e-02
  -2.1958409e-02
  -0.0000000e+00
  -8.8646075e-03
   0.0000000e+00
   0.0000000e+00
  -0.0000000e+00
  -4.7386315e-02
  -4.7874637e-02
  -5.3663622e-02
  -5.7319112e-02
  -5.5584140e-02
  -5.8431305e-02
  -3.9796795e-02
   0.0000000e+00
  -0.0000000e+00
  -4.8463705e-02
  -4.8222188e-02
  -2.2724967e-02
   0.0000000e+00
   0.0000000e+00
  -0.0000000e+00
  -5.5013545e-02
  -5.8702130e-02
  -6.4025179e-02
  -6.3494727e-02
  -6.5551028e-02
  -6.6321053e-02
  -6.4659238e-02
  -6.3904971e-02
  -5.8086582e-02
  -5.5006113e-02
  -4.7698934e-02
  -4.9760923e-02
  -5.0732374e-02
  -5.2844625e-02
  -4.7259022e-02
  -2.8076175e-02
  -3.4150817e-02
  -1.1840025e-02
   0.0000000e+00
   0.0000000e+00
  -0.0000000e+00
  -4.2277732e-02
  -5.0402295e-02
  -5.7095248e-02
  -6.4800583e-02
  -6.1948761e-02
  -6.0652640e-02
  -4.0232214e-02
  -0.0000000e+00
   0.0000000e+00
  -0.0000000e+00
  -4.8091657e-02
  -1.7975769e-02
  -1.6719798e-02
   0.0000000e+00
  -0.0000000e+00
  -6.0390674e-02
  -5.9425410e-02
  -6.1514031e-02
  -5.6152020e-02
  -5.8575068e-02
  -6.0323063e-02
  -5.7389122e-02
  -5.4937162e-02
  -4.9002521e-02
  -4.4431146e-02
  -4.1104604e-02
  -4.4017881e-02
  -4.7929782e-02
  -4.9776126e-02
  -4.5744028e-02
  -3.3233330e-02
  -3.3802517e-02
  -9.2915441e-03
   0.0000000e+00
   0.0000000e+00
   0.0000000e+00
  -0.0000000e+00
  -4.6287805e-02
  -5.1770464e-02
  -5.8868043e-02
  -5.6849174e-02
  -5.2349653e-02
  -3.7139203e-02
  -2.5763472e-02
  -0.0000000e+00
  -0.0000000e+00
  -4.1453014e-02
  -1.6164474e-02
  -1.1715216e-02
   0.0000000e+00
  -0.0000000e+00
  -5.3798962e-02
  -5.1219255e-02
  -5.1157050e-02
  -4.5724258e-02
  -4.7874182e-02
  -5.0456785e-02
  -4.6725281e-02
  -4.2663101e-02
  -3.7636109e-02
  -3.2184705e-02
  -3.3531170e-02
  -3.6890116e-02
  -4.3029141e-02
  -4.4280164e-02
  -4.1408174e-02
  -3.6459677e-02
  -3.0029519e-02
  -4.2871767e-03
   1.7982501e-02
   0.0000000e+00
   0.0000000e+00
  -0.0000000e+00
  -0.0000000e+00
  -4.2691570e-02
  -4.6957169e-02
  -4.6094522e-02
  -3.9308656e-02
  -3.1983156e-02
  -2.2536393e-02
  -2.0271357e-02
   0.0000000e+00
  -0.0000000e+00
  -1.5349768e-02
  -5.5363856e-03
   0.0000000e+00
  -0.0000000e+00
  -4.2239808e-02
  -3.9343771e-02
  -3.7897460e-02
  -3.3344056e-02
  -3.4379989e-02
  -3.6866058e-02
  -3.4341194e-02
  -3.0527186e-02
  -2.8077530e-02
  -2.4557564e-02
  -2.8641403e-02
  -3.1696856e-02
  -3.7878238e-02
  -3.7458446e-02
  -3.5743009e-02
  -3.4856278e-02
  -2.2455348e-02
   9.7619448e-04
   2.0021643e-02
   0.0000000e+00
   0.0000000e+00
  -0.0000000e+00
  -3.3874782e-02
  -3.2771409e-02
  -2.9772095e-02
  -2.9722735e-02
  -2.3508070e-02
  -2.2629909e-02
  -1.7822955e-02
  -1.2946546e-02
  -1.1871726e-02
  -0.0000000e+00
  -1.4606263e-02
  -5.4682548e-03
  -2.7603841e-02
  -0.0000000e+00
  -2.7702836e-02
  -2.6734242e-02
  -2.5923036e-02
  -2.9839274e-02
  -2.9921107e-02
  -3.1629529e-02
  -3.0449871e-02
  -2.9510887e-02
  -2.9572856e-02
  -2.9779594e-02
  -3.3422407e-02
  -3.5098370e-02
  -3.9561938e-02
  -3.6490742e-02
  -3.5898559e-02
  -2.9435033e-02
  -1.3795893e-02
   4.7501898e-03
   2.2429004e-02
   0.0000000e+00
   0.0000000e+00
  -0.0000000e+00
  -2.9758848e-02
  -3.1723771e-02
  -2.6561975e-02
  -2.4846707e-02
  -1.8598964e-02
  -1.9581631e-02
  -1.6006190e-02
  -7.4527278e-03
  -3.2877936e-03
   0.0000000e+00
  -1.5496864e-02
  -1.4187280e-02
  -3.1492414e-02
  -0.0000000e+00
  -2.4191190e-02
  -2.5191866e-02
  -2.5166912e-02
  -2.7591897e-02
  -2.7399009e-02
  -2.8701724e-02
  -2.8042894e-02
  -2.8770715e-02
  -2.9914942e-02
  -3.2108009e-02
  -3.4729518e-02
  -3.5773382e-02
  -3.8494557e-02
  -3.4535173e-02
  -3.3894654e-02
  -2.4075937e-02
  -8.7111089e-03
   7.5414437e-03
   2.0833019e-02
   0.0000000e+00
   0.0000000e+00
  -0.0000000e+00
  -2.9453287e-02
  -2.9210057e-02
  -2.6845818e-02
  -2.3120644e-02
  -1.6780179e-02
  -1.8590149e-02
  -1.3919977e-02
  -4.3157358e-03
   9.4431306e-04
   0.0000000e+00
  -0.0000000e+00
  -2.1384545e-02
  -2.9691314e-02
  -2.7216382e-02
  -2.3369431e-02
  -2.4646305e-02
  -2.4943940e-02
  -2.4353541e-02
  -2.4084067e-02
  -2.4974182e-02
  -2.4271499e-02
  -2.5853803e-02
  -2.7149172e-02
  -3.0285686e-02
  -3.1305358e-02
  -3.1632021e-02
  -3.2343626e-02
  -2.8073844e-02
  -2.6776515e-02
  -1.5612918e-02
  -3.8673892e-03
   1.0133998e-02
   1.8874497e-02
   0.0000000e+00
   0.0000000e+00
  -0.0000000e+00
  -2.6833080e-02
  -2.5065942e-02
  -2.7438826e-02
  -2.1738440e-02
  -1.5075321e-02
  -1.7206674e-02
  -1.0601602e-02
  -1.2110522e-03
   3.4603134e-03
   0.0000000e+00
  -0.0000000e+00
  -2.5732255e-02
  -2.9201165e-02
  -2.4260748e-02
  -2.2586137e-02
  -2.3154344e-02
  -2.3438184e-02
  -1.8062290e-02
  -1.8512441e-02
  -1.9800590e-02
  -1.9824265e-02
  -2.0663023e-02
  -2.1571944e-02
  -2.2975534e-02
  -2.3637036e-02
  -2.4413874e-02
  -2.3248505e-02
  -2.1457132e-02
  -1.7631276e-02
  -8.8473400e-03
  -3.0740758e-03
   4.2864510e-03
   4.6682863e-03
  -0.0000000e+00
  -0.0000000e+00
  -0.0000000e+00
  -1.5295229e-02
  -9.7792750e-03
  -2.2262914e-02
  -2.1627624e-02
  -1.4903543e-02
  -1.3561435e-02
  -5.9470120e-03
   1.9728148e-03
   5.9247760e-03
  -1.0180687e-02
  -2.0094413e-02
  -2.1766277e-02
  -2.0918133e-02
  -1.8987779e-02
  -1.9076671e-02
  -1.8233620e-02
  -1.7597580e-02
  -1.5423262e-02
  -1.5668832e-02
  -1.7271452e-02
  -1.7750558e-02
  -1.8272629e-02
  -1.8650198e-02
  -1.9472003e-02
  -2.0161543e-02
  -2.0354208e-02
  -1.9864241e-02
  -1.9132039e-02
  -1.6101131e-02
  -8.9875720e-03
  -6.6571306e-03
  -6.8404948e-03
  -1.9666907e-02
  -0.0000000e+00
  -0.0000000e+00
  -0.0000000e+00
  -8.4101614e-03
  -3.0917658e-03
  -1.7003439e-02
  -2.0602361e-02
  -1.6217029e-02
  -1.2926903e-02
  -5.4591717e-03
   8.5950515e-04
   2.2607921e-03
  -1.0790825e-02
  -2.0469232e-02
  -1.8912960e-02
  -1.8843651e-02
  -1.8307321e-02
  -1.7983053e-02
  -1.6886316e-02
  -1.5589721e-02
  -1.2271605e-02
  -1.1969997e-02
  -1.3379768e-02
  -1.4137179e-02
  -1.4659310e-02
  -1.4134002e-02
  -1.4271433e-02
  -1.4513760e-02
  -1.4202433e-02
  -1.4482828e-02
  -1.4729716e-02
  -1.3216740e-02
  -8.9290030e-03
  -1.1637183e-02
  -1.8532649e-02
  -2.2904439e-02
  -2.6277326e-02
  -1.6723823e-02
  -1.1869545e-02
  -3.2873654e-03
   1.2688994e-03
  -8.3590368e-03
  -0.0000000e+00
  -1.5639300e-02
  -1.2423472e-02
  -5.5497605e-03
  -1.6257130e-03
  -3.4411331e-03
  -1.3766802e-02
  -1.9334855e-02
  -1.6413627e-02
  -1.7100185e-02
  -1.6981831e-02
  -1.6416671e-02
  -1.5138377e-02
  -1.3499803e-02
  -1.1937406e-02
  -1.0468911e-02
  -1.0903700e-02
  -1.1736596e-02
  -1.3240620e-02
  -1.1720734e-02
  -1.1659940e-02
  -1.1280629e-02
  -1.1132693e-02
  -1.2658060e-02
  -1.3337377e-02
  -1.4613189e-02
  -1.3699636e-02
  -2.2703875e-02
  -3.5761300e-02
  -3.5160791e-02
  -3.1408720e-02
  -2.4861662e-02
  -1.5742656e-02
  -3.7277981e-03
   1.1267619e-05
  -0.0000000e+00
  -0.0000000e+00
  -1.5506626e-02
  -1.5978163e-02
  -1.0040132e-02
  -9.8017491e-03
  -1.4120572e-02
  -1.8636201e-02
  -1.7394796e-02
  -1.7414773e-02
  -1.9285221e-02
  -1.7624380e-02
  -1.7248593e-02
  -1.6138386e-02
  -1.4855596e-02
  -2.6722666e-02
  -2.4428438e-02
  -2.3442995e-02
  -2.4551557e-02
  -2.6123926e-02
  -2.4873028e-02
  -2.4497816e-02
  -2.3978109e-02
  -2.5188275e-02
  -2.6725220e-02
  -2.8132360e-02
  -3.0253967e-02
  -3.2201905e-02
  -3.9224248e-02
  -3.9482072e-02
  -3.6876038e-02
  -3.7076049e-02
  -3.3056367e-02
  -2.6953868e-02
  -1.7330728e-02
  -1.4170960e-02
  -0.0000000e+00
  -1.7205032e-02
  -2.4158009e-02
  -2.9304802e-02
  -2.7628098e-02
  -2.7777065e-02
  -2.9823612e-02
  -3.0552655e-02
  -2.7331814e-02
  -2.9751657e-02
  -3.2247305e-02
  -3.1449702e-02
  -3.1561658e-02
  -3.0689225e-02
  -2.9671399e-02
  -4.0000856e-02
  -3.7988748e-02
  -3.6389682e-02
  -3.7539929e-02
  -3.8561758e-02
  -3.8429469e-02
  -3.7878647e-02
  -3.8115408e-02
  -3.9001606e-02
  -3.9829098e-02
  -4.2104281e-02
  -4.3363344e-02
  -4.4335216e-02
  -4.5268659e-02
  -4.2629693e-02
  -4.0790074e-02
  -4.0586840e-02
  -3.9478146e-02
  -3.5820730e-02
  -2.9857339e-02
  -2.6840421e-02
  -2.6246381e-02
  -2.6520761e-02
  -3.1652670e-02
  -3.7834864e-02
  -3.9187077e-02
  -3.9366983e-02
  -4.0670473e-02
  -4.1172788e-02
  -3.9705511e-02
  -4.0299438e-02
  -4.2264648e-02
  -4.3336000e-02
  -4.3217387e-02
  -4.3091025e-02
  -4.1712023e-02
  -5.0449479e-02
  -4.9152918e-02
  -4.7550987e-02
  -4.8532747e-02
  -4.8975125e-02
  -4.9702641e-02
  -4.9240720e-02
  -5.0549053e-02
  -5.0624657e-02
  -5.0912324e-02
  -5.3450789e-02
  -5.3156644e-02
  -5.1629525e-02
  -4.7281615e-02
  -4.6576649e-02
  -4.5231793e-02
  -4.2733934e-02
  -4.3968365e-02
  -4.1131966e-02
  -3.8081013e-02
  -3.3609289e-02
  -3.1593215e-02
  -3.5194460e-02
  -3.8253348e-02
  -4.3294664e-02
  -4.6949912e-02
  -4.7333337e-02
  -4.8433263e-02
  -4.9301177e-02
  -5.0122466e-02
  -4.8424032e-02
  -4.9478579e-02
  -5.1795013e-02
  -5.1582910e-02
  -5.2205808e-02
  -5.0658982e-02
  -5.4637905e-02
  -5.4414593e-02
  -5.4267704e-02
  -5.4300994e-02
  -5.4693583e-02
  -5.5032715e-02
  -5.5639606e-02
  -5.8310427e-02
  -5.7103708e-02
  -5.8331273e-02
  -5.9051432e-02
  -5.6047928e-02
  -4.8746821e-02
  -4.4015393e-02
  -5.4254875e-02
  -4.9955823e-02
  -4.3429237e-02
  -4.3978136e-02
  -3.7257835e-02
  -3.6021948e-02
  -3.1605057e-02
  -3.1436201e-02
  -3.9778918e-02
  -3.9917636e-02
  -4.3656033e-02
  -4.7994804e-02
  -4.9561515e-02
  -5.0762981e-02
  -5.1100139e-02
  -5.3479340e-02
  -5.1434062e-02
  -5.0983980e-02
  -5.1930256e-02
  -5.2667160e-02
  -5.3697716e-02
  -5.3147677e-02
  -3.6476307e-02
  -3.7340555e-02
  -3.9484210e-02
  -3.9848987e-02
  -4.0487576e-02
  -4.0238604e-02
  -4.0940769e-02
  -4.2533964e-02
  -4.2624727e-02
  -4.4535510e-02
  -4.2707950e-02
  -3.8229454e-02
  -3.3605065e-02
  -3.4494206e-02
  -4.3345902e-02
  -4.0721383e-02
  -3.4752157e-02
  -3.0265242e-02
  -2.1094717e-02
  -1.5076259e-02
  -1.1781581e-02
  -1.4083225e-02
  -1.8466860e-02
  -2.1130082e-02
  -2.4452772e-02
  -2.9211307e-02
  -3.2783762e-02
  -3.4738164e-02
  -3.4012571e-02
  -3.2864813e-02
  -3.3796176e-02
  -3.2830823e-02
  -3.1614896e-02
  -3.3552997e-02
  -3.4169015e-02
  -3.5219684e-02
  -4.3062982e-03
  -5.8615366e-03
  -8.7684039e-03
  -1.0491262e-02
  -1.1011403e-02
  -1.1451098e-02
  -1.2210665e-02
  -1.2992780e-02
  -1.4051192e-02
  -1.4991319e-02
  -1.3284643e-02
  -1.0938433e-02
  -1.0861067e-02
  -1.3226227e-02
  -1.7903823e-02
  -1.8115735e-02
  -1.6427642e-02
  -9.9539629e-03
  -8.3737826e-04
   5.2313190e-03
   1.0665134e-02
   1.6306916e-02
   1.8438358e-02
   1.6946989e-02
   1.0684095e-02
   5.8583040e-03
   2.1763425e-03
  -2.7167841e-04
  -5.6664279e-04
  -7.5292378e-04
  -2.4018092e-03
  -2.3691095e-03
  -2.6529490e-03
  -3.4101922e-03
  -3.3590649e-03
  -3.8706358e-03
   3.2124765e-02
   2.9631902e-02
   2.6893506e-02
   2.4355959e-02
   2.3843082e-02
   2.2720795e-02
   2.2196636e-02
   2.1918500e-02
   2.0516636e-02
   2.0759888e-02
   2.1050651e-02
   2.1392051e-02
   2.1253334e-02
   1.8532258e-02
   1.5350766e-02
   1.4196019e-02
   8.3637601e-03
   7.2573070e-03
   2.0318500e-02
   2.2109734e-02
   0.0000000e+00
   5.3511891e-02
   5.6189999e-02
   5.3474718e-02
   5.3906094e-02
   4.8626218e-02
   4.6814047e-02
   4.3753088e-02
   4.1085385e-02
   3.7514970e-02
   3.5532881e-02
   3.4537409e-02
   3.1896066e-02
   3.2178462e-02
   3.1875357e-02
   3.2063279e-02
   6.2457193e-02
   5.9586205e-02
   5.8189228e-02
   5.5619948e-02
   5.4962553e-02
   5.3802885e-02
   5.3926960e-02
   5.3945906e-02
   5.3466119e-02
   5.5287875e-02
   5.3562015e-02
   5.5066388e-02
   5.8061708e-02
   5.4275475e-02
   5.1570348e-02
   5.0258018e-02
   3.6477567e-02
   0.0000000e+00
   0.0000000e+00
   0.0000000e+00
   0.0000000e+00
   7.8756183e-02
   8.2442425e-02
   8.4169753e-02
   8.9445241e-02
   8.4224403e-02
   8.5844003e-02
   8.3485194e-02
   7.9738423e-02
   7.4622087e-02
   7.0032150e-02
   6.8093769e-02
   6.4349651e-02
   6.4110518e-02
   6.2549584e-02
   6.2454280e-02
   7.5779364e-02
   7.4104741e-02
   7.4584328e-02
   7.2531380e-02
   7.2483532e-02
   7.1759209e-02
   7.3050827e-02
   7.3381372e-02
   7.4925683e-02
   7.8164056e-02
   7.5850934e-02
   8.2643867e-02
   8.3491832e-02
   7.8880839e-02
   8.1061065e-02
   7.7647656e-02
   8.2401980e-02
   0.0000000e+00
   0.0000000e+00
   0.0000000e+00
   6.6005435e-02
   8.1703156e-02
   8.4779859e-02
   8.9289904e-02
   9.9594757e-02
   9.5478773e-02
   9.8717809e-02
   9.8697007e-02
   9.8026581e-02
   9.6488886e-02
   8.8311844e-02
   8.6283214e-02
   8.3400324e-02
   8.0629334e-02
   7.7718377e-02
   7.6548956e-02
   7.0843883e-02
   7.0852935e-02
   7.1761936e-02
   7.0358686e-02
   7.2760150e-02
   7.2398692e-02
   7.4700490e-02
   7.5535692e-02
   7.8471310e-02
   8.0737822e-02
   8.0740549e-02
   8.9510672e-02
   7.9544067e-02
   8.0603071e-02
   9.0078115e-02
   8.5471027e-02
   1.0433380e-01
   1.0611142e-01
   9.3242325e-02
   8.7613158e-02
   6.6900305e-02
   6.5514162e-02
   7.1355969e-02
   7.2346456e-02
   7.6846175e-02
   7.7960052e-02
   8.1905954e-02
   8.1212156e-02
   8.5010387e-02
   8.7947361e-02
   8.3912082e-02
   8.2614876e-02
   7.9424851e-02
   7.6595806e-02
   7.3269896e-02
   7.2651565e-02
   5.3180099e-02
   5.2545458e-02
   5.2280668e-02
   5.1727407e-02
   5.5878878e-02
   5.6431625e-02
   5.9177637e-02
   6.0806118e-02
   6.2926479e-02
   6.2721618e-02
   6.4523682e-02
   6.6607282e-02
   5.5972263e-02
   6.4697087e-02
   7.0384443e-02
   7.1521014e-02
   9.0594336e-02
   8.6648248e-02
   7.8674056e-02
   7.0265815e-02
   4.9434096e-02
   4.0728543e-02
   4.2113110e-02
   4.1790742e-02
   3.6417518e-02
   4.5353670e-02
   5.2733719e-02
   4.8343241e-02
   5.1405538e-02
   5.1397257e-02
   5.5965409e-02
   5.5921033e-02
   5.1403821e-02
   5.3413808e-02
   5.2501325e-02
   5.4728605e-02
   1.7387718e-02
   1.6145231e-02
   1.5584040e-02
   1.6425502e-02
   1.9887701e-02
   2.1854049e-02
   2.4160225e-02
   2.5182206e-02
   2.6093382e-02
   2.5397155e-02
   2.5348287e-02
   2.4320953e-02
   2.4989787e-02
   3.1156018e-02
   2.8005866e-02
   3.0933166e-02
   3.3270821e-02
   2.5862688e-02
   2.5050014e-02
   1.9625662e-02
   1.3878495e-02
   6.1392654e-03
  -2.3429689e-03
  -4.3828674e-03
  -7.2209612e-03
   3.0002275e-03
   1.2013284e-02
   8.8334484e-03
   6.5863128e-03
   1.5732049e-03
   5.6012268e-03
   5.8454657e-03
   4.1057337e-03
   9.7712027e-03
   1.3190610e-02
   1.7366901e-02
  -2.8109243e-02
  -2.8464574e-02
  -2.7108477e-02
  -2.4236649e-02
  -2.1828748e-02
  -2.0482531e-02
  -2.0222031e-02
  -2.1155462e-02
  -2.2577384e-02
  -2.2717044e-02
  -2.0953307e-02
  -1.8487550e-02
  -1.6376600e-02
  -1.8183710e-02
  -2.3807656e-02
  -2.4377266e-02
  -2.4647409e-02
  -2.4863636e-02
  -2.2907095e-02
  -2.3225149e-02
  -2.4808606e-02
  -3.0514216e-02
  -3.7091985e-02
  -3.8681358e-02
  -3.7809938e-02
  -3.4644216e-02
  -3.2407101e-02
  -3.3709489e-02
  -3.5458207e-02
  -3.8040340e-02
  -3.9155308e-02
  -3.9168201e-02
  -3.6854088e-02
  -3.1634178e-02
  -2.8421052e-02
  -2.7374038e-02
  -1.8067919e-02
  -1.8514013e-02
  -1.8513225e-02
  -1.8208398e-02
  -1.8068040e-02
  -1.8338881e-02
  -1.9184859e-02
  -2.0200148e-02
  -2.0745872e-02
  -2.0523014e-02
  -2.0318268e-02
  -2.0773949e-02
  -2.2207338e-02
  -2.3986774e-02
  -2.4459766e-02
  -2.2045910e-02
  -1.8517423e-02
  -1.5368440e-02
  -1.4140732e-02
  -1.4827720e-02
  -1.6455235e-02
  -1.7426316e-02
  -1.6778955e-02
  -1.5112689e-02
  -1.4706154e-02
  -1.6086748e-02
  -1.8275881e-02
  -2.0111687e-02
  -2.0919269e-02
  -2.1004949e-02
  -2.0679727e-02
  -1.9852567e-02
  -1.8317083e-02
  -1.6939109e-02
  -1.6666794e-02
  -1.7273363e-02
