   1.9425776e-02
   1.6988236e-02
   1.3457084e-02
   1.0400043e-02
   8.6871338e-03
   7.6810893e-03
   5.8872798e-03
   1.7650916e-03
  -2.5417881e-03
  -4.8119169e-03
  -5.0841004e-03
  -0.0000000e+00
  -0.0000000e+00
   0.0000000e+00
   0.0000000e+00
   0.0000000e+00
   0.0000000e+00
   0.0000000e+00
   0.0000000e+00
   0.0000000e+00
   0.0000000e+00
   0.0000000e+00
   0.0000000e+00
   0.0000000e+00
   0.0000000e+00
   0.0000000e+00
   0.0000000e+00
   0.0000000e+00
   0.0000000e+00
   0.0000000e+00
   0.0000000e+00
   0.0000000e+00
   0.0000000e+00
   2.0069394e-02
   2.0046119e-02
   2.0221887e-02
   2.7212847e-02
   2.4065339e-02
   1.9339042e-02
   8.1899781e-03
   7.0182275e-03
   7.3585790e-03
   4.3048336e-03
  -3.4560128e-03
  -4.4937960e-03
  -5.4829161e-03
  -3.8703138e-03
   1.4494912e-03
   5.8495444e-03
   0.0000000e+00
   0.0000000e+00
   0.0000000e+00
   0.0000000e+00
   0.0000000e+00
   0.0000000e+00
   0.0000000e+00
   0.0000000e+00
   0.0000000e+00
   0.0000000e+00
   0.0000000e+00
   0.0000000e+00
   0.0000000e+00
   0.0000000e+00
   0.0000000e+00
   0.0000000e+00
   0.0000000e+00
   0.0000000e+00
   0.0000000e+00
   4.7852170e-02
   4.0320843e-02
   2.9827134e-02
   2.7859705e-02
   0.0000000e+00
  -0.0000000e+00
  -0.0000000e+00
  -0.0000000e+00
  -0.0000000e+00
  -0.0000000e+00
  -0.0000000e+00
  -0.0000000e+00
  -0.0000000e+00
  -1.3590847e-02
  -6.9245487e-03
  -1.6113653e-02
  -4.5059623e-03
   0.0000000e+00
   0.0000000e+00
   0.0000000e+00
   0.0000000e+00
   0.0000000e+00
   0.0000000e+00
   0.0000000e+00
   0.0000000e+00
   0.0000000e+00
  -0.0000000e+00
  -0.0000000e+00
  -0.0000000e+00
   0.0000000e+00
   0.0000000e+00
   0.0000000e+00
   0.0000000e+00
   0.0000000e+00
   0.0000000e+00
   0.0000000e+00
   4.3532580e-02
   3.3245236e-02
   1.7636097e-02
   0.0000000e+00
  -1.5085033e-02
  -2.0869495e-02
  -2.4525596e-02
  -2.4041587e-02
  -2.6594358e-02
  -2.9191116e-02
  -2.8965756e-02
  -3.2591537e-02
  -2.8014999e-02
  -2.0285544e-02
  -1.7697684e-02
  -3.1833837e-02
  -0.0000000e+00
   0.0000000e+00
   0.0000000e+00
   0.0000000e+00
   0.0000000e+00
   0.0000000e+00
   0.0000000e+00
   0.0000000e+00
   0.0000000e+00
   4.3757465e-04
  -1.9409040e-02
  -3.9668119e-02
  -0.0000000e+00
   0.0000000e+00
   0.0000000e+00
   0.0000000e+00
   0.0000000e+00
   0.0000000e+00
   0.0000000e+00
   0.0000000e+00
   2.4699351e-02
   1.8011367e-02
   8.8469877e-03
  -2.9285569e-03
  -2.8106688e-02
  -3.4339484e-02
  -3.5623509e-02
  -3.2714427e-02
  -3.1809125e-02
  -3.2487892e-02
  -3.0923761e-02
  -2.9475175e-02
  -2.7373584e-02
  -2.6205948e-02
  -2.7866255e-02
  -3.6483746e-02
  -3.4577396e-02
   0.0000000e+00
   0.0000000e+00
   0.0000000e+00
  -0.0000000e+00
  -0.0000000e+00
   0.0000000e+00
  -0.0000000e+00
  -1.0000876e-02
  -1.9311368e-02
  -4.1581418e-02
  -4.8002197e-02
   0.0000000e+00
   0.0000000e+00
   0.0000000e+00
   0.0000000e+00
  -0.0000000e+00
  -0.0000000e+00
   0.0000000e+00
   0.0000000e+00
  -0.0000000e+00
   3.0702888e-03
  -4.7486914e-03
  -1.6388813e-02
  -3.6270857e-02
  -3.7671089e-02
  -3.5604648e-02
  -3.1752761e-02
  -2.8408447e-02
  -2.7063319e-02
  -2.5327045e-02
  -2.3791341e-02
  -2.3495186e-02
  -2.7280621e-02
  -2.9106412e-02
  -3.2163475e-02
  -2.3813266e-02
  -0.0000000e+00
   0.0000000e+00
   0.0000000e+00
  -2.7577684e-03
  -1.3171734e-02
  -0.0000000e+00
  -1.4437930e-02
  -2.7588919e-02
  -3.4121647e-02
  -4.4663101e-02
  -3.3239668e-02
   0.0000000e+00
   0.0000000e+00
  -0.0000000e+00
  -0.0000000e+00
  -2.1815972e-02
  -3.2077703e-02
  -2.9200038e-02
   0.0000000e+00
  -0.0000000e+00
  -7.6680188e-03
  -1.5047375e-02
  -2.7514417e-02
  -3.5560168e-02
  -3.1405296e-02
  -2.7402321e-02
  -2.2346912e-02
  -1.9079290e-02
  -1.7988190e-02
  -1.6826827e-02
  -1.7631600e-02
  -1.7634556e-02
  -2.2720350e-02
  -2.2151178e-02
  -1.9259909e-02
  -1.0150587e-02
   3.9480571e-03
   6.0373610e-03
   0.0000000e+00
  -6.6407386e-04
  -8.7767765e-03
  -6.9854795e-03
  -2.1969041e-02
  -3.2202795e-02
  -3.3794675e-02
  -3.2276895e-02
  -1.9696420e-02
  -1.7717850e-02
  -1.7290268e-02
  -1.6665156e-02
  -1.7764468e-02
  -2.0338368e-02
  -2.3490693e-02
  -1.7987412e-02
   0.0000000e+00
  -0.0000000e+00
  -1.2503414e-02
  -2.1659324e-02
  -3.0299127e-02
  -2.2352831e-02
  -1.7812537e-02
  -1.4272159e-02
  -9.0172393e-03
  -6.7031458e-03
  -6.2422249e-03
  -6.3808090e-03
  -8.1195123e-03
  -1.0359365e-02
  -1.5460405e-02
  -1.4428843e-02
  -6.0822484e-03
   4.3156960e-03
   1.0762219e-02
   1.1640061e-02
   0.0000000e+00
  -0.0000000e+00
  -8.9843599e-03
  -8.6120614e-03
  -1.4927988e-02
  -2.1482930e-02
  -2.1355599e-02
  -1.5764790e-02
  -8.3771748e-03
  -5.6196889e-03
  -5.0848513e-03
  -4.9505411e-03
  -8.0909235e-03
  -8.4282383e-03
  -2.2793015e-03
  -0.0000000e+00
   0.0000000e+00
  -0.0000000e+00
  -1.0424016e-02
  -1.5811929e-02
  -2.0399136e-02
  -4.4778041e-03
  -2.7452686e-03
   3.8660830e-04
   4.4911685e-03
   6.5551912e-03
   6.9138473e-03
   5.6078616e-03
   3.6058512e-03
  -2.4882604e-03
  -6.6825268e-03
  -6.8036783e-03
   4.5339353e-03
   1.3847593e-02
   0.0000000e+00
   2.2456275e-02
   1.6151138e-02
  -0.0000000e+00
  -7.9737306e-03
  -1.0165913e-02
  -4.7615321e-03
  -4.7147024e-03
  -4.5994045e-03
  -1.0345532e-03
   3.1525495e-03
   9.6114434e-03
   9.4888862e-03
   8.2335779e-03
   3.4815373e-03
   8.6129708e-03
   1.9034740e-02
   0.0000000e+00
   0.0000000e+00
   0.0000000e+00
  -7.1337144e-04
  -1.5314820e-03
  -3.8620308e-03
   1.1193318e-02
   1.0479322e-02
   1.4224663e-02
   1.6529847e-02
   1.9475013e-02
   1.9633023e-02
   1.7937485e-02
   1.4511546e-02
   5.4059434e-03
   2.7067545e-03
   1.4142285e-03
   1.3416222e-02
   2.1322424e-02
   0.0000000e+00
   3.5587661e-02
   2.2286725e-02
  -0.0000000e+00
  -0.0000000e+00
  -8.9924922e-03
   4.5477307e-03
   1.1340491e-02
   1.2621334e-02
   1.2101049e-02
   1.5651146e-02
   2.2925005e-02
   0.0000000e+00
   1.5425087e-02
   1.1583610e-02
   2.4086069e-02
   3.1702035e-02
   0.0000000e+00
   0.0000000e+00
   0.0000000e+00
   0.0000000e+00
   1.4533085e-02
   1.2359592e-02
   2.1467037e-02
   2.1260310e-02
   2.5949385e-02
   2.7057922e-02
   3.0965418e-02
   2.9329903e-02
   2.8412638e-02
   2.1094127e-02
   1.2609698e-02
   1.1518047e-02
   1.0931806e-02
   2.1498082e-02
   1.7913715e-02
   0.0000000e+00
   4.6138383e-02
   0.0000000e+00
   0.0000000e+00
   0.0000000e+00
  -4.8365626e-03
   1.1979669e-02
   2.2059262e-02
   2.7468795e-02
   2.5355246e-02
   2.9303193e-02
   2.9679205e-02
   0.0000000e+00
   0.0000000e+00
   1.8721479e-02
   3.4682401e-02
   3.4082805e-02
   0.0000000e+00
   0.0000000e+00
   0.0000000e+00
   2.8895551e-02
   2.8253719e-02
   2.4980268e-02
   2.2324368e-02
   2.4859896e-02
   2.8452687e-02
   2.9825615e-02
   3.1489737e-02
   2.8889891e-02
   2.6102947e-02
   1.8140083e-02
   1.3442636e-02
   1.3537251e-02
   1.6220236e-02
   2.1426337e-02
   1.5116017e-02
   2.4150815e-02
   4.2090781e-02
   0.0000000e+00
   0.0000000e+00
  -0.0000000e+00
   1.9927427e-03
   1.4698864e-02
   2.3605129e-02
   3.0099811e-02
   2.9679462e-02
   3.1804789e-02
   2.4015296e-02
   0.0000000e+00
   0.0000000e+00
   0.0000000e+00
   3.5351727e-02
   2.9928188e-02
   1.2246858e-02
   0.0000000e+00
   0.0000000e+00
   3.4385424e-02
   3.0425003e-02
   2.5585050e-02
   2.0485925e-02
   2.4293160e-02
   2.6407922e-02
   2.8066523e-02
   2.7216181e-02
   2.4339769e-02
   1.9738302e-02
   1.3106710e-02
   1.1071832e-02
   1.1765254e-02
   1.6832169e-02
   1.8663412e-02
   1.6720081e-02
   2.6118835e-02
   3.6044821e-02
   0.0000000e+00
   0.0000000e+00
   0.0000000e+00
   0.0000000e+00
   1.7250109e-02
   2.2976525e-02
   2.7019173e-02
   2.7580898e-02
   2.7895149e-02
   1.9173462e-02
   1.4042821e-02
   0.0000000e+00
   0.0000000e+00
   3.3118705e-02
   2.6783898e-02
   1.1148269e-02
   0.0000000e+00
   0.0000000e+00
   3.2185510e-02
   2.7325062e-02
   2.2438029e-02
   1.7434008e-02
   2.1683853e-02
   2.2233713e-02
   2.3976289e-02
   2.0820051e-02
   1.7956695e-02
   1.2115818e-02
   7.5896247e-03
   7.7664549e-03
   8.9082159e-03
   1.5496967e-02
   1.5166016e-02
   1.9759865e-02
   2.8379967e-02
   2.9520057e-02
   2.5454007e-02
   0.0000000e+00
   0.0000000e+00
   0.0000000e+00
   0.0000000e+00
   2.1132220e-02
   2.1738311e-02
   2.2434089e-02
   2.0958597e-02
   1.4462842e-02
   1.2811717e-02
   1.5753748e-02
   0.0000000e+00
   0.0000000e+00
   2.3926213e-02
   9.1535929e-03
   0.0000000e+00
   0.0000000e+00
   2.6407814e-02
   2.1727072e-02
   1.7621957e-02
   1.3131473e-02
   1.6214363e-02
   1.5717786e-02
   1.6891906e-02
   1.2879046e-02
   1.0244115e-02
   5.3900247e-03
   3.0003530e-03
   4.5706974e-03
   6.3333474e-03
   1.1911398e-02
   1.2471193e-02
   2.1761188e-02
   3.0992653e-02
   2.5182957e-02
   1.6105438e-02
   0.0000000e+00
   0.0000000e+00
   0.0000000e+00
   2.0883437e-02
   1.7532596e-02
   1.5292764e-02
   1.4427873e-02
   1.1431239e-02
   1.0748629e-02
   1.1409795e-02
   1.5367637e-02
   1.6443592e-02
   0.0000000e+00
   1.9879664e-02
   4.9960873e-03
   1.0163768e-02
   0.0000000e+00
   1.7053863e-02
   1.3908790e-02
   1.1767436e-02
   1.1823135e-02
   1.3460157e-02
   1.3118778e-02
   1.3963279e-02
   1.0457604e-02
   9.3076229e-03
   6.1322367e-03
   5.6977086e-03
   7.1516680e-03
   9.4926059e-03
   1.3007890e-02
   1.4406512e-02
   2.2314642e-02
   2.5131136e-02
   2.0128928e-02
   1.0749609e-02
   0.0000000e+00
   0.0000000e+00
   0.0000000e+00
   1.6882823e-02
   1.8186687e-02
   1.3758860e-02
   1.1779720e-02
   9.8636523e-03
   1.0854182e-02
   1.2286102e-02
   1.0994655e-02
   6.5835003e-03
   0.0000000e+00
   1.4898639e-02
   3.0113062e-03
   1.3911968e-02
   0.0000000e+00
   1.2513334e-02
   1.1517977e-02
   9.9282125e-03
   1.1178805e-02
   1.2134925e-02
   1.2143349e-02
   1.2749176e-02
   9.7500272e-03
   9.7565055e-03
   7.5928397e-03
   8.5385712e-03
   9.6562887e-03
   1.2168621e-02
   1.4796193e-02
   1.4884959e-02
   2.1404540e-02
   1.5877506e-02
   1.1795334e-02
   6.8580910e-03
   0.0000000e+00
   0.0000000e+00
   0.0000000e+00
   1.1738836e-02
   1.9885281e-02
   1.3455324e-02
   1.0308403e-02
   1.1203825e-02
   1.1098577e-02
   1.2379394e-02
   6.4860312e-03
  -2.2230206e-03
   0.0000000e+00
   0.0000000e+00
   3.2254076e-03
   1.1255455e-02
   1.8207373e-02
   1.0698780e-02
   1.0815996e-02
   9.4770696e-03
   1.0924412e-02
   1.1523140e-02
   1.1662287e-02
   1.2090213e-02
   9.5575191e-03
   1.0449002e-02
   9.0724863e-03
   1.0839967e-02
   1.1461260e-02
   1.3647878e-02
   1.6005417e-02
   1.4225046e-02
   2.0235576e-02
   7.0371623e-03
   1.8532013e-03
   4.0348156e-03
  -0.0000000e+00
   0.0000000e+00
   0.0000000e+00
   5.2689840e-03
   2.2180375e-02
   1.4112057e-02
   9.3416870e-03
   1.3999569e-02
   1.1271084e-02
   1.2075611e-02
   2.0731871e-03
  -7.7630766e-03
   0.0000000e+00
   0.0000000e+00
   5.2283788e-03
   1.2314448e-02
   1.6392339e-02
   1.0547890e-02
   1.1228238e-02
   9.9790655e-03
   1.0156076e-02
   1.1200987e-02
   1.1269337e-02
   1.1568561e-02
   1.0349656e-02
   1.1256904e-02
   1.1192303e-02
   1.2586389e-02
   1.3842965e-02
   1.4854845e-02
   1.6988017e-02
   1.3209585e-02
   1.6145507e-02
   2.2781882e-03
  -1.0165143e-02
  -8.5676193e-04
  -0.0000000e+00
  -0.0000000e+00
   0.0000000e+00
   3.6894465e-03
   1.7388149e-02
   1.5159358e-02
   5.4103988e-03
   1.2099726e-02
   1.0425304e-02
   9.4865672e-03
  -3.0648336e-04
  -1.0399537e-02
  -5.5879005e-03
  -6.9846718e-04
   6.3938275e-03
   9.6801780e-03
   1.1013005e-02
   8.8924784e-03
   9.2935245e-03
   9.7476840e-03
   8.7611154e-03
   9.9186553e-03
   1.0032453e-02
   9.8797744e-03
   9.4458545e-03
   1.0347052e-02
   1.1334701e-02
   1.2470254e-02
   1.3943789e-02
   1.5088240e-02
   1.5803305e-02
   1.3346489e-02
   1.1802546e-02
   2.0962860e-03
  -1.1703196e-02
  -1.8334066e-02
  -0.0000000e+00
  -0.0000000e+00
   0.0000000e+00
   6.1858217e-03
   1.1185159e-02
   1.1409018e-02
   3.2666436e-03
   5.1782704e-03
   7.4507613e-03
   6.3205617e-03
  -6.4575352e-04
  -9.5312726e-03
  -7.4647747e-03
  -6.8083976e-04
   4.4177156e-03
   6.1745523e-03
   6.1254827e-03
   4.9668555e-03
   6.0490207e-03
   7.2897892e-03
   5.0794589e-03
   6.4754323e-03
   6.6641299e-03
   6.3532433e-03
   6.1862492e-03
   7.1141818e-03
   8.6186808e-03
   9.3669510e-03
   1.0603736e-02
   1.1448091e-02
   1.1113085e-02
   9.8900748e-03
   6.3658007e-03
   1.6402549e-03
  -1.2699583e-02
  -2.1056819e-02
  -1.9347861e-02
  -1.7911000e-02
  -6.9837390e-03
   6.2549398e-03
   4.7382480e-03
   6.7801186e-03
   0.0000000e+00
  -2.2320629e-03
   1.4871063e-03
   1.7086511e-03
  -2.4701175e-03
  -9.6893897e-03
  -8.7934900e-03
  -1.1314156e-03
   1.6529480e-03
   1.4885304e-03
   3.9242144e-04
  -3.2792721e-04
   1.3482904e-03
   2.8703196e-03
  -1.9359491e-03
   9.0574758e-07
   7.3173246e-04
   6.8932341e-04
  -1.6024322e-04
   1.3202513e-03
   2.5060251e-03
   3.5419627e-03
   3.9073443e-03
   4.3239254e-03
   3.6662535e-03
   2.1636952e-03
  -5.1227486e-04
  -2.9912051e-03
  -1.3357797e-02
  -2.8865725e-02
  -2.3183128e-02
  -2.0545281e-02
  -1.7162757e-02
   8.1044961e-04
  -4.7042231e-04
   0.0000000e+00
   0.0000000e+00
  -9.5728012e-03
  -9.3538724e-03
  -5.6214668e-03
  -7.5484188e-03
  -1.0107174e-02
  -1.0019152e-02
  -2.3210931e-03
  -2.9975222e-03
  -5.8202040e-03
  -6.8605291e-03
  -8.1576752e-03
  -5.7778871e-03
  -4.8281741e-03
  -1.3450300e-02
  -1.0914135e-02
  -9.0568913e-03
  -8.4323753e-03
  -9.8281531e-03
  -9.2470795e-03
  -8.6713759e-03
  -6.9702505e-03
  -7.3877159e-03
  -7.0798066e-03
  -7.3459581e-03
  -9.8083485e-03
  -1.0055107e-02
  -1.4988088e-02
  -1.5197449e-02
  -1.9894505e-02
  -2.3326073e-02
  -2.0765314e-02
  -2.3656405e-02
  -1.2153675e-02
  -5.7412957e-03
  -0.0000000e+00
  -2.9490388e-03
  -1.2318078e-02
  -1.9543335e-02
  -1.6364720e-02
  -1.7078513e-02
  -1.4991558e-02
  -1.4861752e-02
  -1.0014219e-02
  -9.8129967e-03
  -1.4016593e-02
  -1.4975888e-02
  -1.6796093e-02
  -1.5692299e-02
  -1.5381821e-02
  -1.9710900e-02
  -1.7505415e-02
  -1.4761351e-02
  -1.3437147e-02
  -1.4675716e-02
  -1.5204582e-02
  -1.4787513e-02
  -1.3358437e-02
  -1.3371032e-02
  -1.2677232e-02
  -1.2887193e-02
  -1.5323600e-02
  -1.5789324e-02
  -1.8987337e-02
  -1.6929291e-02
  -1.6885391e-02
  -2.0793026e-02
  -2.0984005e-02
  -2.6389614e-02
  -2.0328915e-02
  -1.0962652e-02
  -1.1183779e-02
  -6.5018428e-03
  -1.1596674e-02
  -2.1022264e-02
  -2.1303343e-02
  -2.2084057e-02
  -1.9860649e-02
  -1.9271569e-02
  -1.6593823e-02
  -1.4335683e-02
  -1.6866956e-02
  -1.8630719e-02
  -2.0208856e-02
  -2.0482685e-02
  -2.0671720e-02
  -2.2939874e-02
  -2.1616360e-02
  -1.8370772e-02
  -1.6415205e-02
  -1.7184407e-02
  -1.8576274e-02
  -1.8133570e-02
  -1.7295020e-02
  -1.6884463e-02
  -1.5734619e-02
  -1.5996326e-02
  -1.7935313e-02
  -1.8949088e-02
  -1.8841323e-02
  -1.7845402e-02
  -1.7434873e-02
  -1.8195571e-02
  -2.1101361e-02
  -2.6958020e-02
  -2.4200205e-02
  -1.3614427e-02
  -1.0227310e-02
  -8.4558632e-03
  -1.0916419e-02
  -1.9301837e-02
  -2.3207927e-02
  -2.4494020e-02
  -2.3544060e-02
  -2.2457756e-02
  -2.1347109e-02
  -1.7424790e-02
  -1.7455351e-02
  -1.9971676e-02
  -2.1153651e-02
  -2.2412166e-02
  -2.2990497e-02
  -2.1507854e-02
  -2.1855835e-02
  -1.9095017e-02
  -1.6433075e-02
  -1.6351925e-02
  -1.7847255e-02
  -1.7425999e-02
  -1.7385196e-02
  -1.7314734e-02
  -1.6061520e-02
  -1.6337741e-02
  -1.7236028e-02
  -1.7079556e-02
  -1.2336080e-02
  -1.6825389e-02
  -2.3097502e-02
  -1.7627053e-02
  -2.0164849e-02
  -2.3867821e-02
  -2.0334478e-02
  -1.3375364e-02
  -6.7630713e-03
  -7.1187820e-03
  -9.4768515e-03
  -1.4940586e-02
  -2.0439256e-02
  -2.2569260e-02
  -2.3498114e-02
  -2.2099948e-02
  -2.1752898e-02
  -1.8184027e-02
  -1.5292190e-02
  -1.7736580e-02
  -1.8731168e-02
  -1.9758657e-02
  -2.0649018e-02
  -1.3832732e-02
  -1.4820307e-02
  -1.3657896e-02
  -1.1182209e-02
  -1.0772745e-02
  -1.2273781e-02
  -1.1860355e-02
  -1.1168242e-02
  -1.1640017e-02
  -1.0994876e-02
  -1.1237393e-02
  -1.1432822e-02
  -9.8517649e-03
  -6.1780331e-03
  -1.1691302e-02
  -2.1423770e-02
  -1.7781500e-02
  -1.7910439e-02
  -1.8386316e-02
  -1.2294551e-02
  -6.6534826e-03
  -2.1031525e-03
   7.4879470e-05
  -2.9685102e-03
  -6.6496558e-03
  -1.0301758e-02
  -1.3543855e-02
  -1.4671943e-02
  -1.3701392e-02
  -1.2608002e-02
  -1.1341529e-02
  -9.4182743e-03
  -9.8870881e-03
  -1.1302617e-02
  -1.1998023e-02
  -1.2441767e-02
  -4.7235782e-03
  -4.7440412e-03
  -4.4728005e-03
  -2.7293530e-03
  -2.4280597e-03
  -4.4901455e-03
  -3.9093443e-03
  -2.9514744e-03
  -2.5893734e-03
  -2.3000841e-03
  -2.2436976e-03
  -1.8110937e-03
  -2.3091505e-03
  -1.6750285e-03
  -4.6645245e-03
  -1.0557188e-02
  -1.1136345e-02
  -1.3024265e-02
  -1.3009726e-02
  -8.0461594e-03
  -1.3343741e-03
   4.7240448e-03
   9.8883575e-03
   1.0452231e-02
   5.8542048e-03
   2.5068116e-03
  -1.4096268e-03
  -2.3153329e-03
  -2.0386553e-03
  -1.5871122e-03
  -8.1154716e-04
  -1.0079048e-03
  -6.9205428e-04
  -2.1043993e-03
  -3.3985146e-03
  -3.5756361e-03
   4.5486335e-03
   6.1686831e-03
   6.0019311e-03
   6.7648957e-03
   7.0004389e-03
   4.7902381e-03
   5.3897388e-03
   6.0733459e-03
   7.7638184e-03
   7.5424635e-03
   7.6149977e-03
   7.4624829e-03
   4.3131355e-03
   4.2384518e-03
   4.0252656e-03
   4.4083172e-03
   1.6739953e-03
  -4.7935588e-03
  -7.1551563e-03
  -7.6003047e-03
   0.0000000e+00
   1.0420592e-02
   1.7972952e-02
   2.2817287e-02
   1.9555526e-02
   1.5274178e-02
   1.1222862e-02
   1.0218194e-02
   1.0933431e-02
   9.6462891e-03
   1.0392914e-02
   9.4877798e-03
   9.3125300e-03
   7.8169284e-03
   5.5776578e-03
   5.1501547e-03
   1.2807471e-02
   1.5774906e-02
   1.5703894e-02
   1.5671179e-02
   1.5978182e-02
   1.4179637e-02
   1.4589379e-02
   1.4676958e-02
   1.7189287e-02
   1.6298287e-02
   1.6320294e-02
   1.3997365e-02
   1.0335220e-02
   1.3525583e-02
   1.3995480e-02
   2.0402296e-02
   1.7620889e-02
   0.0000000e+00
  -0.0000000e+00
   0.0000000e+00
  -0.0000000e+00
   1.3371002e-02
   2.1089212e-02
   3.1872880e-02
   2.8124059e-02
   2.3850236e-02
   2.1083044e-02
   1.9452812e-02
   2.2028610e-02
   1.9495996e-02
   2.0479977e-02
   2.0023046e-02
   1.8261310e-02
   1.6590958e-02
   1.3926647e-02
   1.2972075e-02
   1.8113088e-02
   2.1247881e-02
   2.1608274e-02
   2.2248941e-02
   2.2442726e-02
   2.0914624e-02
   2.0976068e-02
   2.0415250e-02
   2.2473700e-02
   2.1069273e-02
   2.2186875e-02
   1.7474122e-02
   1.6563706e-02
   2.5759110e-02
   2.3264287e-02
   3.3351392e-02
   3.6604101e-02
   0.0000000e+00
   0.0000000e+00
  -0.0000000e+00
  -1.1849615e-02
   1.2021957e-02
   1.8316824e-02
   3.0099219e-02
   2.8311694e-02
   2.5877096e-02
   2.4328452e-02
   2.2523116e-02
   2.7145304e-02
   2.5267415e-02
   2.6742073e-02
   2.6875252e-02
   2.4095397e-02
   2.2137884e-02
   2.0152226e-02
   1.8689686e-02
   1.7451191e-02
   1.9978466e-02
   2.1159211e-02
   2.4197083e-02
   2.3578238e-02
   2.1654198e-02
   2.1392293e-02
   1.9824633e-02
   2.0652834e-02
   2.0193912e-02
   2.3880396e-02
   1.7884495e-02
   1.9890202e-02
   3.2251310e-02
   2.5302036e-02
   3.6202233e-02
   3.7083019e-02
   1.4211548e-02
   2.0813639e-03
  -1.7132085e-02
  -1.4300316e-02
   6.6609951e-03
   1.2899747e-02
   1.9961016e-02
   2.2784241e-02
   2.3092814e-02
   1.9081533e-02
   1.9053401e-02
   2.3609508e-02
   2.3311336e-02
   2.6398702e-02
   2.7332213e-02
   2.6198376e-02
   2.3619989e-02
   2.1831734e-02
   1.9445151e-02
   9.6458551e-03
   1.1840980e-02
   1.4015916e-02
   1.7466573e-02
   1.5731299e-02
   1.4822700e-02
   1.4612796e-02
   1.1913602e-02
   1.1793315e-02
   1.3881768e-02
   1.8248746e-02
   1.1311953e-02
   1.3867489e-02
   2.2240218e-02
   1.5640985e-02
   2.3451494e-02
   2.0632396e-02
   3.7999214e-03
  -1.3360947e-03
  -7.6483167e-03
  -9.9496506e-03
  -2.6330841e-03
   4.5948061e-03
   7.8684129e-03
   1.3975002e-02
   1.5624077e-02
   6.9700736e-03
   9.5612165e-03
   1.1988346e-02
   1.1653335e-02
   1.7625306e-02
   2.1221457e-02
   2.3522189e-02
   1.9264959e-02
   1.5519478e-02
   1.2240701e-02
  -1.0091792e-03
   1.4093464e-03
   2.4737723e-03
   1.9851264e-03
   6.3598889e-04
   2.1566299e-03
   2.1203000e-03
  -6.2059920e-04
  -3.7633340e-04
   2.8221349e-03
   4.0816744e-03
  -1.2642815e-03
   3.5201811e-04
   2.9135593e-03
   1.6757057e-03
   4.3341392e-03
   1.8282406e-03
  -7.1286387e-04
  -2.7529793e-03
  -3.6758501e-03
  -5.0125979e-03
  -7.3860707e-03
  -3.1281216e-03
  -2.6101563e-03
  -2.2629777e-03
  -3.3523971e-03
  -8.1098154e-03
  -3.1537146e-03
  -2.3324592e-03
  -4.7349427e-03
   1.8977771e-03
   8.3217658e-03
   1.0987749e-02
   5.3035514e-03
   6.5115438e-04
  -1.2295317e-03
  -7.2344071e-03
  -5.2529648e-03
  -5.5873776e-03
  -8.5288966e-03
  -9.7523006e-03
  -8.6009214e-03
  -8.6010676e-03
  -9.5365830e-03
  -8.6354995e-03
  -6.5196729e-03
  -6.8254764e-03
  -8.6929472e-03
  -7.7783638e-03
  -6.0809110e-03
  -3.4441308e-03
  -3.5205539e-03
  -5.7405899e-03
  -7.2440351e-03
  -1.0175398e-02
  -9.6962992e-03
  -6.1419886e-03
  -4.4341865e-03
  -3.2855761e-03
  -8.5392026e-03
  -1.7392086e-02
  -2.1166822e-02
  -1.7621560e-02
  -9.3186265e-03
  -6.6300724e-03
  -8.7449541e-03
  -7.3377951e-03
  -3.7604775e-03
  -3.0834859e-03
  -7.1634669e-03
  -1.0351128e-02
  -9.9733882e-03
  -3.9479374e-03
  -3.6876597e-03
  -3.8910520e-03
  -4.6245484e-03
  -5.3341328e-03
  -5.9504239e-03
  -6.2793000e-03
  -6.0327351e-03
  -5.7484130e-03
  -6.1529819e-03
  -6.7275045e-03
  -6.9867140e-03
  -6.6101635e-03
  -5.2731964e-03
  -3.5409688e-03
  -3.5008467e-03
  -5.4938835e-03
  -8.7572830e-03
  -1.1102331e-02
  -1.0508822e-02
  -6.9823149e-03
  -2.8923678e-03
  -9.4224600e-04
  -2.3908741e-03
  -6.0916990e-03
  -8.2769357e-03
  -7.5260429e-03
  -4.6155788e-03
  -2.0452333e-03
  -7.8100275e-04
  -4.6837205e-04
  -4.8973935e-04
  -1.1972291e-03
  -2.5334859e-03
  -3.6622155e-03
  -4.1576405e-03
