 4.930e+09 3.865e+09 2.889e+09 2.211e+09 1.689e+09 1.368e+09 1.253e+09 1.201e+09 1.118e+09 1.012e+09 9.075e+08 8.073e+08 7.080e+08 6.196e+08 6.157e+08 6.958e+08 7.116e+08 6.526e+08 7.282e+08 7.937e+08         0         0         0         0 9.172e+08 1.130e+09 1.552e+09 2.022e+09 2.674e+09 3.565e+09 3.893e+09 4.519e+09 5.786e+09 6.556e+09 6.265e+09 5.860e+09
         0         0         0         0         0         0         0         0         0 3.024e+09         0         0         0         0         0         0         0         0         0 1.851e+09 1.788e+09         0         0 2.472e+09 2.773e+09 3.047e+09 4.160e+09 5.989e+09         0         0         0         0         0         0         0         0
         0         0         0         0         0         0 1.002e+10 8.528e+09 6.943e+09 6.062e+09 5.712e+09 5.401e+09         0         0         0         0         0         0         0         0 4.150e+09 4.618e+09 4.365e+09 5.022e+09 5.939e+09 7.474e+09         0         0         0         0         0         0         0         0         0         0
         0         0         0         0 1.625e+10 1.621e+10 1.441e+10 1.119e+10 9.197e+09 8.004e+09 7.116e+09 6.299e+09 8.849e+09         0         0         0         0         0         0         0 7.907e+09 7.559e+09 7.940e+09 9.497e+09 1.130e+10         0         0         0         0         0         0         0         0         0         0         0
         0         0         0         0 2.102e+10 1.896e+10 1.667e+10 1.298e+10 1.031e+10 8.770e+09 7.680e+09 7.340e+09 7.955e+09 1.209e+10         0         0         0         0         0         0 1.305e+10 1.161e+10 1.297e+10 1.390e+10 1.492e+10 2.066e+10         0         0         0         0         0         0         0         0         0         0
         0         0         0 3.375e+10 2.387e+10 1.992e+10 1.671e+10 1.260e+10 9.512e+09 8.200e+09 7.375e+09 7.473e+09 6.714e+09 1.235e+10         0         0         0         0         0 2.005e+10 1.504e+10 1.488e+10 1.603e+10 1.511e+10 1.606e+10 3.295e+10         0         0         0         0         0         0         0         0         0         0
         0         0         0 2.932e+10 2.273e+10 1.746e+10 1.320e+10 9.780e+09 7.471e+09 6.432e+09 6.074e+09 6.364e+09 6.167e+09 1.615e+10         0         0         0         0 3.072e+10 2.169e+10 2.102e+10 1.799e+10 1.619e+10 1.646e+10 1.708e+10         0 1.024e+11 2.037e+11         0         0         0         0         0         0         0         0
         0         0         0 2.738e+10 1.923e+10 1.303e+10 9.402e+09 6.978e+09 5.627e+09 4.930e+09 4.789e+09 5.372e+09 6.207e+09 2.114e+10         0         0         0         0 2.440e+10 1.991e+10 1.706e+10 1.565e+10 1.493e+10 1.809e+10 2.376e+10 9.593e+10 2.626e+11 1.247e+12 2.326e+11 3.860e+11         0         0         0         0         0         0
         0         0 1.694e+10 1.653e+10 1.030e+10 7.078e+09 5.506e+09 4.578e+09 4.523e+09 4.455e+09 4.667e+09 5.440e+09 7.197e+09 1.515e+10 2.242e+11         0         0         0 1.577e+10 1.277e+10 1.431e+10 1.511e+10 1.818e+10 2.413e+10 4.684e+10         0         0 8.834e+11 7.639e+11         0         0         0         0         0         0         0
         0         0 1.107e+10 7.103e+09 4.652e+09 3.978e+09 3.827e+09 4.066e+09 5.072e+09 5.053e+09 5.329e+09 5.922e+09 8.936e+09 1.714e+10 1.271e+11         0 2.300e+10 1.200e+10 1.315e+10 1.687e+10 1.883e+10 1.814e+10 2.538e+10 3.753e+10 7.855e+10         0         0         0         0         0         0         0         0         0         0         0
         0         0 7.207e+09 3.787e+09 3.042e+09 3.173e+09 3.570e+09 4.640e+09 6.173e+09 6.427e+09 6.412e+09 7.086e+09 1.105e+10 1.952e+10 1.002e+11         0 1.784e+10 1.252e+10 2.002e+10 2.626e+10 2.595e+10 2.633e+10 3.937e+10 5.363e+10 1.250e+11         0         0         0         0         0         0 4.623e+11 1.628e+11         0         0         0
         0 4.446e+09 4.297e+09 2.681e+09 2.475e+09 2.590e+09 3.323e+09 4.969e+09 7.450e+09 8.489e+09 8.245e+09 8.377e+09 1.193e+10 1.757e+10 1.888e+10         0 1.739e+10 1.892e+10 2.858e+10 4.136e+10 4.068e+10 4.191e+10 5.949e+10 6.767e+10 1.614e+11         0         0         0         0         0         0 3.608e+11 1.423e+11         0         0         0
         0 2.843e+09 3.278e+09 1.964e+09 1.761e+09 1.868e+09 2.524e+09 4.139e+09 7.637e+09 1.015e+10 1.029e+10 1.105e+10 1.253e+10 1.368e+10 1.167e+10 1.344e+10         0 2.023e+10 4.045e+10 6.822e+10 5.680e+10 5.555e+10 7.956e+10 1.031e+11 2.543e+11         0         0         0         0         0         0 4.381e+11 1.681e+11         0 1.569e+10 5.748e+09
         0 2.058e+09 1.954e+09 1.381e+09 1.303e+09 1.416e+09 1.987e+09 3.112e+09 5.422e+09 8.510e+09 1.128e+10 1.244e+10 1.189e+10 1.068e+10 8.898e+09 9.797e+09 1.379e+10         0 4.040e+10 6.188e+10 7.195e+10 6.502e+10 9.469e+10 1.196e+11 2.278e+11         0         0         0         0         0         0 2.515e+11 1.568e+11 6.040e+10 1.368e+10 4.200e+09
         0 1.274e+09 1.140e+09 1.013e+09 9.697e+08 1.094e+09 1.558e+09 2.310e+09 3.746e+09 6.069e+09 9.057e+09 9.771e+09 9.571e+09 8.452e+09 8.054e+09 8.969e+09 1.436e+10 2.242e+10         0 6.078e+10 8.543e+10 6.614e+10 8.605e+10 1.143e+11 2.246e+11         0         0         0         0         0         0 1.623e+11 1.351e+11 4.619e+10 1.197e+10 3.498e+09
         0 8.243e+08 6.731e+08 7.661e+08 8.767e+08 1.101e+09 1.446e+09 2.014e+09 3.005e+09 4.697e+09 6.558e+09 7.387e+09 7.138e+09 6.678e+09 7.047e+09 8.366e+09 1.194e+10 2.184e+10         0         0 8.301e+10 5.758e+10 6.311e+10 9.269e+10 2.098e+11         0         0         0         0         0         0 2.343e+11 9.640e+10 2.720e+10 8.982e+09 2.719e+09
         0 6.756e+08 4.581e+08 5.593e+08 7.582e+08 1.040e+09 1.375e+09 1.749e+09 2.282e+09 2.981e+09 3.955e+09 4.629e+09 4.895e+09 5.501e+09 6.463e+09 7.501e+09 9.695e+09 1.684e+10         0         0 6.573e+10 5.641e+10 5.220e+10 5.756e+10 1.232e+11 2.021e+11 2.410e+11         0         0         0 9.813e+10 1.200e+11 5.003e+10 1.799e+10 6.159e+09 2.847e+09
         0         0 4.166e+08 4.609e+08 5.392e+08 6.172e+08 7.888e+08 9.944e+08 1.233e+09 1.487e+09 1.769e+09 2.037e+09 2.492e+09 2.998e+09 3.797e+09 4.721e+09 5.668e+09 8.027e+09         0         0         0 4.476e+10 3.483e+10 2.928e+10 3.975e+10 7.050e+10 8.965e+10         0         0         0 4.781e+10 4.055e+10 2.598e+10 1.436e+10 5.785e+09 3.328e+09
         0         0 6.793e+08 5.708e+08 5.765e+08 4.444e+08 5.290e+08 6.920e+08 8.572e+08 1.098e+09 1.305e+09 1.685e+09 2.215e+09 2.885e+09 3.487e+09 4.202e+09 4.877e+09 7.426e+09         0         0         0 2.977e+10 2.013e+10 1.467e+10 1.244e+10 1.710e+10 2.886e+10         0         0         0 1.799e+10 1.783e+10 1.839e+10 1.357e+10 5.944e+09 3.572e+09
 3.188e+09         0 1.391e+09 9.795e+08 7.149e+08 5.812e+08 6.154e+08 8.130e+08 1.088e+09 1.328e+09 1.707e+09 2.288e+09 3.116e+09 4.364e+09 5.410e+09 6.290e+09 6.377e+09 8.374e+09         0         0         0         0 1.348e+10 9.944e+09 6.878e+09 6.164e+09 9.485e+09         0         0         0 1.140e+10 9.004e+09 1.075e+10 8.997e+09 5.205e+09 4.290e+09
 4.835e+09         0 3.341e+09 1.957e+09 1.144e+09 8.813e+08 6.559e+08 7.224e+08 9.219e+08 1.182e+09 1.499e+09 2.109e+09 3.023e+09 3.928e+09 4.207e+09 3.874e+09 3.536e+09 3.814e+09         0         0         0         0 5.935e+09 5.044e+09 2.845e+09 1.908e+09 2.094e+09         0         0         0 8.345e+09 5.067e+09 5.589e+09 5.345e+09 5.140e+09 5.046e+09
 8.024e+09 8.743e+09         0         0 2.291e+09 1.455e+09 8.682e+08 7.184e+08 7.308e+08 8.419e+08 1.067e+09 1.626e+09 2.190e+09 2.507e+09 2.251e+09 1.771e+09 2.116e+09 2.895e+09         0         0         0         0 3.664e+09 2.092e+09 1.335e+09 1.176e+09 1.167e+09         0         0         0 5.747e+09 3.244e+09 3.562e+09 4.497e+09 6.233e+09 7.286e+09
 1.134e+10 1.187e+10         0         0 5.868e+09 2.341e+09 1.495e+09 1.026e+09 9.407e+08 8.117e+08 8.950e+08 1.182e+09 1.586e+09 1.798e+09 1.651e+09 1.312e+09 1.804e+09 3.162e+09         0         0         0         0 3.644e+09 1.973e+09 1.486e+09 1.572e+09 1.474e+09         0         0         0 3.871e+09 2.564e+09 2.936e+09 4.635e+09 6.589e+09 7.985e+09
 9.718e+09 1.591e+10         0         0 1.523e+10 3.751e+09 1.977e+09 1.532e+09 1.264e+09 1.038e+09 9.523e+08 1.029e+09 1.292e+09 1.533e+09 1.575e+09 1.202e+09 1.547e+09 3.189e+09 1.218e+10         0         0         0 4.272e+09 2.465e+09 1.763e+09 1.797e+09 1.933e+09         0         0         0 2.497e+09 2.146e+09 2.366e+09 3.813e+09 4.750e+09 5.165e+09
 6.373e+09 1.913e+10         0         0         0 6.495e+09 3.515e+09 1.925e+09 1.515e+09 1.223e+09 1.129e+09 1.214e+09 1.346e+09 1.367e+09 1.302e+09 1.057e+09 1.207e+09 2.914e+09 1.011e+10         0         0         0 6.803e+09 3.656e+09 2.131e+09 1.887e+09 2.497e+09         0         0 2.093e+09 2.109e+09 1.620e+09 1.727e+09 2.307e+09 3.245e+09 3.635e+09
 3.833e+09 1.581e+10         0         0         0 1.605e+10 4.498e+09 2.401e+09 1.702e+09 1.323e+09 1.242e+09 1.354e+09 1.472e+09 1.427e+09 1.257e+09 1.053e+09 8.632e+08 2.378e+09 1.079e+10         0         0 1.997e+10 1.004e+10 5.534e+09 2.783e+09 1.829e+09 2.471e+09 1.257e+10         0 3.438e+09 2.164e+09 1.545e+09 1.389e+09 1.613e+09 2.070e+09 2.474e+09
 2.528e+09 1.300e+10         0         0         0 3.291e+10 7.046e+09 3.303e+09 2.130e+09 1.512e+09 1.345e+09 1.335e+09 1.471e+09 1.387e+09 1.305e+09 1.065e+09 6.736e+08 1.647e+09 1.669e+10         0         0 3.179e+10 1.579e+10 9.317e+09 4.299e+09 2.071e+09 1.996e+09 1.421e+10         0 7.411e+09 2.391e+09 1.659e+09 1.297e+09 1.245e+09 1.247e+09 1.529e+09
 1.814e+09 7.879e+09 2.950e+10         0         0 4.518e+10 1.288e+10 5.401e+09 3.416e+09 2.109e+09 1.624e+09 1.499e+09 1.399e+09 1.330e+09 1.309e+09 1.121e+09 7.587e+08 9.635e+08 1.526e+10         0         0 3.733e+10 2.449e+10 1.530e+10 7.865e+09 3.623e+09 2.034e+09 4.395e+09         0 8.956e+09 3.003e+09 2.026e+09 1.547e+09 1.251e+09 1.062e+09 1.313e+09
 1.604e+09 4.093e+09 1.122e+10 3.037e+10         0 3.904e+10 1.795e+10 9.943e+09 4.781e+09 3.068e+09 2.214e+09 1.891e+09 1.627e+09 1.495e+09 1.420e+09 1.269e+09 1.035e+09 8.730e+08 8.136e+09         0 4.991e+10 4.368e+10 3.034e+10 1.962e+10 1.214e+10 6.677e+09 3.801e+09 3.690e+09 8.462e+09 6.720e+09 4.822e+09 3.295e+09 2.265e+09 1.772e+09 1.348e+09 1.349e+09
 1.629e+09 2.323e+09 6.935e+09 1.660e+10 3.505e+10 2.634e+10 2.028e+10 1.393e+10 5.970e+09 4.059e+09 3.045e+09 2.427e+09 1.987e+09 1.777e+09 1.601e+09 1.429e+09 1.223e+09 1.073e+09 4.378e+09         0 3.714e+10 4.250e+10 3.105e+10 2.100e+10 1.424e+10 9.139e+09 6.216e+09 5.454e+09 5.892e+09 6.399e+09 6.101e+09 4.994e+09 3.491e+09 2.584e+09 2.031e+09 1.665e+09
 1.862e+09 2.370e+09 5.223e+09 1.203e+10 1.692e+10 1.639e+10 1.823e+10 1.101e+10 7.059e+09 5.265e+09 4.113e+09 3.197e+09 2.556e+09 2.184e+09 1.937e+09 1.682e+09 1.462e+09 1.337e+09 3.121e+09         0 2.472e+10 2.978e+10 2.388e+10 1.807e+10 1.312e+10 1.032e+10 7.755e+09 6.121e+09 5.470e+09 5.262e+09 5.087e+09 4.737e+09 4.035e+09 3.131e+09 2.472e+09 2.063e+09
 1.518e+09 1.892e+09 3.453e+09 7.363e+09 1.015e+10 1.130e+10 1.203e+10 7.635e+09 6.321e+09 5.376e+09 4.196e+09 3.328e+09 2.705e+09 2.205e+09 1.776e+09 1.534e+09 1.371e+09 1.338e+09 2.248e+09         0 1.181e+10 1.630e+10 1.521e+10 1.301e+10 1.010e+10 7.849e+09 6.111e+09 4.860e+09 4.243e+09 4.037e+09 3.900e+09 3.493e+09 2.971e+09 2.437e+09 2.027e+09 1.694e+09
 8.291e+08 8.883e+08 1.434e+09 2.810e+09 4.601e+09 5.991e+09 6.345e+09 5.084e+09 4.134e+09 3.552e+09 2.826e+09 2.370e+09 1.978e+09 1.640e+09 1.327e+09 1.155e+09 9.863e+08 9.225e+08 1.172e+09 1.304e+09 3.837e+09 6.199e+09 6.649e+09 6.357e+09 5.192e+09 4.069e+09 3.164e+09 2.478e+09 2.109e+09 1.996e+09 2.027e+09 1.882e+09 1.693e+09 1.393e+09 1.118e+09 9.432e+08
 3.515e+08 3.467e+08 4.633e+08 8.352e+08 1.338e+09 1.827e+09 2.198e+09 2.054e+09 1.690e+09 1.365e+09 1.122e+09 1.000e+09 8.941e+08 7.854e+08 6.552e+08 5.720e+08 4.999e+08 4.359e+08 4.361e+08 5.033e+08 8.781e+08 1.413e+09 1.817e+09 1.830e+09 1.648e+09 1.457e+09 1.169e+09 9.094e+08 7.623e+08 7.223e+08 7.479e+08 7.360e+08 6.789e+08 5.829e+08 4.630e+08 3.829e+08
 8.328e+07 8.441e+07 1.018e+08 1.733e+08 2.772e+08 3.508e+08 4.448e+08 4.865e+08 4.434e+08 3.868e+08 3.499e+08 3.318e+08 3.034e+08 2.874e+08 2.534e+08 2.145e+08 1.864e+08 1.756e+08 1.779e+08 1.924e+08 2.490e+08 3.391e+08 4.361e+08 5.005e+08 5.132e+08 4.787e+08 3.792e+08 2.763e+08 2.134e+08 1.792e+08 1.775e+08 1.729e+08 1.453e+08 1.223e+08 1.144e+08 9.907e+07
 1.129e+07 1.143e+07 1.231e+07 1.654e+07 2.263e+07 2.962e+07 4.311e+07 5.320e+07 5.606e+07 6.371e+07 8.166e+07 1.000e+08 1.053e+08 1.054e+08 9.195e+07 7.808e+07 6.860e+07 6.669e+07 6.021e+07 5.527e+07 5.563e+07 6.069e+07 6.772e+07 8.181e+07 7.855e+07 6.307e+07 4.850e+07 3.529e+07 2.633e+07 1.988e+07 1.654e+07 1.426e+07 1.255e+07 1.152e+07 1.361e+07 1.249e+07
