   1.8916205e+00
   1.8637625e+00
   1.7658195e+00
   1.6518457e+00
   1.4980113e+00
   1.3028681e+00
   1.0931371e+00
   8.5291679e-01
   6.1467284e-01
   3.8401264e-01
   1.0900448e-01
  -1.3503949e-01
  -2.4255365e-01
  -1.8583488e-01
  -2.9139562e-02
   8.3422139e-02
   1.0696718e-01
   5.5217713e-02
  -1.3087524e-02
  -7.7413401e-02
  -9.8172039e-02
  -5.9021480e-02
   3.8874666e-02
   1.4456284e-01
   1.6965415e-01
   4.7828844e-02
  -1.7838939e-01
  -3.5295430e-01
  -4.1279311e-01
  -3.2788238e-01
  -1.6745019e-01
   6.3714430e-02
   4.1491735e-01
   8.7967092e-01
   1.4147043e+00
   1.7753372e+00
   2.0213051e+00
   1.7819985e+00
   1.5769212e+00
   1.3735657e+00
   1.0962955e+00
   7.7814871e-01
   4.8428386e-01
   3.5421354e-01
   4.9275821e-01
   6.2260354e-01
   3.9853069e-01
  -3.0137330e-01
  -6.8896836e-01
  -3.0779219e-01
   3.1607592e-01
   6.1217058e-01
   5.3691995e-01
   3.6931863e-01
   3.5679859e-01
   3.8010803e-01
   4.6947378e-01
   5.8425111e-01
   7.1887434e-01
   1.0800345e+00
   1.4593986e+00
   1.2259450e+00
   5.6897223e-01
   3.4586895e-01
   3.6382392e-01
   4.4850248e-01
   4.5466298e-01
   7.6899290e-02
   6.4521119e-02
   8.9864969e-01
   1.9014069e+00
   2.1993113e+00
   1.7358103e+00
   1.5106311e+00
   1.1335276e+00
   6.9323838e-01
   1.3091695e-01
  -2.7223518e-01
  -6.1680704e-01
  -6.5601134e-01
  -4.6138415e-01
  -1.9279495e-01
  -6.2945254e-02
  -1.0146798e+00
  -1.3877975e+00
  -5.5486149e-01
   1.3759841e-01
   5.5294156e-01
   5.0303316e-01
   2.8390831e-01
   3.4171918e-01
   3.4245908e-01
   4.8771891e-01
   7.6981699e-01
   1.0220433e+00
   1.8422841e+00
   2.7381213e+00
   1.7580519e+00
   3.6041993e-01
   5.3036588e-01
   6.4122409e-01
   7.6178199e-01
   9.1010308e-01
   4.8237157e-01
   7.0429420e-01
   1.5686833e+00
   2.0895498e+00
   1.9344945e+00
   9.8103034e-01
   6.6311556e-01
   1.5267737e-01
  -3.2370184e-01
  -8.7552077e-01
  -1.0767947e+00
  -1.2610156e+00
  -1.0305521e+00
  -9.0207446e-01
  -8.2812593e-01
  -5.7979763e-01
  -1.3257799e+00
  -1.4595225e+00
  -8.6344838e-01
  -4.9766698e-01
  -3.1526234e-02
   1.5902732e-02
  -5.3545125e-02
   3.4249191e-02
   2.8135408e-02
   3.9425202e-02
   1.6481032e-01
   3.8661158e-01
   1.5473846e+00
   2.6326202e+00
   9.9695194e-01
  -4.2142427e-01
   4.9535564e-03
  -1.5320018e-01
   4.0307090e-02
   2.3684688e-01
   3.9363828e-01
   1.1768833e+00
   1.3988976e+00
   1.1790783e+00
   9.9032247e-01
  -4.3759459e-01
  -7.6896203e-01
  -1.1594419e+00
  -1.4826431e+00
  -1.7413158e+00
  -1.7297564e+00
  -1.7027278e+00
  -1.3501148e+00
  -1.1260102e+00
  -1.0749940e+00
  -9.9984682e-01
  -1.2381377e+00
  -1.2295523e+00
  -1.0959383e+00
  -8.5807353e-01
  -5.8981115e-01
  -5.6868047e-01
  -5.6735373e-01
  -6.3969719e-01
  -7.1112633e-01
  -7.6980376e-01
  -8.4483594e-01
  -6.9158304e-01
   3.9074409e-01
   9.0601796e-01
  -6.4597899e-01
  -1.4347415e+00
  -1.1867187e+00
  -1.2245483e+00
  -7.5421762e-01
  -5.7753026e-01
  -1.7441562e-01
   3.6540681e-01
  -4.2010464e-02
  -4.8308519e-01
  -4.6198913e-01
  -1.8213875e+00
  -1.9733247e+00
  -2.1382270e+00
  -2.2906146e+00
  -2.2684858e+00
  -2.1666985e+00
  -2.0215254e+00
  -1.7495271e+00
  -1.5095584e+00
  -1.4278135e+00
  -1.4138204e+00
  -1.2171559e+00
  -1.0469176e+00
  -8.8393790e-01
  -7.5383770e-01
  -7.8258431e-01
  -7.5260234e-01
  -8.8503402e-01
  -1.1609282e+00
  -1.4056679e+00
  -1.5583084e+00
  -1.6191943e+00
  -1.3557304e+00
  -7.8938931e-01
  -1.2055472e+00
  -2.2712576e+00
  -2.4392905e+00
  -2.1988227e+00
  -1.6138781e+00
  -8.9228010e-01
  -7.3924863e-01
  -8.3881563e-01
  -1.1500962e+00
  -1.6768339e+00
  -1.9847488e+00
  -1.8528419e+00
  -2.3832397e+00
  -2.3564324e+00
  -2.3455880e+00
  -2.3549619e+00
  -2.2348273e+00
  -2.0893400e+00
  -1.9903071e+00
  -1.7862273e+00
  -1.7102534e+00
  -1.7390392e+00
  -1.6161212e+00
  -1.1191340e+00
  -4.5982707e-01
  -1.3171363e-01
  -3.0296615e-01
  -4.6808049e-01
  -5.2044815e-01
  -7.5977644e-01
  -1.0968934e+00
  -1.4116472e+00
  -1.7341543e+00
  -1.7930790e+00
  -1.5342172e+00
  -1.7134802e+00
  -2.5327020e+00
  -3.0558840e+00
  -2.6724327e+00
  -2.0117261e+00
  -1.1193225e+00
  -4.6160015e-01
  -5.5474967e-01
  -1.2459416e+00
  -2.0384290e+00
  -2.4832740e+00
  -2.6276817e+00
  -2.5083371e+00
  -2.1081536e+00
  -1.9799982e+00
  -1.8432944e+00
  -1.7585821e+00
  -1.6066663e+00
  -1.4618354e+00
  -1.4441974e+00
  -1.2845597e+00
  -1.3763191e+00
  -1.4554509e+00
  -1.3182913e+00
  -4.5970097e-01
   8.3647466e-01
   9.7318393e-01
   4.6375367e-01
   2.1767765e-01
  -8.3691128e-02
  -2.5093250e-01
  -5.4843128e-01
  -8.5988611e-01
  -1.2566396e+00
  -1.5102824e+00
  -1.6784384e+00
  -2.3699619e+00
  -2.8454289e+00
  -2.5755908e+00
  -1.6447032e+00
  -7.7113003e-01
  -1.5170698e-01
  -1.1829146e-02
  -4.8758584e-01
  -1.1668038e+00
  -1.8722504e+00
  -2.2895663e+00
  -2.3660395e+00
  -2.3019587e+00
  -1.3956066e+00
  -1.1882215e+00
  -9.4682860e-01
  -8.2874978e-01
  -6.1445481e-01
  -5.2937943e-01
  -5.4170871e-01
  -4.4586417e-01
  -6.0007459e-01
  -5.5456269e-01
  -4.6354097e-01
   7.7221239e-01
   2.5103416e+00
   2.2995176e+00
   1.4482250e+00
   9.9946231e-01
   4.7461972e-01
   4.3073058e-01
   1.4316167e-01
  -2.8643876e-01
  -6.6232926e-01
  -1.1818031e+00
  -1.9237863e+00
  -2.6032920e+00
  -2.3324065e+00
  -1.0745560e+00
   1.4980809e-01
   7.4577844e-01
   8.5002017e-01
   1.3759170e-01
  -5.1012731e-01
  -6.1549765e-01
  -1.0777181e+00
  -1.4726200e+00
  -1.5948508e+00
  -1.6008084e+00
  -5.6209737e-01
  -2.5832805e-01
   6.5536380e-02
   1.7377941e-01
   4.6165258e-01
   4.5776829e-01
   4.4395241e-01
   4.7415078e-01
   3.5294166e-01
   6.0942912e-01
   7.7323943e-01
   2.2389145e+00
   4.1129866e+00
   3.7586358e+00
   2.4765959e+00
   1.6776820e+00
   1.1185087e+00
   1.1066316e+00
   7.2016662e-01
  -2.3967363e-02
  -4.1066471e-01
  -1.0902631e+00
  -2.1155694e+00
  -2.2881079e+00
  -1.1992089e+00
   8.9137256e-01
   1.9412328e+00
   2.0268259e+00
   1.6385440e+00
  -1.3286512e-02
  -4.1830215e-01
   2.5102034e-01
  -1.1323076e-01
  -4.4429189e-01
  -6.9624364e-01
  -7.7683473e-01
   4.7359361e-01
   8.9920784e-01
   1.2098144e+00
   1.3351543e+00
   1.5140897e+00
   1.4743544e+00
   1.3347864e+00
   1.3779384e+00
   1.3618766e+00
   1.6086632e+00
   2.2184351e+00
   3.5326664e+00
   5.4290173e+00
   5.5007286e+00
   3.4248282e+00
   2.1644648e+00
   1.8197643e+00
   1.7027093e+00
   9.4200104e-01
  -2.6722259e-01
  -9.5069194e-01
  -1.4575561e+00
  -1.6305694e+00
  -8.8862427e-01
   1.0383728e+00
   2.8092731e+00
   2.9079140e+00
   3.1812052e+00
   1.9984053e+00
  -3.0953175e-01
   2.5997028e-01
   1.4985330e+00
   1.0776181e+00
   6.0269260e-01
   2.2485479e-01
   1.5200502e-01
   1.3997501e+00
   1.9304085e+00
   2.0502410e+00
   2.2365606e+00
   2.1697228e+00
   2.0572679e+00
   1.8428299e+00
   1.7850474e+00
   1.9209769e+00
   1.9223902e+00
   2.6541218e+00
   3.8573782e+00
   5.8250751e+00
   6.2726066e+00
   3.6155217e+00
   2.0109112e+00
   1.8580811e+00
   1.6822183e+00
   5.7793236e-01
  -6.3825343e-01
  -1.3220224e+00
  -1.3226523e+00
  -3.6591907e-01
   7.5270015e-01
   2.8219686e+00
   3.2862302e+00
   2.9289157e+00
   4.0178771e+00
   1.6651853e+00
  -2.2967254e-01
   1.4419526e+00
   2.4837512e+00
   2.1568222e+00
   1.2595100e+00
   9.5662517e-01
   1.1196164e+00
   2.2644904e+00
   2.8193109e+00
   2.7608459e+00
   2.9757900e+00
   2.7477684e+00
   2.5579457e+00
   2.3524323e+00
   2.1721590e+00
   2.4028533e+00
   2.2641704e+00
   2.9489136e+00
   4.0588551e+00
   5.8982573e+00
   6.3639441e+00
   3.2465217e+00
   1.4672452e+00
   1.5428725e+00
   1.2288861e+00
   5.4265898e-02
  -8.4447098e-01
  -1.0726380e+00
  -4.5800638e-01
   8.6442018e-01
   1.8897369e+00
   3.6520922e+00
   3.3546548e+00
   3.2775285e+00
   4.3990183e+00
   1.1220360e+00
   2.3579660e-01
   2.6145606e+00
   3.2143366e+00
   2.9691401e+00
   1.9056265e+00
   1.7550137e+00
   2.0786464e+00
   3.0994043e+00
   3.6107034e+00
   3.4140797e+00
   3.6382308e+00
   3.3009169e+00
   3.0815699e+00
   2.8983350e+00
   2.6583487e+00
   2.9287677e+00
   2.7256587e+00
   3.3660078e+00
   4.2966666e+00
   5.8859024e+00
   6.1041778e+00
   2.5404694e+00
   7.7001965e-01
   1.0777366e+00
   5.7012630e-01
  -5.0705028e-01
  -9.4468271e-01
  -5.4622316e-01
   6.9332802e-01
   1.9974043e+00
   2.7353554e+00
   4.0305667e+00
   3.3214094e+00
   3.7959619e+00
   4.4326601e+00
   5.0655267e-01
   9.3852037e-01
   3.7100265e+00
   3.7931006e+00
   3.6041603e+00
   2.5422544e+00
   2.5833727e+00
   2.9832640e+00
   4.1231634e+00
   4.3864113e+00
   4.1839936e+00
   4.3793422e+00
   4.0137387e+00
   3.9914708e+00
   3.7662565e+00
   3.7827655e+00
   3.9338336e+00
   3.8397460e+00
   4.7057057e+00
   4.9703524e+00
   5.9796176e+00
   5.1910696e+00
   9.3045858e-01
  -2.2764060e-01
   3.3556731e-01
  -5.5658670e-01
  -1.1484950e+00
  -8.3238912e-01
   4.5133313e-01
   2.3614270e+00
   3.0379415e+00
   3.2373445e+00
   3.8917423e+00
   3.4486511e+00
   4.7422336e+00
   3.5521316e+00
  -2.8854214e-01
   2.3481952e+00
   4.7588147e+00
   4.2183931e+00
   3.9998732e+00
   3.3281275e+00
   3.6783188e+00
   3.8948326e+00
   4.2449903e+00
   4.3535404e+00
   4.2982082e+00
   4.4718990e+00
   4.2806015e+00
   4.5468493e+00
   4.4212255e+00
   4.8500767e+00
   4.9320126e+00
   5.0721483e+00
   5.9492278e+00
   5.6185160e+00
   6.0651360e+00
   3.8968072e+00
  -3.6404544e-01
  -5.2281320e-01
  -1.3884473e-01
  -1.1208864e+00
  -1.1430043e+00
  -5.3770769e-01
   6.3390064e-01
   2.3105083e+00
   2.9370618e+00
   3.3363194e+00
   3.8233747e+00
   3.5613575e+00
   4.3226109e+00
   1.9421055e+00
  -5.0225264e-01
   3.2385812e+00
   4.6495495e+00
   3.8146176e+00
   3.6226864e+00
   3.1954160e+00
   3.7011101e+00
   3.8780031e+00
   3.6559882e+00
   3.7822742e+00
   3.8299546e+00
   4.0117745e+00
   4.0475340e+00
   4.4330845e+00
   4.5471053e+00
   5.1081395e+00
   5.2558346e+00
   5.5077610e+00
   6.0484347e+00
   5.5591760e+00
   5.4746680e+00
   2.7837434e+00
  -7.8088456e-01
  -5.4172212e-01
  -3.0120721e-01
  -1.1524216e+00
  -8.6125815e-01
  -2.3170051e-01
   3.9449930e-01
   1.5476276e+00
   2.3424773e+00
   3.1048129e+00
   3.5692832e+00
   3.2588556e+00
   3.2301464e+00
   7.0510161e-01
  -4.8021200e-01
   3.2514925e+00
   3.9868574e+00
   2.9812839e+00
   2.8145728e+00
   2.4976857e+00
   2.9946122e+00
   3.3017168e+00
   2.6620051e+00
   2.8889898e+00
   3.0316067e+00
   3.2365050e+00
   3.5517571e+00
   3.9918873e+00
   4.4404312e+00
   5.0185105e+00
   5.3031995e+00
   5.6231924e+00
   5.6235516e+00
   5.1610721e+00
   4.4953650e+00
   1.6197071e+00
  -8.3735522e-01
  -4.3348838e-01
  -3.3717067e-01
  -9.3816445e-01
  -4.1567043e-01
   1.1696971e-01
  -7.1852331e-02
   3.5800818e-01
   1.4439701e+00
   2.6901883e+00
   3.1971469e+00
   2.7248669e+00
   1.6890396e+00
  -5.0812021e-01
  -3.4501266e-01
   2.8548149e+00
   2.9839434e+00
   1.8449392e+00
   1.7058865e+00
   1.4500246e+00
   1.8601389e+00
   2.3929309e+00
  -1.9894126e-01
   1.3638443e-01
   3.4009427e-01
   6.7004132e-01
   1.2306435e+00
   1.7169709e+00
   2.4434199e+00
   2.7388256e+00
   3.1071184e+00
   3.0551076e+00
   2.4241338e+00
   2.0086884e+00
   4.6611699e-01
  -2.3575945e-01
   2.7723014e-03
  -5.0490725e-01
   2.9462434e-02
   1.0482223e-01
   2.6739734e-01
   7.5879383e-01
  -5.5783677e-01
  -1.0745208e+00
  -3.3817077e-01
   4.6587428e-01
   1.0114146e+00
   4.7162759e-01
  -8.1202734e-01
  -1.5540338e+00
  -5.5493808e-01
   9.4024765e-01
   4.1331899e-01
  -8.5349303e-01
  -1.0977681e+00
  -1.1397141e+00
  -8.8022560e-01
  -3.5780638e-01
  -1.9081476e+00
  -1.6641965e+00
  -1.4999782e+00
  -1.1305962e+00
  -6.3916582e-01
  -1.0597107e-01
   4.9641356e-01
   6.9387072e-01
   8.6256737e-01
   5.7084960e-01
   1.3070583e-02
  -5.9588641e-01
  -2.1281495e+00
  -1.6105200e+00
  -2.3498762e-01
  -7.5883192e-01
   7.7450067e-02
   6.0040456e-01
   4.5175526e-01
   9.0650511e-01
  -2.3007092e-01
  -9.4518626e-01
  -9.9030459e-01
  -1.1133282e+00
  -7.9380083e-01
  -1.1081636e+00
  -1.6683627e+00
  -1.8079455e+00
  -9.1248143e-01
  -1.0653347e-02
  -1.0091765e+00
  -2.2898633e+00
  -2.5843740e+00
  -2.6085992e+00
  -2.3196864e+00
  -2.0532603e+00
  -3.3659171e+00
  -3.2211413e+00
  -3.1232027e+00
  -2.7642311e+00
  -2.3622117e+00
  -1.8337767e+00
  -1.3409658e+00
  -1.2147028e+00
  -1.2310547e+00
  -1.6702762e+00
  -2.1577678e+00
  -2.8773771e+00
  -4.2455321e+00
  -3.0586390e+00
  -8.9271830e-01
  -1.0485189e+00
  -3.7282392e-02
   8.7564437e-01
   6.1353071e-01
   9.2408347e-01
   1.4364842e-01
  -6.7570408e-01
  -1.4507718e+00
  -2.3309226e+00
  -2.2975250e+00
  -2.4313152e+00
  -2.4177266e+00
  -2.0511963e+00
  -1.1489193e+00
  -7.2224745e-01
  -2.0981670e+00
  -3.3890536e+00
  -3.7561021e+00
  -3.8433940e+00
  -3.5481045e+00
  -3.4620394e+00
  -4.5633083e+00
  -4.5564799e+00
  -4.6058272e+00
  -4.3833919e+00
  -4.1359841e+00
  -3.7435191e+00
  -3.3408187e+00
  -3.2394599e+00
  -3.4418985e+00
  -3.8344419e+00
  -4.2580956e+00
  -4.9005442e+00
  -5.6980204e+00
  -5.0472276e+00
  -2.7408291e+00
  -1.4931739e+00
  -5.8209926e-01
   6.7364506e-01
   7.6816519e-01
   6.2913155e-01
   7.0380895e-01
  -2.4143698e-02
  -1.5634678e+00
  -2.9419903e+00
  -3.4083505e+00
  -3.4381599e+00
  -3.1130706e+00
  -2.3433454e+00
  -1.1332372e+00
  -1.0221054e+00
  -2.6321301e+00
  -3.9289532e+00
  -4.4432362e+00
  -4.8077217e+00
  -4.5666545e+00
  -4.5078285e+00
  -4.2799606e+00
  -4.4058604e+00
  -4.5654554e+00
  -4.5696769e+00
  -4.4492516e+00
  -4.2201829e+00
  -3.7884555e+00
  -3.5006700e+00
  -3.5585852e+00
  -3.7846694e+00
  -4.1991572e+00
  -4.6065922e+00
  -5.1945381e+00
  -6.1389887e+00
  -4.7449498e+00
  -2.1420043e+00
  -1.4515274e+00
  -4.1529816e-01
   7.7230269e-01
   3.4101157e-01
   4.5272499e-01
   1.4033225e-01
  -1.3040696e+00
  -2.1633735e+00
  -2.4327011e+00
  -2.8740493e+00
  -3.4732881e+00
  -2.5225513e+00
  -6.5306376e-01
  -5.2683723e-01
  -1.5920081e+00
  -2.8432361e+00
  -3.8428779e+00
  -4.4470096e+00
  -4.4008412e+00
  -4.1632214e+00
  -3.4327421e+00
  -3.6314988e+00
  -3.8344066e+00
  -3.9191504e+00
  -3.8595223e+00
  -3.6600800e+00
  -3.2530978e+00
  -2.7625682e+00
  -2.6839306e+00
  -2.8377967e+00
  -3.1238534e+00
  -3.6219368e+00
  -4.3601575e+00
  -5.9938388e+00
  -5.4351444e+00
  -2.6136212e+00
  -1.9349980e+00
  -1.3245890e+00
   4.9371475e-01
   3.2638270e-01
   1.7000929e-02
   2.9350594e-03
  -1.1683172e+00
  -1.6674178e+00
  -1.3409928e+00
  -1.9398246e+00
  -3.1049027e+00
  -2.3337319e+00
  -4.2253104e-01
   9.2898607e-03
  -5.3095484e-01
  -1.5979184e+00
  -2.8631504e+00
  -3.5682175e+00
  -3.5906870e+00
  -3.3644843e+00
  -2.3038192e+00
  -2.5395226e+00
  -2.7801518e+00
  -2.8792322e+00
  -2.8450577e+00
  -2.6451812e+00
  -2.2821150e+00
  -1.6344723e+00
  -1.4415570e+00
  -1.5390043e+00
  -1.6720148e+00
  -2.3672724e+00
  -3.3148301e+00
  -5.3064156e+00
  -5.6078458e+00
  -2.9828033e+00
  -2.2401116e+00
  -2.1438718e+00
   5.1572815e-02
   3.7531841e-01
  -3.9037043e-01
  -2.1089980e-01
  -1.0906030e+00
  -1.3330492e+00
  -3.4774381e-01
  -8.7765938e-01
  -2.3280218e+00
  -1.9040896e+00
  -2.6427388e-01
   5.4291803e-01
   4.8902014e-01
  -2.6679099e-01
  -1.5922792e+00
  -2.3821189e+00
  -2.4271727e+00
  -2.2798204e+00
  -8.7797336e-01
  -1.0629876e+00
  -1.3695951e+00
  -1.3636294e+00
  -1.2772058e+00
  -1.0814058e+00
  -7.7659522e-01
  -1.8575898e-01
   2.2311766e-02
  -8.4304773e-03
  -3.3780344e-02
  -9.9334041e-01
  -2.0134034e+00
  -3.8507263e+00
  -4.9793084e+00
  -3.0496936e+00
  -2.1585159e+00
  -2.6095027e+00
  -6.4756130e-01
   4.1215482e-01
  -4.4887749e-01
  -3.9917592e-01
  -1.1356560e+00
  -1.4185977e+00
  -2.7940490e-02
   1.0226709e-01
  -8.5665453e-01
  -1.0065973e+00
  -1.9115244e-01
   9.1595698e-01
   1.1187762e+00
   9.4895431e-01
   1.3532748e-01
  -7.7979212e-01
  -7.8246607e-01
  -7.8005476e-01
   3.6878729e-01
   1.7373133e-01
  -2.1028952e-01
  -1.3794805e-01
   2.3534745e-03
   1.8640748e-01
   3.9701003e-01
   6.3968813e-01
   7.5266135e-01
   7.0897186e-01
   7.0983171e-01
  -2.5858074e-02
  -6.5284598e-01
  -2.1784928e+00
  -3.9299374e+00
  -2.6711230e+00
  -1.5489123e+00
  -2.1137326e+00
  -1.0378019e+00
   1.8981063e-01
  -3.5421703e-02
  -2.3092546e-01
  -8.4759420e-01
  -1.3614736e+00
  -5.4858857e-01
   2.3664089e-01
   2.2023538e-01
   3.7190739e-02
   1.8317775e-01
   8.3410907e-01
   9.8135614e-01
   1.4269836e+00
   1.5788617e+00
   8.0133849e-01
   7.2576773e-01
   6.5182006e-01
   1.1824850e+00
   8.5590756e-01
   4.3657553e-01
   4.2791778e-01
   5.4942250e-01
   7.7368760e-01
   9.0960819e-01
   9.7962493e-01
   1.0025804e+00
   8.8074791e-01
   1.0074886e+00
   6.3661385e-01
   2.3197797e-01
  -8.6162394e-01
  -2.6936843e+00
  -2.1696365e+00
  -9.8990703e-01
  -1.2882951e+00
  -8.4112549e-01
   5.5249229e-02
   1.5918243e-01
   1.5947619e-01
  -1.0459843e-01
  -7.3782462e-01
  -5.6977820e-01
   1.3742965e-01
   4.6595079e-01
   5.3907979e-01
   5.6362712e-01
   7.7372748e-01
   8.8417768e-01
   1.4339832e+00
   2.0421591e+00
   1.8135080e+00
   1.7177767e+00
   1.5377163e+00
   1.8987315e+00
   1.4212019e+00
   9.6161509e-01
   8.2756519e-01
   9.2314262e-01
   1.1786989e+00
   1.3394756e+00
   1.3606038e+00
   1.3372189e+00
   1.1947604e+00
   1.3751423e+00
   1.2894051e+00
   9.7079933e-01
   3.9452041e-01
  -9.9934363e-01
  -1.2128028e+00
  -4.4892124e-01
  -4.4174024e-01
  -3.1302914e-01
   1.1338570e-01
   3.5955483e-01
   6.8488359e-01
   8.3156510e-01
   2.5004783e-01
  -1.1458503e-01
   2.8729283e-01
   6.2402731e-01
   7.4105293e-01
   7.9885199e-01
   8.2515371e-01
   8.9800847e-01
   1.2613691e+00
   2.0419149e+00
   2.4816236e+00
   2.5771782e+00
   2.3479254e+00
   2.5146596e+00
   1.8909544e+00
   1.3817527e+00
   1.1489921e+00
   1.2218262e+00
   1.4850264e+00
   1.7434107e+00
   1.8354916e+00
   1.8299175e+00
   1.7366265e+00
   1.8050122e+00
   1.8001238e+00
   1.5877720e+00
   1.4016765e+00
   8.0976825e-01
   3.3438589e-01
   2.3357594e-01
   2.6299079e-01
   3.5813501e-01
   3.9865916e-01
   7.4473505e-01
   1.2515875e+00
   1.6574859e+00
   1.3292337e+00
   6.4090607e-01
   6.9002505e-01
   8.2144349e-01
   7.0930199e-01
   7.7587059e-01
   8.0888175e-01
   8.1167697e-01
   9.2809086e-01
   1.6968719e+00
   2.6290366e+00
   3.1370942e+00
   3.0527989e+00
   2.8991248e+00
   2.1650457e+00
   1.6103678e+00
   1.3317859e+00
   1.3644117e+00
   1.6117631e+00
   1.9023012e+00
   2.1445215e+00
   2.1701883e+00
   2.1222552e+00
   2.0177402e+00
   1.8940940e+00
   1.9512342e+00
   1.8667812e+00
   1.9006145e+00
   1.9680194e+00
   1.2579147e+00
   8.3646839e-01
   8.1869536e-01
   7.3821688e-01
   1.2706092e+00
   1.6764436e+00
   2.0502861e+00
   2.0426537e+00
   1.2611662e+00
   9.1839546e-01
   7.9139559e-01
   4.7056600e-01
   3.7838051e-01
   3.1527327e-01
   2.6957770e-01
   3.8929871e-01
   1.1018414e+00
   2.1522290e+00
   3.0569565e+00
   3.3408997e+00
   2.6234100e+00
   1.9474666e+00
   1.3783103e+00
   1.0101082e+00
   9.5243520e-01
   1.1411170e+00
   1.3347676e+00
   1.6949469e+00
   1.6771936e+00
   1.6324307e+00
   1.5999393e+00
   1.3858171e+00
   1.5985758e+00
   1.5601858e+00
   1.6621926e+00
   2.3592658e+00
   2.2043886e+00
   1.3750279e+00
   7.9232389e-01
   7.0927328e-01
   1.3605609e+00
   1.6984091e+00
   1.9423405e+00
   2.0808096e+00
   1.3877332e+00
   4.6966526e-01
  -2.9477701e-02
  -2.8328609e-01
  -5.8019000e-01
  -8.7841320e-01
  -7.7679074e-01
  -4.9152446e-01
   1.1918205e-01
   1.1610984e+00
   2.0929248e+00
   2.6599641e+00
   1.3898050e+00
   1.0342468e+00
   5.2520657e-01
   2.4420384e-02
  -1.4212850e-01
  -5.3938717e-02
   9.9383555e-02
   3.8116416e-01
   3.2318509e-01
   3.6298361e-01
   5.8380908e-01
   4.6608365e-01
   3.8993883e-01
   6.1848760e-01
   7.5729299e-01
   1.1773622e+00
   1.9266220e+00
   1.4320352e+00
   3.4413373e-01
   1.4040737e-01
   7.0474887e-01
   1.1253328e+00
   1.3508534e+00
   1.4990722e+00
   1.0239971e+00
  -2.2162604e-01
  -1.2517622e+00
  -1.6619871e+00
  -2.0235362e+00
  -2.2544641e+00
  -1.9273051e+00
  -1.7282219e+00
  -1.2084351e+00
  -1.5925065e-02
   6.9709873e-01
   1.1371224e+00
   1.7467450e-02
  -1.4000902e-01
  -4.9843663e-01
  -9.5522761e-01
  -1.1526380e+00
  -1.0846506e+00
  -8.8982075e-01
  -7.7370942e-01
  -7.6224381e-01
  -6.2620461e-01
  -3.6343563e-01
  -4.3681824e-01
  -8.2498503e-01
  -2.4732420e-01
   3.8770670e-01
   1.9376764e-01
   5.7491773e-01
   5.7805747e-01
  -1.2725461e-01
  -2.8996947e-01
   2.0374797e-02
   2.4111357e-01
   3.9883345e-01
   6.4320993e-01
   5.7157439e-01
  -2.6366290e-01
  -1.5586691e+00
  -2.4701159e+00
  -2.8697808e+00
  -2.8967304e+00
  -2.7624092e+00
  -2.8578331e+00
  -2.2357159e+00
  -8.5539651e-01
  -1.1593349e-01
   2.7139569e-03
   4.1983839e-02
  -3.1545656e-01
  -6.5440828e-01
  -9.4081038e-01
  -1.0852075e+00
  -1.0186870e+00
  -8.6297554e-01
  -7.5967172e-01
  -6.8709129e-01
  -6.4739436e-01
  -6.8352322e-01
  -9.0627205e-01
  -1.0716537e+00
  -3.0193722e-01
   7.4647641e-01
   7.7055460e-01
   3.8051237e-01
   1.8974909e-01
   1.5670161e-01
   2.8545963e-01
   3.2126385e-01
   1.7531241e-01
   1.4498463e-01
   3.8390395e-01
   5.4732841e-01
   2.5723284e-01
  -5.8416599e-01
  -1.3744868e+00
  -1.8214457e+00
  -2.1338863e+00
  -2.5510364e+00
  -2.7941619e+00
  -2.1035616e+00
  -8.4108174e-01
   1.3451972e-01
   3.0801305e-01
  -4.1110554e-01
  -6.9471983e-01
  -1.0284479e+00
  -1.2946585e+00
  -1.4817304e+00
  -1.5332958e+00
  -1.4798856e+00
  -1.3712108e+00
  -1.2778909e+00
  -1.2544106e+00
  -1.3004897e+00
  -1.3417400e+00
  -1.2301514e+00
  -8.1956064e-01
  -2.7303833e-01
   7.6462843e-02
   2.3443785e-01
   3.2705134e-01
   4.6890396e-01
   6.6908662e-01
   8.2124132e-01
   8.7889349e-01
   8.7457817e-01
   7.9304451e-01
   6.1027443e-01
   2.8422208e-01
  -9.6857540e-02
  -4.0600085e-01
  -6.9245229e-01
  -9.9256086e-01
  -1.2667334e+00
  -1.4010394e+00
  -1.2196648e+00
  -8.4218025e-01
  -4.5424348e-01
  -3.0439657e-01
