  -8.2876455e-03
  -6.3579990e-03
  -4.4426530e-04
   6.7966907e-03
   5.7016500e-03
  -0.0000000e+00
   4.9592321e-04
   9.1117012e-03
   1.2099111e-02
   4.1382982e-03
   0.0000000e+00
  -0.0000000e+00
  -0.0000000e+00
  -0.0000000e+00
  -0.0000000e+00
  -0.0000000e+00
  -0.0000000e+00
  -9.7509058e-03
   4.0979060e-02
   5.2343830e-02
   5.7095371e-02
   5.9834395e-02
   5.4622069e-02
   3.3963242e-02
   3.5638546e-02
   4.1292612e-02
   5.5949382e-02
   6.7788735e-02
   6.6772930e-02
   5.7385437e-02
   5.5783547e-02
   4.1259350e-02
   0.0000000e+00
  -0.0000000e+00
   0.0000000e+00
   1.9339513e-02
   9.1653291e-02
   8.8422410e-02
   8.5915916e-02
   8.7983452e-02
   8.9801304e-02
   7.5357667e-02
   5.8785695e-02
   7.1908988e-02
   7.4244589e-02
   6.7797972e-02
   7.5428031e-02
   1.0522963e-01
   1.2186484e-01
   1.2027127e-01
   0.0000000e+00
   0.0000000e+00
   0.0000000e+00
   8.5716140e-02
   5.4563654e-02
   4.4305085e-02
   4.1283753e-02
   4.7569727e-02
   5.1311897e-02
   3.7787074e-02
   0.0000000e+00
   3.6472011e-02
   2.9148329e-02
   0.0000000e+00
   2.5627027e-02
   5.7345558e-02
   6.5792046e-02
   6.1313254e-02
   4.8059773e-02
   0.0000000e+00
   8.2208668e-02
   6.9301642e-02
  -8.9281881e-03
  -9.5246965e-03
  -6.5723872e-03
  -1.3558776e-03
  -3.7230065e-03
  -2.9859890e-03
  -0.0000000e+00
  -1.1837281e-02
  -1.9344815e-02
  -0.0000000e+00
  -9.3355465e-03
  -2.6792132e-03
  -3.5673750e-03
  -7.0466558e-03
   5.2431561e-03
   1.8590947e-02
   7.8809280e-03
  -3.4656459e-03
  -3.9265566e-02
  -3.5024956e-02
  -3.3488784e-02
  -3.9010238e-02
  -4.9091700e-02
  -3.6433730e-02
   0.0000000e+00
  -0.0000000e+00
  -2.5694807e-02
   0.0000000e+00
  -0.0000000e+00
  -3.5999138e-02
  -3.9498251e-02
  -4.7388706e-02
  -3.7951086e-02
  -3.3580087e-02
  -3.8075678e-02
  -4.0482320e-02
  -4.3147821e-02
  -4.8353698e-02
  -5.8786470e-02
  -6.8848684e-02
  -6.4521208e-02
  -4.3226976e-02
   0.0000000e+00
  -0.0000000e+00
  -1.1165028e-02
   0.0000000e+00
  -0.0000000e+00
  -5.1810580e-02
  -5.2033164e-02
  -5.8114465e-02
  -4.8451018e-02
  -3.9460804e-02
  -3.7011448e-02
  -3.9665684e-02
  -3.8787488e-02
  -6.1700448e-02
  -7.6491742e-02
  -7.4591763e-02
  -3.6213160e-02
   8.4110778e-03
   0.0000000e+00
  -0.0000000e+00
  -4.1709315e-03
   0.0000000e+00
  -0.0000000e+00
  -2.0278229e-02
  -3.7260840e-02
  -3.6022175e-02
  -2.3054664e-02
  -1.2540882e-02
  -1.1689150e-02
  -2.0819712e-02
  -3.4314558e-02
  -4.4162884e-02
  -4.5361379e-02
  -3.6818020e-02
  -7.3086591e-03
   1.7945764e-02
  -0.0000000e+00
  -2.2800669e-02
   3.9166130e-03
   0.0000000e+00
  -0.0000000e+00
   3.2639811e-03
  -1.2013190e-02
  -1.1902312e-02
  -7.3096636e-03
   2.5971381e-03
  -3.7570058e-03
  -1.8929984e-02
  -3.9056297e-02
  -3.6771789e-02
  -2.4224293e-02
  -1.2215747e-02
  -1.5824417e-02
  -2.9168264e-02
  -0.0000000e+00
  -9.1782932e-03
   6.8845066e-03
   0.0000000e+00
  -0.0000000e+00
  -1.2551866e-02
   4.3991942e-03
   1.3435865e-02
  -0.0000000e+00
  -1.1925826e-02
  -2.0483818e-02
  -3.1620972e-02
  -6.7134887e-02
  -7.1084864e-02
  -6.0855821e-02
  -2.8990932e-02
  -3.1583039e-02
  -7.4710480e-02
  -5.8976066e-02
  -1.8592381e-02
   0.0000000e+00
   0.0000000e+00
  -0.0000000e+00
  -2.8824466e-02
   1.0383577e-02
   2.9185135e-02
  -0.0000000e+00
  -4.4889815e-02
  -5.5776861e-02
  -6.1790682e-02
  -7.0713624e-02
  -7.6767914e-02
  -7.4591517e-02
  -2.8557019e-02
  -3.1014777e-02
  -5.3164639e-02
  -5.5803817e-02
  -4.3937897e-02
   0.0000000e+00
  -0.0000000e+00
  -7.6264449e-02
  -3.2573298e-02
   1.2092555e-02
   0.0000000e+00
  -0.0000000e+00
  -6.3953295e-02
  -7.7886105e-02
  -7.6071538e-02
  -4.6433996e-02
  -4.4663295e-02
  -4.4253971e-02
  -1.1979437e-02
  -2.4316805e-02
  -2.4281617e-02
  -3.5118256e-02
  -4.3046444e-02
  -7.2854115e-02
  -7.1767141e-02
  -5.7229072e-02
  -5.0474570e-02
   5.2018600e-03
   0.0000000e+00
  -0.0000000e+00
  -4.1920036e-02
  -5.7856254e-02
  -5.6792535e-02
  -9.6029378e-03
  -1.0727392e-02
  -1.0141258e-02
   5.6330545e-03
  -0.0000000e+00
   9.0575293e-03
   4.3270527e-03
  -1.3095649e-02
  -2.4930119e-02
  -1.9210806e-02
  -1.1124817e-02
  -1.7612545e-02
   3.5026232e-03
   0.0000000e+00
   0.0000000e+00
   1.0549912e-02
  -7.0886579e-03
  -1.1053951e-02
   3.4419372e-02
   2.1637320e-02
   1.5930682e-02
   1.8567244e-02
   0.0000000e+00
   0.0000000e+00
   4.7426756e-02
   4.9845997e-02
   2.7850171e-02
   2.1790959e-02
   0.0000000e+00
   4.3666227e-02
   3.1472769e-02
   0.0000000e+00
   0.0000000e+00
   5.1820374e-02
   5.3859701e-02
   4.8120879e-02
   4.9800586e-02
   3.0501610e-02
   2.2566328e-02
   1.7029727e-02
   0.0000000e+00
   0.0000000e+00
   0.0000000e+00
   8.2119681e-02
   4.8333531e-02
   5.6598048e-02
   7.0113609e-02
   7.4125079e-02
   0.0000000e+00
   0.0000000e+00
   0.0000000e+00
   0.0000000e+00
   7.4009359e-02
   7.0249056e-02
   1.2921679e-02
   1.3138996e-02
   1.8187567e-02
   1.7197256e-02
   0.0000000e+00
   0.0000000e+00
   0.0000000e+00
   2.3390016e-02
  -5.3335379e-03
   0.0000000e+00
   0.0000000e+00
   0.0000000e+00
   0.0000000e+00
   0.0000000e+00
   0.0000000e+00
   0.0000000e+00
   7.7770294e-03
   1.3361032e-02
  -2.2255722e-02
  -0.0000000e+00
  -5.6806217e-03
  -0.0000000e+00
  -0.0000000e+00
  -0.0000000e+00
  -0.0000000e+00
  -1.1521835e-02
  -0.0000000e+00
  -0.0000000e+00
  -0.0000000e+00
  -0.0000000e+00
  -0.0000000e+00
  -0.0000000e+00
  -0.0000000e+00
  -0.0000000e+00
  -0.0000000e+00
  -2.7138950e-02
