  -7.2607993e-03
  -1.8354285e-02
  -1.7744919e-02
  -1.3251333e-02
  -1.1172439e-02
   0.0000000e+00
  -3.4117146e-03
   1.2423699e-03
  -4.4644475e-03
   0.0000000e+00
   0.0000000e+00
   0.0000000e+00
   0.0000000e+00
   0.0000000e+00
   0.0000000e+00
   0.0000000e+00
   0.0000000e+00
  -6.0032087e-03
  -2.4647868e-03
   1.1596379e-02
   1.8876296e-02
   2.5452510e-02
   2.5128719e-02
   2.5553764e-02
   9.1187515e-03
   1.5609086e-02
   2.4966697e-02
   2.9513771e-02
   3.4028686e-02
   2.8953562e-02
   1.2019740e-02
   4.4304493e-03
   0.0000000e+00
  -0.0000000e+00
  -0.0000000e+00
  -4.9220682e-03
   7.3869578e-02
   7.9033231e-02
   8.2767248e-02
   8.2924373e-02
   8.3830406e-02
   7.8625900e-02
   5.9429266e-02
   5.9782636e-02
   6.8561457e-02
   7.7675700e-02
   8.1888428e-02
   9.0915002e-02
   1.0103087e-01
   1.0866459e-01
   0.0000000e+00
   0.0000000e+00
   0.0000000e+00
   4.8607860e-02
   8.6885899e-02
   7.8042991e-02
   7.0135482e-02
   7.0004642e-02
   7.6662295e-02
   7.0870794e-02
   0.0000000e+00
   5.1552433e-02
   6.4224407e-02
   0.0000000e+00
   3.7405016e-02
   7.1144886e-02
   9.9341229e-02
   1.0328332e-01
   8.2511220e-02
   0.0000000e+00
   8.8374565e-02
   9.4846934e-02
   2.5369930e-02
   1.6898185e-02
   1.3720562e-02
   1.7662527e-02
   2.4321575e-02
   1.8741676e-02
   0.0000000e+00
   1.3498468e-03
   9.8215395e-03
  -0.0000000e+00
  -3.6221359e-03
   2.0443041e-02
   2.7437792e-02
   2.5385145e-02
   2.5027306e-02
   3.2762603e-02
   5.3164364e-02
   3.9318505e-02
  -2.9562380e-02
  -2.8004333e-02
  -2.3754074e-02
  -2.0907162e-02
  -2.3773570e-02
  -2.6187916e-02
   0.0000000e+00
  -0.0000000e+00
  -2.8086732e-02
  -0.0000000e+00
  -0.0000000e+00
  -2.2696436e-02
  -2.2914430e-02
  -2.8857989e-02
  -2.7079721e-02
  -1.1853036e-02
  -1.7323950e-02
  -2.6259255e-02
  -4.4265676e-02
  -4.2766313e-02
  -4.3107443e-02
  -5.1083542e-02
  -6.0936589e-02
  -5.9300593e-02
   0.0000000e+00
  -0.0000000e+00
  -3.6388732e-02
   0.0000000e+00
  -0.0000000e+00
  -4.3849457e-02
  -4.6492923e-02
  -5.5804484e-02
  -5.5172548e-02
  -4.4875346e-02
  -4.2139682e-02
  -4.3091141e-02
  -3.4834687e-02
  -4.7365885e-02
  -6.3602537e-02
  -7.4929163e-02
  -7.0940673e-02
  -3.6369106e-02
   0.0000000e+00
  -0.0000000e+00
  -2.9484335e-02
   0.0000000e+00
  -0.0000000e+00
  -3.7224352e-02
  -4.6170977e-02
  -4.9853921e-02
  -4.4248465e-02
  -3.1416047e-02
  -2.5512937e-02
  -2.6389800e-02
  -2.6653826e-02
  -4.7896685e-02
  -6.4544283e-02
  -6.6102453e-02
  -4.5367842e-02
   2.7022615e-03
   0.0000000e+00
  -3.6910038e-02
  -1.2951345e-02
   0.0000000e+00
  -0.0000000e+00
  -6.5087977e-03
  -2.6676359e-02
  -2.4272322e-02
  -2.0683574e-02
  -4.6345009e-03
  -1.3997624e-03
  -9.6946238e-03
  -2.9546628e-02
  -3.5622440e-02
  -3.1868871e-02
  -2.4285888e-02
  -1.4036422e-02
  -1.5566044e-03
  -0.0000000e+00
  -2.4218564e-02
   6.5007914e-04
   0.0000000e+00
   0.0000000e+00
  -6.5624729e-03
  -6.1722475e-03
   7.7504458e-04
  -0.0000000e+00
  -1.7747905e-03
  -3.2952524e-03
  -1.6115628e-02
  -4.9434610e-02
  -5.3194864e-02
  -4.5371059e-02
  -2.4098929e-02
  -1.4016792e-02
  -4.3877671e-02
  -6.9283312e-02
  -2.6594925e-02
   0.0000000e+00
   0.0000000e+00
   0.0000000e+00
  -3.2383253e-02
  -6.6736453e-03
   1.8852800e-02
  -0.0000000e+00
  -2.5643962e-02
  -3.2075320e-02
  -4.2049997e-02
  -7.2449297e-02
  -7.7587394e-02
  -8.2058311e-02
  -6.2379550e-02
  -1.6594877e-02
  -5.3066990e-02
  -7.0296332e-02
  -4.5130173e-02
  -0.0000000e+00
  -0.0000000e+00
  -7.6856337e-02
  -5.4794685e-02
  -2.0747244e-03
   0.0000000e+00
  -0.0000000e+00
  -5.1997568e-02
  -6.5578431e-02
  -7.3007293e-02
  -6.4961545e-02
  -5.9802451e-02
  -6.4823896e-02
  -4.6890076e-02
  -2.4090288e-03
  -3.2157551e-02
  -4.4591904e-02
  -4.9094388e-02
  -3.9254548e-02
  -7.8150524e-02
  -9.7023530e-02
  -6.1882325e-02
  -1.6622496e-02
   0.0000000e+00
  -0.0000000e+00
  -4.8958573e-02
  -6.7513652e-02
  -7.4383445e-02
  -3.3916026e-02
  -2.8150668e-02
  -2.9163439e-02
  -1.6143102e-02
  -0.0000000e+00
  -1.1857879e-02
  -1.3445856e-02
  -2.5694899e-02
  -3.5815008e-02
  -4.3644067e-02
  -4.1017111e-02
  -3.4849597e-02
  -4.1364015e-02
   0.0000000e+00
   0.0000000e+00
  -6.3863648e-03
  -2.8696148e-02
  -3.8134172e-02
   1.5916834e-02
   9.9146822e-03
   4.8450352e-03
   1.0252831e-02
   0.0000000e+00
   0.0000000e+00
   3.1162719e-02
   2.3447225e-02
   5.3150718e-03
   2.7747037e-03
   0.0000000e+00
   1.1892482e-02
   1.7790887e-02
   0.0000000e+00
   0.0000000e+00
   4.3601535e-02
   2.9433286e-02
   2.1595913e-02
   5.9887588e-02
   3.8587678e-02
   2.4905557e-02
   1.9618921e-02
   0.0000000e+00
   0.0000000e+00
   0.0000000e+00
   6.9072089e-02
   7.9938485e-02
   4.0150498e-02
   5.1468678e-02
   6.3250209e-02
   0.0000000e+00
   0.0000000e+00
   0.0000000e+00
   0.0000000e+00
   6.6279404e-02
   7.4328341e-02
   4.4473199e-02
   2.9468116e-02
   2.1906791e-02
   2.0973728e-02
   0.0000000e+00
   0.0000000e+00
   0.0000000e+00
   5.5461722e-02
   4.2698758e-02
   0.0000000e+00
   0.0000000e+00
   0.0000000e+00
   0.0000000e+00
   0.0000000e+00
   0.0000000e+00
   0.0000000e+00
   4.2203578e-02
   5.1275653e-02
  -1.3387031e-02
  -0.0000000e+00
   1.0495329e-02
   0.0000000e+00
   0.0000000e+00
   0.0000000e+00
   0.0000000e+00
   2.3148989e-05
  -0.0000000e+00
  -0.0000000e+00
  -0.0000000e+00
  -0.0000000e+00
  -0.0000000e+00
   0.0000000e+00
   0.0000000e+00
   0.0000000e+00
  -0.0000000e+00
  -1.9942319e-02
