0	0	0	0	0	0	0	0	0	0	0	0	0	0	0	0	0	0	0	0	0.2800594417139181	0.4801019000810024	0.5001061459177109	0.10002122918354217	0	0	0	0	0	0	0	0	0	0	0	0
0.148629677011058	0.11217334114042114	0.02430422391375791	0.06076055978439478	0.15797745543942643	0.13367323152566854	0.17012956739630536	0.12152111956878955	0.06076055978439478	0	0.18228167935318432	0.20658590326694223	0.18228167935318432	0.12152111956878955	0.5608667057021056	0.612279487058132	0.8623325600169874	0.3500743021423976	0.4000849167341687	0	0	0.8501804480601084	0.3500743021423976	0	0	0	0	0	0.8501804480601084	0.8123219454252164	0.012152111956878955	0.03645633587063687	0.07291267174127374	0	0.012152111956878955	0.03645633587063687
0.06668081945569478	0.3658097291634844	0.34960691322097914	0.14582534348254747	0.08101407971252636	0.04860844782751582	0	0	0	0	0	0	0.16202815942505272	0.16202815942505272	0.18197008673890538	0.600127375101253	0.4829685521323687	0	0.7334890140126425	0.33340409727847387	0	0	0	0	0	0	0.21624527430958962	0.6668081945569477	0.2829260937652844	0.03240563188501055	0.04860844782751582	0.0648112637700211	0.016202815942505274	0	0	0.16202815942505272
0.43062099293350553	0.8830534688665375	0.499171368074874	0.3477373575353055	0	0	0	0	0	0	0	0	0	0.3134621699646213	0.0648112637700211	0.18197008673890538	0.7154166423844636	0.2829260937652844	0.8668506529240322	1.0002122918354217	0	0	0	0	0	0.03240563188501055	0	0.016202815942505274	0.14956445485389483	0.016202815942505274	0.0648112637700211	0.08101407971252636	0.13149208322571587	0.09721689565503164	0.178230975367558	0.4287514372478318
0.3187592444073634	0.17012956739630536	0.34586780184963184	0.24584657266608964	0	0	0	0	0	0	0	0	0	0	0.24865090619460017	0	0.5244103698314687	0.7001486042847952	0.9244952865656374	0.12432545309730009	0	0	0	0	0	0	0.04860844782751582	0.2701507965798476	0.07291267174127374	0.32436791146438443	0.02430422391375791	0.02430422391375791	0.09721689565503164	0.2430422391375791	0.2430422391375791	0.47019325494693187
0.17012956739630536	0.17012956739630536	0.5001061459177109	0	0	0	0	0	0	0	0	0	0	0	0.1972381248385738	0.07291267174127374	0.02430422391375791	0.10002122918354217	0.3215635779358739	0	0	0	0	0	0	0	0.07291267174127374	0.09721689565503164	0.09721689565503164	0.02430422391375791	0.09721689565503164	0	0.04860844782751582	0.1972381248385738	0.17012956739630536	0.21873801522382122
0.04860844782751582	0.2701507965798476	0.6244315990150109	0	0	0	0	0	0	0	0	0	0	0	0.14582534348254747	0.22434668228084229	0	0	0	0	0	0	0	0	0	0.34586780184963184	0	0	0.21873801522382122	0.21873801522382122	0.14582534348254747	0	0.12152111956878955	0.19443379131006328	0.02430422391375791	0.21873801522382122
0.19443379131006328	0.17012956739630536	0.24865090619460017	0	0	0	0	0	0	0	0	0	0	0	0.29445502049360545	0.09721689565503164	0	0.14582534348254747	0	0	0	0	0	0	0	0	0	0	0	0	0.14582534348254747	0.14582534348254747	0.04860844782751582	0.47019325494693187	0.19443379131006328	0.29445502049360545
0.12152111956878955	0.29445502049360545	0	0	0	0	0	0	0	0	0	0	0	0	0	0.07291267174127374	0.02430422391375791	0.02430422391375791	0	0	0	0	0	0	0	0.09721689565503164	0	0	0	0.02430422391375791	0.04860844782751582	0.17012956739630536	0.17012956739630536	0.148629677011058	0.2430422391375791	0.12152111956878955
0.21873801522382122	0.2430422391375791	0	0	0	0	0	0	0	0	0	0	0	0	0	0.07291267174127374	0	0	0	0	0	0	0	0	0	0.24865090619460017	0	0.04860844782751582	0	0.22154234875233172	0.12432545309730009	0.24584657266608964	0.12152111956878955	0	0.24584657266608964	0.29445502049360545
0.21873801522382122	0.17012956739630536	0	0	0	0	0	0	0	0	0	0	0	0	0	0.07291267174127374	0	0	0	0	0	0	0	0	0	0.2729551301083581	0.600127375101253	0.24865090619460017	0.10002122918354217	0.4000849167341687	0.42438914064792665	0	0	0.10002122918354217	0.297259354022116	0.04860844782751582
0.2701507965798476	0	0	0	0	0	0	0	0	0	0	0	0	0	0	0.02430422391375791	0	0	0	0	0	0	0	0	0	0	0.44869336456168457	0.02430422391375791	0	0.7001486042847952	0.3486721353781423	0	0	0.12432545309730009	0.5001061459177109	0.09721689565503164
0.14582534348254747	0	0	0	0	0	0	0	0	0	0	0	0	0	0	0	0.19443379131006328	0	0	0	0	0	0	0	0	0	0.04860844782751582	0	0.20004245836708434	0.4000849167341687	0.24865090619460017	0	0	0.20004245836708434	0	0
0.09721689565503164	0	0	0	0	0	0	0	0	0	0	0	0	0	0	0	0	0.24865090619460017	0	0	0	0	0	0	0	0	0.04860844782751582	0	0.6487358229287689	0.4000849167341687	0.24865090619460017	0	0	0	0	0
0.04860844782751582	0	0	0	0	0	0	0	0	0	0	0	0	0	0	0	0	0	0.02430422391375791	0	0	0	0	0	0	0.600127375101253	0.5001061459177109	0.10002122918354217	0.5001061459177109	0.20004245836708434	0.02430422391375791	0	0	0	0	0
0	0	0	0	0	0	0	0	0	0	0	0	0	0	0	0	0	0	0.17012956739630536	0.3000636875506265	0	0	0	0	0	0.8001698334683374	0.8001698334683374	0.7001486042847952	0.8001698334683374	0	0	0	0	0	0	0
0.148629677011058	0	0	0	0	0	0	0	0	0	0	0	0	0	0	0	0	0	0.07291267174127374	0.9001910626518795	0	0	0	0	0	0	0	0.5001061459177109	0.7244528281985531	0.600127375101253	0	0	0	0	0	0
0	0.09721689565503164	0	0	0	0	0	0	0	0	0	0	0	0	0	0	0	0	0.04860844782751582	1.0002122918354217	0.8001698334683374	0	0	0	0	0	0	0.4000849167341687	0.20004245836708434	0.600127375101253	0	0	0	0	0	0
0.04860844782751582	0.297259354022116	0	0	0	0	0	0	0	0	0	0	0	0	0	0	0	0	0.04860844782751582	0.4000849167341687	0.600127375101253	0	0	0	0	0	0	0.4000849167341687	0	0.600127375101253	0	0	0	0	0	0
0	0.02430422391375791	0	0	0	0	0	0	0	0	0	0	0	0	0	0	0	0	0.04860844782751582	0	0.3000636875506265	0.148629677011058	0	0	0	0	0	0.10002122918354217	0.12432545309730009	0.7001486042847952	0	0	0	0	0	0
0	0	0	0	0	0	0	0	0	0	0	0	0	0	0	0	0	0	0.09721689565503164	0.3000636875506265	0.8001698334683374	0.17293390092481592	0	0	0	0	0	0.12432545309730009	0.5487145937452267	0.9001910626518795	0	0	0	0	0	0
0	0	0	0.20004245836708434	0	0	0	0	0	0	0	0	0	0	0	0	0	0	0.09721689565503164	0.4000849167341687	0.20004245836708434	0.5001061459177109	0	0	0	0	0	0.5001061459177109	0.20004245836708434	0.8001698334683374	0	0	0	0	0	0
0	0	0.20004245836708434	0	0	0	0	0	0	0	0	0	0	0	0	0	0	0	0.14582534348254747	0.49730181238920035	0.04860844782751582	0.44869336456168457	0	0	0	0	0	0.600127375101253	0.297259354022116	1.0002122918354217	0	0	0	0	0	0
0	0	0.4000849167341687	0.09721689565503164	0	0	0	0	0	0	0	0	0	0	0	0	0	0	0	0.34586780184963184	0.04860844782751582	0.600127375101253	0	0	0	0	0	0.20004245836708434	0.24865090619460017	0.600127375101253	0	0	0	0	0	0
0	0	0.02430422391375791	0.12432545309730009	0.17293390092481592	0	0	0	0	0	0	0	0	0	0	0	0	0	0	0.14582534348254747	0.02430422391375791	0.5244103698314687	0	0	0	0	0	0.10002122918354217	0.3000636875506265	0	0	0	0	0	0	0
0	0	0	0.12432545309730009	0.04860844782751582	0	0	0	0	0	0	0	0	0	0	0	0	0	0	0.12152111956878955	0.02430422391375791	0	0	0	0	0	0	0	0.5244103698314687	0	0	0	0	0	0	0
0	0	0.4000849167341687	0	0	0	0	0	0	0	0	0	0	0	0	0	0	0	0	0.09721689565503164	0	0	0	0	0	0	0	0	0.3000636875506265	0	0	0	0	0	0	0
0	0	0	0.12432545309730009	0.04860844782751582	0	0	0	0	0	0	0	0	0	0	0	0	0	0	0.24865090619460017	0.12432545309730009	0	0	0	0	0	0	0	0	0	0	0	0	0	0	0
0	0	0	0	0.02430422391375791	0	0	0	0	0	0	0	0	0	0	0	0	0	0	0.04860844782751582	0	0	0	0	0	0	0	0	0	0	0	0	0	0	0	0
0	0	0	0	0	0	0	0	0	0	0	0	0	0	0	0	0	0	0	0.04860844782751582	0	0	0	0	0	0	0	0	0	0	0	0	0	0	0	0
0	0	0	0	0	0	0	0	0	0	0	0	0	0	0	0	0	0	0	0.02430422391375791	0	0	0	0	0	0	0	0	0	0	0	0	0	0	0	0
0	0	0	0	0	0	0	0	0	0	0	0	0	0	0	0	0	0	0	0.02430422391375791	0	0	0	0	0	0	0	0	0	0	0	0	0	0	0	0
0	0	0	0	0	0	0	0	0	0	0	0	0	0	0	0	0	0	0	0	0	0	0	0	0	0	0	0	0	0	0	0	0	0	0	0
0	0	0	0	0	0	0	0	0	0	0	0	0	0	0	0	0	0	0	0	0	0	0	0	0	0	0	0	0	0	0	0	0	0	0	0
0.2500530729588554	0	0	0	0	0	0	0	0	0	0	0	0	0	0	0	0	0	0	0	0	0	0	0	0	0	0	0	0	0	0	0	0	0	0	0.45009553132593977
0.8601825709784626	0.6401358667746699	0.5001061459177109	0.3400721792240434	0.020004245836708436	0	0	0	0	0	0	0	0	0.0600127375101253	0.20004245836708434	0.10002122918354217	0	0	0	0	0	0	0.0600127375101253	0.16003396669366748	0.08001698334683374	0	0.14002972085695906	0.5001061459177109	0.6601401126113784	0.8601825709784626	0.8801868168151711	0.8001698334683374	0.7201528501215037	0.8401783251417542	0.9001910626518795	0.9001910626518795
