-START-OF-DATA-
   1.000 5.23704e-04
   6.000 5.25004e-04
  11.000 5.26305e-04
  16.000 5.27605e-04
  21.000 5.28905e-04
  26.000 5.30206e-04
  31.000 5.31506e-04
  36.000 5.32806e-04
  41.000 5.34107e-04
  46.000 5.35407e-04
  51.000 5.36707e-04
  56.000 5.38008e-04
  61.000 5.39308e-04
  66.000 5.40608e-04
  71.000 5.41909e-04
  76.000 5.43209e-04
  81.000 5.44509e-04
  86.000 5.45810e-04
  91.000 5.47110e-04
  96.000 5.48410e-04
 101.000 5.49711e-04
 106.000 5.51011e-04
 111.000 5.52311e-04
 116.000 5.53612e-04
 121.000 5.54912e-04
 126.000 5.56213e-04
 131.000 5.57513e-04
 136.000 5.58813e-04
 141.000 5.60114e-04
 146.000 5.61414e-04
 151.000 5.62714e-04
 156.000 5.64015e-04
 161.000 5.65315e-04
 166.000 5.66615e-04
 171.000 5.67916e-04
 176.000 5.69216e-04
 181.000 5.70516e-04
 186.000 5.71817e-04
 191.000 5.73117e-04
 196.000 5.74417e-04
 201.000 5.75718e-04
 206.000 5.77018e-04
 211.000 5.78318e-04
 216.000 5.79619e-04
 221.000 5.80919e-04
 226.000 5.82219e-04
 231.000 5.83520e-04
 236.000 5.84820e-04
 241.000 5.86120e-04
 246.000 5.87421e-04
 251.000 5.88721e-04
 256.000 5.90021e-04
 261.000 5.91322e-04
 266.000 5.92622e-04
 271.000 5.93922e-04
 276.000 5.95223e-04
 281.000 5.96523e-04
 286.000 5.97823e-04
 291.000 5.99124e-04
 296.000 6.00424e-04
 301.000 6.01724e-04
 306.000 6.03025e-04
 311.000 6.04325e-04
 316.000 6.05625e-04
 321.000 6.06926e-04
 326.000 6.08226e-04
 331.000 6.09526e-04
 336.000 6.10827e-04
 341.000 6.12127e-04
 346.000 6.13428e-04
 351.000 6.14728e-04
 356.000 6.16028e-04
 361.000 6.17329e-04
 366.000 6.18629e-04
 371.000 6.19929e-04
 376.000 6.21230e-04
 381.000 6.22530e-04
 386.000 6.23830e-04
 391.000 6.25131e-04
 396.000 6.26431e-04
 401.000 6.27731e-04
 406.000 6.29032e-04
 411.000 6.30332e-04
 416.000 6.31632e-04
 421.000 6.32933e-04
 426.000 6.34233e-04
 431.000 6.35533e-04
 436.000 6.36834e-04
 441.000 6.38134e-04
 446.000 6.39434e-04
 451.000 6.40735e-04
 456.000 6.42035e-04
 461.000 6.43335e-04
 466.000 6.44636e-04
 471.000 6.45936e-04
 476.000 6.47236e-04
 481.000 6.48537e-04
 486.000 6.49837e-04
 491.000 6.51137e-04
 496.000 6.52438e-04
 501.000 6.53738e-04
 506.000 6.55038e-04
 511.000 6.56339e-04
 516.000 6.57639e-04
 521.000 6.58939e-04
 526.000 6.60240e-04
 531.000 6.61540e-04
 536.000 6.62840e-04
 541.000 6.64141e-04
 546.000 6.65441e-04
 551.000 6.66741e-04
 556.000 6.68042e-04
 561.000 6.69342e-04
 566.000 6.70642e-04
 571.000 6.71943e-04
 576.000 6.73243e-04
 581.000 6.74544e-04
 586.000 6.75844e-04
 591.000 6.77144e-04
 596.000 6.78445e-04
 601.000 6.79745e-04
 606.000 6.81045e-04
 611.000 6.82346e-04
 616.000 6.83646e-04
 621.000 6.84946e-04
 626.000 6.86247e-04
 631.000 6.87547e-04
 636.000 6.88847e-04
 641.000 6.90148e-04
 646.000 6.91448e-04
 651.000 6.92748e-04
 656.000 6.94049e-04
 661.000 6.95349e-04
 666.000 6.96649e-04
 671.000 6.97950e-04
 676.000 6.99250e-04
 681.000 7.00550e-04
 686.000 7.01851e-04
 691.000 7.03151e-04
 696.000 7.04451e-04
 701.000 7.05752e-04
 706.000 7.07052e-04
 711.000 7.08352e-04
 716.000 7.09653e-04
 721.000 7.10953e-04
 726.000 7.12253e-04
 731.000 7.13554e-04
 736.000 7.14854e-04
 741.000 7.16154e-04
 746.000 7.17455e-04
 751.000 7.18755e-04
 756.000 7.20055e-04
 761.000 7.21356e-04
 766.000 7.22656e-04
 771.000 7.23956e-04
 776.000 7.25257e-04
 781.000 7.26557e-04
 786.000 7.27857e-04
 791.000 7.29158e-04
 796.000 7.30458e-04
 801.000 7.31758e-04
 806.000 7.33059e-04
 811.000 7.34359e-04
 816.000 7.35660e-04
 821.000 7.36960e-04
 826.000 7.38260e-04
 831.000 7.39561e-04
 836.000 7.40861e-04
 841.000 7.42161e-04
 846.000 7.43462e-04
 851.000 7.44762e-04
 856.000 7.46062e-04
 861.000 7.47363e-04
 866.000 7.48663e-04
 871.000 7.49963e-04
 876.000 7.51264e-04
 881.000 7.52564e-04
 886.000 7.53864e-04
 891.000 7.55165e-04
 896.000 7.56465e-04
 901.000 7.57765e-04
 906.000 7.59066e-04
 911.000 7.60366e-04
 916.000 7.61666e-04
 921.000 7.62967e-04
 926.000 7.64267e-04
 931.000 7.65567e-04
 936.000 7.66868e-04
 941.000 7.68168e-04
 946.000 7.69468e-04
 951.000 7.70769e-04
 956.000 7.72069e-04
 961.000 7.73369e-04
 966.000 7.74670e-04
 971.000 7.75970e-04
 976.000 7.77270e-04
 981.000 7.78571e-04
 986.000 7.79871e-04
 991.000 7.81171e-04
 996.000 7.82472e-04
1001.000 7.83772e-04
1006.000 7.85072e-04
1011.000 7.86373e-04
1016.000 7.87673e-04
1021.000 7.88973e-04
1026.000 7.90274e-04
1031.000 7.91574e-04
1036.000 7.92875e-04
1041.000 7.94175e-04
1046.000 7.95475e-04
1051.000 7.96776e-04
1056.000 7.98076e-04
1061.000 7.99376e-04
1066.000 8.00677e-04
1071.000 8.01977e-04
1076.000 8.03277e-04
1081.000 8.04578e-04
1086.000 8.05878e-04
1091.000 8.07178e-04
1096.000 8.08479e-04
1101.000 8.09779e-04
1106.000 8.11079e-04
1111.000 8.12380e-04
1116.000 8.13680e-04
1121.000 8.14980e-04
1126.000 8.16281e-04
1131.000 8.17581e-04
1136.000 8.18881e-04
1141.000 8.20182e-04
1146.000 8.21482e-04
1151.000 8.22782e-04
1156.000 8.24083e-04
1161.000 8.25383e-04
1166.000 8.26683e-04
1171.000 8.27984e-04
1176.000 8.29284e-04
1181.000 8.30584e-04
1186.000 8.31885e-04
1191.000 8.33185e-04
1196.000 8.34485e-04
1201.000 8.35786e-04
1206.000 8.37086e-04
1211.000 8.38386e-04
1216.000 8.39687e-04
1221.000 8.40987e-04
1226.000 8.42287e-04
1231.000 8.43588e-04
1236.000 8.44888e-04
1241.000 8.46188e-04
1246.000 8.47489e-04
1251.000 8.48789e-04
1256.000 8.50089e-04
1261.000 8.51390e-04
1266.000 8.52690e-04
1271.000 8.53991e-04
1276.000 8.55291e-04
1281.000 8.56591e-04
1286.000 8.57892e-04
1291.000 8.59192e-04
1296.000 8.60492e-04
1301.000 8.61793e-04
1306.000 8.63093e-04
1311.000 8.64393e-04
1316.000 8.65694e-04
1321.000 8.66994e-04
1326.000 8.68294e-04
1331.000 8.69595e-04
1336.000 8.70895e-04
1341.000 8.72195e-04
1346.000 8.73496e-04
1351.000 8.74796e-04
1356.000 8.76096e-04
1361.000 8.77397e-04
1366.000 8.78697e-04
1371.000 8.79997e-04
1376.000 8.81298e-04
1381.000 8.82598e-04
1386.000 8.83898e-04
1391.000 8.85199e-04
1396.000 8.86499e-04
1401.000 8.87799e-04
1406.000 8.89100e-04
1411.000 8.90400e-04
1416.000 8.91700e-04
1421.000 8.93001e-04
1426.000 8.94301e-04
1431.000 8.95601e-04
1436.000 8.96902e-04
1441.000 8.98202e-04
1446.000 8.99502e-04
1451.000 9.00803e-04
1456.000 9.02103e-04
1461.000 9.03403e-04
1466.000 9.04704e-04
1471.000 9.06004e-04
1476.000 9.07304e-04
1481.000 9.08605e-04
1486.000 9.09905e-04
1491.000 9.11205e-04
1496.000 9.12506e-04
1501.000 9.13806e-04
1506.000 9.15107e-04
1511.000 9.16407e-04
1516.000 9.17707e-04
1521.000 9.19008e-04
1526.000 9.20308e-04
1531.000 9.21608e-04
1536.000 9.22909e-04
1541.000 9.24209e-04
1546.000 9.25509e-04
1551.000 9.26810e-04
1556.000 9.28110e-04
1561.000 9.29410e-04
1566.000 9.30711e-04
1571.000 9.32011e-04
1576.000 9.33311e-04
1581.000 9.34612e-04
1586.000 9.35912e-04
1591.000 9.37212e-04
1596.000 9.38513e-04
1601.000 9.39813e-04
1606.000 9.41113e-04
1611.000 9.42414e-04
1616.000 9.43714e-04
1621.000 9.45014e-04
1626.000 9.46315e-04
1631.000 9.47615e-04
1636.000 9.48915e-04
1641.000 9.50216e-04
1646.000 9.51516e-04
1651.000 9.52816e-04
1656.000 9.54117e-04
1661.000 9.55417e-04
1666.000 9.56717e-04
1671.000 9.58018e-04
1676.000 9.59318e-04
1681.000 9.60618e-04
1686.000 9.61919e-04
1691.000 9.63219e-04
1696.000 9.64519e-04
1701.000 9.65820e-04
1706.000 9.67120e-04
1711.000 9.68420e-04
1716.000 9.69721e-04
1721.000 9.71021e-04
1726.000 9.72322e-04
1731.000 9.73622e-04
1736.000 9.74922e-04
1741.000 9.76223e-04
1746.000 9.77523e-04
1751.000 9.78823e-04
1756.000 9.80124e-04
1761.000 9.81424e-04
1766.000 9.82724e-04
1771.000 9.84025e-04
1776.000 9.85325e-04
1781.000 9.86625e-04
1786.000 9.87926e-04
1791.000 9.89226e-04
1796.000 9.90526e-04
1801.000 9.91827e-04
1806.000 9.93127e-04
1811.000 9.94427e-04
1816.000 9.95728e-04
1821.000 9.97028e-04
1826.000 9.98328e-04
1831.000 9.99629e-04
1836.000 1.00093e-03
1841.000 1.00223e-03
1846.000 1.00353e-03
1851.000 1.00483e-03
1856.000 1.00613e-03
1861.000 1.00743e-03
1866.000 1.00873e-03
1871.000 1.01003e-03
1876.000 1.01133e-03
1881.000 1.01263e-03
1886.000 1.01393e-03
1891.000 1.01523e-03
1896.000 1.01653e-03
1901.000 1.01783e-03
1906.000 1.01913e-03
1911.000 1.02043e-03
1916.000 1.02173e-03
1921.000 1.02303e-03
1926.000 1.02434e-03
1931.000 1.02564e-03
1936.000 1.02694e-03
1941.000 1.02824e-03
1946.000 1.02954e-03
1951.000 1.03084e-03
1956.000 1.03214e-03
1961.000 1.03344e-03
1966.000 1.03474e-03
1971.000 1.03604e-03
1976.000 1.03734e-03
1981.000 1.03864e-03
1986.000 1.03994e-03
1991.000 1.04124e-03
1996.000 1.04254e-03
2001.000 1.04384e-03
2006.000 1.04514e-03
2011.000 1.04644e-03
2016.000 1.04774e-03
2021.000 1.04904e-03
2026.000 1.05034e-03
2031.000 1.05164e-03
2036.000 1.05294e-03
2041.000 1.05424e-03
2046.000 1.05554e-03
2051.000 1.05684e-03
2056.000 1.05814e-03
2061.000 1.05944e-03
2066.000 1.06074e-03
2071.000 1.06205e-03
2076.000 1.06335e-03
2081.000 1.06465e-03
2086.000 1.06595e-03
2091.000 1.06725e-03
2096.000 1.06855e-03
2101.000 1.06985e-03
2106.000 1.07115e-03
2111.000 1.07245e-03
2116.000 1.07375e-03
2121.000 1.07505e-03
2126.000 1.07635e-03
2131.000 1.07765e-03
2136.000 1.07895e-03
2141.000 1.08025e-03
2146.000 1.08155e-03
2151.000 1.08285e-03
2156.000 1.08415e-03
2161.000 1.08545e-03
2166.000 1.08675e-03
2171.000 1.08805e-03
2176.000 1.08935e-03
2181.000 1.09065e-03
2186.000 1.09195e-03
2191.000 1.09325e-03
2196.000 1.09455e-03
2201.000 1.09585e-03
2206.000 1.09715e-03
2211.000 1.09845e-03
2216.000 1.09975e-03
2221.000 1.10106e-03
2226.000 1.10236e-03
2231.000 1.10366e-03
2236.000 1.10496e-03
2241.000 1.10626e-03
2246.000 1.10756e-03
2251.000 1.10886e-03
2256.000 1.11016e-03
2261.000 1.11146e-03
2266.000 1.11276e-03
2271.000 1.11406e-03
2276.000 1.11536e-03
2281.000 1.11666e-03
2286.000 1.11796e-03
2291.000 1.11926e-03
2296.000 1.12056e-03
2301.000 1.12186e-03
2306.000 1.12316e-03
2311.000 1.12446e-03
2316.000 1.12576e-03
2321.000 1.12706e-03
2326.000 1.12836e-03
2331.000 1.12966e-03
2336.000 1.13096e-03
2341.000 1.13226e-03
2346.000 1.13356e-03
2351.000 1.13486e-03
2356.000 1.13616e-03
2361.000 1.13746e-03
2366.000 1.13877e-03
2371.000 1.14007e-03
2376.000 1.14137e-03
2381.000 1.14267e-03
2386.000 1.14397e-03
2391.000 1.14527e-03
2396.000 1.14657e-03
2401.000 1.14787e-03
2406.000 1.14917e-03
2411.000 1.15047e-03
2416.000 1.15177e-03
2421.000 1.15307e-03
2426.000 1.15437e-03
2431.000 1.15567e-03
2436.000 1.15697e-03
2441.000 1.15827e-03
2446.000 1.15957e-03
2451.000 1.16087e-03
2456.000 1.16217e-03
2461.000 1.16347e-03
2466.000 1.16477e-03
2471.000 1.16607e-03
2476.000 1.16737e-03
2481.000 1.16867e-03
2486.000 1.16997e-03
2491.000 1.17127e-03
2496.000 1.17257e-03
2501.000 1.17387e-03
2506.000 1.17517e-03
2511.000 1.17647e-03
2516.000 1.17778e-03
2521.000 1.17908e-03
2526.000 1.18038e-03
2531.000 1.18168e-03
2536.000 1.18298e-03
2541.000 1.18428e-03
2546.000 1.18558e-03
2551.000 1.18688e-03
2556.000 1.18818e-03
2561.000 1.18948e-03
2566.000 1.19078e-03
2571.000 1.19208e-03
2576.000 1.19338e-03
2581.000 1.19468e-03
2586.000 1.19598e-03
2591.000 1.19728e-03
2596.000 1.19858e-03
2601.000 1.19988e-03
2606.000 1.20118e-03
2611.000 1.20248e-03
2616.000 1.20378e-03
2621.000 1.20508e-03
2626.000 1.20638e-03
2631.000 1.20768e-03
2636.000 1.20898e-03
2641.000 1.21028e-03
2646.000 1.21158e-03
2651.000 1.21288e-03
2656.000 1.21418e-03
2661.000 1.21549e-03
2666.000 1.21679e-03
2671.000 1.21809e-03
2676.000 1.21939e-03
2681.000 1.22069e-03
2686.000 1.22199e-03
2691.000 1.22329e-03
2696.000 1.22459e-03
2701.000 1.22589e-03
2706.000 1.22719e-03
2711.000 1.22849e-03
2716.000 1.22979e-03
2721.000 1.23109e-03
2726.000 1.23239e-03
2731.000 1.23369e-03
2736.000 1.23499e-03
2741.000 1.23629e-03
2746.000 1.23759e-03
2751.000 1.23889e-03
2756.000 1.24019e-03
2761.000 1.24149e-03
2766.000 1.24279e-03
2771.000 1.24409e-03
2776.000 1.24539e-03
2781.000 1.24669e-03
2786.000 1.24799e-03
2791.000 1.24929e-03
2796.000 1.25059e-03
2801.000 1.25189e-03
2806.000 1.25320e-03
2811.000 1.25450e-03
2816.000 1.25580e-03
2821.000 1.25710e-03
2826.000 1.25840e-03
2831.000 1.25970e-03
2836.000 1.26100e-03
2841.000 1.26230e-03
2846.000 1.26360e-03
2851.000 1.26490e-03
2856.000 1.26620e-03
2861.000 1.26750e-03
2866.000 1.26880e-03
2871.000 1.27010e-03
2876.000 1.27140e-03
2881.000 1.27270e-03
2886.000 1.27400e-03
2891.000 1.27530e-03
2896.000 1.27660e-03
2901.000 1.27790e-03
2906.000 1.27920e-03
2911.000 1.28050e-03
2916.000 1.28180e-03
2921.000 1.28310e-03
2926.000 1.28440e-03
2931.000 1.28570e-03
2936.000 1.28700e-03
2941.000 1.28830e-03
2946.000 1.28960e-03
2951.000 1.29090e-03
2956.000 1.29221e-03
2961.000 1.29351e-03
2966.000 1.29481e-03
2971.000 1.29611e-03
2976.000 1.29741e-03
2981.000 1.29871e-03
2986.000 1.30001e-03
2991.000 1.30131e-03
2996.000 1.30261e-03
3001.000 1.30391e-03
3006.000 1.30521e-03
3011.000 1.30651e-03
3016.000 1.30781e-03
3021.000 1.30911e-03
3026.000 1.31041e-03
3031.000 1.31171e-03
3036.000 1.31301e-03
3041.000 1.31431e-03
3046.000 1.31561e-03
3051.000 1.31691e-03
3056.000 1.31821e-03
3061.000 1.31951e-03
3066.000 1.32081e-03
3071.000 1.32211e-03
3076.000 1.32341e-03
3081.000 1.32471e-03
3086.000 1.32601e-03
3091.000 1.32731e-03
3096.000 1.32861e-03
3101.000 1.32992e-03
3106.000 1.33122e-03
3111.000 1.33252e-03
3116.000 1.33382e-03
3121.000 1.33512e-03
3126.000 1.33642e-03
3131.000 1.33772e-03
3136.000 1.33902e-03
3141.000 1.34032e-03
3146.000 1.34162e-03
3151.000 1.34292e-03
3156.000 1.34422e-03
3161.000 1.34552e-03
3166.000 1.34682e-03
3171.000 1.34812e-03
3176.000 1.34942e-03
3181.000 1.35072e-03
3186.000 1.35202e-03
3191.000 1.35332e-03
3196.000 1.35462e-03
3201.000 1.35592e-03
3206.000 1.35722e-03
3211.000 1.35852e-03
3216.000 1.35982e-03
3221.000 1.36112e-03
3226.000 1.36242e-03
3231.000 1.36372e-03
3236.000 1.36502e-03
3241.000 1.36632e-03
3246.000 1.36763e-03
3251.000 1.36893e-03
3256.000 1.37023e-03
3261.000 1.37153e-03
3266.000 1.37283e-03
3271.000 1.37413e-03
3276.000 1.37543e-03
3281.000 1.37673e-03
3286.000 1.37803e-03
3291.000 1.37933e-03
3296.000 1.38063e-03
3301.000 1.38193e-03
3306.000 1.38323e-03
3311.000 1.38453e-03
3316.000 1.38583e-03
3321.000 1.38713e-03
3326.000 1.38843e-03
3331.000 1.38973e-03
3336.000 1.39103e-03
3341.000 1.39233e-03
3346.000 1.39363e-03
3351.000 1.39493e-03
3356.000 1.39623e-03
3361.000 1.39753e-03
3366.000 1.39883e-03
3371.000 1.40013e-03
3376.000 1.40143e-03
3381.000 1.40273e-03
3386.000 1.40403e-03
3391.000 1.40533e-03
3396.000 1.40664e-03
3401.000 1.40794e-03
3406.000 1.40924e-03
3411.000 1.41054e-03
3416.000 1.41184e-03
3421.000 1.41314e-03
3426.000 1.41444e-03
3431.000 1.41574e-03
3436.000 1.41704e-03
3441.000 1.41834e-03
3446.000 1.41964e-03
3451.000 1.42094e-03
3456.000 1.42224e-03
3461.000 1.42354e-03
3466.000 1.42484e-03
3471.000 1.42614e-03
3476.000 1.42744e-03
3481.000 1.42874e-03
3486.000 1.43004e-03
3491.000 1.43134e-03
3496.000 1.43264e-03
3501.000 1.43394e-03
3506.000 1.43524e-03
3511.000 1.43654e-03
3516.000 1.43784e-03
3521.000 1.43914e-03
3526.000 1.44044e-03
3531.000 1.44174e-03
3536.000 1.44304e-03
3541.000 1.44435e-03
3546.000 1.44565e-03
3551.000 1.44695e-03
3556.000 1.44825e-03
3561.000 1.44955e-03
3566.000 1.45085e-03
3571.000 1.45215e-03
3576.000 1.45345e-03
3581.000 1.45475e-03
3586.000 1.45605e-03
3591.000 1.45735e-03
3596.000 1.45865e-03
3601.000 1.45995e-03
3606.000 1.46125e-03
3611.000 1.46255e-03
3616.000 1.46385e-03
3621.000 1.46515e-03
3626.000 1.46645e-03
3631.000 1.46775e-03
3636.000 1.46905e-03
3641.000 1.47035e-03
3646.000 1.47165e-03
3651.000 1.47295e-03
3656.000 1.47425e-03
3661.000 1.47555e-03
3666.000 1.47685e-03
3671.000 1.47815e-03
3676.000 1.47945e-03
3681.000 1.48075e-03
3686.000 1.48206e-03
3691.000 1.48336e-03
3696.000 1.48466e-03
3701.000 1.48596e-03
3706.000 1.48726e-03
3711.000 1.48856e-03
3716.000 1.48986e-03
3721.000 1.49116e-03
3726.000 1.49246e-03
3731.000 1.49376e-03
3736.000 1.49506e-03
3741.000 1.49636e-03
3746.000 1.49766e-03
3751.000 1.49896e-03
3756.000 1.50026e-03
3761.000 1.50156e-03
3766.000 1.50286e-03
3771.000 1.50416e-03
3776.000 1.50546e-03
3781.000 1.50676e-03
3786.000 1.50806e-03
3791.000 1.50936e-03
3796.000 1.51066e-03
3801.000 1.51196e-03
3806.000 1.51326e-03
3811.000 1.51456e-03
3816.000 1.51586e-03
3821.000 1.51716e-03
3826.000 1.51846e-03
3831.000 1.51976e-03
3836.000 1.52107e-03
3841.000 1.52237e-03
3846.000 1.52367e-03
3851.000 1.52497e-03
3856.000 1.52627e-03
3861.000 1.52757e-03
3866.000 1.52887e-03
3871.000 1.53017e-03
3876.000 1.53147e-03
3881.000 1.53277e-03
3886.000 1.53407e-03
3891.000 1.53537e-03
3896.000 1.53667e-03
3901.000 1.53797e-03
3906.000 1.53927e-03
3911.000 1.54057e-03
3916.000 1.54187e-03
3921.000 1.54317e-03
3926.000 1.54447e-03
3931.000 1.54577e-03
3936.000 1.54707e-03
3941.000 1.54837e-03
3946.000 1.54967e-03
3951.000 1.55097e-03
3956.000 1.55227e-03
3961.000 1.55357e-03
3966.000 1.55487e-03
3971.000 1.55617e-03
3976.000 1.55747e-03
3981.000 1.55878e-03
3986.000 1.56008e-03
3991.000 1.56138e-03
3996.000 1.56268e-03
4001.000 1.56398e-03
4006.000 1.56528e-03
4011.000 1.56658e-03
4016.000 1.56788e-03
4021.000 1.56918e-03
4026.000 1.57048e-03
4031.000 1.57178e-03
4036.000 1.57308e-03
4041.000 1.57438e-03
4046.000 1.57568e-03
4051.000 1.57698e-03
4056.000 1.57828e-03
4061.000 1.57958e-03
4066.000 1.58088e-03
4071.000 1.58218e-03
4076.000 1.58348e-03
4081.000 1.58478e-03
4086.000 1.58608e-03
4091.000 1.58738e-03
4096.000 1.58868e-03
4101.000 1.58998e-03
4106.000 1.59128e-03
4111.000 1.59258e-03
4116.000 1.59388e-03
4121.000 1.59518e-03
4126.000 1.59648e-03
4131.000 1.59779e-03
4136.000 1.59909e-03
4141.000 1.60039e-03
4146.000 1.60169e-03
4151.000 1.60299e-03
4156.000 1.60429e-03
4161.000 1.60559e-03
4166.000 1.60689e-03
4171.000 1.60819e-03
4176.000 1.60949e-03
4181.000 1.61079e-03
4186.000 1.61209e-03
4191.000 1.61339e-03
4196.000 1.61469e-03
4201.000 1.61599e-03
4206.000 1.61729e-03
4211.000 1.61859e-03
4216.000 1.61989e-03
4221.000 1.62119e-03
4226.000 1.62249e-03
4231.000 1.62379e-03
4236.000 1.62509e-03
4241.000 1.62639e-03
4246.000 1.62769e-03
4251.000 1.62899e-03
4256.000 1.63029e-03
4261.000 1.63159e-03
4266.000 1.63289e-03
4271.000 1.63419e-03
4276.000 1.63550e-03
4281.000 1.63680e-03
4286.000 1.63810e-03
4291.000 1.63940e-03
4296.000 1.64070e-03
4301.000 1.64200e-03
4306.000 1.64330e-03
4311.000 1.64460e-03
4316.000 1.64590e-03
4321.000 1.64720e-03
4326.000 1.64850e-03
4331.000 1.64980e-03
4336.000 1.65110e-03
4341.000 1.65240e-03
4346.000 1.65370e-03
4351.000 1.65500e-03
4356.000 1.65630e-03
4361.000 1.65760e-03
4366.000 1.65890e-03
4371.000 1.66020e-03
4376.000 1.66150e-03
4381.000 1.66280e-03
4386.000 1.66410e-03
4391.000 1.66540e-03
4396.000 1.66670e-03
4401.000 1.66800e-03
4406.000 1.66930e-03
4411.000 1.67060e-03
4416.000 1.67190e-03
4421.000 1.67321e-03
4426.000 1.67451e-03
4431.000 1.67581e-03
4436.000 1.67711e-03
4441.000 1.67841e-03
4446.000 1.67971e-03
4451.000 1.68101e-03
4456.000 1.68231e-03
4461.000 1.68361e-03
4466.000 1.68491e-03
4471.000 1.68621e-03
4476.000 1.68751e-03
4481.000 1.68881e-03
4486.000 1.69011e-03
4491.000 1.69141e-03
4496.000 1.69271e-03
4501.000 1.69401e-03
4506.000 1.69531e-03
4511.000 1.69661e-03
4516.000 1.69791e-03
4521.000 1.69921e-03
4526.000 1.70051e-03
4531.000 1.70181e-03
4536.000 1.70311e-03
4541.000 1.70441e-03
4546.000 1.70571e-03
4551.000 1.70701e-03
4556.000 1.70831e-03
4561.000 1.70961e-03
4566.000 1.71091e-03
4571.000 1.71222e-03
4576.000 1.71352e-03
4581.000 1.71482e-03
4586.000 1.71612e-03
4591.000 1.71742e-03
4596.000 1.71872e-03
4601.000 1.72002e-03
4606.000 1.72132e-03
4611.000 1.72262e-03
4616.000 1.72392e-03
4621.000 1.72522e-03
4626.000 1.72652e-03
4631.000 1.72782e-03
4636.000 1.72912e-03
4641.000 1.73042e-03
4646.000 1.73172e-03
4651.000 1.73302e-03
4656.000 1.73432e-03
4661.000 1.73562e-03
4666.000 1.73692e-03
4671.000 1.73822e-03
4676.000 1.73952e-03
4681.000 1.74082e-03
4686.000 1.74212e-03
4691.000 1.74342e-03
4696.000 1.74472e-03
4701.000 1.74602e-03
4706.000 1.74732e-03
4711.000 1.74862e-03
4716.000 1.74993e-03
4721.000 1.75123e-03
4726.000 1.75253e-03
4731.000 1.75383e-03
4736.000 1.75513e-03
4741.000 1.75643e-03
4746.000 1.75773e-03
4751.000 1.75903e-03
4756.000 1.76033e-03
4761.000 1.76163e-03
4766.000 1.76293e-03
4771.000 1.76423e-03
4776.000 1.76553e-03
4781.000 1.76683e-03
4786.000 1.76813e-03
4791.000 1.76943e-03
4796.000 1.77073e-03
4801.000 1.77203e-03
4806.000 1.77333e-03
4811.000 1.77463e-03
4816.000 1.77593e-03
4821.000 1.77723e-03
4826.000 1.77853e-03
4831.000 1.77983e-03
4836.000 1.78113e-03
4841.000 1.78243e-03
4846.000 1.78373e-03
4851.000 1.78503e-03
4856.000 1.78633e-03
4861.000 1.78764e-03
4866.000 1.78894e-03
4871.000 1.79024e-03
4876.000 1.79154e-03
4881.000 1.79284e-03
4886.000 1.79414e-03
4891.000 1.79544e-03
4896.000 1.79674e-03
4901.000 1.79804e-03
4906.000 1.79934e-03
4911.000 1.80064e-03
4916.000 1.80194e-03
4921.000 1.80324e-03
4926.000 1.80454e-03
4931.000 1.80584e-03
4936.000 1.80714e-03
4941.000 1.80844e-03
4946.000 1.80974e-03
4951.000 1.81104e-03
4956.000 1.81234e-03
4961.000 1.81364e-03
4966.000 1.81494e-03
4971.000 1.81624e-03
4976.000 1.81754e-03
4981.000 1.81884e-03
4986.000 1.82014e-03
4991.000 1.82144e-03
4996.000 1.82274e-03
5001.000 1.82404e-03
-END-OF-DATA-
force pCO2 follows the value above (in ppm)
