-START-OF-DATA-
   1.000 1.34221e-03
   6.000 1.34332e-03
  11.000 1.34443e-03
  16.000 1.34555e-03
  21.000 1.34666e-03
  26.000 1.34777e-03
  31.000 1.34888e-03
  36.000 1.35000e-03
  41.000 1.35111e-03
  46.000 1.35222e-03
  51.000 1.35333e-03
  56.000 1.35444e-03
  61.000 1.35556e-03
  66.000 1.35667e-03
  71.000 1.35778e-03
  76.000 1.35889e-03
  81.000 1.36001e-03
  86.000 1.36112e-03
  91.000 1.36223e-03
  96.000 1.36334e-03
 101.000 1.36446e-03
 106.000 1.36557e-03
 111.000 1.36668e-03
 116.000 1.36779e-03
 121.000 1.36890e-03
 126.000 1.37002e-03
 131.000 1.37113e-03
 136.000 1.37224e-03
 141.000 1.37335e-03
 146.000 1.37447e-03
 151.000 1.37558e-03
 156.000 1.37669e-03
 161.000 1.37780e-03
 166.000 1.37891e-03
 171.000 1.38003e-03
 176.000 1.38114e-03
 181.000 1.38225e-03
 186.000 1.38336e-03
 191.000 1.38448e-03
 196.000 1.38559e-03
 201.000 1.38670e-03
 206.000 1.38781e-03
 211.000 1.38892e-03
 216.000 1.39004e-03
 221.000 1.39115e-03
 226.000 1.39226e-03
 231.000 1.39337e-03
 236.000 1.39449e-03
 241.000 1.39560e-03
 246.000 1.39671e-03
 251.000 1.39782e-03
 256.000 1.39894e-03
 261.000 1.40005e-03
 266.000 1.40116e-03
 271.000 1.40227e-03
 276.000 1.40338e-03
 281.000 1.40450e-03
 286.000 1.40561e-03
 291.000 1.40672e-03
 296.000 1.40783e-03
 301.000 1.40895e-03
 306.000 1.41006e-03
 311.000 1.41117e-03
 316.000 1.41228e-03
 321.000 1.41339e-03
 326.000 1.41451e-03
 331.000 1.41562e-03
 336.000 1.41673e-03
 341.000 1.41784e-03
 346.000 1.41896e-03
 351.000 1.42007e-03
 356.000 1.42118e-03
 361.000 1.42229e-03
 366.000 1.42340e-03
 371.000 1.42452e-03
 376.000 1.42563e-03
 381.000 1.42674e-03
 386.000 1.42785e-03
 391.000 1.42897e-03
 396.000 1.43008e-03
 401.000 1.43119e-03
 406.000 1.43230e-03
 411.000 1.43342e-03
 416.000 1.43453e-03
 421.000 1.43564e-03
 426.000 1.43675e-03
 431.000 1.43786e-03
 436.000 1.43898e-03
 441.000 1.44009e-03
 446.000 1.44120e-03
 451.000 1.44231e-03
 456.000 1.44343e-03
 461.000 1.44454e-03
 466.000 1.44565e-03
 471.000 1.44676e-03
 476.000 1.44787e-03
 481.000 1.44899e-03
 486.000 1.45010e-03
 491.000 1.45121e-03
 496.000 1.45232e-03
 501.000 1.45344e-03
 506.000 1.45455e-03
 511.000 1.45566e-03
 516.000 1.45677e-03
 521.000 1.45788e-03
 526.000 1.45900e-03
 531.000 1.46011e-03
 536.000 1.46122e-03
 541.000 1.46233e-03
 546.000 1.46345e-03
 551.000 1.46456e-03
 556.000 1.46567e-03
 561.000 1.46678e-03
 566.000 1.46790e-03
 571.000 1.46901e-03
 576.000 1.47012e-03
 581.000 1.47123e-03
 586.000 1.47234e-03
 591.000 1.47346e-03
 596.000 1.47457e-03
 601.000 1.47568e-03
 606.000 1.47679e-03
 611.000 1.47791e-03
 616.000 1.47902e-03
 621.000 1.48013e-03
 626.000 1.48124e-03
 631.000 1.48235e-03
 636.000 1.48347e-03
 641.000 1.48458e-03
 646.000 1.48569e-03
 651.000 1.48680e-03
 656.000 1.48792e-03
 661.000 1.48903e-03
 666.000 1.49014e-03
 671.000 1.49125e-03
 676.000 1.49236e-03
 681.000 1.49348e-03
 686.000 1.49459e-03
 691.000 1.49570e-03
 696.000 1.49681e-03
 701.000 1.49793e-03
 706.000 1.49904e-03
 711.000 1.50015e-03
 716.000 1.50126e-03
 721.000 1.50238e-03
 726.000 1.50349e-03
 731.000 1.50460e-03
 736.000 1.50571e-03
 741.000 1.50682e-03
 746.000 1.50794e-03
 751.000 1.50905e-03
 756.000 1.51016e-03
 761.000 1.51127e-03
 766.000 1.51239e-03
 771.000 1.51350e-03
 776.000 1.51461e-03
 781.000 1.51572e-03
 786.000 1.51683e-03
 791.000 1.51795e-03
 796.000 1.51906e-03
 801.000 1.52017e-03
 806.000 1.52128e-03
 811.000 1.52240e-03
 816.000 1.52351e-03
 821.000 1.52462e-03
 826.000 1.52573e-03
 831.000 1.52684e-03
 836.000 1.52796e-03
 841.000 1.52907e-03
 846.000 1.53018e-03
 851.000 1.53129e-03
 856.000 1.53241e-03
 861.000 1.53352e-03
 866.000 1.53463e-03
 871.000 1.53574e-03
 876.000 1.53686e-03
 881.000 1.53797e-03
 886.000 1.53908e-03
 891.000 1.54019e-03
 896.000 1.54130e-03
 901.000 1.54242e-03
 906.000 1.54353e-03
 911.000 1.54464e-03
 916.000 1.54575e-03
 921.000 1.54687e-03
 926.000 1.54798e-03
 931.000 1.54909e-03
 936.000 1.55020e-03
 941.000 1.55131e-03
 946.000 1.55243e-03
 951.000 1.55354e-03
 956.000 1.55465e-03
 961.000 1.55576e-03
 966.000 1.55688e-03
 971.000 1.55799e-03
 976.000 1.55910e-03
 981.000 1.56021e-03
 986.000 1.56132e-03
 991.000 1.56244e-03
 996.000 1.56355e-03
1001.000 1.56466e-03
1006.000 1.56577e-03
1011.000 1.56689e-03
1016.000 1.56800e-03
1021.000 1.56911e-03
1026.000 1.57022e-03
1031.000 1.57134e-03
1036.000 1.57245e-03
1041.000 1.57356e-03
1046.000 1.57467e-03
1051.000 1.57578e-03
1056.000 1.57690e-03
1061.000 1.57801e-03
1066.000 1.57912e-03
1071.000 1.58023e-03
1076.000 1.58135e-03
1081.000 1.58246e-03
1086.000 1.58357e-03
1091.000 1.58468e-03
1096.000 1.58579e-03
1101.000 1.58691e-03
1106.000 1.58802e-03
1111.000 1.58913e-03
1116.000 1.59024e-03
1121.000 1.59136e-03
1126.000 1.59247e-03
1131.000 1.59358e-03
1136.000 1.59469e-03
1141.000 1.59580e-03
1146.000 1.59692e-03
1151.000 1.59803e-03
1156.000 1.59914e-03
1161.000 1.60025e-03
1166.000 1.60137e-03
1171.000 1.60248e-03
1176.000 1.60359e-03
1181.000 1.60470e-03
1186.000 1.60582e-03
1191.000 1.60693e-03
1196.000 1.60804e-03
1201.000 1.60915e-03
1206.000 1.61026e-03
1211.000 1.61138e-03
1216.000 1.61249e-03
1221.000 1.61360e-03
1226.000 1.61471e-03
1231.000 1.61583e-03
1236.000 1.61694e-03
1241.000 1.61805e-03
1246.000 1.61916e-03
1251.000 1.62027e-03
1256.000 1.62139e-03
1261.000 1.62250e-03
1266.000 1.62361e-03
1271.000 1.62472e-03
1276.000 1.62584e-03
1281.000 1.62695e-03
1286.000 1.62806e-03
1291.000 1.62917e-03
1296.000 1.63028e-03
1301.000 1.63140e-03
1306.000 1.63251e-03
1311.000 1.63362e-03
1316.000 1.63473e-03
1321.000 1.63585e-03
1326.000 1.63696e-03
1331.000 1.63807e-03
1336.000 1.63918e-03
1341.000 1.64030e-03
1346.000 1.64141e-03
1351.000 1.64252e-03
1356.000 1.64363e-03
1361.000 1.64474e-03
1366.000 1.64586e-03
1371.000 1.64697e-03
1376.000 1.64808e-03
1381.000 1.64919e-03
1386.000 1.65031e-03
1391.000 1.65142e-03
1396.000 1.65253e-03
1401.000 1.65364e-03
1406.000 1.65475e-03
1411.000 1.65587e-03
1416.000 1.65698e-03
1421.000 1.65809e-03
1426.000 1.65920e-03
1431.000 1.66032e-03
1436.000 1.66143e-03
1441.000 1.66254e-03
1446.000 1.66365e-03
1451.000 1.66476e-03
1456.000 1.66588e-03
1461.000 1.66699e-03
1466.000 1.66810e-03
1471.000 1.66921e-03
1476.000 1.67033e-03
1481.000 1.67144e-03
1486.000 1.67255e-03
1491.000 1.67366e-03
1496.000 1.67478e-03
1501.000 1.67589e-03
1506.000 1.67700e-03
1511.000 1.67811e-03
1516.000 1.67922e-03
1521.000 1.68034e-03
1526.000 1.68145e-03
1531.000 1.68256e-03
1536.000 1.68367e-03
1541.000 1.68479e-03
1546.000 1.68590e-03
1551.000 1.68701e-03
1556.000 1.68812e-03
1561.000 1.68923e-03
1566.000 1.69035e-03
1571.000 1.69146e-03
1576.000 1.69257e-03
1581.000 1.69368e-03
1586.000 1.69480e-03
1591.000 1.69591e-03
1596.000 1.69702e-03
1601.000 1.69813e-03
1606.000 1.69925e-03
1611.000 1.70036e-03
1616.000 1.70147e-03
1621.000 1.70258e-03
1626.000 1.70369e-03
1631.000 1.70481e-03
1636.000 1.70592e-03
1641.000 1.70703e-03
1646.000 1.70814e-03
1651.000 1.70926e-03
1656.000 1.71037e-03
1661.000 1.71148e-03
1666.000 1.71259e-03
1671.000 1.71370e-03
1676.000 1.71482e-03
1681.000 1.71593e-03
1686.000 1.71704e-03
1691.000 1.71815e-03
1696.000 1.71927e-03
1701.000 1.72038e-03
1706.000 1.72149e-03
1711.000 1.72260e-03
1716.000 1.72371e-03
1721.000 1.72483e-03
1726.000 1.72594e-03
1731.000 1.72705e-03
1736.000 1.72816e-03
1741.000 1.72928e-03
1746.000 1.73039e-03
1751.000 1.73150e-03
1756.000 1.73261e-03
1761.000 1.73373e-03
1766.000 1.73484e-03
1771.000 1.73595e-03
1776.000 1.73706e-03
1781.000 1.73817e-03
1786.000 1.73929e-03
1791.000 1.74040e-03
1796.000 1.74151e-03
1801.000 1.74262e-03
1806.000 1.74374e-03
1811.000 1.74485e-03
1816.000 1.74596e-03
1821.000 1.74707e-03
1826.000 1.74818e-03
1831.000 1.74930e-03
1836.000 1.75041e-03
1841.000 1.75152e-03
1846.000 1.75263e-03
1851.000 1.75375e-03
1856.000 1.75486e-03
1861.000 1.75597e-03
1866.000 1.75708e-03
1871.000 1.75819e-03
1876.000 1.75931e-03
1881.000 1.76042e-03
1886.000 1.76153e-03
1891.000 1.76264e-03
1896.000 1.76376e-03
1901.000 1.76487e-03
1906.000 1.76598e-03
1911.000 1.76709e-03
1916.000 1.76821e-03
1921.000 1.76932e-03
1926.000 1.77043e-03
1931.000 1.77154e-03
1936.000 1.77265e-03
1941.000 1.77377e-03
1946.000 1.77488e-03
1951.000 1.77599e-03
1956.000 1.77710e-03
1961.000 1.77822e-03
1966.000 1.77933e-03
1971.000 1.78044e-03
1976.000 1.78155e-03
1981.000 1.78266e-03
1986.000 1.78378e-03
1991.000 1.78489e-03
1996.000 1.78600e-03
2001.000 1.78711e-03
2006.000 1.78823e-03
2011.000 1.78934e-03
2016.000 1.79045e-03
2021.000 1.79156e-03
2026.000 1.79267e-03
2031.000 1.79379e-03
2036.000 1.79490e-03
2041.000 1.79601e-03
2046.000 1.79712e-03
2051.000 1.79824e-03
2056.000 1.79935e-03
2061.000 1.80046e-03
2066.000 1.80157e-03
2071.000 1.80269e-03
2076.000 1.80380e-03
2081.000 1.80491e-03
2086.000 1.80602e-03
2091.000 1.80713e-03
2096.000 1.80825e-03
2101.000 1.80936e-03
2106.000 1.81047e-03
2111.000 1.81158e-03
2116.000 1.81270e-03
2121.000 1.81381e-03
2126.000 1.81492e-03
2131.000 1.81603e-03
2136.000 1.81714e-03
2141.000 1.81826e-03
2146.000 1.81937e-03
2151.000 1.82048e-03
2156.000 1.82159e-03
2161.000 1.82271e-03
2166.000 1.82382e-03
2171.000 1.82493e-03
2176.000 1.82604e-03
2181.000 1.82715e-03
2186.000 1.82827e-03
2191.000 1.82938e-03
2196.000 1.83049e-03
2201.000 1.83160e-03
2206.000 1.83272e-03
2211.000 1.83383e-03
2216.000 1.83494e-03
2221.000 1.83605e-03
2226.000 1.83717e-03
2231.000 1.83828e-03
2236.000 1.83939e-03
2241.000 1.84050e-03
2246.000 1.84161e-03
2251.000 1.84273e-03
2256.000 1.84384e-03
2261.000 1.84495e-03
2266.000 1.84606e-03
2271.000 1.84718e-03
2276.000 1.84829e-03
2281.000 1.84940e-03
2286.000 1.85051e-03
2291.000 1.85162e-03
2296.000 1.85274e-03
2301.000 1.85385e-03
2306.000 1.85496e-03
2311.000 1.85607e-03
2316.000 1.85719e-03
2321.000 1.85830e-03
2326.000 1.85941e-03
2331.000 1.86052e-03
2336.000 1.86163e-03
2341.000 1.86275e-03
2346.000 1.86386e-03
2351.000 1.86497e-03
2356.000 1.86608e-03
2361.000 1.86720e-03
2366.000 1.86831e-03
2371.000 1.86942e-03
2376.000 1.87053e-03
2381.000 1.87165e-03
2386.000 1.87276e-03
2391.000 1.87387e-03
2396.000 1.87498e-03
2401.000 1.87609e-03
2406.000 1.87721e-03
2411.000 1.87832e-03
2416.000 1.87943e-03
2421.000 1.88054e-03
2426.000 1.88166e-03
2431.000 1.88277e-03
2436.000 1.88388e-03
2441.000 1.88499e-03
2446.000 1.88610e-03
2451.000 1.88722e-03
2456.000 1.88833e-03
2461.000 1.88944e-03
2466.000 1.89055e-03
2471.000 1.89167e-03
2476.000 1.89278e-03
2481.000 1.89389e-03
2486.000 1.89500e-03
2491.000 1.89611e-03
2496.000 1.89723e-03
2501.000 1.89834e-03
2506.000 1.89945e-03
2511.000 1.90056e-03
2516.000 1.90168e-03
2521.000 1.90279e-03
2526.000 1.90390e-03
2531.000 1.90501e-03
2536.000 1.90613e-03
2541.000 1.90724e-03
2546.000 1.90835e-03
2551.000 1.90946e-03
2556.000 1.91057e-03
2561.000 1.91169e-03
2566.000 1.91280e-03
2571.000 1.91391e-03
2576.000 1.91502e-03
2581.000 1.91614e-03
2586.000 1.91725e-03
2591.000 1.91836e-03
2596.000 1.91947e-03
2601.000 1.92058e-03
2606.000 1.92170e-03
2611.000 1.92281e-03
2616.000 1.92392e-03
2621.000 1.92503e-03
2626.000 1.92615e-03
2631.000 1.92726e-03
2636.000 1.92837e-03
2641.000 1.92948e-03
2646.000 1.93059e-03
2651.000 1.93171e-03
2656.000 1.93282e-03
2661.000 1.93393e-03
2666.000 1.93504e-03
2671.000 1.93616e-03
2676.000 1.93727e-03
2681.000 1.93838e-03
2686.000 1.93949e-03
2691.000 1.94061e-03
2696.000 1.94172e-03
2701.000 1.94283e-03
2706.000 1.94394e-03
2711.000 1.94505e-03
2716.000 1.94617e-03
2721.000 1.94728e-03
2726.000 1.94839e-03
2731.000 1.94950e-03
2736.000 1.95062e-03
2741.000 1.95173e-03
2746.000 1.95284e-03
2751.000 1.95395e-03
2756.000 1.95506e-03
2761.000 1.95618e-03
2766.000 1.95729e-03
2771.000 1.95840e-03
2776.000 1.95951e-03
2781.000 1.96063e-03
2786.000 1.96174e-03
2791.000 1.96285e-03
2796.000 1.96396e-03
2801.000 1.96507e-03
2806.000 1.96619e-03
2811.000 1.96730e-03
2816.000 1.96841e-03
2821.000 1.96952e-03
2826.000 1.97064e-03
2831.000 1.97175e-03
2836.000 1.97286e-03
2841.000 1.97397e-03
2846.000 1.97509e-03
2851.000 1.97620e-03
2856.000 1.97731e-03
2861.000 1.97842e-03
2866.000 1.97953e-03
2871.000 1.98065e-03
2876.000 1.98176e-03
2881.000 1.98287e-03
2886.000 1.98398e-03
2891.000 1.98510e-03
2896.000 1.98621e-03
2901.000 1.98732e-03
2906.000 1.98843e-03
2911.000 1.98954e-03
2916.000 1.99066e-03
2921.000 1.99177e-03
2926.000 1.99288e-03
2931.000 1.99399e-03
2936.000 1.99511e-03
2941.000 1.99622e-03
2946.000 1.99733e-03
2951.000 1.99844e-03
2956.000 1.99955e-03
2961.000 2.00067e-03
2966.000 2.00178e-03
2971.000 2.00289e-03
2976.000 2.00400e-03
2981.000 2.00512e-03
2986.000 2.00623e-03
2991.000 2.00734e-03
2996.000 2.00845e-03
3001.000 2.00957e-03
3006.000 2.01068e-03
3011.000 2.01179e-03
3016.000 2.01290e-03
3021.000 2.01401e-03
3026.000 2.01513e-03
3031.000 2.01624e-03
3036.000 2.01735e-03
3041.000 2.01846e-03
3046.000 2.01958e-03
3051.000 2.02069e-03
3056.000 2.02180e-03
3061.000 2.02291e-03
3066.000 2.02402e-03
3071.000 2.02514e-03
3076.000 2.02625e-03
3081.000 2.02736e-03
3086.000 2.02847e-03
3091.000 2.02959e-03
3096.000 2.03070e-03
3101.000 2.03181e-03
3106.000 2.03292e-03
3111.000 2.03403e-03
3116.000 2.03515e-03
3121.000 2.03626e-03
3126.000 2.03737e-03
3131.000 2.03848e-03
3136.000 2.03960e-03
3141.000 2.04071e-03
3146.000 2.04182e-03
3151.000 2.04293e-03
3156.000 2.04405e-03
3161.000 2.04516e-03
3166.000 2.04627e-03
3171.000 2.04738e-03
3176.000 2.04849e-03
3181.000 2.04961e-03
3186.000 2.05072e-03
3191.000 2.05183e-03
3196.000 2.05294e-03
3201.000 2.05406e-03
3206.000 2.05517e-03
3211.000 2.05628e-03
3216.000 2.05739e-03
3221.000 2.05850e-03
3226.000 2.05962e-03
3231.000 2.06073e-03
3236.000 2.06184e-03
3241.000 2.06295e-03
3246.000 2.06407e-03
3251.000 2.06518e-03
3256.000 2.06629e-03
3261.000 2.06740e-03
3266.000 2.06851e-03
3271.000 2.06963e-03
3276.000 2.07074e-03
3281.000 2.07185e-03
3286.000 2.07296e-03
3291.000 2.07408e-03
3296.000 2.07519e-03
3301.000 2.07630e-03
3306.000 2.07741e-03
3311.000 2.07853e-03
3316.000 2.07964e-03
3321.000 2.08075e-03
3326.000 2.08186e-03
3331.000 2.08297e-03
3336.000 2.08409e-03
3341.000 2.08520e-03
3346.000 2.08631e-03
3351.000 2.08742e-03
3356.000 2.08854e-03
3361.000 2.08965e-03
3366.000 2.09076e-03
3371.000 2.09187e-03
3376.000 2.09298e-03
3381.000 2.09410e-03
3386.000 2.09521e-03
3391.000 2.09632e-03
3396.000 2.09743e-03
3401.000 2.09855e-03
3406.000 2.09966e-03
3411.000 2.10077e-03
3416.000 2.10188e-03
3421.000 2.10299e-03
3426.000 2.10411e-03
3431.000 2.10522e-03
3436.000 2.10633e-03
3441.000 2.10744e-03
3446.000 2.10856e-03
3451.000 2.10967e-03
3456.000 2.11078e-03
3461.000 2.11189e-03
3466.000 2.11301e-03
3471.000 2.11412e-03
3476.000 2.11523e-03
3481.000 2.11634e-03
3486.000 2.11745e-03
3491.000 2.11857e-03
3496.000 2.11968e-03
3501.000 2.12079e-03
3506.000 2.12190e-03
3511.000 2.12302e-03
3516.000 2.12413e-03
3521.000 2.12524e-03
3526.000 2.12635e-03
3531.000 2.12746e-03
3536.000 2.12858e-03
3541.000 2.12969e-03
3546.000 2.13080e-03
3551.000 2.13191e-03
3556.000 2.13303e-03
3561.000 2.13414e-03
3566.000 2.13525e-03
3571.000 2.13636e-03
3576.000 2.13747e-03
3581.000 2.13859e-03
3586.000 2.13970e-03
3591.000 2.14081e-03
3596.000 2.14192e-03
3601.000 2.14304e-03
3606.000 2.14415e-03
3611.000 2.14526e-03
3616.000 2.14637e-03
3621.000 2.14749e-03
3626.000 2.14860e-03
3631.000 2.14971e-03
3636.000 2.15082e-03
3641.000 2.15193e-03
3646.000 2.15305e-03
3651.000 2.15416e-03
3656.000 2.15527e-03
3661.000 2.15638e-03
3666.000 2.15750e-03
3671.000 2.15861e-03
3676.000 2.15972e-03
3681.000 2.16083e-03
3686.000 2.16194e-03
3691.000 2.16306e-03
3696.000 2.16417e-03
3701.000 2.16528e-03
3706.000 2.16639e-03
3711.000 2.16751e-03
3716.000 2.16862e-03
3721.000 2.16973e-03
3726.000 2.17084e-03
3731.000 2.17195e-03
3736.000 2.17307e-03
3741.000 2.17418e-03
3746.000 2.17529e-03
3751.000 2.17640e-03
3756.000 2.17752e-03
3761.000 2.17863e-03
3766.000 2.17974e-03
3771.000 2.18085e-03
3776.000 2.18197e-03
3781.000 2.18308e-03
3786.000 2.18419e-03
3791.000 2.18530e-03
3796.000 2.18641e-03
3801.000 2.18753e-03
3806.000 2.18864e-03
3811.000 2.18975e-03
3816.000 2.19086e-03
3821.000 2.19198e-03
3826.000 2.19309e-03
3831.000 2.19420e-03
3836.000 2.19531e-03
3841.000 2.19642e-03
3846.000 2.19754e-03
3851.000 2.19865e-03
3856.000 2.19976e-03
3861.000 2.20087e-03
3866.000 2.20199e-03
3871.000 2.20310e-03
3876.000 2.20421e-03
3881.000 2.20532e-03
3886.000 2.20643e-03
3891.000 2.20755e-03
3896.000 2.20866e-03
3901.000 2.20977e-03
3906.000 2.21088e-03
3911.000 2.21200e-03
3916.000 2.21311e-03
3921.000 2.21422e-03
3926.000 2.21533e-03
3931.000 2.21645e-03
3936.000 2.21756e-03
3941.000 2.21867e-03
3946.000 2.21978e-03
3951.000 2.22089e-03
3956.000 2.22201e-03
3961.000 2.22312e-03
3966.000 2.22423e-03
3971.000 2.22534e-03
3976.000 2.22646e-03
3981.000 2.22757e-03
3986.000 2.22868e-03
3991.000 2.22979e-03
3996.000 2.23090e-03
4001.000 2.23202e-03
4006.000 2.23313e-03
4011.000 2.23424e-03
4016.000 2.23535e-03
4021.000 2.23647e-03
4026.000 2.23758e-03
4031.000 2.23869e-03
4036.000 2.23980e-03
4041.000 2.24091e-03
4046.000 2.24203e-03
4051.000 2.24314e-03
4056.000 2.24425e-03
4061.000 2.24536e-03
4066.000 2.24648e-03
4071.000 2.24759e-03
4076.000 2.24870e-03
4081.000 2.24981e-03
4086.000 2.25093e-03
4091.000 2.25204e-03
4096.000 2.25315e-03
4101.000 2.25426e-03
4106.000 2.25537e-03
4111.000 2.25649e-03
4116.000 2.25760e-03
4121.000 2.25871e-03
4126.000 2.25982e-03
4131.000 2.26094e-03
4136.000 2.26205e-03
4141.000 2.26316e-03
4146.000 2.26427e-03
4151.000 2.26538e-03
4156.000 2.26650e-03
4161.000 2.26761e-03
4166.000 2.26872e-03
4171.000 2.26983e-03
4176.000 2.27095e-03
4181.000 2.27206e-03
4186.000 2.27317e-03
4191.000 2.27428e-03
4196.000 2.27539e-03
4201.000 2.27651e-03
4206.000 2.27762e-03
4211.000 2.27873e-03
4216.000 2.27984e-03
4221.000 2.28096e-03
4226.000 2.28207e-03
4231.000 2.28318e-03
4236.000 2.28429e-03
4241.000 2.28541e-03
4246.000 2.28652e-03
4251.000 2.28763e-03
4256.000 2.28874e-03
4261.000 2.28985e-03
4266.000 2.29097e-03
4271.000 2.29208e-03
4276.000 2.29319e-03
4281.000 2.29430e-03
4286.000 2.29542e-03
4291.000 2.29653e-03
4296.000 2.29764e-03
4301.000 2.29875e-03
4306.000 2.29986e-03
4311.000 2.30098e-03
4316.000 2.30209e-03
4321.000 2.30320e-03
4326.000 2.30431e-03
4331.000 2.30543e-03
4336.000 2.30654e-03
4341.000 2.30765e-03
4346.000 2.30876e-03
4351.000 2.30987e-03
4356.000 2.31099e-03
4361.000 2.31210e-03
4366.000 2.31321e-03
4371.000 2.31432e-03
4376.000 2.31544e-03
4381.000 2.31655e-03
4386.000 2.31766e-03
4391.000 2.31877e-03
4396.000 2.31989e-03
4401.000 2.32100e-03
4406.000 2.32211e-03
4411.000 2.32322e-03
4416.000 2.32433e-03
4421.000 2.32545e-03
4426.000 2.32656e-03
4431.000 2.32767e-03
4436.000 2.32878e-03
4441.000 2.32990e-03
4446.000 2.33101e-03
4451.000 2.33212e-03
4456.000 2.33323e-03
4461.000 2.33434e-03
4466.000 2.33546e-03
4471.000 2.33657e-03
4476.000 2.33768e-03
4481.000 2.33879e-03
4486.000 2.33991e-03
4491.000 2.34102e-03
4496.000 2.34213e-03
4501.000 2.34324e-03
4506.000 2.34436e-03
4511.000 2.34547e-03
4516.000 2.34658e-03
4521.000 2.34769e-03
4526.000 2.34880e-03
4531.000 2.34992e-03
4536.000 2.35103e-03
4541.000 2.35214e-03
4546.000 2.35325e-03
4551.000 2.35437e-03
4556.000 2.35548e-03
4561.000 2.35659e-03
4566.000 2.35770e-03
4571.000 2.35881e-03
4576.000 2.35993e-03
4581.000 2.36104e-03
4586.000 2.36215e-03
4591.000 2.36326e-03
4596.000 2.36438e-03
4601.000 2.36549e-03
4606.000 2.36660e-03
4611.000 2.36771e-03
4616.000 2.36882e-03
4621.000 2.36994e-03
4626.000 2.37105e-03
4631.000 2.37216e-03
4636.000 2.37327e-03
4641.000 2.37439e-03
4646.000 2.37550e-03
4651.000 2.37661e-03
4656.000 2.37772e-03
4661.000 2.37884e-03
4666.000 2.37995e-03
4671.000 2.38106e-03
4676.000 2.38217e-03
4681.000 2.38328e-03
4686.000 2.38440e-03
4691.000 2.38551e-03
4696.000 2.38662e-03
4701.000 2.38773e-03
4706.000 2.38885e-03
4711.000 2.38996e-03
4716.000 2.39107e-03
4721.000 2.39218e-03
4726.000 2.39329e-03
4731.000 2.39441e-03
4736.000 2.39552e-03
4741.000 2.39663e-03
4746.000 2.39774e-03
4751.000 2.39886e-03
4756.000 2.39997e-03
4761.000 2.40108e-03
4766.000 2.40219e-03
4771.000 2.40330e-03
4776.000 2.40442e-03
4781.000 2.40553e-03
4786.000 2.40664e-03
4791.000 2.40775e-03
4796.000 2.40887e-03
4801.000 2.40998e-03
4806.000 2.41109e-03
4811.000 2.41220e-03
4816.000 2.41332e-03
4821.000 2.41443e-03
4826.000 2.41554e-03
4831.000 2.41665e-03
4836.000 2.41776e-03
4841.000 2.41888e-03
4846.000 2.41999e-03
4851.000 2.42110e-03
4856.000 2.42221e-03
4861.000 2.42333e-03
4866.000 2.42444e-03
4871.000 2.42555e-03
4876.000 2.42666e-03
4881.000 2.42777e-03
4886.000 2.42889e-03
4891.000 2.43000e-03
4896.000 2.43111e-03
4901.000 2.43222e-03
4906.000 2.43334e-03
4911.000 2.43445e-03
4916.000 2.43556e-03
4921.000 2.43667e-03
4926.000 2.43778e-03
4931.000 2.43890e-03
4936.000 2.44001e-03
4941.000 2.44112e-03
4946.000 2.44223e-03
4951.000 2.44335e-03
4956.000 2.44446e-03
4961.000 2.44557e-03
4966.000 2.44668e-03
4971.000 2.44780e-03
4976.000 2.44891e-03
4981.000 2.45002e-03
4986.000 2.45113e-03
4991.000 2.45224e-03
4996.000 2.45336e-03
5001.000 2.45447e-03
-END-OF-DATA-
force pCO2 follows the value above (in ppm)
