   4.3264276e-02
   5.9204972e-03
   0.0000000e+00
   0.0000000e+00
   0.0000000e+00
   0.0000000e+00
   0.0000000e+00
   0.0000000e+00
   0.0000000e+00
   0.0000000e+00
   0.0000000e+00
   0.0000000e+00
   6.8854408e-02
   4.1424452e-02
  -1.2496859e-03
   0.0000000e+00
   0.0000000e+00
   0.0000000e+00
   0.0000000e+00
   0.0000000e+00
   0.0000000e+00
   0.0000000e+00
   0.0000000e+00
   0.0000000e+00
   0.0000000e+00
   0.0000000e+00
   0.0000000e+00
   0.0000000e+00
   0.0000000e+00
   0.0000000e+00
   0.0000000e+00
   0.0000000e+00
   0.0000000e+00
   0.0000000e+00
   0.0000000e+00
   9.1755984e-02
   3.1627350e-02
   1.2733761e-02
   3.0549295e-03
  -9.5833863e-03
  -1.2058825e-02
  -1.1221578e-02
  -5.8728158e-03
   1.9155854e-03
  -4.7919755e-03
  -8.7844668e-04
  -2.3625104e-02
   3.9823492e-02
   4.9821548e-02
   3.2864578e-02
   2.1822548e-02
   1.3770805e-02
   8.1462027e-03
   7.0678502e-03
   7.2329495e-03
   1.7896478e-02
   1.4878456e-02
  -6.4764141e-03
  -2.0616906e-02
   0.0000000e+00
   0.0000000e+00
   0.0000000e+00
   0.0000000e+00
   0.0000000e+00
   0.0000000e+00
   0.0000000e+00
   0.0000000e+00
   0.0000000e+00
   0.0000000e+00
   2.1074714e-02
   6.2504417e-02
   6.9231465e-02
   3.7864875e-04
   1.2070744e-03
  -9.6998904e-03
  -2.0167757e-02
  -2.1130438e-02
  -2.0457406e-02
  -1.7094653e-02
  -9.9159216e-03
  -7.9065701e-03
  -7.8617502e-03
  -9.9725028e-03
   2.2105741e-03
   8.0907755e-03
   1.6869554e-02
   2.0938143e-02
   2.1299742e-02
   1.8123701e-02
   1.2299522e-02
   4.5642592e-03
   6.8218072e-04
  -2.5320284e-03
  -8.6158747e-03
  -9.7976336e-03
   6.3119471e-03
   3.2637115e-02
   2.5360348e-02
   1.3466934e-02
   4.5025923e-03
   6.9966109e-03
  -2.8924338e-03
  -1.8658730e-02
  -1.4361113e-02
  -5.2291507e-03
  -3.5094898e-03
  -5.2139622e-04
  -1.6186151e-03
  -2.4983874e-03
   1.4831349e-03
  -1.2268652e-02
  -2.2344710e-02
  -2.4094501e-02
  -2.3287706e-02
  -2.1634800e-02
  -1.7066367e-02
  -1.4582497e-02
  -1.9584976e-02
  -3.7959638e-02
   4.7423737e-03
   1.2016168e-02
   1.2231081e-02
   1.6011160e-02
   1.4677994e-02
   1.0067931e-02
   5.3531234e-04
  -1.2158662e-02
  -2.2847309e-02
  -2.9158873e-02
  -2.8655540e-02
  -2.0594132e-02
  -6.9687357e-03
   5.3096777e-03
   1.1996429e-02
   1.2070301e-02
  -3.8486570e-03
  -2.0864965e-02
  -3.7824739e-02
  -5.0759114e-02
  -5.0916580e-02
  -4.0447198e-02
  -2.7032629e-02
  -1.9611798e-02
  -1.3978055e-02
   9.2787156e-03
   5.4032602e-03
  -9.3558403e-03
  -1.9106597e-02
  -1.9944176e-02
  -2.0209616e-02
  -1.9277237e-02
  -1.8763846e-02
  -1.6703341e-02
  -1.8155692e-02
  -5.5162836e-02
  -4.2147379e-03
  -2.7872212e-03
   2.2872475e-03
   5.6532463e-03
   2.9732948e-03
  -4.6613123e-03
  -1.6851254e-02
  -3.0359605e-02
  -4.1951682e-02
  -4.4476926e-02
  -3.7568383e-02
  -2.7754636e-02
  -1.3996070e-02
  -3.5068995e-04
   9.9541256e-03
   1.1728175e-02
  -1.5358549e-02
  -4.2183749e-02
  -5.6815989e-02
  -6.1334871e-02
  -5.3749345e-02
  -3.7525769e-02
  -2.3574578e-02
  -2.2210109e-02
  -1.0051845e-02
   5.0502572e-03
   1.4864490e-03
  -9.3302948e-03
  -1.5749108e-02
  -1.5126901e-02
  -1.5754381e-02
  -1.7689023e-02
  -2.0765084e-02
  -1.6918607e-02
  -9.8663119e-03
  -2.6325362e-02
  -0.0000000e+00
  -1.6319511e-02
  -6.3454203e-03
  -4.3227816e-03
  -9.0222776e-03
  -1.8424175e-02
  -2.8220795e-02
  -3.7548627e-02
  -4.2115437e-02
  -3.2270938e-02
  -2.0888512e-02
  -1.7142664e-02
  -5.5806062e-03
   8.6133311e-03
   2.0371213e-02
   1.1597901e-02
  -2.5366683e-02
  -4.8965415e-02
  -5.2079470e-02
  -4.6141630e-02
  -3.6810070e-02
  -2.4630658e-02
  -1.0583975e-02
  -9.8057098e-03
  -4.3547183e-03
  -7.4951153e-04
  -4.4998857e-03
  -1.0039794e-02
  -1.1031931e-02
  -9.9417204e-03
  -1.2004950e-02
  -1.6781306e-02
  -2.0644007e-02
  -1.5872832e-02
  -1.8698891e-03
   2.6856712e-03
   0.0000000e+00
  -1.7066249e-02
  -8.8183889e-03
  -1.0292582e-02
  -1.9035339e-02
  -2.5708441e-02
  -2.8710593e-02
  -2.8112454e-02
  -2.1211939e-02
  -6.1436640e-03
  -7.6766725e-04
  -3.9875568e-03
   5.1283459e-03
   1.5347558e-02
   1.5504590e-02
  -4.4325450e-03
  -3.0293146e-02
  -3.6799866e-02
  -0.0000000e+00
  -0.0000000e+00
  -0.0000000e+00
   0.0000000e+00
  -6.3329743e-04
   1.1278945e-03
   3.5445008e-03
  -7.2976382e-04
  -6.4089342e-03
  -6.2870015e-03
  -3.3477356e-03
  -2.9933805e-03
  -7.1552447e-03
  -1.4261417e-02
  -1.8788449e-02
  -1.3703002e-02
   4.7132298e-03
   2.1989291e-02
   0.0000000e+00
  -1.0870397e-02
  -1.0759519e-02
  -2.2286694e-02
  -2.8103905e-02
  -2.4482625e-02
  -1.7406609e-02
  -3.7926969e-03
   5.8389036e-03
   7.5722402e-03
   2.1186855e-04
  -7.4628075e-03
  -2.8482401e-03
   1.3490503e-03
  -1.5716595e-03
  -1.0497948e-02
  -1.4149976e-02
  -1.7021716e-03
   0.0000000e+00
  -0.0000000e+00
   0.0000000e+00
   0.0000000e+00
   8.6542152e-03
   8.3274468e-03
   7.1773506e-03
  -3.8601246e-04
  -8.5556740e-04
   2.3247765e-03
   6.1105159e-03
   3.9692493e-03
  -2.7342266e-03
  -1.1573551e-02
  -1.6199125e-02
  -9.7766425e-03
   1.1689278e-02
   3.1259784e-02
   0.0000000e+00
   5.7562949e-04
  -2.0554834e-02
  -3.9368447e-02
  -2.9454308e-02
  -1.4852392e-02
  -1.1618412e-03
   2.5640894e-02
   5.0368622e-02
   0.0000000e+00
  -8.5555187e-03
  -9.0896711e-03
  -8.4216604e-03
  -2.4030972e-03
   3.7429319e-04
   2.2893138e-03
   1.0224166e-02
   3.2070809e-02
   0.0000000e+00
   0.0000000e+00
   0.0000000e+00
   0.0000000e+00
   1.3398649e-02
   8.7973811e-03
   4.4538407e-03
   7.2387280e-03
   8.9755002e-03
   1.1926170e-02
   1.4056153e-02
   9.3183406e-03
   1.2298455e-03
  -9.5367655e-03
  -1.2909145e-02
  -3.9409441e-03
   1.9403478e-02
   4.8551036e-02
   0.0000000e+00
   7.8426662e-03
  -3.1565130e-02
  -5.3147074e-02
  -2.2630442e-02
  -3.5491702e-03
   1.4491937e-02
   5.6793332e-02
   0.0000000e+00
   0.0000000e+00
  -1.4462756e-02
  -8.7459721e-03
  -7.5327232e-03
   4.4612996e-03
   1.1671384e-02
   1.8415121e-02
   3.1057207e-02
   5.2560879e-02
   0.0000000e+00
   0.0000000e+00
   0.0000000e+00
   0.0000000e+00
   1.5810385e-02
   1.1063378e-02
   8.1016496e-03
   1.5366878e-02
   1.6465899e-02
   1.8510632e-02
   1.8743472e-02
   1.2751241e-02
   2.3522004e-03
  -9.6566705e-03
  -9.2926629e-03
   2.8872970e-03
   2.7949877e-02
   5.6725613e-02
   0.0000000e+00
   0.0000000e+00
  -0.0000000e+00
  -6.1214450e-02
  -1.5254244e-02
   5.0322515e-03
   2.9545333e-02
   8.1964165e-02
   0.0000000e+00
   0.0000000e+00
  -9.2797092e-03
  -7.2706374e-03
  -1.1685761e-03
   1.4303632e-02
   2.3370790e-02
   3.1039996e-02
   4.3192439e-02
   5.6382245e-02
   2.3873655e-02
   0.0000000e+00
   0.0000000e+00
   2.2589322e-02
   2.1148460e-02
   1.8398139e-02
   1.6060254e-02
   2.1535173e-02
   2.2441201e-02
   2.3810204e-02
   2.1319481e-02
   1.2092561e-02
  -1.5275716e-03
  -9.9432571e-03
  -3.7091330e-03
   1.1695835e-02
   3.8085353e-02
   5.1963708e-02
   0.0000000e+00
   0.0000000e+00
   0.0000000e+00
  -5.4607421e-02
  -7.6962165e-03
   1.4269155e-02
   4.5765627e-02
   8.5428398e-02
   0.0000000e+00
   0.0000000e+00
  -1.1558107e-02
  -5.9884298e-03
   1.0427563e-02
   2.3636438e-02
   3.3963487e-02
   4.2169731e-02
   5.1507693e-02
   5.0969243e-02
   2.5542128e-02
   0.0000000e+00
   0.0000000e+00
   2.5549039e-02
   2.8139364e-02
   2.5937941e-02
   2.2779878e-02
   2.5253747e-02
   2.5519703e-02
   2.5130380e-02
   1.8849645e-02
   6.1478196e-03
  -6.1952453e-03
  -7.2354609e-03
   3.6696412e-03
   2.1086136e-02
   4.8533320e-02
   5.5683675e-02
   0.0000000e+00
   0.0000000e+00
   0.0000000e+00
  -3.3787303e-02
   9.3342527e-04
   2.3930550e-02
   5.6244150e-02
   9.0187202e-02
   0.0000000e+00
   0.0000000e+00
  -0.0000000e+00
   1.1982348e-02
   2.1723669e-02
   3.1772353e-02
   4.3412481e-02
   5.2778400e-02
   5.6600984e-02
   4.7504626e-02
   2.3754538e-02
   0.0000000e+00
   0.0000000e+00
   2.0343680e-02
   3.2954607e-02
   3.0237220e-02
   2.6403090e-02
   2.3660133e-02
   2.2103900e-02
   1.8687416e-02
   9.1443919e-03
  -1.7407169e-03
  -6.2021674e-03
   4.6857732e-04
   1.3864566e-02
   3.2504667e-02
   5.8168028e-02
   5.5055559e-02
   0.0000000e+00
   0.0000000e+00
   0.0000000e+00
  -3.5606014e-03
   1.3688278e-02
   3.4730021e-02
   5.9113719e-02
   6.8436782e-02
   0.0000000e+00
   0.0000000e+00
   0.0000000e+00
   1.9010300e-02
   3.1884674e-02
   3.9898004e-02
   5.1686928e-02
   6.0466550e-02
   5.5541825e-02
   4.1054159e-02
   2.1757381e-02
   1.4953604e-02
   2.8226721e-02
   2.8441658e-02
   3.7059180e-02
   3.0133495e-02
   2.5518687e-02
   1.1319340e-02
   8.7252837e-03
   4.9104025e-03
  -1.3993529e-03
  -4.1012201e-03
  -2.1725311e-04
   1.0531371e-02
   2.3752140e-02
   4.0011745e-02
   5.8320377e-02
   5.7611272e-02
   0.0000000e+00
   0.0000000e+00
   0.0000000e+00
   0.0000000e+00
   2.4738906e-02
   3.9862413e-02
   5.1057085e-02
   4.4824148e-02
   0.0000000e+00
   0.0000000e+00
   0.0000000e+00
   2.9526825e-02
   3.6375090e-02
   4.2425431e-02
   5.1751420e-02
   5.6432154e-02
   4.5252640e-02
   3.2565985e-02
   2.2291446e-02
   2.0635309e-02
   1.8466469e-02
   1.1842228e-02
   3.8914878e-02
   2.1696329e-02
   1.4839994e-02
  -5.9963660e-03
  -8.1035402e-03
  -9.8237786e-03
  -1.0331060e-02
  -6.0802964e-03
   3.1858203e-03
   1.6364725e-02
   2.8185889e-02
   3.7904065e-02
   4.2064115e-02
   2.9387718e-02
   1.8739549e-02
   0.0000000e+00
   0.0000000e+00
   0.0000000e+00
   3.2486994e-02
   3.9821744e-02
   4.0898386e-02
   2.5005922e-02
   0.0000000e+00
   0.0000000e+00
   0.0000000e+00
   3.2709217e-02
   3.6999945e-02
   3.9628357e-02
   4.5010228e-02
   4.3961179e-02
   2.9124932e-02
   2.1935657e-02
   1.9668801e-02
   1.6433368e-02
   9.1045154e-03
   1.8411422e-02
   2.5511427e-02
   4.8660655e-03
  -2.2018666e-03
  -1.9955561e-02
  -2.2277424e-02
  -2.3462111e-02
  -2.1775432e-02
  -1.6029526e-02
  -6.4274259e-03
   5.2801394e-03
   1.4470695e-02
   2.0085497e-02
   2.1771914e-02
   0.0000000e+00
   7.1744614e-03
   0.0000000e+00
   0.0000000e+00
   4.6379350e-02
   3.8488049e-02
   3.8986526e-02
   3.5031844e-02
   1.9112110e-02
   0.0000000e+00
   0.0000000e+00
   0.0000000e+00
   3.0493831e-02
   3.2944284e-02
   3.2749478e-02
   3.4637447e-02
   2.9758306e-02
   1.2100055e-02
   1.0422618e-02
   1.1168336e-02
   7.8017670e-03
   6.4941971e-03
   1.5986489e-02
   2.4349587e-03
  -1.1864816e-02
  -1.6825898e-02
  -1.9391594e-02
  -2.0332615e-02
  -2.1203004e-02
  -2.0773388e-02
  -1.8142550e-02
  -1.3964579e-02
  -9.8662842e-03
  -8.4628766e-03
  -9.0044634e-03
  -5.3075563e-03
  -9.5426678e-03
  -2.7616518e-03
   0.0000000e+00
  -1.7786412e-02
   3.7042408e-02
   3.9717775e-02
   3.9019222e-02
   3.5082784e-02
   1.6629667e-02
   0.0000000e+00
   0.0000000e+00
   0.0000000e+00
   2.1082339e-02
   2.4329970e-02
   2.2956837e-02
   2.3963678e-02
   1.9603496e-02
   1.7352022e-03
  -0.0000000e+00
   3.0752664e-03
   1.7986690e-03
   3.3287208e-03
   1.6969562e-03
  -1.0047451e-02
  -1.6065027e-02
  -1.8307347e-02
  -6.9821789e-03
  -5.0620264e-03
  -4.1435938e-03
  -3.6266369e-03
  -2.7355000e-03
  -2.1117851e-03
  -3.4326683e-03
  -8.9258980e-03
  -1.9977340e-02
  -2.2207150e-02
  -1.6999871e-02
  -0.0000000e+00
   0.0000000e+00
  -1.1475662e-02
   2.6048465e-02
   3.6557343e-02
   3.6333434e-02
   3.2384083e-02
   1.5703165e-02
   0.0000000e+00
   0.0000000e+00
   0.0000000e+00
   2.3974925e-02
   1.9571591e-02
   1.2078320e-02
   1.6749877e-02
   1.6684599e-02
  -1.3732911e-03
  -0.0000000e+00
   3.5512640e-03
   1.0450954e-04
   1.1848146e-03
  -2.2414196e-03
  -7.2600381e-03
  -9.5162019e-03
  -9.1475574e-03
  -1.9917311e-03
   3.7555871e-03
   8.3559985e-03
   1.1215914e-02
   1.2862029e-02
   1.2269134e-02
   7.7121910e-03
  -2.3474113e-03
  -2.2828276e-02
  -4.0510894e-02
  -3.5265435e-02
   0.0000000e+00
   0.0000000e+00
  -5.7799384e-03
   1.4951862e-02
   2.3326955e-02
   2.4671265e-02
   0.0000000e+00
   0.0000000e+00
   0.0000000e+00
   0.0000000e+00
   0.0000000e+00
   0.0000000e+00
   2.1579831e-02
  -5.3909753e-04
   1.1618202e-02
   1.9602228e-02
  -1.0137596e-03
   0.0000000e+00
   0.0000000e+00
   7.5069224e-04
  -5.4967523e-04
  -3.5034136e-03
  -6.7657613e-03
  -8.0994000e-03
  -6.7080896e-03
  -1.6843913e-02
  -8.9487731e-03
  -2.4550332e-04
   6.0471087e-03
   9.5329508e-03
   1.0580312e-02
   8.3294287e-03
   2.0722065e-03
  -1.8286752e-02
  -5.5954948e-02
  -5.2885948e-02
  -2.6694636e-02
  -2.2127902e-02
  -2.0255322e-02
  -1.3722847e-02
  -4.7172923e-03
   0.0000000e+00
   0.0000000e+00
   0.0000000e+00
   0.0000000e+00
   0.0000000e+00
   0.0000000e+00
   0.0000000e+00
   3.1569138e-02
  -1.3160411e-02
   1.7274100e-02
   3.5586491e-02
   3.3073643e-03
  -1.1810653e-02
   3.3284321e-04
  -1.8477582e-03
  -6.0105873e-03
  -9.9985525e-03
  -1.5234759e-02
  -1.9336062e-02
  -2.0492673e-02
  -4.0599532e-02
  -3.7289161e-02
  -2.9286452e-02
  -2.1121981e-02
  -1.5813664e-02
  -1.0622052e-02
  -4.6165572e-03
  -2.5870681e-03
  -6.8508694e-03
  -5.1881207e-02
  -4.5825173e-02
  -2.2138335e-02
  -2.7216544e-02
  -3.5999484e-02
  -3.7299894e-02
  -2.5911987e-02
  -0.0000000e+00
   0.0000000e+00
   0.0000000e+00
   0.0000000e+00
   0.0000000e+00
   0.0000000e+00
   0.0000000e+00
   4.7098972e-02
  -1.7569770e-02
   0.0000000e+00
   4.2758547e-02
   1.3426612e-02
  -0.0000000e+00
   9.6251070e-04
  -5.0701867e-03
  -9.8309694e-03
  -1.4627015e-02
  -2.3166904e-02
  -3.1636290e-02
  -3.7981100e-02
  -5.0677013e-02
  -5.2393079e-02
  -4.8353128e-02
  -4.0415511e-02
  -3.4321748e-02
  -2.7259273e-02
  -1.4779462e-02
  -6.5012947e-03
  -5.0837172e-03
  -3.0089101e-02
  -2.4782369e-02
  -1.8038478e-02
  -2.7318886e-02
  -3.7677649e-02
  -4.6671331e-02
  -4.5816164e-02
  -0.0000000e+00
   0.0000000e+00
   0.0000000e+00
   0.0000000e+00
   0.0000000e+00
   0.0000000e+00
   0.0000000e+00
   4.9690080e-02
  -1.4375304e-02
   0.0000000e+00
   3.4028725e-02
   2.0603889e-02
  -0.0000000e+00
   1.1874945e-03
  -7.9328141e-03
  -1.0039894e-02
  -1.3091031e-02
  -2.3170210e-02
  -3.4284305e-02
  -4.3788955e-02
  -4.9671501e-02
  -5.4172185e-02
  -5.3761970e-02
  -4.8207484e-02
  -4.2786127e-02
  -3.6353923e-02
  -2.1841118e-02
  -5.4371288e-03
  -0.0000000e+00
  -2.6524162e-02
  -1.5727574e-02
  -1.3035773e-02
  -2.1111129e-02
  -3.3352270e-02
  -4.9391527e-02
  -6.5889806e-02
  -0.0000000e+00
   0.0000000e+00
   0.0000000e+00
   0.0000000e+00
   0.0000000e+00
   0.0000000e+00
   0.0000000e+00
   4.8456270e-02
  -4.9526197e-03
   0.0000000e+00
   0.0000000e+00
   0.0000000e+00
   0.0000000e+00
  -8.8600228e-03
  -1.7559794e-02
  -1.0113910e-02
  -7.8154663e-03
  -1.6375195e-02
  -2.8599076e-02
  -4.0233187e-02
  -4.1191671e-02
  -4.6661627e-02
  -4.7017738e-02
  -4.3313205e-02
  -4.0140979e-02
  -3.7447680e-02
  -2.7030881e-02
  -9.7514514e-03
  -1.9364458e-02
  -2.3641270e-02
  -1.2469753e-02
  -7.8171501e-03
  -1.5364409e-02
  -2.8788414e-02
  -4.8801769e-02
  -8.0187157e-02
  -0.0000000e+00
   0.0000000e+00
   0.0000000e+00
   0.0000000e+00
   0.0000000e+00
   0.0000000e+00
   0.0000000e+00
   4.8724045e-02
   2.3737331e-02
   0.0000000e+00
   0.0000000e+00
   0.0000000e+00
   0.0000000e+00
  -2.5294024e-02
  -2.7050370e-02
  -1.3821743e-02
  -4.3995571e-03
  -7.5065796e-03
  -1.8117014e-02
  -3.0162470e-02
  -2.9478787e-02
  -3.5521418e-02
  -3.6186680e-02
  -3.2945741e-02
  -3.1073147e-02
  -3.3233225e-02
  -2.8834440e-02
  -0.0000000e+00
  -1.0224337e-02
  -2.1054871e-02
  -1.0569350e-02
  -2.9705660e-03
  -8.0883726e-03
  -2.1314273e-02
  -4.3400146e-02
  -8.3495408e-02
  -1.0218566e-01
   0.0000000e+00
   0.0000000e+00
   0.0000000e+00
   0.0000000e+00
   0.0000000e+00
   0.0000000e+00
   0.0000000e+00
   0.0000000e+00
   0.0000000e+00
   0.0000000e+00
   0.0000000e+00
   0.0000000e+00
  -0.0000000e+00
  -3.9576232e-02
  -1.7758068e-02
  -4.9624448e-03
  -1.6176100e-03
  -7.9539269e-03
  -1.8346425e-02
  -1.5149982e-02
  -2.1480953e-02
  -2.2589193e-02
  -2.0671928e-02
  -2.2557681e-02
  -3.1212140e-02
  -3.3618392e-02
  -0.0000000e+00
  -0.0000000e+00
  -1.4496844e-02
  -8.1398468e-03
   1.9330408e-03
   3.5697974e-04
  -9.5659613e-03
  -2.9865949e-02
  -7.2991288e-02
  -1.0762834e-01
   0.0000000e+00
   0.0000000e+00
  -0.0000000e+00
  -0.0000000e+00
   0.0000000e+00
   0.0000000e+00
   0.0000000e+00
   0.0000000e+00
   0.0000000e+00
   0.0000000e+00
   0.0000000e+00
   0.0000000e+00
   0.0000000e+00
  -4.3554555e-02
  -1.9545434e-02
  -4.5647220e-03
   3.3702579e-03
   2.6461879e-03
  -4.8065706e-03
  -4.1806013e-03
  -1.0026887e-02
  -1.0168558e-02
  -8.8109747e-03
  -1.5789263e-02
  -3.1389985e-02
  -3.3296489e-02
   0.0000000e+00
   0.0000000e+00
   0.0000000e+00
  -4.5459077e-03
   3.4248310e-03
   5.1255068e-03
  -1.0023665e-03
  -1.6349837e-02
  -5.4735359e-02
  -9.4041575e-02
   0.0000000e+00
   0.0000000e+00
  -1.3082922e-02
  -1.9805840e-02
   0.0000000e+00
   0.0000000e+00
   0.0000000e+00
   0.0000000e+00
   0.0000000e+00
   0.0000000e+00
   0.0000000e+00
   0.0000000e+00
   0.0000000e+00
  -3.3819690e-02
  -2.2249060e-02
  -3.2886313e-03
   1.0377522e-02
   1.2711765e-02
   6.2169591e-03
   5.5656973e-03
   5.2662901e-05
   2.5522797e-03
   5.1414054e-03
  -6.6936840e-03
  -3.1055093e-02
  -0.0000000e+00
   0.0000000e+00
   0.0000000e+00
   0.0000000e+00
   0.0000000e+00
   8.1011150e-03
   8.6453948e-03
   5.2248500e-03
  -5.8238502e-03
  -3.6019776e-02
  -7.1051506e-02
  -2.8209293e-02
  -1.3479780e-02
  -8.6353225e-03
  -1.4000477e-02
  -0.0000000e+00
   0.0000000e+00
   0.0000000e+00
   0.0000000e+00
   0.0000000e+00
   0.0000000e+00
   0.0000000e+00
   0.0000000e+00
   0.0000000e+00
  -2.1447745e-02
  -2.1080561e-02
  -1.0703235e-02
   1.6413692e-02
   2.3168966e-02
   1.6594091e-02
   1.1763488e-02
   8.3180460e-03
   1.4105421e-02
   2.0245951e-02
   6.5128032e-03
  -2.8082910e-02
   0.0000000e+00
   0.0000000e+00
   0.0000000e+00
   0.0000000e+00
   0.0000000e+00
   7.0565664e-03
   1.0159303e-02
   8.3456178e-03
   2.0612704e-04
  -2.1181755e-02
  -5.7837550e-02
   0.0000000e+00
  -1.3098737e-02
  -5.1229089e-03
   0.0000000e+00
   0.0000000e+00
   0.0000000e+00
   0.0000000e+00
   0.0000000e+00
   0.0000000e+00
   0.0000000e+00
   0.0000000e+00
   0.0000000e+00
   0.0000000e+00
  -0.0000000e+00
  -3.4785916e-02
  -2.3457272e-02
   1.2660298e-02
   2.3195150e-02
   1.9006636e-02
   1.9900968e-02
   1.7676635e-02
   2.4652641e-02
   3.3878829e-02
   2.4522558e-02
  -6.8600260e-03
   0.0000000e+00
   0.0000000e+00
   0.0000000e+00
   0.0000000e+00
   0.0000000e+00
   0.0000000e+00
   7.7832241e-03
   6.5361325e-03
   5.5052992e-04
  -1.1777590e-02
  -3.2752871e-02
  -0.0000000e+00
  -0.0000000e+00
  -1.6521568e-03
  -8.7436383e-03
   6.2522791e-04
  -3.2497146e-03
  -1.4109076e-02
   0.0000000e+00
   0.0000000e+00
   0.0000000e+00
   0.0000000e+00
   0.0000000e+00
   0.0000000e+00
  -0.0000000e+00
  -3.2452419e-02
  -3.1800944e-02
   3.4625088e-03
   2.1701420e-02
   2.3902733e-02
   2.7719626e-02
   2.2303772e-02
   2.8951835e-02
   4.0473640e-02
   3.6411497e-02
   1.6519102e-02
   0.0000000e+00
   0.0000000e+00
   0.0000000e+00
   0.0000000e+00
   0.0000000e+00
   0.0000000e+00
   0.0000000e+00
  -1.8992642e-03
   3.9380700e-03
  -3.7571008e-03
  -1.7942944e-02
  -0.0000000e+00
   0.0000000e+00
  -0.0000000e+00
  -0.0000000e+00
   0.0000000e+00
   0.0000000e+00
  -0.0000000e+00
   0.0000000e+00
   0.0000000e+00
   0.0000000e+00
   0.0000000e+00
   0.0000000e+00
   0.0000000e+00
   0.0000000e+00
  -0.0000000e+00
  -2.8992455e-02
   6.4646583e-03
   2.6458864e-02
   3.3569060e-02
   2.3990528e-02
   1.7700138e-02
   2.1099775e-02
   3.7052247e-02
   4.0354861e-02
   0.0000000e+00
   0.0000000e+00
   0.0000000e+00
   0.0000000e+00
   0.0000000e+00
   0.0000000e+00
   0.0000000e+00
  -3.2336530e-02
  -1.5644222e-02
   4.0659192e-03
   4.9244877e-03
  -1.7217714e-03
   0.0000000e+00
  -0.0000000e+00
   0.0000000e+00
   0.0000000e+00
   0.0000000e+00
   0.0000000e+00
   0.0000000e+00
   0.0000000e+00
   0.0000000e+00
   0.0000000e+00
   0.0000000e+00
   0.0000000e+00
   0.0000000e+00
   0.0000000e+00
  -0.0000000e+00
  -5.0238376e-02
  -6.6857304e-03
   5.0584139e-03
   2.3031185e-02
   1.7712886e-02
   0.0000000e+00
   0.0000000e+00
   1.6514577e-02
   3.8361213e-02
   0.0000000e+00
   0.0000000e+00
   0.0000000e+00
   0.0000000e+00
   0.0000000e+00
   0.0000000e+00
   0.0000000e+00
  -2.4636505e-02
  -2.0151522e-02
  -1.2721353e-02
   3.4915158e-03
  -1.2786053e-03
  -1.0841496e-02
  -0.0000000e+00
   0.0000000e+00
   0.0000000e+00
   0.0000000e+00
   0.0000000e+00
   0.0000000e+00
   0.0000000e+00
   0.0000000e+00
   0.0000000e+00
   0.0000000e+00
   0.0000000e+00
   0.0000000e+00
   0.0000000e+00
   0.0000000e+00
  -4.1906253e-02
   1.9407552e-03
  -3.1350696e-02
  -3.9724042e-03
   0.0000000e+00
   0.0000000e+00
   0.0000000e+00
   0.0000000e+00
   0.0000000e+00
   0.0000000e+00
   0.0000000e+00
   0.0000000e+00
   0.0000000e+00
   0.0000000e+00
   0.0000000e+00
   0.0000000e+00
  -1.4889734e-02
   0.0000000e+00
  -0.0000000e+00
  -0.0000000e+00
  -1.6306376e-02
  -1.4167882e-02
  -7.9487758e-03
   0.0000000e+00
   0.0000000e+00
   0.0000000e+00
   0.0000000e+00
   0.0000000e+00
   0.0000000e+00
   0.0000000e+00
   0.0000000e+00
   0.0000000e+00
   0.0000000e+00
   0.0000000e+00
   0.0000000e+00
   0.0000000e+00
  -0.0000000e+00
  -0.0000000e+00
  -0.0000000e+00
  -0.0000000e+00
  -2.3045190e-03
  -1.3592886e-02
  -1.4894037e-02
  -6.6352658e-03
   2.1330992e-03
  -3.2487047e-03
  -9.3702988e-03
   0.0000000e+00
   0.0000000e+00
   0.0000000e+00
  -3.0118221e-02
  -2.7042778e-02
  -1.6882608e-02
   0.0000000e+00
   0.0000000e+00
   0.0000000e+00
  -3.0503259e-02
  -2.3096720e-02
  -2.2764194e-02
  -0.0000000e+00
   0.0000000e+00
   0.0000000e+00
   0.0000000e+00
   0.0000000e+00
   0.0000000e+00
   0.0000000e+00
   0.0000000e+00
   0.0000000e+00
   0.0000000e+00
   0.0000000e+00
   0.0000000e+00
   0.0000000e+00
   0.0000000e+00
   0.0000000e+00
  -6.5162039e-03
  -3.9211934e-03
