   1.4906652e-02
   1.4134514e-02
   1.1276915e-02
   0.0000000e+00
   0.0000000e+00
   0.0000000e+00
   0.0000000e+00
   0.0000000e+00
   0.0000000e+00
   0.0000000e+00
   0.0000000e+00
   0.0000000e+00
   0.0000000e+00
   0.0000000e+00
   0.0000000e+00
   0.0000000e+00
   0.0000000e+00
   0.0000000e+00
   0.0000000e+00
   0.0000000e+00
   0.0000000e+00
   0.0000000e+00
   0.0000000e+00
   0.0000000e+00
   0.0000000e+00
   0.0000000e+00
   0.0000000e+00
   0.0000000e+00
   0.0000000e+00
   0.0000000e+00
   0.0000000e+00
   0.0000000e+00
   0.0000000e+00
   0.0000000e+00
   1.4104557e-02
   1.5544950e-02
   2.1725943e-02
   1.6914403e-02
   1.3518844e-02
   9.7900438e-03
   2.9019896e-03
  -3.2066596e-03
  -4.0177901e-03
  -1.0955374e-03
  -5.4799543e-04
  -1.8741061e-03
   2.0972868e-03
   0.0000000e+00
   2.2756102e-02
   2.7379019e-02
   2.0006550e-02
   9.5690747e-03
  -6.4994133e-04
  -5.2403641e-03
  -4.8639080e-03
  -4.6395726e-03
  -3.0840936e-03
   3.2539313e-03
   0.0000000e+00
   0.0000000e+00
   2.4088023e-02
   1.7122462e-02
   0.0000000e+00
   0.0000000e+00
   0.0000000e+00
   0.0000000e+00
   0.0000000e+00
   3.1068660e-02
   3.2290223e-02
   3.2592916e-02
   2.9411215e-02
   2.5937373e-02
   1.0464462e-02
   4.6971086e-03
   5.6537008e-03
   7.4188723e-03
   1.8461623e-03
  -9.1718668e-03
  -1.5141082e-02
  -9.4206277e-03
  -5.5504101e-03
  -7.1962620e-03
  -7.2465222e-03
  -2.0790047e-03
   1.4624667e-02
   2.3618078e-02
   1.9692950e-02
   1.2489362e-02
   3.4937763e-03
   3.2756096e-04
  -1.1524743e-03
  -2.6389898e-03
  -3.4350872e-03
  -8.2177296e-04
   1.2910703e-02
   2.2650433e-02
   2.0146759e-02
   1.2456544e-02
   1.3874934e-03
   5.4280731e-03
   2.3452280e-02
   2.4556362e-02
   1.7238966e-02
   2.1136369e-02
   2.6368506e-02
   2.5137922e-02
   2.0298220e-02
   1.6083792e-02
  -1.0422908e-02
  -1.4529368e-02
  -1.3551933e-02
  -1.0127891e-02
  -7.5974553e-03
  -1.5446072e-02
  -3.0218704e-02
  -3.3212565e-02
  -2.5345229e-02
  -1.8969646e-02
  -1.5842376e-02
  -1.0397377e-02
   1.5265842e-03
   7.7068354e-03
   7.4023558e-03
   7.8241536e-03
   3.1316394e-03
  -3.2237533e-03
  -1.0602912e-02
  -9.9860029e-03
  -6.8954485e-03
  -4.2818948e-03
   5.4950044e-03
   2.0088733e-03
   2.5813740e-03
   7.3944530e-03
  -8.1183314e-03
  -8.3256755e-03
   3.0314759e-03
  -3.5158279e-03
  -5.8103385e-03
   3.7229750e-03
   1.4691247e-02
   1.3090541e-02
   3.9241211e-03
  -3.4317402e-03
  -3.1024974e-02
  -2.6804952e-02
  -2.4475001e-02
  -2.6976872e-02
  -2.2501590e-02
  -2.6102649e-02
  -3.6837172e-02
  -4.6514206e-02
  -4.0937115e-02
  -3.5069328e-02
  -3.4280665e-02
  -0.0000000e+00
  -3.0284951e-03
  -5.5338945e-03
  -7.5650369e-03
  -1.1731721e-02
  -1.7154371e-02
  -2.8060662e-02
  -3.2249097e-02
  -2.6648728e-02
  -2.1199772e-02
  -8.1862761e-03
  -2.9055991e-03
  -1.2494265e-02
  -1.0865193e-02
  -1.0745631e-02
  -2.5554197e-02
  -2.7910490e-02
  -2.8338263e-02
  -2.6031479e-02
  -1.7418880e-02
  -1.5075257e-02
  -0.0000000e+00
   2.1779763e-03
  -1.2966194e-02
  -2.2983583e-02
  -3.9863668e-02
  -3.2855153e-02
  -2.6526984e-02
  -2.9298624e-02
  -2.9340904e-02
  -3.3930715e-02
  -3.7051398e-02
  -4.3829262e-02
  -3.6566723e-02
  -3.7074018e-02
  -4.2824820e-02
  -0.0000000e+00
  -3.3703583e-03
  -7.5413133e-03
  -1.3361343e-02
  -2.6730826e-02
  -3.4508485e-02
  -4.4212475e-02
  -3.7130237e-02
  -2.8787995e-02
  -2.4707507e-02
  -1.5137938e-02
  -1.7755028e-02
  -1.0981755e-02
  -1.2564222e-02
  -3.2038316e-02
  -3.3398926e-02
  -3.0590490e-02
  -3.7903246e-02
  -0.0000000e+00
  -0.0000000e+00
  -0.0000000e+00
  -0.0000000e+00
  -7.3837102e-03
  -2.8148443e-02
  -3.7028522e-02
  -3.9992612e-02
  -3.4181282e-02
  -2.8586971e-02
  -2.6506694e-02
  -2.8521322e-02
  -3.2292470e-02
  -3.2281950e-02
  -4.0019542e-02
  -2.8860683e-02
  -2.6003217e-02
  -2.6601797e-02
  -0.0000000e+00
  -0.0000000e+00
  -7.3968722e-03
  -1.4528431e-02
  -2.8850915e-02
  -3.3861365e-02
  -3.6864690e-02
  -2.6037797e-02
  -1.5664274e-02
  -8.7728500e-03
  -1.4684939e-02
  -2.6074290e-02
  -1.1174121e-02
  -1.6931696e-02
  -3.5097402e-02
  -2.3510715e-02
  -2.1088360e-02
  -3.1113990e-02
   0.0000000e+00
  -0.0000000e+00
   0.0000000e+00
  -0.0000000e+00
  -2.0284611e-02
  -3.7838478e-02
  -3.8545236e-02
  -3.0728035e-02
  -2.6809404e-02
  -2.5805688e-02
  -2.1348894e-02
  -2.0586813e-02
  -2.1421276e-02
  -2.1292245e-02
  -3.3987507e-02
  -2.2974433e-02
  -8.5618179e-03
  -8.2314532e-04
   0.0000000e+00
  -0.0000000e+00
  -6.4497064e-03
  -1.1820058e-02
  -2.0726390e-02
  -2.2807177e-02
  -1.6762054e-02
  -8.0523761e-03
  -3.5653220e-04
   5.7149027e-03
  -7.3894369e-03
  -1.5551978e-02
  -1.0440851e-02
  -1.9936722e-02
  -1.8524086e-02
  -8.7559484e-03
  -1.2688827e-02
  -1.8897306e-02
   0.0000000e+00
   0.0000000e+00
   0.0000000e+00
   0.0000000e+00
  -2.3054139e-02
  -3.0320683e-02
  -2.7855376e-02
  -1.5093365e-02
  -1.2908854e-02
  -1.2268584e-02
  -8.8142697e-03
  -5.8219861e-03
  -6.9778389e-03
  -1.0298269e-02
  -1.9927982e-02
  -1.1814196e-02
   9.0591265e-03
   1.5266728e-02
   0.0000000e+00
  -0.0000000e+00
  -8.8690569e-04
  -6.8768892e-03
  -1.1612855e-02
  -1.5293903e-02
  -9.2080556e-04
   1.0228002e-02
   7.4095898e-03
   0.0000000e+00
  -1.4228896e-03
   2.1160019e-03
  -5.8749208e-04
  -7.5767129e-03
  -6.9139432e-04
  -3.8917540e-03
  -4.4041201e-03
  -7.4239191e-06
   0.0000000e+00
   0.0000000e+00
   0.0000000e+00
  -0.0000000e+00
  -7.9508745e-03
  -1.0210440e-02
  -1.1589470e-02
  -1.3036898e-03
  -5.9878442e-04
   3.7089798e-03
   5.1890104e-03
   9.6943267e-03
   4.1225394e-03
  -4.5094499e-03
  -4.8795333e-03
   1.3528902e-03
   2.2658553e-02
   1.9837918e-02
  -2.3817471e-03
   0.0000000e+00
   0.0000000e+00
  -2.6151927e-03
  -5.0728107e-03
  -8.6578187e-03
   1.1907659e-02
   2.4229974e-02
   0.0000000e+00
   0.0000000e+00
   3.4681410e-03
   1.3649867e-02
   1.1822380e-02
   9.4669452e-03
   1.0557842e-02
  -1.8309541e-04
   5.3744661e-03
   1.4356002e-02
   1.0168140e-02
   0.0000000e+00
   0.0000000e+00
   7.8627880e-03
   1.0792018e-02
   6.4247246e-03
   1.7585722e-03
   5.8991010e-03
   6.5009999e-03
   1.3404075e-02
   1.2509349e-02
   1.8463312e-02
   8.5087139e-03
  -2.8271843e-03
   3.6585759e-03
   9.0635885e-03
   3.1306744e-02
   2.0113120e-02
  -9.2274915e-03
   0.0000000e+00
   0.0000000e+00
   2.5923521e-04
   8.0776459e-04
  -1.9085412e-05
   2.3602499e-02
   3.0269351e-02
   0.0000000e+00
   0.0000000e+00
   1.1038250e-02
   1.9011982e-02
   1.8923227e-02
   1.7920675e-02
   1.8569700e-02
   9.1257095e-03
   1.0210169e-02
   1.7199345e-02
   1.0299608e-02
   0.0000000e+00
   0.0000000e+00
   1.5064220e-02
   2.1739917e-02
   1.3190629e-02
   8.5639823e-03
   8.4663108e-03
   9.2852665e-03
   1.7485369e-02
   1.3684015e-02
   2.0752706e-02
   8.1290007e-03
  -2.8943620e-03
   7.2930064e-03
   1.1833834e-02
   3.6901213e-02
   2.0233154e-02
  -1.2933618e-02
   0.0000000e+00
   0.0000000e+00
   3.3541252e-03
   7.4235848e-03
   9.0181148e-03
   3.2645900e-02
   3.0510955e-02
   0.0000000e+00
   0.0000000e+00
   1.8935642e-02
   2.2649861e-02
   2.2142816e-02
   2.0071825e-02
   2.5672263e-02
   2.2340588e-02
   1.1508880e-02
   1.2768589e-02
   1.0485052e-02
   8.8040203e-03
   0.0000000e+00
   1.8222549e-02
   2.5972491e-02
   1.3927364e-02
   1.0581478e-02
   7.2586224e-03
   7.9917917e-03
   1.6440062e-02
   9.1303047e-03
   1.6386576e-02
   3.3915769e-03
  -4.3969150e-03
   7.0911548e-03
   1.1079541e-02
   4.0957287e-02
   2.1143086e-02
  -0.0000000e+00
   0.0000000e+00
   0.0000000e+00
   0.0000000e+00
   1.5091997e-02
   1.7915126e-02
   3.8797982e-02
   2.7837599e-02
   0.0000000e+00
   0.0000000e+00
   0.0000000e+00
   2.4696693e-02
   2.2928955e-02
   1.8319163e-02
   3.2124102e-02
   3.6238942e-02
   9.9200150e-03
   4.1334922e-03
   1.2075393e-02
   1.2053705e-02
   0.0000000e+00
   2.1728068e-02
   2.4559278e-02
   1.0403637e-02
   8.3533376e-03
   5.4049917e-04
   9.1477844e-04
   7.9268338e-03
   4.2779383e-04
   4.1503371e-03
  -5.0661615e-03
  -8.2130050e-03
   3.7430432e-03
   1.2021371e-02
   4.2759929e-02
   2.0419303e-02
  -0.0000000e+00
   0.0000000e+00
   0.0000000e+00
   0.0000000e+00
   1.7849617e-02
   2.2019640e-02
   3.7268963e-02
   2.1521955e-02
   0.0000000e+00
   0.0000000e+00
   0.0000000e+00
   2.3046672e-02
   2.2839859e-02
   1.6574143e-02
   2.4803424e-02
   3.3590429e-02
   6.3944552e-03
   1.0547956e-03
   1.9909743e-02
   1.5638636e-02
   1.1662811e-02
   1.3205489e-02
   1.5271522e-02
   3.0561367e-03
   7.1769953e-04
  -4.5783287e-03
  -2.3677477e-03
   8.7808660e-04
  -3.6512795e-03
  -2.8103760e-03
  -9.7655654e-03
  -8.3802603e-03
   1.7859307e-03
   1.7841492e-02
   4.1106310e-02
   1.7452160e-02
   0.0000000e+00
   0.0000000e+00
   0.0000000e+00
   0.0000000e+00
   1.1635878e-02
   2.0322915e-02
   3.2092478e-02
   1.6975285e-02
   0.0000000e+00
   0.0000000e+00
   0.0000000e+00
   1.6835491e-02
   1.9227877e-02
   1.6070919e-02
   6.7831581e-03
   9.9215712e-03
   4.8211017e-03
   1.0647241e-02
   2.2914486e-02
   1.3589309e-02
   7.6247609e-03
   7.9608308e-03
   5.3215246e-03
  -1.9487463e-03
  -3.5308201e-03
  -5.8518266e-03
  -2.1274351e-03
  -1.9031314e-03
  -3.9236331e-03
  -4.3901033e-03
  -9.5300553e-03
  -5.0060297e-03
   2.7189704e-03
   2.2547139e-02
   3.7436251e-02
   0.0000000e+00
   0.0000000e+00
   0.0000000e+00
   0.0000000e+00
   0.0000000e+00
   6.1180084e-03
   1.8286956e-02
   2.7613761e-02
   1.3937257e-02
   0.0000000e+00
   0.0000000e+00
   0.0000000e+00
   1.1613794e-02
   1.4598968e-02
   1.2110564e-02
  -6.0328720e-03
  -7.1376124e-03
   5.3561535e-03
   1.7518453e-02
   1.9880623e-02
   9.1790147e-03
   4.1617490e-03
   5.5825803e-03
   2.8089591e-04
  -3.5662695e-03
  -4.1781273e-03
  -3.2404903e-03
   1.4038072e-03
  -9.3871664e-04
  -7.3503325e-04
  -1.0452769e-03
  -3.8310515e-03
   2.9384429e-03
   7.0268288e-03
   2.5788825e-02
   2.9947069e-02
   0.0000000e+00
   0.0000000e+00
   0.0000000e+00
   0.0000000e+00
  -0.0000000e+00
  -1.1084838e-04
   1.5217807e-02
   2.1763135e-02
   9.8834347e-03
   0.0000000e+00
   0.0000000e+00
   0.0000000e+00
   4.7536651e-03
   6.0811611e-03
   5.0583569e-04
  -1.5379473e-02
  -1.9714322e-02
   6.2212655e-03
   2.0993978e-02
   0.0000000e+00
   1.6370458e-03
   7.7822880e-04
   4.9067992e-03
  -7.1430916e-04
  -2.1456673e-03
  -1.2954974e-03
   4.3076626e-04
   2.4537761e-03
   1.9875136e-03
   1.7095265e-03
   3.0883572e-03
   4.5044925e-03
   8.3319452e-03
   1.1051110e-02
   1.4347394e-02
   1.3141217e-02
   0.0000000e+00
   0.0000000e+00
   0.0000000e+00
   0.0000000e+00
  -1.1224094e-02
  -2.4111716e-03
   1.2503780e-02
   1.6376833e-02
   1.0056647e-02
   0.0000000e+00
   0.0000000e+00
   0.0000000e+00
   7.5879920e-04
  -6.8585947e-03
  -1.3776656e-02
  -1.7824629e-02
  -1.0128501e-02
   3.1944347e-04
   0.0000000e+00
   0.0000000e+00
  -2.1013489e-03
   2.3577623e-03
   2.4426626e-03
   2.0466947e-04
  -1.0342961e-03
  -1.2594407e-03
  -3.3810461e-04
   1.7770038e-03
   2.8516478e-03
   3.0540626e-03
   4.3238555e-03
   6.7287302e-03
   8.4719099e-03
   1.0121572e-02
   8.8751949e-03
   1.5308997e-03
  -6.3150321e-03
   0.0000000e+00
   0.0000000e+00
  -2.4957260e-02
  -1.8241093e-02
  -5.9892922e-03
   9.3873888e-03
   1.4057122e-02
   9.6771507e-03
   0.0000000e+00
   0.0000000e+00
   0.0000000e+00
  -2.8399661e-05
  -8.6963652e-03
  -1.1498701e-02
  -1.3060693e-02
  -7.5985887e-03
  -4.8827147e-03
  -0.0000000e+00
   0.0000000e+00
  -4.3110591e-03
  -5.5222347e-04
  -1.3915554e-03
  -2.4188901e-03
  -2.8156785e-03
  -3.0637879e-03
  -2.8205260e-03
   7.0437149e-04
   3.2587675e-03
   4.6470575e-03
   5.8326013e-03
   8.6138118e-03
   8.5896160e-03
   7.6451912e-03
   6.6613255e-04
  -1.1941890e-02
  -1.4561179e-02
   0.0000000e+00
   0.0000000e+00
  -2.7891173e-02
  -2.1634454e-02
  -8.5128192e-03
   8.4009860e-03
   1.2076590e-02
   0.0000000e+00
   0.0000000e+00
   0.0000000e+00
   0.0000000e+00
   8.5788697e-04
  -8.7289969e-03
  -7.6453583e-03
  -9.1164242e-03
  -1.0058507e-02
  -1.3176546e-02
  -0.0000000e+00
   0.0000000e+00
  -9.0329668e-03
  -4.6159015e-03
  -4.4973288e-03
  -5.8373427e-03
  -5.8307797e-03
  -5.4238760e-03
  -1.2871592e-02
  -5.1328405e-03
  -2.0353354e-03
   2.2861331e-03
   2.0378339e-03
   1.8988247e-03
   1.0973639e-03
  -5.1669101e-03
  -6.6615017e-03
  -2.8060685e-02
  -3.5775060e-02
   0.0000000e+00
  -3.0838374e-02
  -2.6546602e-02
  -2.3924030e-02
  -1.7786957e-02
   3.4436947e-03
   0.0000000e+00
   0.0000000e+00
   0.0000000e+00
   0.0000000e+00
   0.0000000e+00
   0.0000000e+00
  -4.1826529e-04
   4.5346417e-03
   0.0000000e+00
  -0.0000000e+00
  -0.0000000e+00
  -0.0000000e+00
  -2.5506714e-02
  -1.7235855e-02
  -1.6103622e-02
  -1.1085834e-02
  -1.4948113e-02
  -1.4755114e-02
  -1.1361806e-02
  -1.9663731e-02
  -1.3584287e-02
  -7.6185735e-03
  -3.7759189e-03
  -3.5891365e-03
  -4.2190556e-03
  -5.7067252e-03
  -1.3545897e-02
  -1.3606597e-02
  -3.2064596e-02
  -0.0000000e+00
  -2.6317067e-02
  -3.1136201e-02
  -2.6929133e-02
  -3.0025860e-02
  -2.6840327e-02
  -0.0000000e+00
   0.0000000e+00
   0.0000000e+00
   0.0000000e+00
   0.0000000e+00
   0.0000000e+00
   0.0000000e+00
   7.9519637e-03
   3.9067697e-03
   0.0000000e+00
  -0.0000000e+00
  -0.0000000e+00
  -0.0000000e+00
  -3.9954725e-02
  -2.8144807e-02
  -2.2481080e-02
  -2.0117346e-02
  -2.0413410e-02
  -2.4578312e-02
  -1.8420761e-02
  -2.3804925e-02
  -2.1205332e-02
  -1.2322689e-02
  -1.1129655e-02
  -8.4605142e-03
  -9.2897406e-03
  -9.8953396e-03
  -1.6367093e-02
  -1.9372627e-02
  -0.0000000e+00
  -4.4633448e-02
  -2.4848868e-02
  -2.8718768e-02
  -2.9436614e-02
  -3.8264990e-02
  -3.5633318e-02
  -0.0000000e+00
   0.0000000e+00
   0.0000000e+00
   0.0000000e+00
   0.0000000e+00
   0.0000000e+00
   0.0000000e+00
   1.1106899e-02
  -8.5006964e-04
  -0.0000000e+00
  -0.0000000e+00
   0.0000000e+00
  -0.0000000e+00
  -5.0925251e-02
  -3.7998115e-02
  -2.4936510e-02
  -2.7786162e-02
  -2.2925699e-02
  -3.0265812e-02
  -2.3636792e-02
  -2.8215405e-02
  -3.0560818e-02
  -1.8152084e-02
  -2.1241697e-02
  -1.4166101e-02
  -1.5192659e-02
  -1.3069395e-02
  -1.5442279e-02
  -0.0000000e+00
  -0.0000000e+00
  -3.4232441e-02
  -2.0125227e-02
  -2.1069150e-02
  -3.3327576e-02
  -5.0215017e-02
  -4.8336878e-02
  -0.0000000e+00
   0.0000000e+00
   0.0000000e+00
   0.0000000e+00
   0.0000000e+00
   0.0000000e+00
   0.0000000e+00
   0.0000000e+00
  -0.0000000e+00
   0.0000000e+00
   0.0000000e+00
   0.0000000e+00
  -0.0000000e+00
  -6.5014794e-02
  -4.7449768e-02
  -2.7157757e-02
  -3.6657438e-02
  -2.5102355e-02
  -3.4886904e-02
  -2.9461887e-02
  -3.1942528e-02
  -3.5180248e-02
  -2.4198862e-02
  -2.6978688e-02
  -1.7935168e-02
  -1.9936344e-02
  -1.1680931e-02
  -9.3028983e-03
  -0.0000000e+00
  -1.9084092e-02
  -2.4329986e-02
  -1.1537426e-02
  -1.1029501e-02
  -3.1153657e-02
  -5.5851474e-02
  -6.6859804e-02
  -0.0000000e+00
   0.0000000e+00
   0.0000000e+00
   0.0000000e+00
   0.0000000e+00
   0.0000000e+00
   0.0000000e+00
   0.0000000e+00
  -0.0000000e+00
   0.0000000e+00
   0.0000000e+00
   0.0000000e+00
  -0.0000000e+00
  -7.2040877e-02
  -5.6725077e-02
  -2.9987756e-02
  -3.5760645e-02
  -2.6827868e-02
  -3.1799786e-02
  -3.0441705e-02
  -3.0801399e-02
  -3.2410227e-02
  -2.6984952e-02
  -2.4585621e-02
  -1.8572113e-02
  -1.9942014e-02
  -7.7549214e-03
  -3.1474432e-03
  -0.0000000e+00
  -1.8894825e-02
  -2.1572849e-02
  -1.0324925e-02
  -1.0431405e-03
  -1.8200800e-02
  -4.4557642e-02
  -7.0505075e-02
  -0.0000000e+00
   0.0000000e+00
   0.0000000e+00
   0.0000000e+00
   0.0000000e+00
   0.0000000e+00
   0.0000000e+00
   0.0000000e+00
   0.0000000e+00
   0.0000000e+00
   0.0000000e+00
   0.0000000e+00
   0.0000000e+00
  -0.0000000e+00
  -5.5943701e-02
  -3.1556096e-02
  -2.7265394e-02
  -2.4655154e-02
  -2.5476934e-02
  -2.6920957e-02
  -2.6099594e-02
  -2.6062101e-02
  -2.5292192e-02
  -1.9473713e-02
  -1.6695090e-02
  -1.7525097e-02
  -3.9699427e-03
   0.0000000e+00
  -0.0000000e+00
  -1.5517635e-02
  -1.7768440e-02
  -9.2176758e-03
   6.9933948e-03
  -4.2474703e-03
  -2.8698888e-02
  -5.9600532e-02
  -5.2390903e-02
   0.0000000e+00
   0.0000000e+00
   0.0000000e+00
   0.0000000e+00
   0.0000000e+00
   0.0000000e+00
   0.0000000e+00
   0.0000000e+00
   0.0000000e+00
   0.0000000e+00
   0.0000000e+00
   0.0000000e+00
  -0.0000000e+00
  -4.9327634e-02
  -3.2065094e-02
  -1.9911740e-02
  -1.9565664e-02
  -1.9076481e-02
  -2.1558214e-02
  -1.7681362e-02
  -1.5887085e-02
  -1.8348394e-02
  -1.1260643e-02
  -1.1462693e-02
  -1.2170541e-02
   7.9847022e-04
   0.0000000e+00
  -0.0000000e+00
  -0.0000000e+00
  -1.3561747e-02
  -5.8213538e-03
   1.3413645e-02
   1.0353128e-02
  -8.7958658e-03
  -3.6877818e-02
  -4.8324393e-02
   0.0000000e+00
   0.0000000e+00
  -1.8483429e-02
  -3.2034074e-02
  -0.0000000e+00
   0.0000000e+00
   0.0000000e+00
   0.0000000e+00
   0.0000000e+00
   0.0000000e+00
   0.0000000e+00
   0.0000000e+00
   0.0000000e+00
  -3.6594461e-02
  -2.9827360e-02
  -1.3307546e-02
  -1.1591362e-02
  -1.1635611e-02
  -1.3652078e-02
  -4.8935320e-03
  -1.6133231e-03
  -3.9488897e-03
   2.0845821e-03
  -4.2897754e-04
  -1.2209939e-03
   7.5100623e-03
   0.0000000e+00
   0.0000000e+00
   0.0000000e+00
  -0.0000000e+00
   3.5572704e-03
   1.7503835e-02
   2.2983963e-02
   1.2208399e-02
  -1.0183666e-02
  -2.4691858e-02
  -1.4540613e-02
  -0.0000000e+00
  -5.9704285e-03
  -2.5370376e-02
  -0.0000000e+00
   0.0000000e+00
   0.0000000e+00
   0.0000000e+00
   0.0000000e+00
   0.0000000e+00
   0.0000000e+00
   0.0000000e+00
   0.0000000e+00
  -0.0000000e+00
  -2.0965647e-02
  -5.9963469e-03
  -7.7829364e-04
  -7.1658246e-04
  -1.8599463e-03
   1.6055770e-02
   1.7368099e-02
   1.8641612e-02
   2.3862524e-02
   1.7568238e-02
   1.9066675e-02
   0.0000000e+00
   0.0000000e+00
   0.0000000e+00
   0.0000000e+00
   0.0000000e+00
   1.3555685e-02
   2.2162786e-02
   3.4047324e-02
   3.0836293e-02
   9.8083941e-03
   1.3880156e-03
  -6.6203028e-03
  -1.0096310e-03
   9.1024836e-03
  -7.1345447e-03
  -0.0000000e+00
   0.0000000e+00
   0.0000000e+00
   0.0000000e+00
   0.0000000e+00
   0.0000000e+00
   0.0000000e+00
   0.0000000e+00
   0.0000000e+00
  -0.0000000e+00
  -0.0000000e+00
   3.6786867e-03
   1.1445472e-02
   1.8125366e-02
   1.7678911e-02
   3.9603308e-02
   3.8278218e-02
   4.3964423e-02
   4.6619091e-02
   4.0404808e-02
   4.5956239e-02
   0.0000000e+00
   0.0000000e+00
   0.0000000e+00
   0.0000000e+00
   0.0000000e+00
   0.0000000e+00
   2.5416967e-02
   3.9655898e-02
   4.1287169e-02
   2.7885053e-02
   2.4258292e-02
   0.0000000e+00
   0.0000000e+00
   0.0000000e+00
   0.0000000e+00
   0.0000000e+00
   0.0000000e+00
   0.0000000e+00
   0.0000000e+00
   0.0000000e+00
   0.0000000e+00
   0.0000000e+00
   0.0000000e+00
   0.0000000e+00
   0.0000000e+00
   0.0000000e+00
   4.9615386e-03
   1.9872339e-02
   3.6633357e-02
   3.7201051e-02
   4.4212878e-02
   4.7842804e-02
   5.7622250e-02
   5.6854896e-02
   6.0089778e-02
   6.6318817e-02
   0.0000000e+00
   0.0000000e+00
   0.0000000e+00
   0.0000000e+00
   0.0000000e+00
   0.0000000e+00
   0.0000000e+00
   2.9060036e-02
   4.0327705e-02
   4.2763039e-02
   4.0876415e-02
   0.0000000e+00
   0.0000000e+00
   0.0000000e+00
   0.0000000e+00
   0.0000000e+00
   0.0000000e+00
   0.0000000e+00
   0.0000000e+00
   0.0000000e+00
   0.0000000e+00
   0.0000000e+00
   0.0000000e+00
   0.0000000e+00
   0.0000000e+00
  -0.0000000e+00
  -6.8722863e-04
   1.6019810e-02
   3.0054782e-02
   3.6737327e-02
   2.3982141e-02
   3.7558980e-02
   5.2302480e-02
   5.7245865e-02
   6.8535961e-02
   0.0000000e+00
   0.0000000e+00
   0.0000000e+00
   0.0000000e+00
   0.0000000e+00
   0.0000000e+00
   0.0000000e+00
  -0.0000000e+00
   6.7039743e-03
   2.6314232e-02
   4.0765557e-02
   5.0687542e-02
   0.0000000e+00
   0.0000000e+00
   0.0000000e+00
   0.0000000e+00
   0.0000000e+00
   0.0000000e+00
   0.0000000e+00
   0.0000000e+00
   0.0000000e+00
   0.0000000e+00
   0.0000000e+00
   0.0000000e+00
   0.0000000e+00
   0.0000000e+00
  -0.0000000e+00
  -1.7683458e-02
  -1.4274613e-03
  -1.0607468e-03
   1.1598282e-02
  -1.4011864e-02
   7.8023007e-03
   0.0000000e+00
   0.0000000e+00
   0.0000000e+00
   0.0000000e+00
   0.0000000e+00
   0.0000000e+00
   0.0000000e+00
   0.0000000e+00
   0.0000000e+00
   0.0000000e+00
  -1.2737931e-02
  -7.5835795e-03
  -3.5688107e-04
   8.4594218e-03
   2.6657100e-02
   2.5045459e-02
   0.0000000e+00
   0.0000000e+00
   0.0000000e+00
   0.0000000e+00
   0.0000000e+00
   0.0000000e+00
   0.0000000e+00
   0.0000000e+00
   0.0000000e+00
   0.0000000e+00
   0.0000000e+00
   0.0000000e+00
   0.0000000e+00
  -0.0000000e+00
  -0.0000000e+00
  -0.0000000e+00
  -0.0000000e+00
  -3.4687500e-02
  -0.0000000e+00
  -0.0000000e+00
   0.0000000e+00
   0.0000000e+00
   0.0000000e+00
   0.0000000e+00
   0.0000000e+00
   0.0000000e+00
   0.0000000e+00
   0.0000000e+00
   0.0000000e+00
   0.0000000e+00
  -8.9258521e-03
  -0.0000000e+00
  -0.0000000e+00
  -0.0000000e+00
  -9.0437126e-03
   3.2657921e-03
   6.1201074e-03
   0.0000000e+00
   0.0000000e+00
   0.0000000e+00
   0.0000000e+00
   0.0000000e+00
   0.0000000e+00
   0.0000000e+00
   0.0000000e+00
   0.0000000e+00
   0.0000000e+00
   0.0000000e+00
   0.0000000e+00
   0.0000000e+00
   0.0000000e+00
   0.0000000e+00
  -0.0000000e+00
  -0.0000000e+00
  -0.0000000e+00
  -0.0000000e+00
  -0.0000000e+00
  -0.0000000e+00
   0.0000000e+00
   0.0000000e+00
   0.0000000e+00
   0.0000000e+00
   0.0000000e+00
   0.0000000e+00
   0.0000000e+00
  -0.0000000e+00
  -2.2156591e-03
   0.0000000e+00
   0.0000000e+00
   0.0000000e+00
  -0.0000000e+00
  -8.6453091e-03
  -3.8733580e-03
  -1.2275747e-03
  -2.0319868e-04
  -1.5508422e-03
  -1.3280572e-03
   3.0599908e-04
   4.5433303e-04
   0.0000000e+00
   0.0000000e+00
   0.0000000e+00
   0.0000000e+00
  -0.0000000e+00
  -0.0000000e+00
  -0.0000000e+00
  -0.0000000e+00
  -0.0000000e+00
  -0.0000000e+00
  -0.0000000e+00
