  0.6146  0.5993  0.5889  0.5936  0.6029  0.6205  0.6482  0.6605  0.6617  0.6583  0.6522  0.6473  0.6418  0.6306  0.6217  0.6314  0.6234  0.6036  0.6153  0.6616  0.6978  0.7115  0.7088  0.6871  0.6396  0.6241  0.6289  0.6313  0.6296  0.6351  0.6376  0.6314  0.6272  0.6348  0.6383  0.6346
  0.5982  0.5865  0.5876  0.6007  0.6107  0.6151  0.6264  0.6256  0.6098  0.6146  0.6129  0.6149  0.6044  0.5885  0.5853  0.5963  0.6081  0.6010  0.5891  0.6026  0.6672  0.7097  0.6561  0.6267  0.5972  0.5969  0.6202  0.6326  0.6101  0.6040  0.6260  0.6292  0.6262  0.6090  0.6023  0.6059
  0.5725  0.5901  0.5987  0.6137  0.6213  0.6180  0.5808  0.5124  0.4987  0.5670  0.5817  0.5849  0.5833  0.5478  0.5286  0.5499  0.5609  0.5640  0.5912  0.5732  0.5663  0.5531  0.5093  0.5134  0.5520  0.5736  0.5811  0.5878  0.5732  0.5727  0.5713  0.5681  0.5741  0.5619  0.5525  0.5646
  0.5287  0.5466  0.5568  0.5760  0.5813  0.5877  0.5019  0.4503  0.4387  0.4717  0.4706  0.4788  0.5060  0.5252  0.5010  0.5133  0.5337  0.5541  0.5829  0.5843  0.5333  0.4801  0.4476  0.4523  0.4836  0.5414  0.5245  0.5289  0.5264  0.5109  0.4984  0.4767  0.4544  0.4602  0.4773  0.5033
  0.4613  0.4739  0.5120  0.5221  0.5369  0.5201  0.4527  0.4172  0.4019  0.4001  0.4099  0.4089  0.3932  0.4421  0.4602  0.4735  0.5066  0.5228  0.5306  0.5202  0.4959  0.4485  0.4058  0.3990  0.3911  0.4305  0.4685  0.4608  0.4653  0.4459  0.4249  0.4099  0.3795  0.3733  0.3972  0.4374
  0.4231  0.4497  0.4878  0.4687  0.4647  0.4356  0.4017  0.3803  0.3700  0.3647  0.3658  0.3525  0.3155  0.3565  0.4028  0.4373  0.4746  0.4836  0.4604  0.4034  0.4132  0.4017  0.3717  0.3478  0.3250  0.3409  0.3419  0.3751  0.3909  0.3848  0.3582  0.3392  0.3456  0.3616  0.3588  0.3949
  0.4395  0.4571  0.4518  0.4115  0.3939  0.3739  0.3611  0.3443  0.3364  0.3381  0.3279  0.3145  0.2666  0.2829  0.3536  0.4036  0.4258  0.4212  0.3673  0.3283  0.3480  0.3426  0.3242  0.2991  0.2744  0.2779  0.2399  0.2721  0.3052  0.3159  0.3048  0.2870  0.3100  0.3485  0.3467  0.3793
  0.4752  0.4530  0.4243  0.3719  0.3407  0.3378  0.3232  0.3161  0.3046  0.3120  0.2959  0.2830  0.2481  0.2291  0.3163  0.3712  0.3728  0.3660  0.2936  0.2935  0.3031  0.2851  0.2723  0.2589  0.2252  0.2206  0.2145  0.2070  0.2239  0.2450  0.2602  0.2553  0.2683  0.3081  0.3396  0.3777
  0.5084  0.4561  0.3943  0.3434  0.2992  0.3048  0.2855  0.2912  0.2774  0.2822  0.2702  0.2546  0.2436  0.2042  0.2912  0.3709  0.3331  0.3262  0.2617  0.2730  0.2671  0.2470  0.2339  0.2280  0.1979  0.2396  0.2655  0.2425  0.2345  0.2533  0.2756  0.2805  0.2837  0.3118  0.3598  0.4009
  0.5255  0.4774  0.3344  0.3010  0.2711  0.2738  0.2577  0.2657  0.2560  0.2517  0.2511  0.2335  0.2376  0.1984  0.2713  0.4071  0.3061  0.2868  0.2544  0.2544  0.2394  0.2326  0.2143  0.2043  0.2060  0.3467  0.3677  0.3632  0.3594  0.3635  0.3668  0.3662  0.3660  0.3809  0.4085  0.4431
  0.4674  0.4388  0.2903  0.2676  0.2526  0.2550  0.2479  0.2382  0.2394  0.2284  0.2444  0.2275  0.2334  0.2166  0.1986  0.3600  0.2292  0.2025  0.2581  0.2411  0.2146  0.2151  0.2218  0.1893  0.2551  0.3652  0.3685  0.3680  0.3646  0.3659  0.3658  0.3261  0.2815  0.3632  0.3966  0.4277
  0.3490  0.3187  0.2612  0.2466  0.2359  0.2368  0.2261  0.2240  0.2271  0.2237  0.2393  0.2267  0.2349  0.2186  0.2060  0.2978  0.2112  0.1979  0.2368  0.2165  0.2071  0.2134  0.2493  0.1922  0.2144  0.2617  0.2596  0.2599  0.2570  0.2547  0.2550  0.2306  0.2092  0.2810  0.2965  0.3130
  0.2915  0.2706  0.2518  0.2384  0.2318  0.2301  0.2202  0.2220  0.2219  0.2234  0.2347  0.2254  0.2358  0.2222  0.2124  0.2534  0.2185  0.1992  0.2066  0.2021  0.2086  0.2144  0.2530  0.1906  0.1981  0.2263  0.2212  0.2181  0.2127  0.2106  0.2098  0.1901  0.1987  0.2509  0.2301  0.2540
  0.2605  0.2482  0.2476  0.2355  0.2312  0.2285  0.2223  0.2247  0.2214  0.2249  0.2312  0.2253  0.2360  0.2274  0.2192  0.2228  0.2283  0.2073  0.1912  0.1946  0.2099  0.2147  0.2469  0.1907  0.1954  0.2199  0.2129  0.2042  0.1960  0.1940  0.1906  0.1741  0.2055  0.2390  0.1920  0.2222
  0.2560  0.2382  0.2395  0.2376  0.2307  0.2337  0.2374  0.2331  0.2307  0.2291  0.2310  0.2306  0.2346  0.2389  0.2314  0.2184  0.2210  0.2378  0.2419  0.2007  0.2003  0.2086  0.2281  0.2027  0.2183  0.2479  0.2409  0.2217  0.2117  0.2046  0.1929  0.1883  0.2108  0.2362  0.2182  0.2262
  0.2441  0.2611  0.2198  0.2064  0.2191  0.2396  0.2519  0.2511  0.2603  0.2582  0.2633  0.2668  0.2654  0.2699  0.2626  0.2659  0.2459  0.2347  0.2737  0.2492  0.1911  0.2036  0.2437  0.2410  0.2584  0.2604  0.2711  0.2610  0.2439  0.2230  0.1965  0.1925  0.2152  0.2177  0.2169  0.2306
  0.2424  0.2669  0.2138  0.1922  0.2070  0.2360  0.2422  0.2421  0.2542  0.2497  0.2564  0.2564  0.2551  0.2541  0.2490  0.2684  0.2586  0.2458  0.2790  0.2602  0.1996  0.1929  0.2367  0.2532  0.2572  0.2585  0.2804  0.2783  0.2600  0.2332  0.1925  0.1927  0.2158  0.2168  0.2131  0.2320
  0.2445  0.2663  0.2130  0.1841  0.1938  0.2283  0.2222  0.2217  0.2333  0.2256  0.2331  0.2264  0.2275  0.2183  0.2166  0.2529  0.2674  0.2636  0.2742  0.2574  0.2164  0.1792  0.2199  0.2560  0.2394  0.2508  0.2821  0.2884  0.2712  0.2408  0.1851  0.1916  0.2149  0.2228  0.2082  0.2321
  0.2308  0.2430  0.2378  0.2484  0.2140  0.2124  0.2133  0.2093  0.2033  0.1999  0.1910  0.1885  0.1928  0.1876  0.2067  0.2013  0.2457  0.2941  0.2581  0.2591  0.2678  0.2008  0.1846  0.2184  0.2060  0.2310  0.2556  0.2888  0.2667  0.2189  0.1769  0.2201  0.2092  0.2270  0.2229  0.2233
  0.2275  0.2271  0.2298  0.2604  0.2521  0.2272  0.2303  0.2240  0.2226  0.2199  0.2132  0.2109  0.2147  0.2120  0.2241  0.2226  0.2479  0.2722  0.2523  0.2489  0.2582  0.2187  0.1866  0.2140  0.1994  0.2153  0.2106  0.2701  0.2573  0.2164  0.1907  0.2319  0.2105  0.2242  0.2235  0.2200
  0.2231  0.2187  0.2253  0.2574  0.2659  0.2359  0.2384  0.2302  0.2347  0.2322  0.2291  0.2275  0.2282  0.2283  0.2305  0.2393  0.2501  0.2559  0.2524  0.2412  0.2461  0.2315  0.1900  0.2113  0.1981  0.2094  0.1828  0.2514  0.2481  0.2164  0.2050  0.2342  0.2146  0.2245  0.2209  0.2203
  0.2151  0.2241  0.2269  0.2213  0.2314  0.2342  0.2294  0.2198  0.2347  0.2315  0.2358  0.2361  0.2271  0.2313  0.2152  0.2503  0.2527  0.2472  0.2651  0.2369  0.2254  0.2370  0.1971  0.2115  0.2077  0.2227  0.1849  0.2279  0.2367  0.2217  0.2237  0.2164  0.2256  0.2314  0.2108  0.2284
  0.2202  0.2259  0.2382  0.2395  0.2322  0.2233  0.2286  0.2184  0.2304  0.2277  0.2305  0.2398  0.2270  0.2378  0.2111  0.2431  0.2370  0.2179  0.2443  0.2333  0.2161  0.2502  0.2073  0.2157  0.2208  0.2477  0.2157  0.2316  0.2411  0.2230  0.2454  0.2159  0.2280  0.2359  0.2091  0.2203
  0.2137  0.2334  0.2999  0.3185  0.2898  0.2287  0.2342  0.2296  0.2373  0.2346  0.2328  0.2425  0.2279  0.2417  0.2198  0.2338  0.2322  0.2125  0.2285  0.2954  0.2883  0.3137  0.2267  0.2188  0.2266  0.2532  0.2212  0.2735  0.3082  0.2468  0.2547  0.2261  0.2169  0.2354  0.2256  0.2255
  0.2063  0.2525  0.3635  0.3913  0.3506  0.2425  0.2405  0.2433  0.2467  0.2453  0.2398  0.2470  0.2331  0.2457  0.2338  0.2263  0.2290  0.2157  0.2128  0.3578  0.3650  0.3568  0.2422  0.2244  0.2303  0.2493  0.2162  0.3101  0.3751  0.2680  0.2562  0.2349  0.2067  0.2341  0.2405  0.2338
  0.2049  0.3015  0.3903  0.3938  0.3756  0.2707  0.2440  0.2544  0.2552  0.2592  0.2551  0.2567  0.2509  0.2513  0.2540  0.2274  0.2245  0.2304  0.1966  0.3690  0.3919  0.2963  0.2370  0.2376  0.2313  0.2289  0.1944  0.2994  0.3907  0.2631  0.2407  0.2312  0.2094  0.2336  0.2362  0.2427
  0.2030  0.2621  0.3060  0.3099  0.3031  0.2424  0.2483  0.2515  0.2511  0.2496  0.2487  0.2526  0.2497  0.2499  0.2477  0.2451  0.2269  0.2213  0.1933  0.2931  0.3097  0.2399  0.2340  0.2466  0.2319  0.2227  0.1812  0.2425  0.3153  0.2456  0.2218  0.2087  0.2214  0.2423  0.2034  0.2210
  0.2119  0.2449  0.2451  0.2697  0.2798  0.2342  0.2573  0.2608  0.2598  0.2566  0.2559  0.2580  0.2552  0.2582  0.2489  0.2571  0.2454  0.2284  0.2078  0.2697  0.2579  0.2387  0.2498  0.2596  0.2472  0.2288  0.2030  0.2379  0.2663  0.2469  0.2421  0.2193  0.2264  0.2416  0.2125  0.2172
  0.2296  0.2364  0.2265  0.2517  0.2775  0.2434  0.2741  0.2933  0.2783  0.2774  0.2759  0.2728  0.2736  0.2747  0.2645  0.2788  0.2704  0.2597  0.2579  0.2775  0.2428  0.2599  0.2777  0.2881  0.2755  0.2577  0.2431  0.2392  0.2455  0.2580  0.2687  0.2540  0.2410  0.2507  0.2447  0.2335
  0.2549  0.2560  0.2561  0.2658  0.2840  0.2702  0.2987  0.3215  0.3050  0.3109  0.3088  0.3031  0.3085  0.3038  0.3000  0.3172  0.3012  0.3091  0.3308  0.2968  0.2638  0.2957  0.3138  0.3298  0.3163  0.3105  0.2906  0.2687  0.2750  0.2889  0.3078  0.2983  0.2746  0.2804  0.2848  0.2639
  0.2835  0.3025  0.3067  0.3070  0.3034  0.3072  0.3319  0.3381  0.3396  0.3496  0.3488  0.3484  0.3519  0.3424  0.3526  0.3689  0.3427  0.3698  0.4045  0.3235  0.3125  0.3379  0.3548  0.3749  0.3678  0.3688  0.3437  0.3496  0.3574  0.3574  0.3626  0.3385  0.3322  0.3233  0.3058  0.2902
  0.3085  0.3311  0.3322  0.3391  0.3392  0.3457  0.3724  0.3760  0.3833  0.3855  0.3891  0.3962  0.3860  0.3813  0.4099  0.4137  0.3967  0.4297  0.4585  0.3785  0.3837  0.3977  0.4111  0.4252  0.4332  0.4248  0.4235  0.4605  0.4605  0.4555  0.4130  0.3906  0.3957  0.3508  0.3075  0.3037
  0.3346  0.3429  0.3461  0.3551  0.3657  0.3866  0.4173  0.4419  0.4411  0.4285  0.4323  0.4355  0.4192  0.4299  0.4604  0.4456  0.4471  0.4454  0.4475  0.4464  0.4622  0.4851  0.4869  0.4852  0.4976  0.4951  0.5125  0.5280  0.5199  0.4968  0.4446  0.4349  0.4072  0.3553  0.3273  0.3259
  0.3785  0.3877  0.4020  0.4082  0.4156  0.4440  0.4761  0.5088  0.5070  0.4930  0.4833  0.4776  0.4815  0.5002  0.5064  0.4895  0.4931  0.4743  0.4796  0.5171  0.5175  0.5282  0.5419  0.5441  0.5504  0.5531  0.5478  0.5203  0.5022  0.4779  0.4615  0.4215  0.3705  0.3588  0.3713  0.3742
  0.5923  0.6021  0.6073  0.6102  0.5815  0.5467  0.5287  0.5336  0.5327  0.5325  0.5287  0.5284  0.5437  0.5597  0.5613  0.5630  0.5714  0.5823  0.6195  0.6338  0.5504  0.4996  0.5192  0.5689  0.6071  0.6150  0.5993  0.5691  0.5433  0.5489  0.5659  0.5576  0.5077  0.4889  0.5545  0.5823
  0.7457  0.7447  0.7431  0.7409  0.7367  0.7309  0.7103  0.6760  0.6630  0.6571  0.6607  0.6700  0.6849  0.6999  0.6961  0.7094  0.7162  0.7156  0.7184  0.7054  0.6665  0.6463  0.6557  0.6842  0.7202  0.7352  0.7383  0.7396  0.7403  0.7418  0.7435  0.7443  0.7431  0.7424  0.7454  0.7461
