   0.0000000e+00
   0.0000000e+00
   0.0000000e+00
   0.0000000e+00
   0.0000000e+00
   0.0000000e+00
  -0.0000000e+00
  -3.6113045e-03
  -5.2734073e-03
  -6.8646660e-03
  -9.1097650e-03
  -0.0000000e+00
  -0.0000000e+00
  -0.0000000e+00
  -0.0000000e+00
  -0.0000000e+00
  -0.0000000e+00
  -0.0000000e+00
   0.0000000e+00
  -0.0000000e+00
  -5.4426283e-03
  -7.1600019e-03
  -6.3423609e-03
  -0.0000000e+00
  -0.0000000e+00
  -0.0000000e+00
   0.0000000e+00
   0.0000000e+00
   0.0000000e+00
   0.0000000e+00
   0.0000000e+00
   0.0000000e+00
   0.0000000e+00
   0.0000000e+00
   0.0000000e+00
   0.0000000e+00
  -0.0000000e+00
  -2.4255983e-02
  -2.5690883e-02
  -0.0000000e+00
  -1.6899601e-02
  -1.0776956e-02
  -3.6011648e-03
   3.2363464e-03
   7.1895421e-03
   7.3018013e-03
   2.4655663e-03
  -2.5633918e-03
  -6.0791462e-03
  -7.1326611e-03
  -1.0122152e-02
  -1.2177266e-02
  -9.4883256e-03
  -5.7405633e-03
  -3.0525064e-04
   3.8262204e-03
   6.5715779e-03
   8.7192664e-03
   5.6241672e-03
  -1.6981793e-04
  -3.9945525e-03
  -6.5167060e-03
  -9.1201073e-03
  -1.2760100e-02
  -1.6945358e-02
  -1.6946221e-02
  -1.2660520e-02
  -1.2890173e-02
  -1.8700305e-02
  -2.2020680e-02
  -2.7331909e-02
  -0.0000000e+00
  -8.0428021e-03
  -4.7854241e-03
  -1.6086251e-03
   2.9642559e-03
   1.0192014e-02
   1.8491417e-02
   2.7702432e-02
   3.6302563e-02
   4.0997408e-02
   4.4197690e-02
   4.3419745e-02
   4.0278457e-02
   3.0335791e-02
   2.9067803e-02
   3.0067556e-02
   2.7357351e-02
   3.1589139e-02
   3.0184742e-02
   2.4371885e-02
   2.1792762e-02
   2.1497643e-02
   2.5119858e-02
   2.4127381e-02
   1.9296959e-02
   1.6173003e-02
   1.5697373e-02
   2.0060981e-02
   2.5706077e-02
   3.1109495e-02
   3.2674868e-02
   4.1943189e-02
   5.9758391e-02
   5.5167288e-02
   3.9206203e-02
   9.9799456e-03
  -8.4584337e-03
   6.6882245e-02
   6.9760695e-02
   7.3774241e-02
   7.8029335e-02
   7.5653426e-02
   7.2064660e-02
   6.7271642e-02
   7.1010262e-02
   8.2456112e-02
   8.3521701e-02
   7.8948967e-02
   8.1694290e-02
   7.4270867e-02
   6.7066319e-02
   7.4291922e-02
   6.9611728e-02
   8.0351502e-02
   8.5550637e-02
   5.5953296e-02
   4.4742800e-02
   4.0183034e-02
   3.9016984e-02
   4.6211243e-02
   5.5394374e-02
   6.2619813e-02
   5.9904777e-02
   6.1349109e-02
   6.7035906e-02
   7.6077588e-02
   9.1686569e-02
   1.2117926e-01
   1.4089417e-01
   1.4013886e-01
   1.0980562e-01
   8.6002894e-02
   7.1289070e-02
   1.2020415e-01
   1.1614784e-01
   1.1133944e-01
   1.1134074e-01
   9.9329680e-02
   8.9874588e-02
   7.5484395e-02
   8.4457956e-02
   1.0593139e-01
   1.0747256e-01
   1.0072646e-01
   1.0361238e-01
   1.1080368e-01
   9.8758839e-02
   1.0155004e-01
   9.5737480e-02
   9.4421782e-02
   1.0028691e-01
   0.0000000e+00
   6.1223116e-02
   7.4623317e-02
   7.3885411e-02
   9.3748942e-02
   1.0497744e-01
   1.1465488e-01
   1.1598549e-01
   1.0883108e-01
   1.1421494e-01
   1.1606203e-01
   1.3768642e-01
   1.5823700e-01
   1.7183001e-01
   1.8396631e-01
   1.6597456e-01
   1.5305945e-01
   1.3170803e-01
   1.3657901e-01
   1.2240585e-01
   1.1103396e-01
   9.6661806e-02
   7.9050684e-02
   7.9001538e-02
   6.9390763e-02
   7.9941966e-02
   1.0691729e-01
   1.1625431e-01
   1.1600400e-01
   1.1363740e-01
   1.2598358e-01
   1.1461706e-01
   1.1260229e-01
   1.1452500e-01
   1.0148530e-01
   9.3160526e-02
   7.2012085e-02
   0.0000000e+00
   8.9595735e-02
   9.9378236e-02
   1.1810719e-01
   1.2270733e-01
   1.2545244e-01
   1.4005779e-01
   1.3356353e-01
   1.4182259e-01
   1.4120232e-01
   1.4257906e-01
   1.6245013e-01
   1.6440706e-01
   1.7635457e-01
   1.9180618e-01
   1.7402339e-01
   1.4667395e-01
   1.1780655e-01
   9.2515215e-02
   8.3192609e-02
   6.3767921e-02
   4.9432003e-02
   6.2216837e-02
   5.8402375e-02
   7.0264269e-02
   8.6452447e-02
   9.7939998e-02
   1.0495583e-01
   1.0192104e-01
   1.0969377e-01
   9.9730097e-02
   9.5552921e-02
   1.0458902e-01
   9.0767816e-02
   7.2823830e-02
   5.8370476e-02
   0.0000000e+00
   6.5367952e-02
   8.1936628e-02
   8.6239330e-02
   9.6958227e-02
   1.0301123e-01
   1.1631937e-01
   1.0987955e-01
   1.0651743e-01
   1.1687738e-01
   1.2306315e-01
   1.3867038e-01
   1.3110566e-01
   1.3215122e-01
   1.5434426e-01
   1.3746755e-01
   1.2521246e-01
   7.5215645e-02
   5.0779151e-02
   4.3165696e-02
   4.9527492e-02
   0.0000000e+00
   4.0860087e-02
   3.9400820e-02
   4.3158472e-02
   5.0536409e-02
   5.5924669e-02
   6.3573219e-02
   6.2435076e-02
   6.5953247e-02
   6.0076412e-02
   5.6063376e-02
   6.1751708e-02
   5.1050484e-02
   3.6795340e-02
   2.2360914e-02
   0.0000000e+00
   3.2380725e-02
   4.2792320e-02
   4.0635269e-02
   5.6039233e-02
   6.7703351e-02
   6.6914536e-02
   5.6639899e-02
   5.0881221e-02
   5.9856484e-02
   7.6769933e-02
   8.5882694e-02
   7.9509184e-02
   7.1557470e-02
   8.3864264e-02
   8.5486911e-02
   8.6913861e-02
   2.9387407e-02
   2.3294987e-02
   0.0000000e+00
   0.0000000e+00
   0.0000000e+00
   1.1300638e-02
   7.8192530e-03
   8.1203086e-03
   9.6007464e-03
   8.5018659e-03
   1.2048694e-02
   1.1497198e-02
   1.3048973e-02
   1.3388371e-02
   1.2820969e-02
   9.7772824e-03
  -1.3084791e-04
  -4.4956701e-03
  -1.5524161e-03
   0.0000000e+00
   0.0000000e+00
   3.1285514e-03
   3.9592050e-03
   1.4554603e-02
   2.3701414e-02
   1.2196031e-02
   3.6971222e-03
   2.9732166e-03
   0.0000000e+00
   1.2902016e-02
   1.9446906e-02
   2.3984537e-02
   1.2661854e-02
   1.7347693e-02
   3.7795767e-02
   4.2811759e-02
  -3.8665674e-03
  -0.0000000e+00
   0.0000000e+00
   0.0000000e+00
  -0.0000000e+00
  -2.2861853e-02
  -2.9174652e-02
  -2.6890993e-02
  -2.5979744e-02
  -2.9224657e-02
  -3.1313766e-02
  -3.2686610e-02
  -3.1599890e-02
  -2.7064292e-02
  -2.2421919e-02
  -2.9955992e-02
  -4.1484617e-02
  -3.9445441e-02
  -2.6398911e-02
   0.0000000e+00
  -0.0000000e+00
  -2.3010448e-02
  -2.1837380e-02
  -2.2223691e-02
  -2.1640841e-02
  -3.2817625e-02
  -2.7753478e-02
  -1.7861068e-02
  -0.0000000e+00
  -4.1389715e-02
  -3.9016139e-02
  -2.2501620e-02
  -3.4857225e-02
  -3.3767555e-02
  -6.6839727e-03
   1.3954623e-04
  -2.4067877e-02
  -0.0000000e+00
   0.0000000e+00
   0.0000000e+00
  -0.0000000e+00
  -4.8550159e-02
  -5.3835165e-02
  -4.7931779e-02
  -4.4683829e-02
  -4.6705958e-02
  -5.0188132e-02
  -5.1431086e-02
  -4.8089568e-02
  -4.9176604e-02
  -4.6014685e-02
  -4.8266213e-02
  -6.3017473e-02
  -5.7533979e-02
  -3.4882645e-02
   0.0000000e+00
  -0.0000000e+00
  -3.3234665e-02
  -4.3065637e-02
  -5.2344821e-02
  -6.1252374e-02
  -6.2975317e-02
  -3.2008586e-02
   0.0000000e+00
  -0.0000000e+00
  -6.0712028e-02
  -7.4246151e-02
  -5.4332070e-02
  -6.4871021e-02
  -7.5142257e-02
  -5.3544976e-02
  -3.7899911e-02
  -2.9151669e-02
  -2.0423827e-02
   0.0000000e+00
   0.0000000e+00
  -0.0000000e+00
  -3.9511938e-02
  -4.5254704e-02
  -4.1373610e-02
  -3.9199688e-02
  -3.9762083e-02
  -4.0080972e-02
  -4.1983813e-02
  -3.7841823e-02
  -4.9355358e-02
  -5.3899657e-02
  -4.5643121e-02
  -4.8568074e-02
  -3.9190859e-02
  -2.4366883e-02
   0.0000000e+00
   0.0000000e+00
  -0.0000000e+00
  -5.3141750e-02
  -6.5738440e-02
  -7.4324489e-02
  -5.7234470e-02
  -1.8159780e-02
   0.0000000e+00
  -0.0000000e+00
  -3.6817570e-02
  -6.5343535e-02
  -6.3913591e-02
  -7.0413344e-02
  -8.7786749e-02
  -8.4055789e-02
  -6.1988734e-02
  -3.0164028e-02
  -1.6010248e-02
   0.0000000e+00
  -0.0000000e+00
  -0.0000000e+00
  -2.2575432e-02
  -2.8700260e-02
  -2.6869971e-02
  -2.7523404e-02
  -2.5843550e-02
  -2.5950780e-02
  -2.7608754e-02
  -2.6556086e-02
  -4.1165553e-02
  -4.6592608e-02
  -4.1517761e-02
  -3.0974818e-02
  -1.9085512e-02
  -1.5997763e-02
   0.0000000e+00
   0.0000000e+00
  -0.0000000e+00
  -4.9770307e-02
  -6.4218603e-02
  -7.2810672e-02
  -4.3825015e-02
  -6.8178274e-03
   0.0000000e+00
   0.0000000e+00
  -0.0000000e+00
  -5.2541222e-02
  -5.9730988e-02
  -7.0019588e-02
  -8.1873640e-02
  -8.7689877e-02
  -6.9726311e-02
  -2.8988311e-02
  -1.0697557e-02
  -2.8698419e-03
  -0.0000000e+00
  -1.1419288e-02
  -5.1558837e-03
  -1.0757064e-02
  -1.0444927e-02
  -1.4167249e-02
  -1.0786921e-02
  -1.1900657e-02
  -1.3420221e-02
  -1.6785730e-02
  -3.0506030e-02
  -3.3434875e-02
  -3.6108315e-02
  -1.3322696e-02
  -1.8272799e-04
  -0.0000000e+00
   0.0000000e+00
   0.0000000e+00
  -0.0000000e+00
  -3.9961815e-02
  -5.5632491e-02
  -6.4479619e-02
  -2.8970143e-02
   4.5887109e-03
   0.0000000e+00
   0.0000000e+00
  -0.0000000e+00
  -2.7955180e-02
  -4.7183327e-02
  -6.2021229e-02
  -6.6226669e-02
  -7.7441297e-02
  -6.8083316e-02
  -2.2345519e-02
  -3.8093170e-03
   2.7680814e-04
  -9.0050495e-03
  -6.1088928e-03
   3.2766794e-03
   3.1993800e-04
   3.3531917e-04
  -4.6486133e-03
  -1.7410688e-03
  -4.5889360e-03
  -7.2380197e-03
  -1.5199749e-02
  -2.3270359e-02
  -1.8128818e-02
  -2.8514702e-02
  -2.4331584e-04
   1.6434100e-02
   0.0000000e+00
   0.0000000e+00
   0.0000000e+00
  -0.0000000e+00
  -2.2261739e-02
  -3.4873910e-02
  -4.4143539e-02
  -1.7956365e-02
   9.5319347e-03
   0.0000000e+00
   0.0000000e+00
  -0.0000000e+00
  -2.0423186e-02
  -2.1252364e-02
  -3.4349032e-02
  -3.6906544e-02
  -4.5551889e-02
  -4.8154484e-02
  -1.4005775e-02
  -6.0913968e-03
  -4.7058151e-03
  -8.3704996e-03
  -0.0000000e+00
  -1.3394309e-02
  -1.5797855e-02
  -1.4443760e-02
  -1.4822229e-02
  -1.5469061e-02
  -1.7237647e-02
  -2.2917677e-02
  -2.9257063e-02
  -3.2994166e-02
  -2.4338312e-02
  -2.2329113e-02
   5.1869708e-03
   1.7761524e-02
   0.0000000e+00
   0.0000000e+00
   0.0000000e+00
  -0.0000000e+00
  -1.6777856e-02
  -2.1409651e-02
  -2.3784546e-02
  -9.6373595e-03
   1.2565732e-02
   0.0000000e+00
   0.0000000e+00
  -0.0000000e+00
  -2.0977158e-02
  -8.8583054e-03
  -1.2250143e-02
  -1.7828982e-02
  -2.3800651e-02
  -2.6851958e-02
  -0.0000000e+00
  -9.8998130e-03
  -1.2610058e-02
  -1.8930479e-02
  -0.0000000e+00
  -2.9142948e-02
  -3.1001067e-02
  -2.8936338e-02
  -2.5307238e-02
  -2.8057432e-02
  -2.7501477e-02
  -3.3803858e-02
  -3.6903337e-02
  -3.6826123e-02
  -3.0270705e-02
  -1.7733300e-02
   8.5504306e-03
   1.7631750e-02
   0.0000000e+00
   0.0000000e+00
   0.0000000e+00
  -0.0000000e+00
  -1.5739236e-02
  -1.2474580e-02
  -9.0687890e-03
   2.0235230e-04
   1.4034361e-02
   0.0000000e+00
   0.0000000e+00
  -0.0000000e+00
  -1.7579835e-02
  -4.4925176e-03
  -4.0172916e-03
  -8.7859174e-03
  -1.2072440e-02
  -1.5390192e-02
  -3.9964126e-03
  -0.0000000e+00
  -2.3433342e-02
  -2.8746267e-02
  -5.0210260e-02
  -4.1897830e-02
  -4.2473089e-02
  -4.0338762e-02
  -3.2987718e-02
  -3.7117817e-02
  -3.3996753e-02
  -3.9620787e-02
  -3.8450807e-02
  -3.4495335e-02
  -3.2237057e-02
  -1.3123350e-02
   1.1843969e-02
   1.7959394e-02
   0.0000000e+00
   0.0000000e+00
   0.0000000e+00
  -0.0000000e+00
  -1.5448520e-02
  -3.9472282e-03
   4.5674942e-03
   1.1992178e-02
   1.4774341e-02
   0.0000000e+00
   0.0000000e+00
  -0.0000000e+00
  -1.1192926e-02
  -3.0788691e-03
  -2.2693332e-03
  -3.8339428e-03
  -4.4193421e-03
  -4.9321901e-03
  -8.7823962e-03
  -0.0000000e+00
  -4.6972305e-02
  -5.4961916e-02
  -5.3718813e-02
  -5.2184347e-02
  -5.2358147e-02
  -4.8934117e-02
  -4.4488885e-02
  -4.2497952e-02
  -3.9251614e-02
  -3.9219290e-02
  -3.5262343e-02
  -3.0425476e-02
  -2.5680268e-02
  -1.0848419e-02
   8.7660206e-03
   1.5560934e-02
   0.0000000e+00
   0.0000000e+00
  -0.0000000e+00
  -3.6454316e-02
  -1.2703459e-02
   6.2704789e-03
   1.5655549e-02
   2.1149529e-02
   1.3509566e-02
   0.0000000e+00
   0.0000000e+00
  -0.0000000e+00
  -1.9232303e-03
  -2.9001516e-04
  -8.1625637e-03
  -5.1996233e-03
   7.0969696e-04
  -2.3419789e-03
  -1.9221743e-02
  -2.9755203e-02
  -5.0817396e-02
  -6.0773540e-02
  -4.8902545e-02
  -4.8635602e-02
  -4.8741661e-02
  -4.7501992e-02
  -4.6578865e-02
  -4.3610979e-02
  -4.3118186e-02
  -4.1157253e-02
  -3.6963910e-02
  -2.8880237e-02
  -2.2700552e-02
  -1.4307069e-02
   1.0108049e-03
   2.2576020e-03
   0.0000000e+00
   0.0000000e+00
  -0.0000000e+00
  -4.6102572e-02
  -1.1357896e-02
   1.2976395e-02
   1.6205085e-02
   1.7018453e-02
   1.3225662e-02
   0.0000000e+00
   0.0000000e+00
   0.0000000e+00
   0.0000000e+00
   1.0330807e-02
  -2.3995065e-03
  -5.2056112e-03
   1.8251385e-03
  -6.9948997e-03
  -2.6259499e-02
  -3.3023394e-02
  -5.0760433e-02
  -5.7151556e-02
  -4.1785855e-02
  -4.2383403e-02
  -4.1475039e-02
  -4.2603400e-02
  -4.2948585e-02
  -4.1487671e-02
  -4.3239895e-02
  -3.8869485e-02
  -3.4203418e-02
  -2.0700945e-02
  -1.5768819e-02
  -1.5939403e-02
  -7.1016573e-03
  -7.7526774e-03
   0.0000000e+00
  -0.0000000e+00
  -5.5646455e-02
  -5.2227277e-02
  -1.1379563e-02
   1.7610326e-02
   2.0347320e-02
   0.0000000e+00
   0.0000000e+00
   0.0000000e+00
   0.0000000e+00
   0.0000000e+00
   0.0000000e+00
   2.0423172e-02
   6.4069242e-03
  -5.7442553e-03
  -3.4795032e-04
  -7.1991302e-03
  -0.0000000e+00
  -4.1617442e-02
  -4.1615151e-02
  -3.6777075e-02
  -3.1976774e-02
  -3.2801006e-02
  -3.0530341e-02
  -3.4061294e-02
  -3.3017583e-02
  -3.8729150e-02
  -4.2871024e-02
  -3.6160331e-02
  -3.0800613e-02
  -8.7911915e-03
  -9.1847526e-03
  -1.6167406e-02
  -1.3460006e-02
  -2.5654906e-02
  -0.0000000e+00
  -5.3354275e-02
  -7.5920165e-02
  -5.8162656e-02
  -1.8581484e-02
   1.5662500e-02
   0.0000000e+00
   0.0000000e+00
   0.0000000e+00
   0.0000000e+00
   0.0000000e+00
   0.0000000e+00
   0.0000000e+00
   2.9599862e-02
   2.1669305e-02
  -3.2594914e-03
  -1.0476631e-02
  -1.1959123e-02
  -0.0000000e+00
  -4.5778919e-02
  -3.7080675e-02
  -2.9720396e-02
  -3.4151956e-02
  -4.1133206e-02
  -3.9920297e-02
  -4.4169400e-02
  -4.3089196e-02
  -5.4669280e-02
  -6.0769670e-02
  -4.8296422e-02
  -3.9380062e-02
  -8.4578907e-03
  -9.5178727e-03
  -2.0746052e-02
  -1.7819416e-02
  -0.0000000e+00
  -4.9254946e-02
  -7.1804576e-02
  -9.0396531e-02
  -7.6364636e-02
  -4.4527773e-02
  -2.3821802e-03
   0.0000000e+00
   0.0000000e+00
   0.0000000e+00
   0.0000000e+00
   0.0000000e+00
   0.0000000e+00
  -0.0000000e+00
   2.3767680e-02
   2.8249227e-02
  -0.0000000e+00
  -1.5624662e-02
  -1.2177896e-02
  -0.0000000e+00
  -4.1897610e-02
  -4.2941261e-02
  -4.2857572e-02
  -4.5404837e-02
  -5.3868555e-02
  -5.5300437e-02
  -6.2564135e-02
  -6.3605547e-02
  -7.5820923e-02
  -7.9345703e-02
  -6.3786380e-02
  -4.8238173e-02
  -1.0968322e-02
  -1.0211346e-02
  -2.1764434e-02
  -0.0000000e+00
  -3.6152348e-02
  -5.9849782e-02
  -7.7347055e-02
  -8.7817796e-02
  -8.7468848e-02
  -6.8696082e-02
  -2.4064548e-02
   0.0000000e+00
   0.0000000e+00
   0.0000000e+00
   0.0000000e+00
   0.0000000e+00
   0.0000000e+00
  -0.0000000e+00
   0.0000000e+00
   0.0000000e+00
  -0.0000000e+00
  -0.0000000e+00
  -0.0000000e+00
  -0.0000000e+00
  -3.6288625e-02
  -5.1831733e-02
  -5.9009209e-02
  -5.6555979e-02
  -6.4804927e-02
  -6.9131121e-02
  -7.9691395e-02
  -8.3286509e-02
  -9.4064035e-02
  -9.3538135e-02
  -7.7300958e-02
  -5.4048531e-02
  -1.2904289e-02
  -1.0235351e-02
  -0.0000000e+00
  -1.7688725e-02
  -3.2644056e-02
  -5.8848354e-02
  -7.3660426e-02
  -7.7841341e-02
  -8.9900509e-02
  -8.6468525e-02
  -4.5702205e-02
   0.0000000e+00
   0.0000000e+00
   0.0000000e+00
   0.0000000e+00
   0.0000000e+00
   0.0000000e+00
   0.0000000e+00
   0.0000000e+00
   0.0000000e+00
  -0.0000000e+00
   0.0000000e+00
   0.0000000e+00
   0.0000000e+00
  -0.0000000e+00
  -6.3194811e-02
  -6.9385566e-02
  -6.1051860e-02
  -6.6795252e-02
  -7.4133232e-02
  -8.7552279e-02
  -9.2867866e-02
  -1.0090228e-01
  -9.5323652e-02
  -8.4895231e-02
  -5.1255491e-02
  -1.1460816e-02
  -1.1740804e-02
  -0.0000000e+00
  -1.9434050e-02
  -3.0162029e-02
  -4.6514001e-02
  -5.5862278e-02
  -5.6401722e-02
  -6.8942070e-02
  -8.5579649e-02
  -6.6916600e-02
  -3.6900693e-02
   0.0000000e+00
   0.0000000e+00
   0.0000000e+00
   0.0000000e+00
   0.0000000e+00
   0.0000000e+00
  -0.0000000e+00
  -0.0000000e+00
   0.0000000e+00
   0.0000000e+00
   0.0000000e+00
   0.0000000e+00
  -0.0000000e+00
  -5.3875744e-02
  -5.0044697e-02
  -4.4767622e-02
  -5.0658554e-02
  -5.2921478e-02
  -5.4933537e-02
  -5.3766344e-02
  -5.7130862e-02
  -5.6598932e-02
  -5.1876862e-02
  -2.5896989e-02
  -4.7085276e-03
  -7.5404366e-03
  -0.0000000e+00
  -1.3463687e-02
  -2.1834334e-02
  -1.9479960e-02
  -1.9919597e-02
  -2.2113333e-02
  -2.6984617e-02
  -5.0070401e-02
  -6.0857292e-02
  -4.2086437e-02
   0.0000000e+00
   0.0000000e+00
   0.0000000e+00
   0.0000000e+00
   0.0000000e+00
   0.0000000e+00
   0.0000000e+00
   0.0000000e+00
   0.0000000e+00
   0.0000000e+00
   0.0000000e+00
   0.0000000e+00
  -0.0000000e+00
  -0.0000000e+00
  -1.5121468e-02
  -7.1993019e-03
  -9.8611619e-03
  -5.2473266e-03
   2.7986497e-03
   8.0559989e-03
   6.5027196e-03
  -2.6928233e-03
  -5.2608778e-03
  -2.7254515e-05
   2.1348834e-03
   0.0000000e+00
   0.0000000e+00
   0.0000000e+00
  -0.0000000e+00
   1.1166248e-02
   2.4763400e-02
   1.8339410e-02
   1.0851398e-02
  -8.7944074e-03
  -2.7661465e-02
  -2.0713281e-02
  -0.0000000e+00
  -0.0000000e+00
  -0.0000000e+00
  -0.0000000e+00
  -0.0000000e+00
   0.0000000e+00
   0.0000000e+00
   0.0000000e+00
   0.0000000e+00
   0.0000000e+00
   0.0000000e+00
   0.0000000e+00
   0.0000000e+00
   0.0000000e+00
   2.4511037e-02
   3.9813891e-02
   5.0002262e-02
   6.5111607e-02
   7.4107714e-02
   7.9147987e-02
   7.0469059e-02
   5.2332189e-02
   4.0967040e-02
   1.9129798e-02
   8.3420470e-03
   0.0000000e+00
   0.0000000e+00
   0.0000000e+00
   0.0000000e+00
   3.7408698e-02
   6.4461738e-02
   5.7012949e-02
   4.9789753e-02
   4.0054243e-02
   1.9879946e-02
   6.6716225e-03
   0.0000000e+00
   0.0000000e+00
   0.0000000e+00
   0.0000000e+00
   0.0000000e+00
   0.0000000e+00
   0.0000000e+00
   0.0000000e+00
   0.0000000e+00
   0.0000000e+00
   0.0000000e+00
   0.0000000e+00
   0.0000000e+00
   0.0000000e+00
   4.0989657e-02
   7.2705798e-02
   1.0563022e-01
   1.3479063e-01
   1.4023666e-01
   1.3500018e-01
   1.0849368e-01
   8.5200705e-02
   6.4656742e-02
   2.4907323e-02
   1.3081765e-02
   0.0000000e+00
   0.0000000e+00
   0.0000000e+00
   0.0000000e+00
   0.0000000e+00
   8.0028422e-02
   8.2197219e-02
   9.2298910e-02
   9.3748726e-02
   6.9416508e-02
   4.1443306e-02
   0.0000000e+00
   0.0000000e+00
   0.0000000e+00
   0.0000000e+00
   0.0000000e+00
   0.0000000e+00
   0.0000000e+00
   0.0000000e+00
   0.0000000e+00
   0.0000000e+00
   0.0000000e+00
   0.0000000e+00
   0.0000000e+00
   0.0000000e+00
   2.7011608e-02
   4.6873067e-02
   1.0632586e-01
   1.6257496e-01
   1.6953303e-01
   1.4414999e-01
   1.0234127e-01
   7.6666221e-02
   5.1104907e-02
   1.8294960e-02
   1.0648509e-02
   0.0000000e+00
   0.0000000e+00
   0.0000000e+00
   0.0000000e+00
   0.0000000e+00
   6.0516281e-02
   8.1763633e-02
   1.2915333e-01
   1.3116699e-01
   9.7075924e-02
   5.4287287e-02
   2.7350678e-02
   0.0000000e+00
   0.0000000e+00
   0.0000000e+00
   0.0000000e+00
   0.0000000e+00
   0.0000000e+00
   0.0000000e+00
   0.0000000e+00
   0.0000000e+00
   0.0000000e+00
   0.0000000e+00
   0.0000000e+00
   0.0000000e+00
   0.0000000e+00
   2.5235435e-02
   5.5399127e-02
   1.2780459e-01
   1.4055149e-01
   1.0523236e-01
   6.7402616e-02
   4.1125089e-02
   2.1101808e-02
   1.3659203e-02
   1.1054353e-02
   0.0000000e+00
   0.0000000e+00
   0.0000000e+00
   0.0000000e+00
   0.0000000e+00
   0.0000000e+00
   5.9303930e-02
   1.1355180e-01
   1.0483024e-01
   7.3512934e-02
   3.9025953e-02
   2.4268254e-02
   0.0000000e+00
   0.0000000e+00
   0.0000000e+00
   0.0000000e+00
   0.0000000e+00
   0.0000000e+00
   0.0000000e+00
   0.0000000e+00
   0.0000000e+00
   0.0000000e+00
   0.0000000e+00
   0.0000000e+00
   0.0000000e+00
   0.0000000e+00
   6.0756080e-03
   2.5313865e-02
   6.5317482e-02
   6.9841377e-02
   4.7356825e-02
   3.0437209e-02
   1.6697124e-02
   1.2282902e-02
   1.4863115e-02
   0.0000000e+00
   0.0000000e+00
   0.0000000e+00
   0.0000000e+00
   0.0000000e+00
   0.0000000e+00
   0.0000000e+00
   2.3026997e-02
   2.0438498e-02
   7.6197940e-03
   9.8692533e-03
   1.0760140e-02
   0.0000000e+00
   0.0000000e+00
   0.0000000e+00
   0.0000000e+00
   0.0000000e+00
   0.0000000e+00
   0.0000000e+00
   0.0000000e+00
   0.0000000e+00
   0.0000000e+00
   0.0000000e+00
   0.0000000e+00
   0.0000000e+00
   0.0000000e+00
  -0.0000000e+00
  -0.0000000e+00
   0.0000000e+00
   0.0000000e+00
  -2.3687707e-03
  -1.4976815e-03
   1.2011664e-02
   0.0000000e+00
   0.0000000e+00
   0.0000000e+00
   0.0000000e+00
   0.0000000e+00
   0.0000000e+00
   0.0000000e+00
   0.0000000e+00
   0.0000000e+00
   4.7313708e-03
  -1.1809286e-02
  -3.9149414e-02
  -4.0833537e-02
  -2.1313969e-02
  -6.6184857e-03
   1.5974778e-03
   5.0889107e-03
   0.0000000e+00
   0.0000000e+00
   0.0000000e+00
   0.0000000e+00
   0.0000000e+00
   0.0000000e+00
   0.0000000e+00
   0.0000000e+00
   0.0000000e+00
   0.0000000e+00
   0.0000000e+00
   0.0000000e+00
   0.0000000e+00
   0.0000000e+00
  -0.0000000e+00
  -0.0000000e+00
  -0.0000000e+00
  -1.1168003e-02
  -0.0000000e+00
  -0.0000000e+00
  -0.0000000e+00
  -0.0000000e+00
   0.0000000e+00
   0.0000000e+00
   0.0000000e+00
   0.0000000e+00
   0.0000000e+00
   2.2338955e-03
  -2.4944767e-03
  -6.0095721e-03
  -0.0000000e+00
  -1.4485714e-02
  -8.0558313e-03
  -7.3916738e-03
  -4.4744406e-03
  -2.9127585e-03
  -0.0000000e+00
  -0.0000000e+00
  -0.0000000e+00
  -0.0000000e+00
  -0.0000000e+00
  -0.0000000e+00
   0.0000000e+00
   0.0000000e+00
   0.0000000e+00
   1.5891443e-03
   1.3941717e-03
   1.7074626e-03
   1.8052389e-03
   1.2874840e-03
   2.5006294e-04
  -1.2549869e-03
  -2.7108556e-03
  -4.1161445e-03
  -4.5239095e-03
  -4.7343618e-03
  -4.2733853e-03
  -3.3421889e-03
  -1.5883994e-03
  -6.2920222e-04
   8.0255123e-05
   4.5295628e-04
  -6.8660666e-04
  -9.1933936e-04
  -5.0450745e-04
  -0.0000000e+00
  -0.0000000e+00
  -0.0000000e+00
  -0.0000000e+00
  -1.4281843e-03
  -2.6904913e-03
  -3.2696478e-03
  -3.0826386e-03
  -2.7942407e-03
  -2.5286248e-03
  -2.0875507e-03
  -1.8058096e-03
  -1.1462775e-03
   3.3424818e-04
   1.0100464e-03
   2.3260263e-03
