   1.0418123e+00
   1.9017909e+00
   2.3660414e+00
   2.4376509e+00
   2.0003676e+00
   1.1854885e+00
   5.2783993e-02
  -1.0327971e+00
  -1.8316367e+00
  -2.4984862e+00
  -2.9724054e+00
  -3.2030768e+00
  -3.1977604e+00
  -2.9943831e+00
  -2.7625074e+00
  -2.5014169e+00
  -2.1589544e+00
  -1.7984877e+00
  -1.5912700e+00
  -1.8797731e+00
  -2.6384878e+00
  -3.6623123e+00
  -4.3880124e+00
  -4.5707521e+00
  -4.3371167e+00
  -3.9080589e+00
  -3.5612090e+00
  -3.2936624e+00
  -3.0034425e+00
  -2.6097524e+00
  -2.1275937e+00
  -1.8178685e+00
  -1.7073026e+00
  -1.4683862e+00
  -8.5477871e-01
   4.5135058e-03
  -3.2643235e+00
  -3.2741380e+00
  -3.2055063e+00
  -2.8499372e+00
  -2.2416236e+00
  -1.6654940e+00
  -9.4623601e-01
  -9.8195463e-02
   5.1147848e-01
   7.6158202e-01
   4.6933967e-01
  -1.2387323e-01
  -7.7976245e-01
  -1.1033821e+00
  -1.3020622e+00
  -1.7763664e+00
  -1.9404047e+00
  -1.5856514e+00
  -6.8931675e-01
   4.8389947e-01
   1.1372756e+00
   1.4130995e+00
   1.3092074e+00
   5.5251515e-01
  -8.2374036e-01
  -1.9661595e+00
  -2.5778451e+00
  -3.2244196e+00
  -3.8186324e+00
  -4.1023278e+00
  -3.7560644e+00
  -3.0755281e+00
  -2.8682697e+00
  -2.7585351e+00
  -2.7852743e+00
  -3.0943902e+00
  -4.4168545e-01
  -4.2451438e-01
  -3.1605601e-01
  -1.0126365e-01
   3.3036590e-01
   8.7028885e-01
   1.7459596e+00
   2.6431251e+00
   2.9874799e+00
   3.1846980e+00
   3.2134204e+00
   3.1763072e+00
   2.6847011e+00
   2.1039257e+00
   2.3226564e+00
   2.3791840e+00
   2.5355399e+00
   2.6751184e+00
   2.2207806e+00
   2.1387365e+00
   2.2140892e+00
   2.4632422e+00
   2.6822135e+00
   2.3775444e+00
   1.8572622e+00
   1.5965362e+00
   1.9624064e+00
   2.4919822e+00
   2.9019284e+00
   2.9265113e+00
   2.7591940e+00
   3.1157384e+00
   3.1812918e+00
   2.6531836e+00
   1.4631104e+00
   1.3821054e-01
   3.7655582e+00
   3.8754046e+00
   4.0233560e+00
   4.2770491e+00
   4.4529696e+00
   4.3484803e+00
   4.3125620e+00
   4.4688196e+00
   4.6452943e+00
   4.7317834e+00
   4.6210847e+00
   4.7951079e+00
   4.8475909e+00
   4.1400805e+00
   4.1761160e+00
   4.4343095e+00
   4.4951429e+00
   5.0802094e+00
   4.5061927e+00
   3.6635354e+00
   3.6316037e+00
   3.3966432e+00
   3.6003857e+00
   4.0911899e+00
   4.8313150e+00
   5.1711426e+00
   5.0968672e+00
   5.4264288e+00
   5.8167090e+00
   6.4339212e+00
   6.6844211e+00
   6.7311831e+00
   7.0097722e+00
   6.1598849e+00
   4.9183588e+00
   4.1859908e+00
   6.5976772e+00
   6.4579096e+00
   6.2514939e+00
   6.2710843e+00
   6.0661488e+00
   5.6012077e+00
   5.0608859e+00
   4.8657475e+00
   5.5135365e+00
   5.8136234e+00
   5.6394720e+00
   5.5973845e+00
   5.9920568e+00
   5.8127775e+00
   5.4685059e+00
   5.6837749e+00
   5.2649736e+00
   5.7255535e+00
   5.3774757e+00
   4.1959672e+00
   4.8319645e+00
   4.9286466e+00
   5.3655229e+00
   6.1559191e+00
   6.5641665e+00
   7.0803766e+00
   6.7896833e+00
   6.9630699e+00
   7.0792465e+00
   7.3474193e+00
   8.0282640e+00
   8.0846939e+00
   8.4845638e+00
   8.1988754e+00
   7.6300411e+00
   7.2326894e+00
   7.5645733e+00
   7.0951805e+00
   6.5755329e+00
   6.1661177e+00
   5.3331442e+00
   5.0937667e+00
   4.9040976e+00
   4.7093420e+00
   5.5218673e+00
   5.9781342e+00
   6.0850668e+00
   6.0069876e+00
   6.3229690e+00
   6.5864935e+00
   6.0352869e+00
   6.2857046e+00
   5.9884748e+00
   5.8229966e+00
   5.3794007e+00
   3.8374181e+00
   4.5857363e+00
   5.5946474e+00
   5.9857140e+00
   6.5507274e+00
   6.4653540e+00
   7.1235571e+00
   7.3162727e+00
   7.3004260e+00
   7.5324192e+00
   7.4266529e+00
   7.9836349e+00
   8.0953121e+00
   8.0379524e+00
   8.6972847e+00
   8.7786942e+00
   8.0903454e+00
   6.8852393e+00
   5.9581549e+00
   5.3309212e+00
   4.8526920e+00
   3.7195885e+00
   3.9151742e+00
   4.2542672e+00
   4.0247293e+00
   4.4739623e+00
   4.7972697e+00
   5.1438042e+00
   5.2644939e+00
   5.4106630e+00
   5.6689527e+00
   5.1323509e+00
   5.3755205e+00
   5.4872224e+00
   4.8780971e+00
   4.3825049e+00
   2.9889179e+00
   3.1797359e+00
   4.5665230e+00
   4.5648909e+00
   4.8184605e+00
   5.3163370e+00
   5.9507348e+00
   6.1716175e+00
   5.6359294e+00
   5.9343212e+00
   6.3298488e+00
   6.7949273e+00
   6.7216853e+00
   6.1343265e+00
   7.1374622e+00
   7.6879205e+00
   7.0885496e+00
   4.9113398e+00
   3.6727123e+00
   3.0543070e+00
   2.9112105e+00
   2.1155826e+00
   2.3813674e+00
   2.7295914e+00
   2.4006256e+00
   2.4879110e+00
   2.5330968e+00
   2.8153912e+00
   3.0381138e+00
   3.0846815e+00
   3.2733342e+00
   2.9995770e+00
   3.0883987e+00
   3.1364243e+00
   2.4796002e+00
   2.3065846e+00
   1.8009851e+00
   1.5464752e+00
   2.3047092e+00
   2.1406204e+00
   2.3017287e+00
   3.4554758e+00
   3.8329451e+00
   3.3996322e+00
   2.6506150e+00
   2.8773042e+00
   3.6144884e+00
   4.1400418e+00
   4.1001008e+00
   3.4215043e+00
   3.9580059e+00
   4.9805310e+00
   5.1136808e+00
   2.2695594e+00
   1.1816263e+00
   5.9651810e-01
   8.1078273e-01
   6.2478864e-01
   5.0714880e-01
   3.7957260e-01
   6.8725228e-02
   7.5594679e-02
  -7.1950801e-02
  -3.4364909e-02
   8.0395520e-02
   8.3568141e-02
   3.1573281e-01
   4.2545214e-01
   3.4237128e-01
  -1.0952333e-01
  -6.2891358e-01
  -2.0288721e-01
   4.2827451e-01
   7.3215306e-02
  -1.6366312e-01
  -1.5375143e-01
  -8.0288947e-03
   9.6901542e-01
   9.7713387e-01
   9.0486407e-02
  -2.0421654e-01
  -4.5980036e-02
   1.2575802e-01
   4.0306684e-01
   8.8139999e-01
   5.2659011e-01
   2.4608159e-01
   1.6391966e+00
   2.5852747e+00
  -3.9282101e-01
  -8.2225543e-01
  -1.4034276e+00
  -1.0703397e+00
  -8.1911999e-01
  -1.5299890e+00
  -2.2577384e+00
  -2.3678803e+00
  -2.2095630e+00
  -2.3698432e+00
  -2.5570984e+00
  -2.6728585e+00
  -2.6676733e+00
  -2.3744133e+00
  -1.9850776e+00
  -2.1066456e+00
  -3.0602880e+00
  -3.4531209e+00
  -2.3907149e+00
  -9.1566753e-01
  -1.2252014e+00
  -2.1112158e+00
  -1.8696235e+00
  -1.9005650e+00
  -1.8660084e+00
  -2.1915045e+00
  -2.6596937e+00
  -2.0272589e+00
  -1.9706523e+00
  -2.9878325e+00
  -3.4924085e+00
  -2.2788258e+00
  -2.1145988e+00
  -3.1305108e+00
  -1.6944941e+00
  -3.1383342e-01
  -2.6622415e+00
  -1.8010867e+00
  -2.5376847e+00
  -2.4057023e+00
  -2.3536647e+00
  -3.3642497e+00
  -4.2457069e+00
  -4.1385286e+00
  -3.7367093e+00
  -3.7648722e+00
  -3.9351829e+00
  -4.2251441e+00
  -4.0988815e+00
  -4.0039710e+00
  -4.0608772e+00
  -3.9130658e+00
  -4.5608567e+00
  -4.8170970e+00
  -3.4107406e+00
  -2.0552987e+00
  -2.4916583e+00
  -3.1112711e+00
  -3.2246297e+00
  -3.9733912e+00
  -4.9068444e+00
  -5.2064928e+00
  -3.6824453e+00
  -2.2276629e+00
  -3.0315599e+00
  -4.4082306e+00
  -5.9974090e+00
  -5.1185239e+00
  -4.4117115e+00
  -5.8132768e+00
  -5.2697830e+00
  -4.0816140e+00
  -3.3673764e+00
  -1.5911659e+00
  -2.2431788e+00
  -2.3868453e+00
  -2.6775172e+00
  -3.0523489e+00
  -3.5275441e+00
  -3.5779340e+00
  -3.1955237e+00
  -3.2404536e+00
  -3.1983953e+00
  -3.4550142e+00
  -3.3034740e+00
  -3.5498352e+00
  -4.3376808e+00
  -4.2106704e+00
  -3.9910250e+00
  -3.5926285e+00
  -2.7476102e+00
  -2.2923756e+00
  -2.5589764e+00
  -3.0456229e+00
  -3.7970288e+00
  -4.8670292e+00
  -5.9568770e+00
  -5.6513901e+00
  -2.5496666e+00
  -1.5330501e+00
  -3.4849787e+00
  -3.5843234e+00
  -4.8521666e+00
  -5.4523234e+00
  -5.0784311e+00
  -6.3584625e+00
  -6.7564793e+00
  -6.0445404e+00
  -3.5616951e+00
  -1.3840573e+00
  -1.5439447e+00
  -1.9586915e+00
  -2.3813286e+00
  -1.9950261e+00
  -2.2093048e+00
  -2.3658228e+00
  -2.2044761e+00
  -2.3009503e+00
  -2.1276276e+00
  -2.4073954e+00
  -2.3380795e+00
  -2.9141748e+00
  -3.7547462e+00
  -3.9275703e+00
  -3.2903438e+00
  -1.9317259e+00
  -1.9256322e+00
  -2.1732373e+00
  -2.0568016e+00
  -2.7961419e+00
  -3.7478769e+00
  -4.6420774e+00
  -5.8177099e+00
  -5.1610370e+00
  -1.3761289e+00
  -9.3180901e-01
  -3.4827974e+00
  -2.7770982e+00
  -3.3971486e+00
  -4.5193548e+00
  -4.7769113e+00
  -5.9312334e+00
  -6.5523701e+00
  -6.3625760e+00
  -3.5047702e+00
  -1.2223030e+00
  -7.8053224e-01
  -1.4101705e+00
  -1.9448717e+00
  -8.8833135e-01
  -9.0437239e-01
  -1.1196182e+00
  -1.2154146e+00
  -1.3652666e+00
  -1.1282147e+00
  -1.4642960e+00
  -1.5245189e+00
  -2.3810062e+00
  -2.9348414e+00
  -3.4265926e+00
  -2.5778472e+00
  -2.3263852e-01
  -1.0828337e+00
  -1.9012654e+00
  -1.4121050e+00
  -2.4847111e+00
  -3.3834615e+00
  -3.9322000e+00
  -5.1181911e+00
  -4.3296165e+00
  -3.1539652e-01
  -3.0151193e-01
  -3.2054491e+00
  -2.1247761e+00
  -2.1102198e+00
  -3.1592827e+00
  -3.9656305e+00
  -5.0253785e+00
  -5.5394964e+00
  -5.8684978e+00
  -3.0543167e+00
  -1.2265840e+00
  -1.4643464e-01
  -7.9103672e-01
  -1.7112495e+00
  -4.3029087e-01
  -2.5849770e-01
  -4.0575327e-01
  -6.7945853e-01
  -8.5067553e-01
  -7.2350452e-01
  -1.1989122e+00
  -1.4778030e+00
  -2.4766639e+00
  -2.1345251e+00
  -2.6787509e+00
  -1.8199698e+00
   1.4234084e+00
  -1.6032935e-01
  -1.3965212e+00
  -8.2076884e-01
  -2.0859625e+00
  -2.4126272e+00
  -2.5077666e+00
  -3.4613797e+00
  -3.1405077e+00
   4.3935647e-01
   7.9159887e-01
  -2.2712505e+00
  -2.0004097e+00
  -1.7590372e+00
  -1.4153022e+00
  -2.0532236e+00
  -3.1467135e+00
  -3.1031395e+00
  -4.0060663e+00
  -2.0663958e+00
  -1.2302518e+00
  -8.6001688e-01
  -1.2426997e+00
  -2.8883049e+00
  -2.2783427e+00
  -1.6951382e+00
  -1.9599307e+00
  -1.7656928e+00
  -1.9406340e+00
  -1.9799992e+00
  -2.3060167e+00
  -2.7891366e+00
  -3.2693648e+00
  -2.8932667e+00
  -2.6794698e+00
  -9.1834283e-01
   1.9792017e+00
   5.4841506e-01
  -1.0565335e+00
  -1.1230578e+00
  -2.2446232e+00
  -2.1779475e+00
  -1.9444258e+00
  -2.1106985e+00
  -1.8165972e+00
   8.6476421e-01
   1.8499268e+00
  -1.3330431e+00
  -2.3242052e+00
  -2.1631637e+00
  -1.1193986e+00
  -7.2654343e-01
  -1.5727611e+00
  -1.5764546e+00
  -2.3846972e+00
  -1.3374757e+00
  -1.3344355e+00
  -1.7789779e+00
  -2.3044600e+00
  -4.1575031e+00
  -3.9062877e+00
  -3.1876376e+00
  -3.4910126e+00
  -2.9683990e+00
  -3.0949054e+00
  -3.1400034e+00
  -3.2965403e+00
  -3.8155916e+00
  -3.8512774e+00
  -3.6543555e+00
  -2.8849390e+00
  -2.9971647e-01
   2.2535040e+00
   9.3071020e-01
  -9.8508620e-01
  -1.5515796e+00
  -2.8221586e+00
  -2.4889355e+00
  -1.6470121e+00
  -1.1819757e+00
  -4.9865592e-01
   1.3697242e+00
   2.2208984e+00
  -6.8547380e-01
  -2.4012799e+00
  -2.1717205e+00
  -9.4166887e-01
  -3.1856784e-01
  -8.5576856e-01
  -8.6822593e-01
  -1.4173028e+00
  -6.4093457e-01
  -1.4984365e+00
  -2.9063570e+00
  -3.7817126e+00
  -5.6248152e+00
  -5.6298273e+00
  -4.8885076e+00
  -5.1981791e+00
  -4.3725019e+00
  -4.4202194e+00
  -4.3964021e+00
  -4.3533542e+00
  -4.8338628e+00
  -4.4054562e+00
  -4.5094544e+00
  -3.2114322e+00
   2.6182093e-01
   2.4293912e+00
   1.2067068e+00
  -1.0307489e+00
  -2.0915632e+00
  -3.6664721e+00
  -3.0935749e+00
  -1.4378990e+00
  -3.3759884e-01
   9.7737666e-01
   1.9736031e+00
   2.3150771e+00
  -9.5039095e-02
  -2.3721562e+00
  -1.9959665e+00
  -7.9761626e-01
  -2.9127322e-01
  -4.5280169e-01
  -4.5705045e-01
  -6.3825135e-01
  -1.0498136e+00
  -2.3374829e+00
  -4.1316342e+00
  -6.2466726e+00
  -6.6046119e+00
  -5.9332104e+00
  -5.9178219e+00
  -5.7834282e+00
  -5.3886166e+00
  -5.2130265e+00
  -4.8673840e+00
  -4.8956609e+00
  -4.8670545e+00
  -4.4244437e+00
  -4.1685834e+00
  -2.9021988e+00
   4.1603446e-03
   1.9707837e+00
   4.8578614e-01
  -1.8773332e+00
  -3.3177938e+00
  -5.3786211e+00
  -3.6834843e+00
  -2.7826029e-01
   1.2623105e+00
   2.6658564e+00
   2.5774100e+00
   1.5366006e+00
   5.0370914e-01
  -1.5073870e+00
  -1.2394353e+00
   2.9400447e-01
  -3.9385849e-01
  -8.3282697e-01
  -1.0297355e-01
  -1.1325037e-01
  -1.8312402e+00
  -2.8555331e+00
  -4.2731953e+00
  -6.2038460e+00
  -5.7990189e+00
  -4.9409361e+00
  -5.0683913e+00
  -4.8444014e+00
  -4.7403860e+00
  -4.6052985e+00
  -4.3983946e+00
  -4.4669151e+00
  -4.2479968e+00
  -3.7521696e+00
  -3.1192153e+00
  -2.2403114e+00
  -4.7961125e-01
   7.4151671e-01
  -6.9312739e-01
  -2.7878222e+00
  -4.4506521e+00
  -5.8973618e+00
  -3.3667443e+00
   5.6554133e-01
   2.0985153e+00
   2.4747343e+00
   2.2064812e+00
   1.2112632e+00
   4.9999934e-01
  -9.0284872e-01
  -9.9617147e-01
   7.3501390e-01
   4.2373925e-01
  -5.6678158e-01
  -1.1924920e-01
  -3.6857894e-01
  -2.4067760e+00
  -3.2438959e+00
  -4.2505727e+00
  -5.6596699e+00
  -4.8078285e+00
  -4.0056605e+00
  -4.1473050e+00
  -3.9297848e+00
  -4.0059152e+00
  -3.9771545e+00
  -4.0433245e+00
  -4.0685544e+00
  -3.7227550e+00
  -3.0315031e+00
  -2.0940094e+00
  -1.7036065e+00
  -9.5030742e-01
  -6.0675992e-01
  -1.9758363e+00
  -3.7529216e+00
  -5.5809519e+00
  -6.2917299e+00
  -3.1972081e+00
   1.0727483e+00
   2.6047649e+00
   1.9659585e+00
   1.6658990e+00
   8.3109462e-01
   3.4162260e-01
  -4.4460406e-01
  -8.7278891e-01
   1.0003563e+00
   1.3231130e+00
  -1.0611813e-01
  -2.8941808e-01
  -7.5337246e-01
  -2.5922784e+00
  -3.4052457e+00
  -3.8333339e+00
  -3.7793316e+00
  -3.1532335e+00
  -3.0204360e+00
  -2.8686672e+00
  -2.8931879e+00
  -2.9167545e+00
  -3.1795315e+00
  -3.9118588e+00
  -3.6737405e+00
  -3.3234719e+00
  -2.0328765e+00
  -9.0149669e-01
  -1.3624093e+00
  -1.4950572e+00
  -2.5585647e+00
  -3.8151709e+00
  -5.0839775e+00
  -6.9760577e+00
  -6.4935474e+00
  -3.3785599e+00
   8.5986800e-01
   2.4175117e+00
   5.7808833e-01
   5.9113043e-01
   2.1205956e-01
  -2.3055355e-01
  -2.3993569e-01
  -1.0104854e+00
   9.0097749e-01
   2.6219504e+00
   9.3999341e-01
  -8.7947083e-01
  -1.5383854e+00
  -1.9538859e+00
  -3.1435304e+00
  -3.1442649e+00
  -2.6174072e+00
  -2.6980834e+00
  -3.2539113e+00
  -3.2472866e+00
  -3.4510579e+00
  -3.5170646e+00
  -3.9909935e+00
  -5.0734797e+00
  -4.6016965e+00
  -4.0182672e+00
  -2.0081420e+00
  -4.4216374e-01
  -1.7917601e+00
  -2.3187699e+00
  -3.3476689e+00
  -4.9359568e+00
  -6.1383734e+00
  -7.4265385e+00
  -7.0211602e+00
  -5.1661878e+00
  -1.3609310e+00
   6.2790106e-01
  -8.3075786e-01
  -8.4022772e-01
  -1.3979176e+00
  -1.2357388e+00
  -7.3923618e-01
  -1.4181095e+00
   6.9110334e-01
   2.6800225e+00
   9.3796564e-01
  -1.1830190e+00
  -1.2889490e+00
  -1.7279212e+00
  -2.9435992e+00
  -2.9299455e+00
  -2.9582381e+00
  -3.1935561e+00
  -3.8849101e+00
  -4.1294656e+00
  -4.5102119e+00
  -4.7302084e+00
  -5.2651567e+00
  -6.2180967e+00
  -5.7189250e+00
  -4.8969326e+00
  -2.3404295e+00
  -4.2826942e-01
  -2.0089629e+00
  -2.8400803e+00
  -3.3241014e+00
  -4.9710803e+00
  -6.3913298e+00
  -7.1475067e+00
  -7.2399125e+00
  -6.4020720e+00
  -3.3962979e+00
  -1.1304299e+00
  -1.6572299e+00
  -2.1772094e+00
  -2.7431755e+00
  -1.9691815e+00
  -1.3083491e+00
  -1.6232986e+00
   3.9903444e-01
   2.0103922e+00
   3.1361103e-01
  -5.7400763e-01
  -1.6652954e-01
  -1.6807303e+00
  -2.7586865e+00
  -2.9666200e+00
  -3.8038149e+00
  -3.9481101e+00
  -4.5856228e+00
  -5.0489001e+00
  -5.6119127e+00
  -5.9745760e+00
  -6.5172338e+00
  -7.1834826e+00
  -6.7423754e+00
  -5.6881270e+00
  -2.6246474e+00
  -5.3102565e-01
  -2.0254712e+00
  -3.0784335e+00
  -3.0526831e+00
  -4.5337462e+00
  -6.1396565e+00
  -6.4399786e+00
  -7.0327907e+00
  -7.1206799e+00
  -5.2646623e+00
  -2.9350729e+00
  -2.3842497e+00
  -3.5273311e+00
  -3.9139616e+00
  -2.5630267e+00
  -1.8826286e+00
  -1.7272216e+00
  -1.8627368e-02
   1.0474632e+00
  -2.8194636e-01
   6.0225111e-01
   1.2528443e+00
  -1.9428233e+00
  -2.6163354e+00
  -3.5035125e+00
  -5.0211209e+00
  -4.6711142e+00
  -5.0485746e+00
  -5.4748323e+00
  -6.2013441e+00
  -6.5396399e+00
  -7.0222243e+00
  -7.3012258e+00
  -7.0406109e+00
  -5.8324497e+00
  -2.3690506e+00
  -6.5666849e-01
  -1.4898185e+00
  -2.4940071e+00
  -2.6307076e+00
  -3.3984699e+00
  -4.7913125e+00
  -4.9509373e+00
  -5.5870396e+00
  -6.2723119e+00
  -6.2750619e+00
  -4.5392997e+00
  -3.0853931e+00
  -4.7096789e+00
  -4.4196996e+00
  -2.7507124e+00
  -2.2906697e+00
  -1.6125822e+00
  -7.3104765e-01
  -1.5175316e-01
  -1.1427890e-01
   2.8057605e+00
   2.6985175e+00
  -1.7256905e+00
  -2.1563942e+00
  -3.4444115e+00
  -4.3861814e+00
  -3.6435075e+00
  -3.8027337e+00
  -4.0257978e+00
  -4.2465997e+00
  -4.2268305e+00
  -4.4296179e+00
  -4.6259394e+00
  -4.6708698e+00
  -3.4614861e+00
  -9.3299621e-01
  -1.6685314e-01
  -3.6318251e-01
  -1.0610238e+00
  -1.7630718e+00
  -1.7905728e+00
  -1.8579488e+00
  -2.0042548e+00
  -2.3974652e+00
  -3.2613411e+00
  -4.6913185e+00
  -4.2722459e+00
  -3.1894701e+00
  -3.9856460e+00
  -3.1039071e+00
  -1.8446383e+00
  -1.6418228e+00
  -1.2045834e+00
  -1.0237530e+00
  -4.7856465e-01
   1.7134790e+00
   4.6707878e+00
   2.5538659e+00
  -9.8733938e-01
  -1.3131609e+00
  -2.1473477e+00
  -2.3234556e+00
  -1.5485295e+00
  -1.5519454e+00
  -1.5676272e+00
  -1.2355512e+00
  -9.3013024e-01
  -8.1205088e-01
  -1.0683464e+00
  -1.2391832e+00
  -5.3445965e-01
   2.8421724e-01
   6.5901971e-01
   5.1160437e-01
  -2.6478183e-01
  -5.5051380e-01
  -1.2148678e-01
   8.4138584e-01
   9.2313761e-01
   2.1893352e-01
  -6.0016686e-01
  -2.0287268e+00
  -2.3808265e+00
  -2.1579652e+00
  -2.1507583e+00
  -1.1162027e+00
  -5.1649100e-01
  -3.7172937e-01
  -5.0215048e-01
  -6.7831689e-01
   1.4375609e-01
   2.7048376e+00
   4.5532579e+00
   2.0208092e+00
   8.4861768e-02
  -2.0792705e-01
  -3.1516260e-01
   1.9673387e-01
   8.9819002e-01
   1.0795486e+00
   1.4649828e+00
   2.0686221e+00
   2.4871092e+00
   2.7205719e+00
   2.3539653e+00
   2.1822510e+00
   1.8633609e+00
   1.0606344e+00
   1.4435816e+00
   1.1552350e+00
   2.1727286e-01
   6.7387235e-01
   1.5483530e+00
   3.0325997e+00
   3.3594215e+00
   2.4878978e+00
   2.0331211e+00
   1.1138855e+00
   2.8419461e-01
  -3.8610843e-01
  -1.1377762e-01
   8.9056594e-01
   8.8788569e-01
   1.0211117e+00
   3.8553126e-01
  -2.1223459e-01
   9.3424928e-01
   2.6736843e+00
   3.2633679e+00
   1.7375288e+00
   1.3083619e+00
   9.5459693e-01
   1.3242565e+00
   2.2607696e+00
   2.9259631e+00
   3.3520925e+00
   4.2637811e+00
   4.9092620e+00
   5.1527742e+00
   5.0598918e+00
   4.4796126e+00
   4.2308552e+00
   2.8009039e+00
   1.2283849e+00
   1.9075893e+00
   1.5069309e+00
   5.6369678e-01
   1.4753018e+00
   2.5253568e+00
   3.9614820e+00
   4.5602582e+00
   4.2981406e+00
   4.5317471e+00
   4.0299494e+00
   2.8393386e+00
   1.4612728e+00
   1.4368797e+00
   2.1814251e+00
   1.8691016e+00
   1.9518962e+00
   1.0125061e+00
   1.0521622e-01
   1.2991638e+00
   1.7837617e+00
   1.6000880e+00
   1.7584805e+00
   2.3279145e+00
   1.9221708e+00
   2.0471841e+00
   2.8721237e+00
   3.6065631e+00
   4.3341277e+00
   5.6440268e+00
   6.4043993e+00
   6.2452558e+00
   5.4282336e+00
   4.4886945e+00
   3.8546698e+00
   2.0935142e+00
   1.0979275e+00
   2.0567931e+00
   1.6762760e+00
   9.2866617e-01
   1.5486035e+00
   2.2136800e+00
   3.2841715e+00
   4.2879899e+00
   5.4005446e+00
   6.2029423e+00
   5.5506090e+00
   4.0086560e+00
   2.3191658e+00
   1.9143504e+00
   2.1997883e+00
   1.8951753e+00
   1.8078723e+00
   8.6797708e-01
   1.6292917e-01
   9.0751653e-01
   8.8471144e-01
   9.1128766e-01
   1.9603027e+00
   2.8987591e+00
   2.5737317e+00
   2.0373740e+00
   2.0242801e+00
   2.6412010e+00
   3.6076350e+00
   5.0159616e+00
   5.9126410e+00
   5.4631124e+00
   4.2031174e+00
   3.0121717e+00
   2.0132837e+00
   1.0976481e+00
   1.4718841e+00
   2.3590789e+00
   1.8060108e+00
   1.0836875e+00
   1.2062173e+00
   1.3751131e+00
   2.0240939e+00
   3.2226677e+00
   4.7632890e+00
   5.2069459e+00
   4.4074736e+00
   3.0895600e+00
   1.7880456e+00
   1.4532137e+00
   1.3816235e+00
   1.0555311e+00
   7.6726657e-01
   2.7878121e-01
   2.5505814e-01
   4.7688642e-01
   7.8926015e-01
   1.6043990e+00
   2.4332640e+00
   3.1561689e+00
   2.7048199e+00
   1.7901134e+00
   8.4687018e-01
   8.8703793e-01
   1.8054401e+00
   3.0487053e+00
   3.4572959e+00
   2.9710336e+00
   2.1569347e+00
   1.4091078e+00
   8.8261235e-01
   1.2069083e+00
   2.4445846e+00
   2.7110314e+00
   1.6821347e+00
   9.1879141e-01
   1.1028504e+00
   1.5255173e+00
   1.6258357e+00
   1.7375722e+00
   1.4539984e+00
   7.6250148e-01
   5.9880543e-01
   6.3790655e-01
   6.1849612e-01
   7.6975626e-01
   7.2741252e-01
   2.6403573e-01
   4.5808922e-02
   2.8924048e-01
   5.8225638e-01
   8.0149192e-01
   1.3162802e+00
   2.3516803e+00
   3.1083724e+00
   2.5675351e+00
   1.7472066e+00
   9.4610977e-01
   1.0402090e-01
  -2.5411412e-01
   2.2302118e-01
   7.8222331e-01
   1.9201010e-01
  -4.2946443e-01
  -5.1040768e-01
  -2.0567921e-01
   4.0640140e-01
   1.4275352e+00
   2.2273140e+00
   1.7361685e+00
   8.3986511e-01
   6.9615501e-01
   1.2153088e+00
   1.8252493e+00
   1.1889440e+00
  -3.6887652e-01
  -2.4575838e+00
  -3.5810919e+00
  -3.0621583e+00
  -1.8313770e+00
  -6.0421008e-01
   1.2133865e-01
   3.1314348e-01
   1.0132346e-02
   1.4146164e-01
   5.5355959e-01
   5.4728377e-01
   1.0024981e+00
   1.3536740e+00
   1.7574046e+00
   2.6270356e+00
  -8.7045451e-02
  -4.1247022e-01
  -4.7321352e-01
  -2.6685008e-01
  -2.0416838e-01
  -2.6687616e-01
  -7.1914569e-01
  -1.8314321e+00
  -2.7142789e+00
  -2.9457644e+00
  -2.4918902e+00
  -1.7186775e+00
  -1.0573591e+00
  -9.6305907e-01
  -1.1133275e+00
  -7.2268388e-01
  -4.5326591e-02
   9.5643818e-02
  -3.0233061e-01
  -1.0515044e+00
  -1.6680744e+00
  -1.9313705e+00
  -1.8627828e+00
  -1.8259363e+00
  -1.8196098e+00
  -1.5079761e+00
  -1.1237921e+00
  -9.2942549e-01
  -8.9649975e-01
  -7.8134561e-01
  -8.7486841e-01
  -1.0719362e+00
  -7.3415047e-01
  -5.4022705e-01
  -6.0245359e-01
  -2.3301849e-01
  -1.9613858e-01
   4.9609140e-02
   2.7731934e-01
   4.4204387e-01
   3.7641147e-01
   7.8030623e-02
  -4.4361076e-01
  -1.0451086e+00
  -1.5234686e+00
  -1.8471354e+00
  -1.9199806e+00
  -1.7989459e+00
  -1.5461603e+00
  -1.2031777e+00
  -7.9699796e-01
  -3.5816193e-01
  -2.1897325e-01
  -4.6906987e-01
  -8.1320035e-01
  -7.0786059e-01
  -5.3059205e-02
   8.8244927e-01
   1.3715912e+00
   1.0971501e+00
   2.4947436e-01
  -6.2306064e-01
  -1.1346536e+00
  -1.3640987e+00
  -1.3739645e+00
  -1.3102987e+00
  -1.2381653e+00
  -1.1174699e+00
  -9.2994070e-01
  -7.3902315e-01
  -5.9586197e-01
  -4.2878920e-01
