-START-OF-DATA-
2000.5
2001.5
2002.5
2003.5
2004.5
2005.5
2006.5
2007.5
2008.5
2009.5
2010.5
2011.5
2012.5
2013.5
2014.5
2015.5
2016.5
2017.5
2018.5
2019.5
2020.5
2021.5
2022.5
2023.5
2024.5
2025.5
2026.5
2027.5
2028.5
2029.5
2030.5
2031.5
2032.5
2033.5
2034.5
2035.5
2036.5
2037.5
2038.5
2039.5
2040.5
2041.5
2042.5
2043.5
2044.5
2045.5
2046.5
2047.5
2048.5
2049.5
2050.5
2051.5
2052.5
2053.5
2054.5
2055.5
2056.5
2057.5
2058.5
2059.5
2060.5
2061.5
2062.5
2063.5
2064.5
2065.5
2066.5
2067.5
2068.5
2069.5
2070.5
2071.5
2072.5
2073.5
2074.5
2075.5
2076.5
2077.5
2078.5
2079.5
2080.5
2081.5
2082.5
2083.5
2084.5
2085.5
2086.5
2087.5
2088.5
2089.5
2090.5
2091.5
2092.5
2093.5
2094.5
2095.5
2096.5
2097.5
2098.5
2099.5
2100.5
2101.5
2102.5
2103.5
2104.5
2105.5
2106.5
2107.5
2108.5
2109.5
2110.5
2111.5
2112.5
2113.5
2114.5
2115.5
2116.5
2117.5
2118.5
2119.5
2120.5
2121.5
2122.5
2123.5
2124.5
2125.5
2126.5
2127.5
2128.5
2129.5
2130.5
2131.5
2132.5
2133.5
2134.5
2135.5
2136.5
2137.5
2138.5
2139.5
2140.5
2141.5
2142.5
2143.5
2144.5
2145.5
2146.5
2147.5
2148.5
2149.5
2150.5
2151.5
2152.5
2153.5
2154.5
2155.5
2156.5
2157.5
2158.5
2159.5
2160.5
2161.5
2162.5
2163.5
2164.5
2165.5
2166.5
2167.5
2168.5
2169.5
2170.5
2171.5
2172.5
2173.5
2174.5
2175.5
2176.5
2177.5
2178.5
2179.5
2180.5
2181.5
2182.5
2183.5
2184.5
2185.5
2186.5
2187.5
2188.5
2189.5
2190.5
2191.5
2192.5
2193.5
2194.5
2195.5
2196.5
2197.5
2198.5
2199.5
2200.5
2202.5
2204.5
2206.5
2208.5
2210.5
2212.5
2214.5
2216.5
2218.5
2220.5
2222.5
2224.5
2226.5
2228.5
2230.5
2232.5
2234.5
2236.5
2238.5
2240.5
2242.5
2244.5
2246.5
2248.5
2250.5
2252.5
2254.5
2256.5
2258.5
2260.5
2262.5
2264.5
2266.5
2268.5
2270.5
2272.5
2274.5
2276.5
2278.5
2280.5
2282.5
2284.5
2286.5
2288.5
2290.5
2292.5
2294.5
2296.5
2298.5
2300.5
2302.5
2304.5
2306.5
2308.5
2310.5
2312.5
2314.5
2316.5
2318.5
2320.5
2322.5
2324.5
2326.5
2328.5
2330.5
2332.5
2334.5
2336.5
2338.5
2340.5
2342.5
2344.5
2346.5
2348.5
2350.5
2352.5
2354.5
2356.5
2358.5
2360.5
2362.5
2364.5
2366.5
2368.5
2370.5
2372.5
2374.5
2376.5
2378.5
2380.5
2382.5
2384.5
2386.5
2388.5
2390.5
2392.5
2394.5
2396.5
2398.5
2400.5
2402.5
2404.5
2406.5
2408.5
2410.5
2412.5
2414.5
2416.5
2418.5
2420.5
2422.5
2424.5
2426.5
2428.5
2430.5
2432.5
2434.5
2436.5
2438.5
2440.5
2442.5
2444.5
2446.5
2448.5
2450.5
2452.5
2454.5
2456.5
2458.5
2460.5
2462.5
2464.5
2466.5
2468.5
2470.5
2472.5
2474.5
2476.5
2478.5
2480.5
2482.5
2484.5
2486.5
2488.5
2490.5
2492.5
2494.5
2496.5
2498.5
2500.5
2500.5
2505.5
2510.5
2515.5
2520.5
2525.5
2530.5
2535.5
2540.5
2545.5
2550.5
2555.5
2560.5
2565.5
2570.5
2575.5
2580.5
2585.5
2590.5
2595.5
2600.5
2605.5
2610.5
2615.5
2620.5
2625.5
2630.5
2635.5
2640.5
2645.5
2650.5
2655.5
2660.5
2665.5
2670.5
2675.5
2680.5
2685.5
2690.5
2695.5
2700.5
2705.5
2710.5
2715.5
2720.5
2725.5
2730.5
2735.5
2740.5
2745.5
2750.5
2755.5
2760.5
2765.5
2770.5
2775.5
2780.5
2785.5
2790.5
2795.5
2800.5
2805.5
2810.5
2815.5
2820.5
2825.5
2830.5
2835.5
2840.5
2845.5
2850.5
2855.5
2860.5
2865.5
2870.5
2875.5
2880.5
2885.5
2890.5
2895.5
2900.5
2905.5
2910.5
2915.5
2920.5
2925.5
2930.5
2935.5
2940.5
2945.5
2950.5
2955.5
2960.5
2965.5
2970.5
2975.5
2980.5
2985.5
2990.5
2995.5
3000.5
-END-OF-DATA-