  0.6000  0.5936  0.5555  0.5367  0.5408  0.5582  0.5313  0.5577  0.6295  0.6296  0.6298  0.6225  0.5844  0.5916  0.5979  0.6015  0.5863  0.5875  0.5885  0.5970  0.5892  0.5904  0.5835  0.5721  0.5928  0.6066  0.5958  0.5947  0.5955  0.5908  0.5926  0.5973  0.6012  0.6028  0.6004  0.5993
  0.4424  0.4340  0.4311  0.4315  0.4348  0.4489  0.4630  0.5094  0.5219  0.5403  0.5807  0.5940  0.6049  0.6122  0.6117  0.6141  0.6176  0.6250  0.6331  0.5915  0.5066  0.4989  0.5794  0.5120  0.5673  0.6079  0.5919  0.5742  0.5746  0.5898  0.5906  0.5452  0.5082  0.4930  0.4725  0.4735
  0.4221  0.4141  0.4104  0.4068  0.4039  0.4024  0.4054  0.4257  0.4464  0.4369  0.5248  0.5520  0.5600  0.5735  0.5779  0.5856  0.5944  0.5979  0.6060  0.5232  0.5231  0.5281  0.5599  0.5570  0.5526  0.5658  0.5440  0.5457  0.5630  0.5651  0.5543  0.4986  0.4293  0.4340  0.4292  0.4274
  0.3845  0.3725  0.3726  0.3681  0.3671  0.3658  0.3609  0.3807  0.4356  0.4282  0.4917  0.5266  0.5291  0.5434  0.5560  0.5623  0.5686  0.5520  0.5155  0.4826  0.5422  0.5456  0.4813  0.5368  0.5342  0.5134  0.5077  0.5300  0.5547  0.5438  0.5479  0.5321  0.4211  0.4033  0.3997  0.3894
  0.3508  0.3411  0.3425  0.3362  0.3332  0.3328  0.3325  0.3407  0.3575  0.3640  0.4284  0.4921  0.4956  0.5021  0.5185  0.5218  0.4985  0.4303  0.3942  0.4034  0.4273  0.4770  0.3933  0.4554  0.4679  0.4626  0.4874  0.5042  0.5142  0.5102  0.5241  0.4977  0.3782  0.3682  0.3623  0.3531
  0.3223  0.3195  0.3150  0.3122  0.3060  0.3009  0.3042  0.3030  0.3114  0.3223  0.3938  0.4578  0.4538  0.4547  0.4613  0.4687  0.4300  0.3409  0.3872  0.3590  0.3865  0.4088  0.3243  0.3527  0.4038  0.4245  0.4499  0.4515  0.4493  0.4549  0.4613  0.3874  0.3244  0.3305  0.3261  0.3254
  0.2931  0.2981  0.2879  0.2890  0.2833  0.2773  0.2822  0.2754  0.2850  0.2812  0.3443  0.4267  0.4184  0.4119  0.4089  0.4104  0.3688  0.2949  0.3421  0.3675  0.3441  0.3458  0.2857  0.2852  0.3610  0.3930  0.3936  0.3847  0.3877  0.3968  0.3664  0.2928  0.2935  0.2976  0.2936  0.2995
  0.2714  0.2789  0.2698  0.2716  0.2697  0.2649  0.2723  0.2649  0.2742  0.2556  0.2774  0.3914  0.3872  0.3686  0.3677  0.3342  0.2850  0.2602  0.2998  0.3322  0.2782  0.2821  0.2567  0.2435  0.3180  0.3587  0.3465  0.3339  0.3424  0.3553  0.3053  0.2588  0.2738  0.2729  0.2709  0.2782
  0.2611  0.2660  0.2617  0.2629  0.2655  0.2618  0.2708  0.2654  0.2742  0.2557  0.2387  0.3501  0.3507  0.3201  0.3280  0.2640  0.2298  0.2427  0.2921  0.2724  0.2465  0.2421  0.2357  0.2199  0.2522  0.3045  0.3146  0.3090  0.3168  0.3309  0.2828  0.2482  0.2578  0.2598  0.2596  0.2664
  0.2588  0.2601  0.2593  0.2616  0.2667  0.2635  0.2713  0.2670  0.2770  0.2589  0.2319  0.3066  0.3074  0.2678  0.2825  0.2288  0.2399  0.2356  0.2660  0.2293  0.2405  0.2461  0.2330  0.2289  0.1786  0.2298  0.2839  0.2994  0.3069  0.3151  0.2628  0.2380  0.2479  0.2577  0.2562  0.2642
  0.2621  0.2649  0.2682  0.2708  0.2719  0.2661  0.2643  0.2607  0.2686  0.2602  0.2324  0.2696  0.2590  0.2127  0.2124  0.2360  0.2243  0.2083  0.2359  0.2255  0.2500  0.2495  0.2231  0.2530  0.2076  0.1858  0.1967  0.2845  0.3036  0.2897  0.2341  0.2356  0.2437  0.2557  0.2532  0.2628
  0.2591  0.2610  0.2667  0.2652  0.2628  0.2554  0.2511  0.2484  0.2506  0.2553  0.2275  0.2449  0.2737  0.2254  0.2253  0.2251  0.2165  0.2965  0.2876  0.2287  0.2351  0.2381  0.2141  0.2306  0.2274  0.2217  0.1998  0.2465  0.2975  0.2748  0.2338  0.2446  0.2409  0.2478  0.2479  0.2547
  0.2539  0.2554  0.2602  0.2552  0.2541  0.2491  0.2467  0.2467  0.2452  0.2541  0.2298  0.2457  0.3007  0.2438  0.2427  0.2184  0.2245  0.3137  0.2995  0.2439  0.2335  0.2351  0.2278  0.2271  0.2306  0.2386  0.2115  0.2198  0.2934  0.2764  0.2666  0.2596  0.2421  0.2490  0.2460  0.2509
  0.2501  0.2506  0.2532  0.2467  0.2478  0.2462  0.2471  0.2502  0.2475  0.2554  0.2360  0.2541  0.3142  0.2534  0.2533  0.2136  0.2406  0.3096  0.3051  0.2646  0.2344  0.2351  0.2464  0.2319  0.2272  0.2537  0.2245  0.2065  0.2943  0.2846  0.2994  0.2725  0.2444  0.2529  0.2465  0.2503
  0.2539  0.2501  0.2486  0.2467  0.2490  0.2517  0.2561  0.2630  0.2669  0.2621  0.2512  0.2648  0.2630  0.2229  0.2344  0.2104  0.2753  0.3029  0.3337  0.2984  0.2302  0.2375  0.2626  0.2494  0.2158  0.2884  0.2363  0.2303  0.3133  0.3016  0.3017  0.2734  0.2465  0.2582  0.2524  0.2568
  0.2485  0.2512  0.2489  0.2538  0.2607  0.2679  0.2733  0.2735  0.2756  0.2651  0.2618  0.2421  0.2253  0.2243  0.2813  0.2521  0.2901  0.3037  0.3266  0.3205  0.2431  0.2754  0.2372  0.2427  0.2293  0.2304  0.2167  0.2209  0.3157  0.3271  0.2790  0.2853  0.2502  0.2441  0.2459  0.2495
  0.2419  0.2465  0.2438  0.2484  0.2534  0.2578  0.2626  0.2601  0.2618  0.2581  0.2599  0.2343  0.2208  0.2461  0.3050  0.2876  0.3041  0.3081  0.3224  0.3266  0.2790  0.2910  0.2202  0.2326  0.2306  0.2137  0.2142  0.2144  0.2881  0.3297  0.2943  0.2799  0.2403  0.2350  0.2403  0.2428
  0.2341  0.2389  0.2360  0.2375  0.2378  0.2362  0.2396  0.2358  0.2377  0.2464  0.2526  0.2318  0.2291  0.2781  0.3217  0.3239  0.3189  0.3144  0.3189  0.3268  0.3269  0.2989  0.2052  0.2204  0.2271  0.2122  0.2182  0.2084  0.2459  0.3226  0.3248  0.2669  0.2240  0.2269  0.2344  0.2357
  0.2127  0.2132  0.2157  0.2119  0.2078  0.2004  0.1976  0.2079  0.2043  0.2184  0.2259  0.2296  0.2417  0.3186  0.3242  0.3273  0.3202  0.3174  0.3138  0.3168  0.3267  0.2594  0.2094  0.2241  0.2100  0.2355  0.2352  0.2054  0.2051  0.2144  0.2162  0.2141  0.2190  0.2154  0.2183  0.2146
  0.2172  0.2171  0.2212  0.2187  0.2183  0.2126  0.2093  0.2148  0.2144  0.2287  0.2367  0.2521  0.2308  0.2959  0.3117  0.3176  0.3153  0.3108  0.3077  0.3123  0.3243  0.2625  0.2163  0.2330  0.2264  0.2412  0.2343  0.2203  0.2171  0.2218  0.2228  0.2216  0.2223  0.2209  0.2222  0.2188
  0.2225  0.2220  0.2252  0.2235  0.2253  0.2214  0.2200  0.2208  0.2237  0.2327  0.2380  0.2628  0.2218  0.2746  0.3029  0.3107  0.3114  0.3037  0.3021  0.3085  0.3224  0.2679  0.2230  0.2381  0.2372  0.2418  0.2350  0.2343  0.2277  0.2273  0.2292  0.2293  0.2278  0.2275  0.2270  0.2243
  0.2310  0.2305  0.2271  0.2253  0.2267  0.2254  0.2314  0.2265  0.2338  0.2245  0.2196  0.2510  0.2143  0.2507  0.2996  0.3079  0.3087  0.2935  0.2962  0.3053  0.3213  0.2798  0.2312  0.2361  0.2389  0.2317  0.2390  0.2503  0.2379  0.2300  0.2370  0.2397  0.2390  0.2383  0.2348  0.2344
  0.2390  0.2409  0.2375  0.2394  0.2399  0.2402  0.2484  0.2422  0.2514  0.2368  0.2333  0.2519  0.2146  0.2177  0.2861  0.2948  0.2967  0.2883  0.2959  0.3055  0.3105  0.2641  0.2388  0.2425  0.2412  0.2394  0.2474  0.2568  0.2528  0.2400  0.2428  0.2442  0.2487  0.2480  0.2429  0.2436
  0.2519  0.2526  0.2508  0.2493  0.2474  0.2467  0.2517  0.2470  0.2561  0.2463  0.2447  0.2511  0.2209  0.1897  0.2632  0.2894  0.2908  0.2866  0.2927  0.3046  0.2956  0.2472  0.2451  0.2483  0.2424  0.2453  0.2545  0.2523  0.2529  0.2489  0.2482  0.2475  0.2510  0.2528  0.2508  0.2529
  0.2646  0.2636  0.2648  0.2600  0.2554  0.2532  0.2531  0.2508  0.2571  0.2556  0.2547  0.2499  0.2325  0.1696  0.2416  0.2868  0.2870  0.2861  0.2895  0.3027  0.2786  0.2314  0.2479  0.2500  0.2446  0.2509  0.2592  0.2478  0.2498  0.2564  0.2539  0.2522  0.2528  0.2564  0.2586  0.2613
  0.2709  0.2700  0.2769  0.2739  0.2672  0.2636  0.2566  0.2580  0.2542  0.2643  0.2599  0.2488  0.2552  0.1749  0.2338  0.2889  0.2872  0.2871  0.2888  0.2987  0.2600  0.2230  0.2397  0.2390  0.2496  0.2557  0.2566  0.2507  0.2467  0.2586  0.2601  0.2613  0.2574  0.2588  0.2650  0.2652
  0.2531  0.2544  0.2615  0.2630  0.2648  0.2629  0.2604  0.2584  0.2531  0.2602  0.2592  0.2414  0.2394  0.1867  0.2628  0.2951  0.2931  0.2926  0.2955  0.3013  0.2228  0.2211  0.2213  0.2222  0.2412  0.2472  0.2418  0.2452  0.2506  0.2461  0.2481  0.2543  0.2499  0.2523  0.2496  0.2527
  0.2532  0.2547  0.2578  0.2587  0.2631  0.2632  0.2657  0.2610  0.2606  0.2548  0.2524  0.2412  0.2329  0.2085  0.2838  0.2944  0.2447  0.3009  0.3046  0.3086  0.2211  0.2244  0.2198  0.2318  0.2341  0.2395  0.2503  0.2419  0.2512  0.2508  0.2488  0.2525  0.2519  0.2564  0.2512  0.2550
  0.2678  0.2681  0.2677  0.2691  0.2713  0.2723  0.2758  0.2714  0.2731  0.2620  0.2593  0.2544  0.2490  0.2420  0.3101  0.2782  0.2377  0.3190  0.3178  0.3024  0.2523  0.2899  0.2384  0.2518  0.2464  0.2495  0.2666  0.2527  0.2603  0.2691  0.2672  0.2662  0.2681  0.2713  0.2688  0.2706
  0.2944  0.2932  0.2892  0.2917  0.2890  0.2907  0.2924  0.2899  0.2933  0.2848  0.2866  0.2820  0.2809  0.2855  0.3440  0.2657  0.2796  0.3576  0.3376  0.2809  0.3329  0.3739  0.2818  0.2807  0.2829  0.2816  0.2830  0.2773  0.2881  0.3014  0.2966  0.2917  0.2988  0.2982  0.2995  0.2986
  0.3234  0.3215  0.3148  0.3180  0.3131  0.3168  0.3183  0.3182  0.3241  0.3211  0.3274  0.3152  0.3160  0.3489  0.3765  0.2761  0.3261  0.3926  0.3334  0.2795  0.4207  0.4333  0.3733  0.3277  0.3393  0.3265  0.3013  0.3155  0.3361  0.3791  0.3492  0.3238  0.3411  0.3337  0.3334  0.3302
  0.3476  0.3455  0.3398  0.3451  0.3457  0.3529  0.3576  0.3604  0.3655  0.3630  0.3608  0.3459  0.3524  0.4151  0.4091  0.3143  0.3397  0.3731  0.3205  0.3258  0.4502  0.4893  0.4852  0.3942  0.3974  0.4059  0.3869  0.4119  0.4256  0.4845  0.4283  0.3662  0.3840  0.3666  0.3612  0.3556
  0.3745  0.3712  0.3677  0.3777  0.3874  0.3976  0.4051  0.4064  0.4075  0.3966  0.3836  0.3832  0.3886  0.4185  0.4288  0.3803  0.3724  0.3727  0.4013  0.4134  0.4752  0.5281  0.5255  0.4312  0.4600  0.5136  0.5093  0.5165  0.5165  0.5321  0.4848  0.4126  0.4173  0.3954  0.3875  0.3811
  0.4120  0.4075  0.4121  0.4282  0.4439  0.4529  0.4565  0.4522  0.4517  0.4399  0.4325  0.4368  0.4272  0.4402  0.4427  0.4311  0.4275  0.4483  0.5135  0.5183  0.5330  0.5429  0.5468  0.5404  0.5606  0.5724  0.5645  0.5606  0.5594  0.5642  0.5579  0.4898  0.4642  0.4507  0.4348  0.4213
  0.4564  0.4549  0.4701  0.4893  0.5072  0.5158  0.5154  0.5118  0.5144  0.5119  0.5031  0.4869  0.4649  0.5551  0.5729  0.5111  0.4533  0.4678  0.5340  0.5424  0.5681  0.5741  0.5774  0.5926  0.5884  0.5758  0.5695  0.5814  0.5954  0.5964  0.6004  0.5771  0.5125  0.5039  0.4893  0.4692
  0.5350  0.5338  0.5348  0.5385  0.5457  0.5517  0.5541  0.5579  0.5798  0.5929  0.5768  0.5781  0.6035  0.6154  0.6192  0.6142  0.5759  0.5827  0.5796  0.5765  0.5825  0.5875  0.5899  0.5900  0.5881  0.5869  0.5876  0.5967  0.6128  0.6258  0.6330  0.6333  0.5826  0.5442  0.5476  0.5509
