  -2.0185206e-02
  -2.2561701e-02
  -2.1333035e-02
  -1.8689413e-02
  -1.5940184e-02
  -1.3901604e-02
  -1.2739407e-02
  -1.2223770e-02
  -1.3445927e-02
  -1.8812797e-02
  -1.8817868e-02
  -1.8448239e-02
   0.0000000e+00
   0.0000000e+00
   0.0000000e+00
   0.0000000e+00
   0.0000000e+00
   0.0000000e+00
   0.0000000e+00
   0.0000000e+00
   0.0000000e+00
   0.0000000e+00
   0.0000000e+00
   0.0000000e+00
   0.0000000e+00
   0.0000000e+00
   0.0000000e+00
   0.0000000e+00
   0.0000000e+00
   0.0000000e+00
   0.0000000e+00
   0.0000000e+00
  -0.0000000e+00
  -4.1368000e-03
  -9.7087225e-03
  -2.3434771e-02
  -4.7878087e-02
  -5.0266348e-02
  -4.8083302e-02
  -4.2265400e-02
  -3.6210440e-02
  -3.2447256e-02
  -3.0882685e-02
  -2.9891988e-02
  -2.9201219e-02
  -2.9666988e-02
  -3.0831719e-02
  -3.0723638e-02
  -2.7740661e-02
  -0.0000000e+00
   0.0000000e+00
  -1.4753325e-02
  -1.7124688e-02
  -1.7174740e-02
   0.0000000e+00
   0.0000000e+00
   0.0000000e+00
   0.0000000e+00
   0.0000000e+00
   0.0000000e+00
   0.0000000e+00
   0.0000000e+00
   0.0000000e+00
   0.0000000e+00
   0.0000000e+00
   0.0000000e+00
   0.0000000e+00
   0.0000000e+00
  -1.6148845e-02
  -2.5222076e-02
  -3.4769222e-02
  -4.2918593e-02
  -7.7601084e-03
  -1.0455367e-02
  -1.3662443e-02
  -1.3324310e-02
  -1.0993741e-02
  -7.2629526e-03
  -4.1536577e-03
  -2.8791351e-03
  -1.2444702e-03
  -2.1748496e-03
  -3.0912729e-03
  -1.8134969e-03
  -2.2892531e-03
   5.5563803e-03
   8.0200821e-03
   4.3835986e-03
   2.1452631e-03
   2.5821940e-04
   0.0000000e+00
   0.0000000e+00
   0.0000000e+00
   0.0000000e+00
   0.0000000e+00
  -1.3476625e-03
  -4.8979224e-03
   0.0000000e+00
   0.0000000e+00
   0.0000000e+00
   0.0000000e+00
   0.0000000e+00
   0.0000000e+00
   2.7739285e-03
  -5.3959674e-03
  -8.3750924e-03
  -7.4967560e-03
  -6.9636158e-03
   5.4768477e-02
   5.0861109e-02
   4.2492297e-02
   3.6190264e-02
   3.3346463e-02
   3.4433633e-02
   3.8461160e-02
   4.1119967e-02
   4.4871952e-02
   4.7389794e-02
   4.6299543e-02
   4.6605002e-02
   4.3887932e-02
   3.9790325e-02
   3.7333366e-02
   3.6095958e-02
   3.4839272e-02
   3.1291250e-02
   3.2642181e-02
   2.9138592e-02
   0.0000000e+00
   0.0000000e+00
   0.0000000e+00
   6.1776042e-03
   6.7368427e-03
   0.0000000e+00
   0.0000000e+00
   0.0000000e+00
   0.0000000e+00
   0.0000000e+00
   0.0000000e+00
   3.1690843e-02
   3.8936093e-02
   4.6454031e-02
   5.3592645e-02
   5.6301516e-02
   1.0938294e-01
   1.0398496e-01
   9.1950037e-02
   8.2474969e-02
   7.4536972e-02
   7.0497833e-02
   7.1703322e-02
   7.6211497e-02
   8.1284545e-02
   8.9005463e-02
   9.3275860e-02
   8.7247752e-02
   8.6379081e-02
   7.4481854e-02
   0.0000000e+00
   7.1325824e-02
   6.5008275e-02
   6.5806434e-02
   5.8765002e-02
   5.3394835e-02
   0.0000000e+00
   0.0000000e+00
   0.0000000e+00
   4.1654390e-02
   5.7131100e-02
   7.1226110e-02
   8.0775375e-02
   7.7728047e-02
   8.0509667e-02
   0.0000000e+00
   0.0000000e+00
   8.5330926e-02
   1.0658275e-01
   1.1152799e-01
   1.1345536e-01
   1.1428315e-01
   1.3087404e-01
   1.2344282e-01
   1.1066262e-01
   1.0255775e-01
   9.3805060e-02
   8.8623822e-02
   8.7812863e-02
   9.0222098e-02
   9.3911059e-02
   9.6989505e-02
   1.0542298e-01
   1.0292406e-01
   9.9133626e-02
   8.7397738e-02
   0.0000000e+00
   0.0000000e+00
   0.0000000e+00
   0.0000000e+00
   6.7361815e-02
   6.5272569e-02
   0.0000000e+00
   0.0000000e+00
   0.0000000e+00
   8.6672157e-02
   9.9939100e-02
   1.1436011e-01
   9.8840550e-02
   9.7840510e-02
   9.5085214e-02
   8.9149311e-02
   1.1102659e-01
   1.2389541e-01
   1.4215280e-01
   1.4406505e-01
   1.4194989e-01
   1.3819768e-01
   1.2414765e-01
   1.1741640e-01
   1.0720672e-01
   1.0015525e-01
   9.2816256e-02
   8.7254874e-02
   8.6747967e-02
   8.5186474e-02
   8.7099642e-02
   8.5037798e-02
   9.0245180e-02
   9.6239977e-02
   8.6628757e-02
   7.5167201e-02
   0.0000000e+00
   0.0000000e+00
   0.0000000e+00
   0.0000000e+00
   0.0000000e+00
   5.4533034e-02
   5.7889610e-02
   0.0000000e+00
   9.4072475e-02
   1.1449558e-01
   1.0724507e-01
   1.1986196e-01
   1.3270482e-01
   1.2143493e-01
   1.1437201e-01
   1.1033536e-01
   1.2067783e-01
   1.2390130e-01
   1.2946667e-01
   1.3647600e-01
   1.3515365e-01
   1.2950090e-01
   8.4841125e-02
   8.1438772e-02
   7.6096162e-02
   6.9994181e-02
   6.5633714e-02
   5.8657710e-02
   5.7290513e-02
   5.6802202e-02
   5.8125395e-02
   5.8705833e-02
   5.7708196e-02
   6.3913032e-02
   5.5451721e-02
   4.0561594e-02
   0.0000000e+00
   0.0000000e+00
   0.0000000e+00
   0.0000000e+00
   0.0000000e+00
   0.0000000e+00
   4.2240072e-02
   5.6210496e-02
   8.5944323e-02
   9.3934141e-02
   7.6955125e-02
   7.9230301e-02
   9.9449150e-02
   8.6770102e-02
   8.0429547e-02
   8.3312176e-02
   8.6342983e-02
   8.3967917e-02
   8.1449687e-02
   8.7653078e-02
   8.8762477e-02
   8.6693585e-02
   2.6138458e-02
   2.4818651e-02
   2.2923606e-02
   1.8869482e-02
   1.6713310e-02
   1.1868768e-02
   1.0465291e-02
   1.3506351e-02
   1.6467853e-02
   2.1994840e-02
   2.0205785e-02
   1.8620912e-02
   1.5496318e-02
   5.1277969e-03
   0.0000000e+00
   0.0000000e+00
  -0.0000000e+00
   0.0000000e+00
   0.0000000e+00
   0.0000000e+00
   1.1868333e-02
   2.6948302e-02
   4.3899994e-02
   3.9189514e-02
   2.7516296e-02
   2.4041109e-02
   2.9463129e-02
   2.4604635e-02
   1.9339908e-02
   1.9815857e-02
   2.1496862e-02
   2.3981601e-02
   2.2950009e-02
   2.4002202e-02
   2.5563601e-02
   2.6464405e-02
  -2.3399116e-02
  -2.2528594e-02
  -2.3323219e-02
  -2.4215791e-02
  -2.6439471e-02
  -2.7926363e-02
  -2.6717048e-02
  -2.2788722e-02
  -1.7339973e-02
  -1.3372458e-02
  -1.2792410e-02
  -1.8652217e-02
  -2.1848336e-02
  -1.8769898e-02
  -0.0000000e+00
   0.0000000e+00
  -0.0000000e+00
   0.0000000e+00
   0.0000000e+00
  -0.0000000e+00
  -1.6317552e-02
  -1.1378762e-02
  -2.8690945e-03
  -6.7522433e-03
  -1.8018397e-02
  -2.0364486e-02
  -1.8845733e-02
  -2.1016134e-02
  -2.9535344e-02
  -3.4484956e-02
  -2.9078813e-02
  -2.4337487e-02
  -2.3229634e-02
  -2.4798557e-02
  -2.5343366e-02
  -2.3945544e-02
  -5.2917760e-02
  -4.8641466e-02
  -4.8245106e-02
  -4.5880530e-02
  -4.6783518e-02
  -4.5450341e-02
  -4.2715382e-02
  -4.1181959e-02
  -3.6196146e-02
  -3.7062984e-02
  -3.6340747e-02
  -4.3664485e-02
  -5.0909068e-02
  -3.3063523e-02
  -0.0000000e+00
   0.0000000e+00
   0.0000000e+00
   0.0000000e+00
   0.0000000e+00
  -0.0000000e+00
  -0.0000000e+00
  -4.0438391e-02
  -3.4948390e-02
  -3.2862853e-02
  -4.4037145e-02
  -4.7794282e-02
  -4.4914041e-02
  -4.5228601e-02
  -5.5854473e-02
  -6.1561953e-02
  -5.4773405e-02
  -5.2544415e-02
  -5.0993647e-02
  -5.3711072e-02
  -5.6076515e-02
  -5.4657582e-02
  -6.4523593e-02
  -5.7723679e-02
  -5.5352177e-02
  -5.0521258e-02
  -4.9409639e-02
  -4.7017675e-02
  -4.4454154e-02
  -4.5654159e-02
  -4.4267017e-02
  -4.8712038e-02
  -4.9000908e-02
  -5.4829907e-02
  -6.3128017e-02
  -3.9029714e-02
  -0.0000000e+00
   0.0000000e+00
   0.0000000e+00
   0.0000000e+00
   0.0000000e+00
   0.0000000e+00
  -0.0000000e+00
  -5.4462302e-02
  -5.2743170e-02
  -4.5644678e-02
  -5.2624617e-02
  -5.8917850e-02
  -5.7093404e-02
  -5.5598207e-02
  -6.4139977e-02
  -6.7677051e-02
  -6.3123539e-02
  -6.4444534e-02
  -6.3324250e-02
  -6.6162698e-02
  -6.8841413e-02
  -6.7474045e-02
  -5.9479278e-02
  -5.1990565e-02
  -4.6398647e-02
  -4.0205546e-02
  -3.7182324e-02
  -3.6007084e-02
  -3.5881750e-02
  -3.9006110e-02
  -4.4057410e-02
  -4.9369626e-02
  -5.1083636e-02
  -5.1898595e-02
  -5.3593684e-02
  -3.5292976e-02
  -0.0000000e+00
   0.0000000e+00
   0.0000000e+00
   0.0000000e+00
   0.0000000e+00
   0.0000000e+00
  -0.0000000e+00
  -5.3779382e-02
  -5.7799023e-02
  -4.8122987e-02
  -4.5610704e-02
  -5.4889150e-02
  -5.9414189e-02
  -5.5268072e-02
  -5.6384291e-02
  -5.6344140e-02
  -5.7559244e-02
  -6.1741151e-02
  -6.1683677e-02
  -6.3976847e-02
  -6.5148503e-02
  -6.3718975e-02
  -3.6310516e-02
  -3.1658527e-02
  -2.4128681e-02
  -2.0078160e-02
  -1.9630229e-02
  -2.1445697e-02
  -2.5838433e-02
  -2.8385269e-02
  -3.6738329e-02
  -3.8687896e-02
  -4.1645627e-02
  -3.6517929e-02
  -2.3492685e-02
  -2.0664270e-02
  -0.0000000e+00
   0.0000000e+00
   0.0000000e+00
   0.0000000e+00
   0.0000000e+00
   0.0000000e+00
   0.0000000e+00
  -4.2675929e-02
  -4.3877576e-02
  -3.5221227e-02
  -2.8103914e-02
  -3.5803281e-02
  -4.5999248e-02
  -4.0180724e-02
  -3.4250669e-02
  -3.3671722e-02
  -3.7933651e-02
  -4.0211469e-02
  -4.2653348e-02
  -4.4140212e-02
  -4.3093219e-02
  -4.1621037e-02
  -2.0457303e-02
  -1.8704731e-02
  -1.3570914e-02
  -1.3075991e-02
  -1.6079860e-02
  -1.9765314e-02
  -2.6260968e-02
  -2.8380834e-02
  -3.5546083e-02
  -3.4483183e-02
  -3.5396010e-02
  -2.5686100e-02
  -3.9770021e-03
  -0.0000000e+00
   0.0000000e+00
   0.0000000e+00
   0.0000000e+00
   0.0000000e+00
   0.0000000e+00
   0.0000000e+00
   0.0000000e+00
  -0.0000000e+00
  -2.8021568e-02
  -2.1727607e-02
  -1.8092809e-02
  -2.2964312e-02
  -2.8187502e-02
  -2.3365311e-02
  -1.9512050e-02
  -2.1033242e-02
  -2.5391363e-02
  -2.4399374e-02
  -2.5901539e-02
  -2.6794111e-02
  -2.5529791e-02
  -2.5059436e-02
  -1.4859274e-02
  -1.4906581e-02
  -1.2811482e-02
  -1.5110509e-02
  -2.0307835e-02
  -2.4385639e-02
  -3.1210395e-02
  -3.2476485e-02
  -3.8259752e-02
  -3.5217579e-02
  -3.3505291e-02
  -2.0220950e-02
   8.9459401e-03
   0.0000000e+00
   0.0000000e+00
   0.0000000e+00
   0.0000000e+00
   0.0000000e+00
   0.0000000e+00
   0.0000000e+00
   0.0000000e+00
  -0.0000000e+00
  -1.8985143e-02
  -1.6429799e-02
  -1.6492400e-02
  -1.7805155e-02
  -1.7867593e-02
  -1.3132618e-02
  -1.2133474e-02
  -1.5496441e-02
  -2.0077169e-02
  -1.7915089e-02
  -1.8274827e-02
  -1.9144664e-02
  -1.7845215e-02
  -1.8606231e-02
  -1.8411318e-02
  -1.9690389e-02
  -2.2179168e-02
  -2.7161982e-02
  -3.3538036e-02
  -3.6283083e-02
  -4.1347198e-02
  -4.0880755e-02
  -4.4761587e-02
  -4.0455397e-02
  -3.4695826e-02
  -1.8548651e-02
   1.8552069e-02
   0.0000000e+00
   0.0000000e+00
   0.0000000e+00
   0.0000000e+00
   0.0000000e+00
   0.0000000e+00
   0.0000000e+00
   0.0000000e+00
  -0.0000000e+00
  -1.4467516e-02
  -1.9084699e-02
  -2.2696044e-02
  -1.8624481e-02
  -1.3118579e-02
  -6.2767621e-03
  -8.9964969e-03
  -1.4582112e-02
  -1.9546321e-02
  -1.8763848e-02
  -1.8045967e-02
  -1.9573003e-02
  -1.8291038e-02
  -2.0722067e-02
  -2.3584303e-02
  -2.6859589e-02
  -3.2189816e-02
  -3.7673444e-02
  -4.1961093e-02
  -4.2227879e-02
  -4.3739133e-02
  -4.1370451e-02
  -4.4119164e-02
  -3.9822783e-02
  -3.1627726e-02
  -1.9540384e-02
   1.4792927e-02
   0.0000000e+00
   0.0000000e+00
   0.0000000e+00
   0.0000000e+00
   0.0000000e+00
   0.0000000e+00
   0.0000000e+00
   0.0000000e+00
  -0.0000000e+00
  -2.1916337e-02
  -2.5536241e-02
  -2.6415974e-02
  -2.1408271e-02
  -1.5959984e-02
  -6.5683448e-03
  -6.5005366e-03
  -1.2365881e-02
  -1.6670303e-02
  -1.9057231e-02
  -2.0462917e-02
  -2.1800358e-02
  -2.1028781e-02
  -2.3555489e-02
  -2.1922456e-02
  -2.5060149e-02
  -2.9070511e-02
  -3.3434797e-02
  -3.6121871e-02
  -3.5062797e-02
  -3.5468888e-02
  -3.2259263e-02
  -3.3076435e-02
  -2.9856496e-02
  -2.2382600e-02
  -1.5641069e-02
   7.6656514e-03
   0.0000000e+00
   0.0000000e+00
   0.0000000e+00
   0.0000000e+00
   0.0000000e+00
   0.0000000e+00
   0.0000000e+00
   0.0000000e+00
  -0.0000000e+00
  -2.5946042e-02
  -2.7059013e-02
  -2.5684318e-02
  -2.2041146e-02
  -1.9009262e-02
  -9.4987806e-03
  -6.1170759e-03
  -0.0000000e+00
  -0.0000000e+00
  -1.8025634e-02
  -1.9938782e-02
  -2.0805120e-02
  -2.0094823e-02
  -2.1589605e-02
  -2.4110932e-02
  -2.6341610e-02
  -2.9223241e-02
  -3.3038590e-02
  -3.5381004e-02
  -3.4394417e-02
  -3.4948062e-02
  -3.1516816e-02
  -3.0911146e-02
  -2.8477453e-02
  -2.1553136e-02
  -1.8483728e-02
  -2.6683754e-03
   7.6134356e-03
   0.0000000e+00
   0.0000000e+00
   0.0000000e+00
   0.0000000e+00
   0.0000000e+00
  -0.0000000e+00
  -0.0000000e+00
  -0.0000000e+00
  -3.0855469e-02
  -3.0526575e-02
  -2.6931254e-02
  -2.4777677e-02
  -2.4260992e-02
  -1.4888884e-02
  -0.0000000e+00
   0.0000000e+00
   0.0000000e+00
  -0.0000000e+00
  -2.0896288e-02
  -2.2626838e-02
  -2.2682715e-02
  -2.3173524e-02
  -2.4471961e-02
  -2.0917095e-02
  -2.1048281e-02
  -2.1840043e-02
  -2.3236854e-02
  -2.3633728e-02
  -2.4124790e-02
  -2.0759372e-02
  -1.7598374e-02
  -1.7805481e-02
  -1.2817482e-02
  -1.6694356e-02
  -2.2143194e-02
  -1.4075223e-02
  -1.0872972e-02
  -1.4872752e-04
   0.0000000e+00
   0.0000000e+00
   0.0000000e+00
  -0.0000000e+00
  -2.9657467e-02
  -2.9619951e-02
  -3.3679508e-02
  -3.6364093e-02
  -2.5111411e-02
  -2.1135429e-02
  -2.4071112e-02
  -1.8840438e-02
  -0.0000000e+00
   0.0000000e+00
  -1.1250227e-02
  -1.5152112e-02
  -1.9791931e-02
  -2.5355175e-02
  -2.5956267e-02
  -2.3797154e-02
  -2.7976764e-02
  -1.8215062e-02
  -1.7210849e-02
  -1.4259696e-02
  -1.5585830e-02
  -1.6718427e-02
  -1.5287983e-02
  -1.2259088e-02
  -8.2449671e-03
  -1.1570324e-02
  -7.5487997e-03
  -1.5119705e-02
  -3.4000886e-02
  -3.3385437e-02
  -3.0946169e-02
  -1.6859157e-02
  -0.0000000e+00
   0.0000000e+00
   0.0000000e+00
  -0.0000000e+00
  -5.1392908e-02
  -4.4925145e-02
  -3.9840948e-02
  -4.3702271e-02
  -2.7416909e-02
  -1.8601311e-02
  -1.5769508e-02
  -8.7981996e-03
  -0.0000000e+00
  -0.0000000e+00
  -1.1252391e-02
  -1.8342094e-02
  -2.1091629e-02
  -3.1358302e-02
  -3.2302618e-02
  -2.9256983e-02
  -3.4849863e-02
  -2.3225464e-02
  -2.1696886e-02
  -1.6286016e-02
  -1.7510464e-02
  -1.8184355e-02
  -1.5583408e-02
  -1.4155406e-02
  -1.0601274e-02
  -1.4407955e-02
  -1.0448102e-02
  -1.5687035e-02
  -0.0000000e+00
  -4.1973790e-02
  -4.3029424e-02
  -2.6813302e-02
  -0.0000000e+00
   0.0000000e+00
   0.0000000e+00
  -4.5155693e-02
  -6.4486563e-02
  -5.9457093e-02
  -4.8757095e-02
  -4.9845230e-02
  -3.3311144e-02
  -2.0594634e-02
  -9.6361016e-03
   4.1656339e-04
   0.0000000e+00
  -0.0000000e+00
  -1.4526186e-02
  -2.6105019e-02
  -2.9541677e-02
  -4.0321622e-02
  -4.1170396e-02
  -3.7912734e-02
  -4.8255228e-02
  -3.7394878e-02
  -3.5207108e-02
  -2.7754901e-02
  -2.8742023e-02
  -2.8028045e-02
  -2.5187647e-02
  -2.6480999e-02
  -2.4599371e-02
  -2.6137348e-02
  -2.0905476e-02
  -2.0914874e-02
  -0.0000000e+00
  -4.2553396e-02
  -5.0921924e-02
  -3.7968710e-02
  -2.1927764e-02
   0.0000000e+00
  -0.0000000e+00
  -5.5119859e-02
  -7.6849036e-02
  -7.3922701e-02
  -6.3037314e-02
  -5.7872392e-02
  -4.3907168e-02
  -3.2579101e-02
  -8.8177146e-03
   9.0291044e-03
   0.0000000e+00
  -0.0000000e+00
  -2.3588914e-02
  -3.5601650e-02
  -4.3914128e-02
  -5.5371732e-02
  -5.6013346e-02
  -5.3158544e-02
  -6.3602962e-02
  -5.8629494e-02
  -5.4240350e-02
  -4.6839494e-02
  -4.6891298e-02
  -4.3806706e-02
  -4.5009963e-02
  -4.6953369e-02
  -4.9062159e-02
  -4.1747548e-02
  -3.0619806e-02
  -3.1229996e-02
  -0.0000000e+00
  -3.9082461e-02
  -5.1202916e-02
  -4.5151391e-02
  -3.7484224e-02
  -0.0000000e+00
  -0.0000000e+00
  -6.5247841e-02
  -8.3798446e-02
  -8.7770544e-02
  -7.5303152e-02
  -6.2097726e-02
  -5.1585839e-02
  -5.1982202e-02
  -1.6310658e-02
   0.0000000e+00
   0.0000000e+00
  -0.0000000e+00
  -3.6495704e-02
  -4.7683090e-02
  -5.7044279e-02
  -6.8848707e-02
  -6.7871101e-02
  -6.8510734e-02
  -6.2269643e-02
  -6.1428376e-02
  -5.8005959e-02
  -5.4259222e-02
  -5.5325169e-02
  -5.2487794e-02
  -5.6404397e-02
  -5.7522193e-02
  -5.8453269e-02
  -4.5765191e-02
  -2.9808559e-02
  -3.1309628e-02
  -0.0000000e+00
  -3.7166737e-02
  -4.6836268e-02
  -5.1427156e-02
  -4.9637321e-02
  -4.0957574e-02
  -4.7395539e-02
  -6.1962248e-02
  -8.1851216e-02
  -8.5999571e-02
  -7.5615093e-02
  -6.1855168e-02
  -4.3419008e-02
  -5.3121455e-02
  -2.9096708e-02
   0.0000000e+00
   0.0000000e+00
   0.0000000e+00
  -3.8821220e-02
  -4.7813747e-02
  -5.3065252e-02
  -6.2113348e-02
  -6.1125964e-02
  -6.4706586e-02
  -4.5590859e-02
  -4.6417836e-02
  -4.5361981e-02
  -4.6261288e-02
  -4.9274195e-02
  -4.9020592e-02
  -5.3658273e-02
  -5.4224808e-02
  -5.2555457e-02
  -3.9836667e-02
  -2.5032850e-02
  -0.0000000e+00
  -0.0000000e+00
  -0.0000000e+00
  -0.0000000e+00
  -4.8685834e-02
  -5.1230811e-02
  -4.1405968e-02
  -4.0253834e-02
  -5.1866133e-02
  -6.6045222e-02
  -6.9490999e-02
  -6.5564267e-02
  -4.3718296e-02
  -3.0190030e-02
  -4.2491578e-02
  -0.0000000e+00
   0.0000000e+00
   0.0000000e+00
   0.0000000e+00
  -3.1848355e-02
  -3.5205610e-02
  -3.9193086e-02
  -4.3918125e-02
  -4.3621745e-02
  -4.6970587e-02
  -1.0711182e-02
  -1.1904282e-02
  -1.4388586e-02
  -2.0773465e-02
  -2.6575673e-02
  -3.0620677e-02
  -3.4651801e-02
  -3.5547215e-02
  -3.1996109e-02
  -2.4255132e-02
  -1.6570928e-02
  -0.0000000e+00
   0.0000000e+00
  -0.0000000e+00
  -0.0000000e+00
  -3.5870479e-02
  -3.7257571e-02
  -3.3141680e-02
  -0.0000000e+00
  -3.6189478e-02
  -4.0875129e-02
  -4.2101333e-02
  -4.3921781e-02
  -1.8451250e-02
  -1.6185841e-02
  -0.0000000e+00
   0.0000000e+00
   0.0000000e+00
   0.0000000e+00
   0.0000000e+00
  -0.0000000e+00
  -5.9937239e-03
  -1.0982159e-02
  -1.1418399e-02
  -1.2554569e-02
  -1.2264522e-02
   4.6705905e-02
   4.4200566e-02
   3.6968172e-02
   2.5463928e-02
   1.6084453e-02
   7.8135058e-03
   4.3777251e-03
   1.6650986e-03
   2.1265708e-03
   2.2247924e-04
  -5.0461284e-03
  -0.0000000e+00
   0.0000000e+00
   0.0000000e+00
   0.0000000e+00
  -0.0000000e+00
  -6.9427597e-03
  -7.7071474e-03
  -6.4477052e-03
  -0.0000000e+00
  -2.9738473e-03
  -3.2918008e-03
  -8.5176872e-03
  -3.8074910e-03
  -0.0000000e+00
   0.0000000e+00
   0.0000000e+00
   0.0000000e+00
   0.0000000e+00
   0.0000000e+00
   0.0000000e+00
   4.4786677e-02
   3.9943669e-02
   4.0614791e-02
   3.8406607e-02
   4.5014307e-02
   1.1752445e-01
   1.1038795e-01
   9.3274884e-02
   7.6342300e-02
   6.1797176e-02
   4.9966805e-02
   4.4879656e-02
   3.9915346e-02
   3.6504835e-02
   2.5337551e-02
   1.0113606e-02
   0.0000000e+00
   0.0000000e+00
   0.0000000e+00
   0.0000000e+00
   0.0000000e+00
   0.0000000e+00
   2.6758257e-02
   1.6025238e-02
   0.0000000e+00
   0.0000000e+00
   0.0000000e+00
   3.4159650e-02
   2.4160789e-02
   0.0000000e+00
   0.0000000e+00
   0.0000000e+00
   0.0000000e+00
   0.0000000e+00
   0.0000000e+00
   0.0000000e+00
   9.3443871e-02
   1.0102949e-01
   1.0395755e-01
   1.0956123e-01
   1.1984272e-01
   1.6330843e-01
   1.4829524e-01
   1.2258705e-01
   1.0346641e-01
   8.6695887e-02
   7.3146567e-02
   6.7555800e-02
   6.2105648e-02
   5.7064578e-02
   4.3741615e-02
   2.7409585e-02
   0.0000000e+00
   0.0000000e+00
   0.0000000e+00
   0.0000000e+00
   0.0000000e+00
   0.0000000e+00
   5.4559822e-02
   0.0000000e+00
   0.0000000e+00
   0.0000000e+00
   0.0000000e+00
   6.4460968e-02
   3.8248449e-02
   0.0000000e+00
   0.0000000e+00
   0.0000000e+00
   0.0000000e+00
   0.0000000e+00
   0.0000000e+00
   0.0000000e+00
   0.0000000e+00
   1.3152854e-01
   1.5066662e-01
   1.6805726e-01
   1.7175739e-01
   1.6273932e-01
   1.3956177e-01
   1.1501324e-01
   9.5691226e-02
   8.1059322e-02
   7.2369345e-02
   6.9144644e-02
   6.5446682e-02
   6.1102919e-02
   5.1022450e-02
   3.5342951e-02
   0.0000000e+00
   0.0000000e+00
   0.0000000e+00
   0.0000000e+00
   0.0000000e+00
   0.0000000e+00
   5.9559405e-02
   6.8356774e-02
   0.0000000e+00
   0.0000000e+00
   0.0000000e+00
   6.6989207e-02
   0.0000000e+00
   0.0000000e+00
   0.0000000e+00
   0.0000000e+00
   0.0000000e+00
   0.0000000e+00
   0.0000000e+00
   0.0000000e+00
   0.0000000e+00
   1.2044873e-01
   1.5265076e-01
   1.7364295e-01
   1.7234200e-01
   1.1817983e-01
   9.6992716e-02
   8.0848344e-02
   6.7884549e-02
   6.0424082e-02
   5.9153706e-02
   5.6566492e-02
   5.4759368e-02
   4.9674466e-02
   4.3345299e-02
   0.0000000e+00
   0.0000000e+00
   0.0000000e+00
   0.0000000e+00
   0.0000000e+00
   0.0000000e+00
   0.0000000e+00
   0.0000000e+00
   5.5650314e-02
   5.6321626e-02
   0.0000000e+00
   0.0000000e+00
   5.1834135e-02
   0.0000000e+00
   0.0000000e+00
   0.0000000e+00
   0.0000000e+00
   0.0000000e+00
   0.0000000e+00
   0.0000000e+00
   0.0000000e+00
   0.0000000e+00
   7.9364265e-02
   1.0330242e-01
   1.2076459e-01
   1.2226487e-01
   2.8366571e-02
   2.2541242e-02
   2.0205595e-02
   2.1026788e-02
   2.4377143e-02
   2.6643403e-02
   2.4040179e-02
   2.3744341e-02
   2.3068320e-02
   1.7872064e-02
   0.0000000e+00
   0.0000000e+00
   0.0000000e+00
   0.0000000e+00
   0.0000000e+00
   0.0000000e+00
   0.0000000e+00
   0.0000000e+00
   0.0000000e+00
   2.2707390e-02
   3.2128832e-03
   0.0000000e+00
   2.6676686e-02
   0.0000000e+00
  -0.0000000e+00
   0.0000000e+00
   0.0000000e+00
   0.0000000e+00
   0.0000000e+00
   0.0000000e+00
   0.0000000e+00
   0.0000000e+00
   1.8498747e-02
   1.9630292e-02
   2.8218700e-02
   2.9784992e-02
  -5.6039881e-02
  -5.3168051e-02
  -4.5882303e-02
  -3.7357807e-02
  -3.0652581e-02
  -2.9217413e-02
  -2.6778675e-02
  -2.0939834e-02
  -1.2765076e-02
  -4.1242120e-03
   0.0000000e+00
   0.0000000e+00
   0.0000000e+00
   0.0000000e+00
   0.0000000e+00
   0.0000000e+00
   0.0000000e+00
   0.0000000e+00
   0.0000000e+00
  -0.0000000e+00
  -1.0390174e-02
  -5.7899238e-03
   1.3439958e-03
  -1.5239854e-02
  -0.0000000e+00
   0.0000000e+00
   0.0000000e+00
   0.0000000e+00
   0.0000000e+00
   0.0000000e+00
   0.0000000e+00
  -0.0000000e+00
  -0.0000000e+00
  -0.0000000e+00
  -4.4172462e-02
  -5.2771568e-02
  -0.0000000e+00
  -0.0000000e+00
  -8.8566984e-02
  -8.7398887e-02
  -8.6379595e-02
  -8.2780562e-02
  -6.9358901e-02
  -4.1540408e-02
  -0.0000000e+00
  -0.0000000e+00
   0.0000000e+00
   0.0000000e+00
  -1.0731686e-02
  -9.2148331e-03
  -7.9232832e-03
  -8.1296718e-03
  -9.7721144e-03
  -1.1176697e-02
  -1.1808687e-02
  -1.5142056e-02
  -2.1482679e-02
  -2.4855269e-02
  -2.4886857e-02
  -2.4116521e-02
  -1.8566147e-02
   0.0000000e+00
   0.0000000e+00
   0.0000000e+00
   0.0000000e+00
   0.0000000e+00
   0.0000000e+00
   0.0000000e+00
  -0.0000000e+00
  -0.0000000e+00
  -0.0000000e+00
  -0.0000000e+00
