  -0.0000000e+00
  -0.0000000e+00
  -0.0000000e+00
  -0.0000000e+00
  -0.0000000e+00
  -0.0000000e+00
  -0.0000000e+00
  -2.0981339e-03
  -1.5789561e-03
  -1.0245997e-03
  -4.2997776e-04
  -4.9325796e-04
  -0.0000000e+00
   0.0000000e+00
   0.0000000e+00
   0.0000000e+00
   0.0000000e+00
   0.0000000e+00
   0.0000000e+00
   0.0000000e+00
   0.0000000e+00
   0.0000000e+00
   0.0000000e+00
   0.0000000e+00
   0.0000000e+00
   0.0000000e+00
   0.0000000e+00
   0.0000000e+00
   0.0000000e+00
   0.0000000e+00
   0.0000000e+00
   0.0000000e+00
   0.0000000e+00
   0.0000000e+00
   0.0000000e+00
  -0.0000000e+00
  -9.1187144e-03
  -1.0924413e-02
  -1.2108668e-02
  -1.2118602e-02
  -1.1194154e-02
  -1.0366636e-02
  -9.6657249e-03
  -0.0000000e+00
  -0.0000000e+00
  -0.0000000e+00
   5.9555360e-04
   5.5715127e-04
   2.4940187e-04
   4.7917107e-04
   0.0000000e+00
   0.0000000e+00
   0.0000000e+00
   0.0000000e+00
   0.0000000e+00
   0.0000000e+00
   0.0000000e+00
   0.0000000e+00
   0.0000000e+00
   0.0000000e+00
   0.0000000e+00
   0.0000000e+00
   0.0000000e+00
   0.0000000e+00
   0.0000000e+00
   0.0000000e+00
   0.0000000e+00
   0.0000000e+00
   0.0000000e+00
   0.0000000e+00
  -0.0000000e+00
  -6.1455845e-03
  -1.5024881e-02
  -1.2119168e-02
  -8.3638337e-03
  -5.9383884e-03
  -1.8208250e-03
   2.9946101e-04
  -7.3701644e-04
  -3.3490411e-03
  -5.8287807e-03
   0.0000000e+00
  -0.0000000e+00
  -2.0668227e-03
  -4.6582890e-04
  -4.2848822e-04
   0.0000000e+00
   0.0000000e+00
   0.0000000e+00
   0.0000000e+00
   0.0000000e+00
   0.0000000e+00
   0.0000000e+00
   0.0000000e+00
   0.0000000e+00
   0.0000000e+00
   0.0000000e+00
   0.0000000e+00
   0.0000000e+00
   0.0000000e+00
   0.0000000e+00
   0.0000000e+00
   0.0000000e+00
   0.0000000e+00
   0.0000000e+00
  -0.0000000e+00
  -0.0000000e+00
  -1.5961615e-02
   1.6246727e-02
   2.7019724e-02
   3.5935521e-02
   3.9445728e-02
   4.1435037e-02
   4.0442027e-02
   3.6452137e-02
   3.2519102e-02
   2.5090806e-02
   1.8979479e-02
   0.0000000e+00
   5.3239954e-03
   9.4547904e-03
   0.0000000e+00
   0.0000000e+00
   0.0000000e+00
   0.0000000e+00
   0.0000000e+00
   0.0000000e+00
   0.0000000e+00
   0.0000000e+00
   0.0000000e+00
   0.0000000e+00
   0.0000000e+00
   0.0000000e+00
   0.0000000e+00
  -0.0000000e+00
  -0.0000000e+00
   0.0000000e+00
   0.0000000e+00
   0.0000000e+00
   0.0000000e+00
   0.0000000e+00
   0.0000000e+00
  -1.0243829e-03
   3.6214683e-03
   7.0528284e-02
   8.0419458e-02
   8.5646540e-02
   8.5164391e-02
   7.9150394e-02
   7.6572001e-02
   7.3862582e-02
   7.2553851e-02
   7.1574427e-02
   5.9828587e-02
   4.1497806e-02
   3.6655433e-02
   5.6029375e-02
   6.0356165e-02
   4.6308880e-02
   0.0000000e+00
   0.0000000e+00
   0.0000000e+00
   0.0000000e+00
   0.0000000e+00
   0.0000000e+00
   0.0000000e+00
   0.0000000e+00
   0.0000000e+00
   0.0000000e+00
   3.9933527e-02
   4.2287469e-02
   1.9886266e-02
   0.0000000e+00
   0.0000000e+00
   0.0000000e+00
   0.0000000e+00
   0.0000000e+00
   0.0000000e+00
   3.1731024e-02
   5.1932979e-02
   1.0972568e-01
   1.1305233e-01
   1.1411373e-01
   1.0760820e-01
   9.6706845e-02
   9.2866279e-02
   8.9322813e-02
   9.3866885e-02
   9.3231134e-02
   9.6213743e-02
   8.5289687e-02
   6.2362172e-02
   5.9740286e-02
   5.8395356e-02
   4.4577553e-02
   0.0000000e+00
   0.0000000e+00
   0.0000000e+00
   0.0000000e+00
   0.0000000e+00
   0.0000000e+00
   0.0000000e+00
   0.0000000e+00
   0.0000000e+00
   0.0000000e+00
   8.9421973e-02
   1.0713783e-01
   6.6955076e-02
   0.0000000e+00
   0.0000000e+00
   0.0000000e+00
   0.0000000e+00
   0.0000000e+00
   4.1246533e-02
   7.2880104e-02
   9.1767967e-02
   1.1408006e-01
   1.1058065e-01
   1.0936546e-01
   1.0022529e-01
   9.1771118e-02
   8.6629920e-02
   8.1888944e-02
   8.8877581e-02
   8.7872215e-02
   9.3681738e-02
   8.8490278e-02
   5.4525129e-02
   3.6328425e-02
   4.0837292e-02
   0.0000000e+00
   0.0000000e+00
   0.0000000e+00
   0.0000000e+00
   0.0000000e+00
   7.0304573e-02
   4.1469035e-02
   0.0000000e+00
   0.0000000e+00
   0.0000000e+00
   1.1174501e-01
   1.3236301e-01
   1.3383283e-01
   9.2390031e-02
   5.3358984e-02
   0.0000000e+00
   0.0000000e+00
   0.0000000e+00
   0.0000000e+00
   7.1676582e-02
   9.4372302e-02
   1.0275987e-01
   8.5541822e-02
   8.0370910e-02
   7.8591354e-02
   7.0875004e-02
   6.7539044e-02
   6.2320936e-02
   6.0559761e-02
   6.4906344e-02
   6.6477194e-02
   6.5355569e-02
   5.3508542e-02
   3.2584874e-02
   0.0000000e+00
   0.0000000e+00
   0.0000000e+00
   0.0000000e+00
   0.0000000e+00
   0.0000000e+00
   0.0000000e+00
   9.5314898e-02
   6.3109229e-02
   0.0000000e+00
   0.0000000e+00
   9.1096214e-02
   1.2856787e-01
   1.3136274e-01
   1.1576612e-01
   8.9388683e-02
   5.8224175e-02
   2.8164336e-02
   0.0000000e+00
   0.0000000e+00
   5.9215469e-02
   8.4892757e-02
   8.4571555e-02
   8.4024861e-02
   4.2386513e-02
   3.9011613e-02
   3.7319489e-02
   3.2528102e-02
   3.2196376e-02
   2.8494725e-02
   3.1106334e-02
   3.2256290e-02
   3.6237840e-02
   2.9862793e-02
   1.1852480e-02
   6.7965208e-03
   0.0000000e+00
   0.0000000e+00
   0.0000000e+00
   0.0000000e+00
   0.0000000e+00
   0.0000000e+00
   0.0000000e+00
   8.5139334e-02
   5.9276238e-02
   2.1964629e-02
   0.0000000e+00
   8.7628625e-02
   1.0074995e-01
   8.9873493e-02
   7.5135633e-02
   6.1768100e-02
   5.1240727e-02
   2.0671590e-02
   0.0000000e+00
   0.0000000e+00
   5.8860466e-02
   6.8381190e-02
   5.3999461e-02
   4.8195515e-02
  -5.2206084e-04
  -2.2690219e-03
  -4.3733791e-03
  -6.2040864e-03
  -6.5735560e-03
  -8.1839748e-03
  -3.9794813e-03
  -3.9514974e-03
   4.3270021e-04
  -5.2789222e-03
  -1.7942926e-02
  -7.4942622e-03
   0.0000000e+00
   0.0000000e+00
   0.0000000e+00
   0.0000000e+00
   0.0000000e+00
   0.0000000e+00
   1.2607239e-02
   3.9603245e-02
   4.3033596e-02
   2.3536644e-02
   2.3318473e-02
   4.5933485e-02
   4.2856317e-02
   3.0464118e-02
   2.8095897e-02
   2.1185191e-02
   1.9908950e-02
   1.2688893e-02
  -0.0000000e+00
   2.2910746e-02
   3.6969595e-02
   2.9670998e-02
   1.6115543e-02
   7.2445506e-03
  -4.0026478e-02
  -4.2009484e-02
  -4.6447344e-02
  -4.5679830e-02
  -4.7021925e-02
  -4.7764506e-02
  -4.5743279e-02
  -4.8181649e-02
  -4.4406287e-02
  -4.4553824e-02
  -2.7332637e-02
  -5.8428167e-03
   0.0000000e+00
   0.0000000e+00
   0.0000000e+00
   0.0000000e+00
   0.0000000e+00
  -0.0000000e+00
  -1.8018799e-02
  -1.8209569e-02
  -6.5461234e-03
   7.6161046e-03
  -2.3701580e-03
  -1.7807731e-02
  -1.7933041e-02
  -2.1090033e-02
  -2.1116244e-02
  -2.2589471e-02
  -2.2188121e-02
  -7.5850529e-03
  -2.5782881e-04
  -1.4132552e-03
  -5.7914676e-03
  -1.5938947e-02
  -2.4230480e-02
  -3.2977857e-02
  -7.1508333e-02
  -7.3488668e-02
  -7.8697227e-02
  -7.6486178e-02
  -7.6736167e-02
  -7.8612305e-02
  -7.8541085e-02
  -8.4734783e-02
  -7.9151414e-02
  -7.2551034e-02
  -3.1734116e-02
  -4.7577082e-03
   0.0000000e+00
  -0.0000000e+00
  -0.0000000e+00
   0.0000000e+00
   0.0000000e+00
  -0.0000000e+00
  -2.0397125e-02
  -4.6503056e-02
  -5.1995240e-02
  -3.0675011e-02
  -3.8313311e-02
  -5.6489009e-02
  -5.5814467e-02
  -5.2449394e-02
  -4.8132160e-02
  -4.7730929e-02
  -4.7672804e-02
  -3.3613507e-02
  -2.8449457e-02
  -3.6629505e-02
  -4.1821830e-02
  -4.9338669e-02
  -5.6637168e-02
  -6.2987685e-02
  -9.2916556e-02
  -9.5362931e-02
  -9.7609907e-02
  -9.5304705e-02
  -9.3335390e-02
  -9.6599013e-02
  -9.7787760e-02
  -1.0353281e-01
  -9.7616076e-02
  -8.3058611e-02
  -3.6627434e-02
   3.7386780e-03
  -7.4193062e-04
  -6.3028494e-03
   5.2957952e-04
   0.0000000e+00
   0.0000000e+00
   0.0000000e+00
  -0.0000000e+00
  -4.9783900e-02
  -7.5695612e-02
  -6.7394264e-02
  -6.7608468e-02
  -6.6873915e-02
  -6.5520987e-02
  -6.3593999e-02
  -5.0859954e-02
  -5.1809679e-02
  -5.8886692e-02
  -5.6130342e-02
  -5.6393694e-02
  -6.2251352e-02
  -6.6992827e-02
  -7.1864232e-02
  -7.8160837e-02
  -8.3991282e-02
  -1.0635514e-01
  -1.0940886e-01
  -1.0756615e-01
  -1.0579276e-01
  -1.0191723e-01
  -1.0635981e-01
  -1.0851631e-01
  -1.1172576e-01
  -1.0619596e-01
  -8.4579125e-02
  -4.0784761e-02
   1.2128677e-03
  -1.0188472e-03
  -7.9055745e-03
   4.9375464e-03
   0.0000000e+00
   0.0000000e+00
   0.0000000e+00
  -0.0000000e+00
  -0.0000000e+00
  -8.4714912e-02
  -9.4489962e-02
  -8.5470930e-02
  -6.2241413e-02
  -5.9079941e-02
  -6.0821015e-02
  -4.1817479e-02
  -4.5239732e-02
  -6.2440265e-02
  -7.4485600e-02
  -7.9199828e-02
  -7.9535812e-02
  -8.3471663e-02
  -8.5920691e-02
  -9.1825277e-02
  -9.7977273e-02
  -1.0137204e-01
  -1.0489534e-01
  -9.8955393e-02
  -9.8919645e-02
  -9.5739603e-02
  -1.0023601e-01
  -1.0326429e-01
  -1.0029610e-01
  -9.5687427e-02
  -7.1692184e-02
  -3.8647059e-02
  -6.1541717e-03
   5.9939374e-04
  -1.5342670e-03
   9.1027550e-03
   0.0000000e+00
   0.0000000e+00
   0.0000000e+00
   0.0000000e+00
  -0.0000000e+00
  -6.4587116e-02
  -8.6867027e-02
  -6.8265602e-02
  -3.8404574e-02
  -2.8755784e-02
  -3.1894712e-02
  -0.0000000e+00
  -0.0000000e+00
  -5.3765884e-02
  -7.9463087e-02
  -8.1213742e-02
  -7.5381294e-02
  -7.9552412e-02
  -8.1460632e-02
  -8.9266844e-02
  -9.6607402e-02
  -8.0449380e-02
  -8.1051961e-02
  -7.8709558e-02
  -7.9573259e-02
  -8.0460466e-02
  -8.6115450e-02
  -8.7763980e-02
  -8.5620075e-02
  -7.4242219e-02
  -5.4223001e-02
  -2.7311251e-02
  -1.4348669e-03
   3.7195759e-03
   1.0483700e-02
   1.2325061e-02
   0.0000000e+00
   0.0000000e+00
   0.0000000e+00
  -0.0000000e+00
  -0.0000000e+00
  -4.1966851e-02
  -4.7297141e-02
  -4.3350260e-02
  -0.0000000e+00
   0.0000000e+00
   0.0000000e+00
   0.0000000e+00
   0.0000000e+00
  -0.0000000e+00
  -6.1156120e-02
  -5.3402867e-02
  -5.1995665e-02
  -5.7501197e-02
  -6.1928038e-02
  -7.2112799e-02
  -7.6253943e-02
  -6.1310928e-02
  -6.0148358e-02
  -5.9794322e-02
  -6.2194988e-02
  -6.4017870e-02
  -7.1811907e-02
  -7.0999153e-02
  -7.0935063e-02
  -5.5818874e-02
  -3.7242521e-02
  -1.6432991e-02
   5.3231013e-03
   3.0855918e-03
   1.0855043e-02
   1.4729005e-02
   0.0000000e+00
   0.0000000e+00
   0.0000000e+00
  -0.0000000e+00
  -0.0000000e+00
  -0.0000000e+00
  -2.0535629e-02
   0.0000000e+00
   0.0000000e+00
   0.0000000e+00
  -0.0000000e+00
  -0.0000000e+00
  -2.2103900e-02
  -2.7779836e-02
  -4.3237079e-02
  -3.4053549e-02
  -3.4186229e-02
  -3.9695460e-02
  -4.4525407e-02
  -5.5087589e-02
  -5.6816872e-02
  -4.1911289e-02
  -3.9513014e-02
  -4.0424008e-02
  -4.4771995e-02
  -4.6053953e-02
  -5.6526095e-02
  -5.2660394e-02
  -5.5297889e-02
  -3.7845220e-02
  -1.9301891e-02
  -5.2176602e-03
   1.3362568e-02
   5.2193011e-04
   9.3141729e-03
   1.9099035e-02
   0.0000000e+00
   0.0000000e+00
   0.0000000e+00
  -0.0000000e+00
  -0.0000000e+00
  -0.0000000e+00
  -2.9135996e-04
   7.5803159e-03
  -0.0000000e+00
  -0.0000000e+00
   0.0000000e+00
  -1.6146909e-02
  -2.3069661e-02
  -1.6673213e-02
  -2.4465455e-02
  -1.8149441e-02
  -1.8271564e-02
  -2.2985036e-02
  -2.7188072e-02
  -3.7025258e-02
  -3.6724236e-02
  -2.1661300e-02
  -2.1251651e-02
  -1.8341629e-02
  -2.3236029e-02
  -2.0279022e-02
  -2.8504822e-02
  -2.3847148e-02
  -2.3562158e-02
  -1.5609061e-02
  -3.5577575e-03
  -3.7614920e-03
   3.4424132e-03
  -1.3695866e-02
  -7.3228283e-03
   1.7334379e-02
   0.0000000e+00
   0.0000000e+00
   0.0000000e+00
   0.0000000e+00
  -0.0000000e+00
  -1.9810074e-03
   1.3580984e-02
   9.9255526e-03
  -3.2808902e-03
  -8.7155439e-03
  -1.6197626e-02
  -2.1679062e-02
  -2.5878621e-02
  -1.2791713e-02
  -1.4348174e-02
  -1.6216127e-02
  -1.3355411e-02
  -1.5890229e-02
  -1.2879883e-02
  -1.8869316e-02
  -1.8364834e-02
  -2.3621425e-02
  -2.3294885e-02
  -1.9356525e-02
  -2.1634990e-02
  -1.7033961e-02
  -2.2388933e-02
  -1.8342938e-02
  -1.8174753e-02
  -1.4097877e-02
  -8.8664303e-03
  -1.6445538e-02
  -1.4663991e-02
  -3.0728376e-02
  -2.0370791e-02
   6.8781888e-03
   0.0000000e+00
   0.0000000e+00
   0.0000000e+00
   0.0000000e+00
  -0.0000000e+00
  -1.8615463e-04
   1.3780110e-02
   1.4051434e-04
  -1.5301733e-02
  -2.7082127e-02
  -3.5513662e-02
  -3.1273976e-02
  -3.1471170e-02
  -2.0150589e-02
  -2.5338672e-02
  -2.8329533e-02
  -2.6240151e-02
  -2.5771780e-02
  -1.7625492e-02
  -2.1444399e-02
  -2.0082371e-02
  -3.1156987e-02
  -3.0391986e-02
  -2.6119543e-02
  -2.4888095e-02
  -1.9058501e-02
  -2.1885257e-02
  -1.8672461e-02
  -1.9801769e-02
  -1.9116204e-02
  -2.0907711e-02
  -3.4017991e-02
  -3.7464626e-02
  -4.8720866e-02
  -3.3444554e-02
  -2.2663693e-03
   0.0000000e+00
   0.0000000e+00
   0.0000000e+00
   0.0000000e+00
  -0.0000000e+00
  -5.7879323e-04
   1.1424282e-02
  -8.2204025e-03
  -2.8984295e-02
  -4.7527429e-02
  -5.2561197e-02
  -4.3343790e-02
  -3.9148107e-02
  -2.9749351e-02
  -3.9950971e-02
  -4.4120885e-02
  -4.3357346e-02
  -3.9154790e-02
  -2.7525904e-02
  -2.8716549e-02
  -2.6758648e-02
  -5.0832979e-02
  -4.8665788e-02
  -4.5312725e-02
  -3.8800478e-02
  -3.2575134e-02
  -3.3643104e-02
  -3.1919479e-02
  -3.6593199e-02
  -3.8256820e-02
  -4.7052119e-02
  -6.2270422e-02
  -7.0863947e-02
  -7.0372432e-02
  -4.8292179e-02
  -1.3712313e-02
   2.9989988e-03
   0.0000000e+00
   0.0000000e+00
   0.0000000e+00
  -0.0000000e+00
  -6.0618250e-03
   3.9119653e-03
  -1.5436928e-02
  -4.6820655e-02
  -7.3716678e-02
  -6.6888869e-02
  -6.1548058e-02
  -5.1977981e-02
  -4.4883139e-02
  -6.3015230e-02
  -6.8740919e-02
  -7.0430726e-02
  -6.0861945e-02
  -4.8727207e-02
  -4.6290770e-02
  -4.4361856e-02
  -7.1067184e-02
  -7.0304357e-02
  -6.6036478e-02
  -5.8108397e-02
  -5.4048818e-02
  -5.5486247e-02
  -6.0810246e-02
  -6.4965799e-02
  -6.7953013e-02
  -6.6108286e-02
  -7.1659721e-02
  -7.9542361e-02
  -6.7325339e-02
  -5.5148270e-02
  -1.4387785e-02
   4.6114358e-03
   0.0000000e+00
   0.0000000e+00
  -0.0000000e+00
  -3.4205542e-02
  -8.8617608e-03
  -5.8880655e-04
  -0.0000000e+00
  -4.9163693e-02
  -7.6669343e-02
  -7.0194162e-02
  -6.7155398e-02
  -5.6441344e-02
  -5.5539981e-02
  -7.2047368e-02
  -8.3062708e-02
  -8.3856970e-02
  -7.6539621e-02
  -6.9104537e-02
  -6.3699305e-02
  -6.6047423e-02
  -6.9477804e-02
  -6.9843359e-02
  -6.5648638e-02
  -6.1387371e-02
  -6.0145058e-02
  -6.3081853e-02
  -7.0092320e-02
  -6.9987841e-02
  -6.9753580e-02
  -6.1269443e-02
  -6.1690375e-02
  -6.3590363e-02
  -5.1212594e-02
  -4.5919169e-02
  -9.0172840e-03
   3.3481093e-03
   0.0000000e+00
   0.0000000e+00
  -0.0000000e+00
  -3.1354588e-02
  -5.5083422e-03
  -1.0256256e-03
   0.0000000e+00
  -0.0000000e+00
  -5.9810001e-02
  -5.8266178e-02
  -5.3606022e-02
  -4.7747370e-02
  -5.4436982e-02
  -6.6633090e-02
  -7.4960761e-02
  -7.5380586e-02
  -7.1133263e-02
  -6.5936059e-02
  -6.2579803e-02
  -6.6814281e-02
  -5.6762997e-02
  -5.7715468e-02
  -5.4440759e-02
  -5.4613441e-02
  -5.6007452e-02
  -5.9980962e-02
  -6.5477952e-02
  -6.1048545e-02
  -5.6871194e-02
  -4.5854118e-02
  -4.3542299e-02
  -3.9277431e-02
  -3.0946096e-02
  -2.9848376e-02
  -2.7602126e-03
   1.1161899e-03
  -0.0000000e+00
  -0.0000000e+00
  -0.0000000e+00
  -2.1769695e-02
  -9.5366068e-04
  -0.0000000e+00
  -0.0000000e+00
  -0.0000000e+00
  -3.6203746e-02
  -3.7554137e-02
  -3.1629764e-02
  -3.2501418e-02
  -4.5511339e-02
  -5.3357873e-02
  -5.6851171e-02
  -5.6970190e-02
  -5.5186074e-02
  -5.1340438e-02
  -5.1142816e-02
  -5.5912822e-02
  -2.7433109e-02
  -2.6967917e-02
  -2.6793618e-02
  -2.9821778e-02
  -3.3337060e-02
  -3.6286749e-02
  -3.4474541e-02
  -2.8331591e-02
  -2.1290066e-02
  -1.7599277e-02
  -1.5069203e-02
  -7.9509756e-03
  -7.5442148e-03
  -5.2560633e-03
   2.3815802e-03
  -6.2599975e-03
  -0.0000000e+00
  -1.6611762e-02
  -8.6833173e-03
  -4.9880672e-05
   8.3856320e-03
   0.0000000e+00
  -0.0000000e+00
  -1.0058179e-02
  -7.0381141e-03
  -4.8184182e-04
   2.0358160e-03
  -7.0209526e-03
  -2.2239458e-02
  -2.7751369e-02
  -2.5284320e-02
  -2.4646157e-02
  -2.2223579e-02
  -1.9783041e-02
  -2.2783771e-02
  -2.6094558e-02
   1.7515959e-02
   1.7377334e-02
   1.7133350e-02
   1.4905807e-02
   1.2101415e-02
   1.2037431e-02
   1.5955126e-02
   2.2006603e-02
   2.7179224e-02
   2.6863066e-02
   2.8720982e-02
   3.0761849e-02
   2.4925733e-02
   2.4690606e-02
   1.0873509e-02
  -9.5518678e-03
  -7.9973681e-03
   2.1518490e-03
   2.3982180e-02
   2.9343864e-02
   1.6568087e-02
   1.5083647e-02
   8.5753171e-03
   6.8297759e-03
   2.6931750e-02
   4.3301143e-02
   4.4386405e-02
   3.5655268e-02
   2.6189586e-02
   2.2149915e-02
   2.0101069e-02
   2.3333477e-02
   2.7651113e-02
   2.7379243e-02
   2.4146637e-02
   1.9473497e-02
   6.1323546e-02
   5.9237212e-02
   6.1299630e-02
   5.9415590e-02
   5.9259400e-02
   5.9892170e-02
   6.2767044e-02
   6.8162262e-02
   6.7487158e-02
   7.0034675e-02
   7.0552476e-02
   6.5714002e-02
   5.8086786e-02
   4.9439907e-02
   2.8860051e-02
   1.1993017e-02
   1.8142173e-02
   2.7050275e-02
   3.7923470e-02
   3.0134944e-02
   1.7748697e-02
   2.5709596e-02
   2.3924338e-02
   2.6744563e-02
   4.7090277e-02
   5.7715371e-02
   7.7660412e-02
   8.1326209e-02
   7.7952042e-02
   7.3796958e-02
   6.5729849e-02
   7.3043905e-02
   7.4299693e-02
   7.3885456e-02
   7.0435390e-02
   6.3673869e-02
   9.6393161e-02
   9.3479596e-02
   9.5513478e-02
   9.2992701e-02
   9.4698489e-02
   9.3692333e-02
   9.7045451e-02
   9.9135779e-02
   9.7619899e-02
   1.0267211e-01
   9.9258415e-02
   9.2719838e-02
   8.4679574e-02
   7.2093748e-02
   5.1530559e-02
   4.3682933e-02
   4.6916917e-02
   4.1591033e-02
   3.6918988e-02
   2.7046656e-02
   0.0000000e+00
   0.0000000e+00
   2.3274140e-02
   4.5568455e-02
   5.8843467e-02
   6.0004225e-02
   1.0104734e-01
   1.1940987e-01
   1.2075018e-01
   1.1341387e-01
   1.0657007e-01
   1.1453901e-01
   1.1211930e-01
   1.1261513e-01
   1.0717786e-01
   1.0048627e-01
   1.1000341e-01
   1.0799278e-01
   1.0681817e-01
   1.0334836e-01
   1.0575259e-01
   1.0363838e-01
   1.0883570e-01
   1.0770437e-01
   1.1020315e-01
   1.1226583e-01
   1.0352921e-01
   9.9047616e-02
   9.0717182e-02
   8.3207302e-02
   6.8576276e-02
   6.7788489e-02
   6.3707702e-02
   4.1340426e-02
   2.9350601e-02
   0.0000000e+00
   0.0000000e+00
   0.0000000e+00
   0.0000000e+00
   5.2920543e-02
   6.3824752e-02
   0.0000000e+00
   1.1374629e-01
   1.3116211e-01
   1.3518946e-01
   1.2583342e-01
   1.2434831e-01
   1.2960015e-01
   1.2677284e-01
   1.2594023e-01
   1.1814301e-01
   1.1555293e-01
   9.0397649e-02
   9.0332121e-02
   8.7365001e-02
   8.4667444e-02
   8.7149538e-02
   8.6427689e-02
   9.1566615e-02
   9.0076722e-02
   9.3182437e-02
   8.8638522e-02
   7.8168519e-02
   7.3256187e-02
   6.4163528e-02
   6.5418251e-02
   6.0700219e-02
   6.1472837e-02
   5.5210754e-02
   3.0272435e-02
   2.0894681e-02
   0.0000000e+00
   0.0000000e+00
  -0.0000000e+00
   1.6730963e-03
   4.0617675e-02
   5.5103861e-02
   5.8509205e-02
   8.8799343e-02
   9.6173458e-02
   1.0168200e-01
   9.9264041e-02
   1.0175212e-01
   1.0214359e-01
   1.0165384e-01
   9.7613096e-02
   8.9966968e-02
   9.3173221e-02
   4.2833641e-02
   4.5528721e-02
   4.7690053e-02
   4.8375364e-02
   5.0620653e-02
   5.0819766e-02
   5.2064095e-02
   5.0440960e-02
   4.6753809e-02
   4.1076720e-02
   3.4628429e-02
   2.4867892e-02
   1.5565081e-02
   1.8083414e-02
   2.0951301e-02
   2.4177739e-02
   2.5950849e-02
   1.5645579e-02
   1.2152989e-02
   0.0000000e+00
   0.0000000e+00
   0.0000000e+00
   2.9141168e-04
   1.8522870e-02
   3.3065148e-02
   3.6963552e-02
   3.4707144e-02
   2.5766838e-02
   3.0468291e-02
   4.1021176e-02
   4.6268936e-02
   4.2988233e-02
   4.2837009e-02
   3.9385132e-02
   3.4532215e-02
   3.9548542e-02
  -9.8438589e-03
  -3.5645168e-03
   3.2740524e-03
   6.2505314e-03
   7.1189664e-03
   5.4367422e-03
   2.8821782e-03
   7.1106688e-04
  -3.8483946e-03
  -6.8997880e-03
  -1.0913510e-02
  -2.0801732e-02
  -2.6595263e-02
  -2.5704566e-02
  -1.9832453e-02
  -1.1970754e-02
  -6.3432544e-03
  -5.7658905e-03
  -0.0000000e+00
  -0.0000000e+00
  -5.2574670e-03
   2.4949296e-03
   4.8659481e-03
   1.8481709e-03
  -2.6478197e-03
  -1.1180591e-02
  -2.1927061e-02
  -3.5829782e-02
  -4.0791240e-02
  -2.7963202e-02
  -1.7580349e-02
  -1.7788561e-02
  -1.7409813e-02
  -1.6132422e-02
  -1.7823867e-02
  -1.5327543e-02
  -4.0400073e-02
  -3.6395989e-02
  -3.3638243e-02
  -3.2749504e-02
  -3.3791028e-02
  -3.5165329e-02
  -3.5301868e-02
  -3.3864044e-02
  -3.4886956e-02
  -3.9752860e-02
  -4.3542072e-02
  -4.3716051e-02
  -4.0476408e-02
  -3.4862835e-02
  -2.4993775e-02
  -1.9949850e-02
  -2.6305946e-02
  -2.8261237e-02
  -2.0737327e-02
  -1.6330946e-02
  -7.1627921e-03
   3.4303914e-03
  -1.9965535e-03
  -1.6697114e-02
  -3.1650499e-02
  -4.0192757e-02
  -4.3470275e-02
  -5.6520920e-02
  -7.1016699e-02
  -7.1764350e-02
  -6.4312272e-02
  -5.6460112e-02
  -4.9358267e-02
  -4.3273591e-02
  -4.1020945e-02
  -4.1878171e-02
  -3.1991571e-02
  -3.3757903e-02
  -3.6011331e-02
  -3.7213538e-02
  -3.7106123e-02
  -3.5013460e-02
  -3.2546032e-02
  -3.1644456e-02
  -3.5391275e-02
  -4.3384179e-02
  -4.6973713e-02
  -4.1358907e-02
  -3.1372156e-02
  -2.1722609e-02
  -1.3543764e-02
  -1.3736791e-02
  -2.1697279e-02
  -2.3676151e-02
  -1.5008617e-02
  -7.8723673e-03
  -3.4578976e-03
  -6.0974499e-03
  -1.5492356e-02
  -2.3092417e-02
  -2.5283689e-02
  -2.5293930e-02
  -2.7890889e-02
  -3.7399951e-02
  -4.6895716e-02
  -5.4570969e-02
  -5.7037946e-02
  -5.0853077e-02
  -4.1167915e-02
  -3.3573750e-02
  -3.0063501e-02
  -3.0538721e-02
  -1.2549699e-02
  -1.2786897e-02
  -1.2737868e-02
  -1.2549199e-02
  -1.2683878e-02
  -1.3508923e-02
  -1.5085646e-02
  -1.6836127e-02
  -1.8223647e-02
  -1.8123170e-02
  -1.6145108e-02
  -1.3298171e-02
  -1.1630265e-02
  -1.1432346e-02
  -1.2370673e-02
  -1.3883488e-02
  -1.4124722e-02
  -1.1734402e-02
  -8.1978114e-03
  -6.2377304e-03
  -5.8894712e-03
  -6.1278148e-03
  -5.7613533e-03
  -4.8736003e-03
  -5.2326941e-03
  -7.9159979e-03
  -1.2355356e-02
  -1.5747290e-02
  -1.5865376e-02
  -1.3365854e-02
  -1.0658877e-02
  -9.2100035e-03
  -9.0186475e-03
  -9.7861523e-03
  -1.0857542e-02
  -1.1952403e-02
