   1.4104736e+00
   1.4993433e+00
   1.4178343e+00
   1.2601917e+00
   1.0479048e+00
   8.2221043e-01
   6.4492971e-01
   5.5230450e-01
   6.2115103e-01
   8.3648825e-01
   1.1479311e+00
   1.2990274e+00
   1.1325771e+00
   7.1910105e-01
   3.1899637e-01
   1.1297557e-01
   1.0988111e-01
   2.6246211e-01
   3.6889869e-01
   3.2335218e-01
   1.7771247e-01
   6.4557850e-02
   2.4082224e-02
   6.3547328e-02
   9.4142765e-02
   3.9861745e-02
  -2.8499756e-02
   1.4258506e-02
   1.4719169e-01
   2.3865557e-01
   2.5428176e-01
   2.7098936e-01
   3.5310093e-01
   5.1540178e-01
   8.0985209e-01
   1.1631798e+00
   2.8046467e+00
   2.5633881e+00
   1.9643559e+00
   1.3958018e+00
   8.4413552e-01
   3.7567836e-01
   1.2477887e-01
   2.4383742e-01
   6.2036121e-01
   9.1836202e-01
   1.5210645e+00
   1.9971436e+00
   1.4083686e+00
   2.1288891e-01
  -4.2737710e-01
  -4.2819998e-01
   2.5471654e-02
   6.7325318e-01
   8.4154022e-01
   4.9804300e-01
   2.9697967e-01
   3.6083263e-01
   3.9792290e-01
   4.2316157e-01
   3.6133391e-01
  -4.4656061e-02
  -2.4174474e-01
   2.7969268e-01
   8.7919402e-01
   8.5760415e-01
   6.3582855e-01
   6.6597760e-01
   8.7634534e-01
   1.0862050e+00
   1.6730787e+00
   2.4716675e+00
   2.2281051e+00
   1.5570205e+00
   7.4532455e-01
   1.0570046e-01
  -4.2078742e-01
  -7.5568783e-01
  -8.6485475e-01
  -5.8664250e-01
   1.2263831e-01
   2.7256101e-01
   6.1083800e-01
   1.4237952e+00
   1.0218855e+00
   9.2065789e-02
  -1.8261412e-01
  -1.1898351e-01
   5.7870835e-01
   1.3603123e+00
   1.3868479e+00
   1.1146117e+00
   1.0608990e+00
   1.1388979e+00
   1.1748313e+00
   1.1315037e+00
   1.0553802e+00
   9.2293310e-01
   1.0807624e+00
   1.5212481e+00
   1.4133083e+00
   7.2556341e-01
   4.1592336e-01
   6.0109800e-01
   8.2255113e-01
   1.1020880e+00
   1.9870785e+00
   2.5527034e+00
   1.1564411e+00
   3.7360331e-01
  -3.4242776e-01
  -8.0948696e-01
  -1.0596837e+00
  -1.0044675e+00
  -8.0330924e-01
  -5.8831811e-01
  -1.3519751e-01
  -7.5088063e-02
   5.0166380e-02
   6.2089193e-01
   3.8568838e-01
   1.4676264e-01
   7.0231982e-02
  -5.2506870e-01
  -2.7452579e-01
   5.1963627e-01
   9.2909067e-01
   1.2523278e+00
   9.4413650e-01
   4.9786624e-01
   4.9869913e-01
   8.1722790e-01
   1.1969247e+00
   1.6706650e+00
   1.6684690e+00
   7.6885119e-01
  -1.7795879e-01
  -4.7819781e-01
  -4.1042023e-01
   4.3418594e-03
   4.4792029e-01
   1.2809003e+00
   2.3759892e+00
   2.1147430e+00
  -2.5260553e-01
  -8.1354970e-01
  -1.2309201e+00
  -1.3665745e+00
  -1.3420658e+00
  -1.0083259e+00
  -6.8261838e-01
  -3.6194345e-01
  -2.0198816e-01
  -3.2096317e-01
  -3.8027495e-01
  -4.5353603e-01
  -5.4650986e-01
  -2.9928434e-01
  -4.2716014e-01
  -1.2265971e+00
  -1.3971163e+00
  -6.6639555e-01
   2.2185037e-01
   7.8256786e-01
   1.7422535e-02
  -8.7201619e-01
  -9.1090631e-01
  -2.1661718e-01
   5.5424458e-01
   9.7331679e-01
   2.5558710e-01
  -1.5082982e+00
  -2.1613173e+00
  -1.4695009e+00
  -1.3264477e+00
  -8.2392621e-01
   9.7452678e-02
   1.0670837e+00
   1.5551168e+00
   6.1577076e-01
  -1.7633299e+00
  -1.9822733e+00
  -2.0395172e+00
  -1.8733468e+00
  -1.6858332e+00
  -1.3445446e+00
  -1.1668661e+00
  -7.9058367e-01
  -6.0098732e-01
  -6.9274366e-01
  -8.3934855e-01
  -1.2744892e+00
  -1.0549810e+00
  -5.8693641e-01
  -9.0518981e-01
  -1.3944352e+00
  -1.5547162e+00
  -1.0584090e+00
  -2.8409100e-01
  -1.6858114e-01
  -1.2242262e+00
  -1.9299729e+00
  -1.6633277e+00
  -9.3162078e-01
  -3.9471489e-01
  -6.4262992e-01
  -1.7637523e+00
  -2.9868958e+00
  -2.7767012e+00
  -1.8046744e+00
  -1.8928701e+00
  -1.2735928e+00
  -2.0281400e-01
  -7.3639482e-02
  -5.9021848e-01
  -1.4244671e+00
  -2.6657133e+00
  -2.6079568e+00
  -2.3991788e+00
  -2.0878625e+00
  -1.8229665e+00
  -1.6621860e+00
  -1.6415969e+00
  -1.4171952e+00
  -1.2087103e+00
  -1.0274286e+00
  -8.1682780e-01
  -8.7211762e-01
  -5.3886265e-01
  -1.1535409e-01
  -4.3549579e-01
  -8.5948271e-01
  -9.2609818e-01
  -6.8169971e-01
  -6.0385501e-01
  -1.3641942e+00
  -2.3905807e+00
  -2.2631960e+00
  -1.5157798e+00
  -1.1664795e+00
  -1.2034529e+00
  -1.8232732e+00
  -2.6322530e+00
  -2.8546813e+00
  -2.1450631e+00
  -1.6639419e+00
  -1.8250605e+00
  -1.0491077e+00
  -6.2563802e-01
  -1.6082289e+00
  -2.5145370e+00
  -2.7241462e+00
  -2.5542269e+00
  -2.3130243e+00
  -1.9959205e+00
  -1.6054275e+00
  -1.3558780e+00
  -1.3633107e+00
  -1.4113750e+00
  -1.3887933e+00
  -1.2334085e+00
  -8.6985445e-01
   6.2031589e-02
   7.7372091e-01
   8.0000579e-01
   7.7014643e-01
   4.4887247e-01
  -2.6901685e-02
  -1.1707678e-01
  -1.5643750e-01
  -8.9557421e-01
  -2.4482045e+00
  -3.0164961e+00
  -2.0110161e+00
  -1.1734239e+00
  -1.3692312e+00
  -1.6868387e+00
  -2.0033154e+00
  -2.2269746e+00
  -1.9543219e+00
  -1.2694317e+00
  -1.0880724e+00
  -1.1034075e+00
  -5.6686938e-01
  -1.0523042e+00
  -2.5016296e+00
  -3.0119765e+00
  -2.7210449e+00
  -1.6715580e+00
  -1.2863321e+00
  -9.5853424e-01
  -4.8279932e-01
  -3.2247737e-01
  -4.1750678e-01
  -5.0152159e-01
  -6.1175883e-01
  -3.9059639e-01
   2.4899073e-02
   1.6056023e+00
   2.7975612e+00
   2.2112899e+00
   1.3665935e+00
   8.3136630e-01
   6.9130629e-01
   6.1650002e-01
   1.3112405e-01
  -1.1799649e+00
  -3.0736759e+00
  -2.8842978e+00
  -1.4262824e+00
  -1.0500296e+00
  -1.6399255e+00
  -1.7950481e+00
  -1.5500494e+00
  -1.3517263e+00
  -1.0615027e+00
  -5.9494561e-01
  -1.1353776e-01
  -1.6467378e-02
  -2.5841144e-01
  -1.1970109e+00
  -2.3516967e+00
  -2.2401674e+00
  -1.7862540e+00
  -4.7079393e-01
   5.3739723e-02
   3.7777415e-01
   9.2940068e-01
   9.7909993e-01
   8.3331555e-01
   7.0618129e-01
   5.4402286e-01
   1.0198842e+00
   1.5191672e+00
   3.4042621e+00
   4.4497757e+00
   3.0724669e+00
   1.2826467e+00
   4.4003353e-01
   1.1279647e+00
   1.2040541e+00
   1.1819702e-01
  -1.3618819e+00
  -3.0939174e+00
  -2.1171501e+00
  -6.5599650e-01
  -1.0879321e+00
  -1.7888155e+00
  -1.5240644e+00
  -9.2517757e-01
  -5.7552487e-01
  -3.8964733e-01
  -5.9905093e-02
   1.0874810e+00
   1.0953859e+00
  -2.0410256e-01
  -9.2860407e-01
  -1.3699950e+00
  -8.8365734e-01
  -5.0143492e-01
   7.4014854e-01
   1.3945164e+00
   1.7880566e+00
   2.2756234e+00
   2.2544300e+00
   1.9405535e+00
   1.7822439e+00
   1.6610454e+00
   2.4687219e+00
   3.3656553e+00
   5.2348342e+00
   5.2636015e+00
   2.4028142e+00
  -1.8424048e-02
  -2.7957651e-01
   1.3187163e+00
   1.3383902e+00
  -2.0260060e-01
  -9.8138105e-01
  -2.1617443e+00
  -8.0655657e-01
   6.7734298e-01
  -5.9801314e-01
  -1.0991858e+00
  -4.0989441e-01
  -8.2222238e-02
   2.4012290e-01
   4.9802544e-01
   9.3456471e-01
   2.3267832e+00
   1.9459905e+00
   1.0975913e-02
  -3.3503026e-02
   2.1129987e-01
   5.1170319e-01
   7.4253008e-01
   1.2594118e+00
   1.8835889e+00
   2.2707272e+00
   2.6138358e+00
   2.4559099e+00
   2.0296683e+00
   1.8621799e+00
   1.8739076e+00
   2.7334068e+00
   3.7228029e+00
   5.7680133e+00
   5.1042447e+00
   8.9623779e-01
  -1.0283501e+00
   2.2174160e-01
   1.4176004e+00
   6.0811536e-01
  -4.8385051e-01
  -2.1165097e-01
  -9.5877469e-01
   2.3537877e-01
   1.9715612e+00
   9.2386151e-01
   5.8794934e-01
   1.2710122e+00
   1.3884421e+00
   1.5296936e+00
   1.6802495e+00
   2.0028374e+00
   2.7138810e+00
   2.2194047e+00
   8.4555091e-01
   8.8002920e-01
   1.0779829e+00
   1.1358418e+00
   1.2104046e+00
   1.6807022e+00
   2.1834908e+00
   2.5170279e+00
   2.7152603e+00
   2.4253645e+00
   2.0099068e+00
   1.8456492e+00
   1.9998257e+00
   2.7694526e+00
   3.6758866e+00
   5.6799989e+00
   4.7601380e+00
   3.3298311e-01
  -1.0079122e+00
   9.8539454e-01
   1.3539546e+00
  -3.9225176e-02
  -5.5069631e-01
   6.8634272e-02
   2.0274661e-02
   1.2048684e+00
   2.7461319e+00
   2.4587598e+00
   2.2616367e+00
   2.7231083e+00
   2.9358258e+00
   2.8414545e+00
   2.6471338e+00
   2.6807861e+00
   2.9413886e+00
   2.5603180e+00
   1.7356772e+00
   1.6369098e+00
   1.6500723e+00
   1.6131479e+00
   1.5856018e+00
   2.1587939e+00
   2.5071911e+00
   2.7923272e+00
   2.8310170e+00
   2.4662320e+00
   2.1099148e+00
   1.9710419e+00
   2.2692896e+00
   2.8689761e+00
   3.6913044e+00
   5.4115990e+00
   4.3884673e+00
   3.9182371e-01
  -4.9512574e-01
   1.6972195e+00
   1.1647257e+00
  -5.3733900e-01
  -4.8516801e-01
   7.2551310e-02
   8.5028391e-01
   2.1250479e+00
   3.2418399e+00
   3.8092043e+00
   3.7412913e+00
   3.9131386e+00
   4.2724230e+00
   3.9480693e+00
   3.3804755e+00
   3.1677989e+00
   3.1960132e+00
   2.9849465e+00
   2.6031660e+00
   2.3325651e+00
   2.1726029e+00
   2.0922157e+00
   2.0227432e+00
   3.1965483e+00
   3.3364781e+00
   3.6598886e+00
   3.4255809e+00
   3.2287446e+00
   2.9810325e+00
   2.9600704e+00
   3.4349881e+00
   3.6633463e+00
   4.6531000e+00
   5.2039978e+00
   4.0775987e+00
   1.9160444e+00
   8.5363210e-01
   1.9415949e+00
   5.8571198e-01
  -5.9743360e-01
  -1.1492769e-01
  -4.5368922e-01
   1.5609016e+00
   3.1828360e+00
   3.3807257e+00
   4.6381219e+00
   4.7321708e+00
   4.5546299e+00
   4.8566728e+00
   4.3522737e+00
   3.5521678e+00
   3.5067689e+00
   3.9054798e+00
   3.8177908e+00
   3.5157878e+00
   3.1812777e+00
   3.0759188e+00
   2.9477152e+00
   3.0241263e+00
   4.3035212e+00
   4.4912472e+00
   4.8333411e+00
   4.6084437e+00
   4.6893420e+00
   4.6055474e+00
   4.7605877e+00
   5.2607760e+00
   5.3537807e+00
   6.2744827e+00
   5.8301105e+00
   4.3582554e+00
   2.8862023e+00
   1.0597670e+00
   1.1779803e+00
   2.5267741e-01
  -4.5616627e-01
   1.9408554e-01
  -1.6204180e-01
   1.4130999e+00
   3.1089764e+00
   3.4595408e+00
   3.8037879e+00
   3.4960999e+00
   3.5210440e+00
   3.1450257e+00
   2.5095398e+00
   2.7766395e+00
   3.7644467e+00
   4.4779167e+00
   4.2632871e+00
   3.8171611e+00
   3.6462340e+00
   3.7355626e+00
   3.7539864e+00
   4.0598831e+00
   4.7461042e+00
   5.0667052e+00
   5.3186297e+00
   5.3149853e+00
   5.4939051e+00
   5.6075363e+00
   5.8836622e+00
   6.2978015e+00
   6.4773984e+00
   6.9506211e+00
   6.1522231e+00
   4.4489489e+00
   2.7377329e+00
   5.3267115e-01
   3.3370540e-01
   1.9230293e-01
  -3.7028226e-01
   2.9262179e-01
   3.8429213e-01
   9.9527580e-01
   2.5289593e+00
   3.3888903e+00
   2.8127670e+00
   1.8751621e+00
   2.1903882e+00
   1.3918194e+00
   5.9313452e-01
   2.0147605e+00
   3.7065988e+00
   4.3836460e+00
   4.1265249e+00
   3.6136224e+00
   3.5952415e+00
   3.7276487e+00
   4.0208354e+00
   4.4554596e+00
   4.9313969e+00
   5.4409592e+00
   5.5407007e+00
   5.8845834e+00
   6.0892808e+00
   6.4401417e+00
   6.8264020e+00
   7.0918247e+00
   7.4725843e+00
   7.2663776e+00
   6.3712089e+00
   4.4617014e+00
   2.0469750e+00
  -4.0234590e-01
  -6.5143027e-01
   2.5232066e-01
  -2.9986533e-01
   3.0456203e-01
   1.1166603e+00
   3.9991869e-01
   1.6409617e+00
   3.2395791e+00
   1.6273468e+00
  -1.2399199e-01
   5.5809209e-01
  -5.9488451e-01
  -1.5917369e+00
   1.1662706e+00
   3.4938402e+00
   3.9654619e+00
   3.7002348e+00
   3.1486455e+00
   3.2962610e+00
   3.4059664e+00
   4.0674984e+00
   4.5993524e+00
   3.1985784e+00
   3.7147725e+00
   3.6310048e+00
   4.3241243e+00
   4.5729465e+00
   5.0907774e+00
   5.5727739e+00
   5.5232525e+00
   5.9857183e+00
   5.0644426e+00
   4.0899730e+00
   2.4287443e+00
  -1.0917327e-01
  -2.0928063e+00
  -2.4351354e+00
  -2.4827805e-01
   3.9145917e-01
   2.3131067e-01
   8.6994219e-01
  -7.1726805e-01
  -1.2482744e-01
   1.9826603e+00
   2.8405604e-01
  -2.0776041e+00
  -1.5325615e+00
  -2.4322605e+00
  -3.2446253e+00
  -2.3383999e-01
   1.7519189e+00
   1.7783868e+00
   1.5777068e+00
   1.0248470e+00
   1.2271311e+00
   1.3342807e+00
   2.3569438e+00
   2.9782796e+00
   1.3268062e+00
   1.5625374e+00
   1.4809632e+00
   2.0167794e+00
   2.3975413e+00
   2.8388608e+00
   3.2774632e+00
   3.1259091e+00
   3.3196044e+00
   2.6725576e+00
   1.5937850e+00
   3.4981620e-01
  -1.1463014e+00
  -2.6216550e+00
  -3.4157019e+00
  -1.2317517e+00
   7.6250100e-01
   2.7777997e-01
  -5.1359490e-02
  -1.5611866e+00
  -1.2257646e+00
   1.0213367e+00
   1.0871774e-01
  -1.7870024e+00
  -1.7030413e+00
  -2.5100193e+00
  -2.9279065e+00
  -1.0860012e+00
   2.4302351e-01
   3.1193182e-01
  -5.0174981e-02
  -6.2610811e-01
  -5.7147342e-01
  -3.3876067e-01
   5.9708089e-01
   1.2150615e+00
  -4.7222125e-01
  -5.2046728e-01
  -6.3475163e-01
  -2.7220729e-01
   1.8113708e-01
   5.8133955e-01
   9.3164270e-01
   7.1031260e-01
   6.6285564e-01
   2.9034117e-01
  -6.5776563e-01
  -1.4956898e+00
  -2.0931409e+00
  -3.0783999e+00
  -4.2924357e+00
  -2.2517464e+00
   8.3217329e-01
   2.7699268e-01
  -8.0322734e-01
  -2.4186420e+00
  -2.3694580e+00
   1.6665853e-01
   1.0236970e-01
  -1.3255110e+00
  -1.5998836e+00
  -2.4281743e+00
  -2.6100100e+00
  -1.8633338e+00
  -1.1461619e+00
  -9.5517885e-01
  -1.4815972e+00
  -2.1191654e+00
  -2.2310288e+00
  -1.9343786e+00
  -1.0911999e+00
  -5.0918585e-01
  -2.5132525e+00
  -2.9154871e+00
  -3.1623843e+00
  -3.0431958e+00
  -2.6514987e+00
  -2.2075576e+00
  -2.0765747e+00
  -2.3078278e+00
  -2.5763917e+00
  -2.6305103e+00
  -2.8243204e+00
  -3.1915681e+00
  -3.0631790e+00
  -3.4884124e+00
  -5.1344429e+00
  -3.5957638e+00
   1.6641196e-01
   1.5426971e-01
  -1.2920951e+00
  -3.5205357e+00
  -3.9081781e+00
  -6.2952558e-01
   4.9394836e-01
  -3.7413363e-01
  -8.2602231e-01
  -1.9643687e+00
  -2.2577891e+00
  -2.6495909e+00
  -2.5698129e+00
  -2.0380409e+00
  -2.7700780e+00
  -3.5806154e+00
  -3.9415535e+00
  -3.7238775e+00
  -3.0000594e+00
  -2.5426438e+00
  -3.0008726e+00
  -3.4336720e+00
  -3.9255972e+00
  -3.8801217e+00
  -3.7536869e+00
  -3.1148090e+00
  -3.0932083e+00
  -3.3036476e+00
  -3.4954820e+00
  -3.6980333e+00
  -2.7887460e+00
  -2.9570811e+00
  -3.4100418e+00
  -3.8250332e+00
  -5.5407495e+00
  -4.2889872e+00
  -1.0879521e+00
  -4.0159926e-01
  -9.4982886e-01
  -3.5957659e+00
  -4.7996678e+00
  -1.3728380e+00
   6.8043927e-01
  -7.7752009e-02
  -2.8663898e-01
  -1.5597929e+00
  -2.6296048e+00
  -2.9073973e+00
  -2.8479825e+00
  -2.0360355e+00
  -2.5212903e+00
  -3.5628315e+00
  -4.1404357e+00
  -4.3227892e+00
  -3.6198340e+00
  -3.1443453e+00
  -2.4579246e+00
  -2.7753403e+00
  -3.3504064e+00
  -3.3638182e+00
  -3.3363662e+00
  -2.6567459e+00
  -2.5426478e+00
  -2.7725134e+00
  -2.9145012e+00
  -3.2063122e+00
  -2.1196692e+00
  -2.1923511e+00
  -2.9359117e+00
  -3.6154721e+00
  -5.4657087e+00
  -4.3433971e+00
  -1.5449314e+00
  -7.7272058e-01
  -7.9962599e-01
  -3.0067043e+00
  -4.5758586e+00
  -2.0268569e+00
   3.3414385e-01
   8.2192183e-02
  -1.2684034e-01
  -1.2534879e+00
  -2.5874069e+00
  -2.7303469e+00
  -2.4464271e+00
  -1.5665927e+00
  -1.7537626e+00
  -2.8036370e+00
  -3.5087845e+00
  -3.9210429e+00
  -3.2947762e+00
  -2.6790171e+00
  -1.4809260e+00
  -1.6455802e+00
  -2.2341776e+00
  -2.3072097e+00
  -2.3213410e+00
  -1.6698434e+00
  -1.4100009e+00
  -1.6705526e+00
  -1.7926605e+00
  -2.1438260e+00
  -1.2367417e+00
  -1.2081069e+00
  -2.0321457e+00
  -3.0239918e+00
  -5.0003748e+00
  -4.0547609e+00
  -1.6783041e+00
  -9.7284710e-01
  -6.8919545e-01
  -2.2148135e+00
  -3.8720555e+00
  -2.5657003e+00
  -1.7270260e-01
   3.5768366e-01
   7.5129315e-02
  -8.5972583e-01
  -2.1853614e+00
  -2.2305140e+00
  -1.7033924e+00
  -8.5398257e-01
  -7.6470262e-01
  -1.7142985e+00
  -2.4998887e+00
  -3.0536551e+00
  -2.5337951e+00
  -1.7695340e+00
  -1.6806720e-02
  -5.0340176e-02
  -5.3420023e-01
  -6.6904825e-01
  -6.4842218e-01
  -1.3801145e-01
   2.5761042e-01
  -3.3631580e-02
  -2.2618503e-01
  -5.6536658e-01
  -3.0849450e-01
  -9.2503288e-02
  -4.6334577e-01
  -1.6390715e+00
  -3.6285404e+00
  -3.1261406e+00
  -1.2844837e+00
  -6.6517670e-01
  -5.8430098e-01
  -1.4238212e+00
  -2.5264461e+00
  -2.6442148e+00
  -6.9919998e-01
   1.1081818e+00
   7.0820736e-01
  -1.5123545e-01
  -9.1633534e-01
  -1.0373690e+00
  -4.6027635e-01
   1.8864676e-01
   3.7175392e-01
  -2.9422081e-01
  -1.0472901e+00
  -1.5350648e+00
  -1.1588237e+00
  -3.5241938e-01
   1.0578626e+00
   9.2964345e-01
   5.7614261e-01
   4.3191266e-01
   4.4543257e-01
   7.9895627e-01
   1.0289147e+00
   8.1397581e-01
   4.7694880e-01
   2.3660623e-01
   3.9221612e-01
   8.0990171e-01
   8.4536690e-01
  -3.5975292e-02
  -1.2259802e+00
  -1.4332397e+00
  -6.6619790e-01
   2.4338572e-01
  -4.1316986e-02
  -1.0816585e+00
  -1.4678366e+00
  -1.4065876e+00
   8.2425028e-02
   2.1183257e+00
   2.0078952e+00
   9.2604470e-01
   6.8407059e-01
   8.1629401e-01
   1.0111394e+00
   1.2950944e+00
   1.2858547e+00
   7.6709706e-01
   1.1242862e-01
  -1.2523435e-01
   2.0087430e-01
   7.4118751e-01
   1.4784935e+00
   1.2342072e+00
   9.0065479e-01
   7.5324333e-01
   7.7262658e-01
   9.8895735e-01
   1.0655088e+00
   8.8111049e-01
   5.4666901e-01
   5.1001859e-01
   8.2614732e-01
   1.2758486e+00
   1.3869694e+00
   8.0094957e-01
   2.9118067e-01
  -4.4800818e-02
   5.8355361e-02
   7.8862190e-01
   3.9584854e-01
  -6.0106981e-01
  -6.3724011e-01
  -1.7964676e-01
   1.0545508e+00
   2.4450159e+00
   2.4069979e+00
   1.5474327e+00
   1.4377432e+00
   1.8043393e+00
   2.0225639e+00
   2.0780399e+00
   1.9151747e+00
   1.3537786e+00
   6.6106439e-01
   5.3246552e-01
   8.8621968e-01
   1.2823164e+00
   1.7691392e+00
   1.5029505e+00
   1.1048336e+00
   9.6611714e-01
   9.9740040e-01
   1.0999720e+00
   1.1200573e+00
   8.9651854e-01
   7.2412813e-01
   8.0667889e-01
   1.1388175e+00
   1.5283170e+00
   1.6582811e+00
   1.3011927e+00
   1.0844681e+00
   1.0467527e+00
   8.3909144e-01
   1.0855560e+00
   7.3401201e-01
   5.6366489e-02
   4.1032436e-01
   6.6849810e-01
   1.3378535e+00
   2.0687568e+00
   1.8476827e+00
   1.6115618e+00
   1.5710518e+00
   1.9771079e+00
   2.6334624e+00
   2.6833589e+00
   2.4085495e+00
   1.7735191e+00
   1.0607688e+00
   8.8172555e-01
   1.2902261e+00
   1.7245297e+00
   2.0087358e+00
   1.8403941e+00
   1.3643412e+00
   1.2357431e+00
   1.2549941e+00
   1.2983943e+00
   1.3414932e+00
   1.0684260e+00
   1.0913613e+00
   1.0870505e+00
   1.3032890e+00
   1.6021375e+00
   1.6973423e+00
   1.4944970e+00
   1.2649017e+00
   1.5996910e+00
   1.3029064e+00
   1.2442530e+00
   1.0802942e+00
   6.2559594e-01
   1.3086813e+00
   9.0530496e-01
   6.4641752e-01
   9.0668058e-01
   4.8889837e-01
   9.3104308e-01
   9.7472477e-01
   1.3414150e+00
   2.5722256e+00
   2.8987881e+00
   2.6061219e+00
   1.8817866e+00
   1.3016049e+00
   1.0068402e+00
   1.4222473e+00
   2.0319775e+00
   2.0317088e+00
   2.0204766e+00
   1.5887049e+00
   1.4420133e+00
   1.3994550e+00
   1.4239499e+00
   1.4838969e+00
   1.2355833e+00
   1.2570895e+00
   1.0590758e+00
   1.2637132e+00
   1.5597394e+00
   1.5463426e+00
   1.4426560e+00
   1.2346413e+00
   1.4729184e+00
   1.0992920e+00
   1.3929571e+00
   1.4971579e+00
   7.9325086e-01
   1.3776722e+00
   6.1058388e-01
  -4.7002313e-01
  -5.9836248e-01
  -9.3470651e-01
  -3.2784003e-01
  -1.7806454e-01
   3.2754170e-01
   1.7247767e+00
   2.4360596e+00
   2.3096110e+00
   1.4924092e+00
   1.1897256e+00
   9.5425379e-01
   1.2344897e+00
   1.9369537e+00
   1.3342644e+00
   1.4372398e+00
   1.1940483e+00
   1.0138382e+00
   8.9789844e-01
   8.8868737e-01
   9.2330539e-01
   7.4039102e-01
   6.0481185e-01
   4.4503435e-01
   8.6401176e-01
   1.3405232e+00
   1.2746136e+00
   1.1533566e+00
   9.8369843e-01
   7.5725907e-01
   4.7882080e-01
   1.2986215e+00
   1.6128476e+00
   6.7926228e-01
   6.4980203e-01
   1.6772076e-01
  -9.5077270e-01
  -1.5120533e+00
  -1.7164854e+00
  -1.5105592e+00
  -1.3244381e+00
  -5.8504325e-01
   4.1879231e-01
   1.1917807e+00
   1.4171709e+00
   6.6349882e-01
   4.6367177e-01
   5.0440615e-01
   5.7008839e-01
   1.0631145e+00
  -7.5048715e-02
   3.2602590e-02
  -6.9824383e-02
  -1.9845748e-01
  -2.9424089e-01
  -2.9930329e-01
  -2.8269485e-01
  -4.1080824e-01
  -4.8925728e-01
  -4.6143565e-01
   6.8775862e-02
   8.3409303e-01
   9.6464950e-01
   6.2569213e-01
   1.0725535e-01
  -2.0623791e-01
  -2.6938710e-02
   6.9578898e-01
   1.0754659e+00
   6.6267741e-01
   2.6978478e-01
  -1.6816072e-01
  -9.6725386e-01
  -1.6078333e+00
  -1.9228480e+00
  -2.0726099e+00
  -1.9633330e+00
  -1.2888597e+00
  -6.9843775e-01
  -3.6394128e-01
   5.4117158e-02
  -2.4662228e-01
  -6.0272461e-01
  -4.8461258e-01
  -4.6151617e-01
  -3.1112334e-01
  -9.8452586e-01
  -1.0018140e+00
  -1.1037468e+00
  -1.1095870e+00
  -1.0610611e+00
  -9.9908793e-01
  -9.8669553e-01
  -9.8509198e-01
  -8.5431111e-01
  -8.1599998e-01
  -4.6897313e-01
   2.8712618e-01
   5.2033329e-01
  -4.4596948e-02
  -8.2294238e-01
  -8.3406878e-01
  -2.5562677e-01
   1.8672806e-01
   5.1170117e-01
   6.6933072e-01
   3.2159793e-01
  -5.0633013e-01
  -1.2842492e+00
  -1.6062031e+00
  -1.9076033e+00
  -2.1722500e+00
  -2.1465144e+00
  -1.5382836e+00
  -9.5802438e-01
  -1.1855567e+00
  -1.1533560e+00
  -1.0481932e+00
  -1.4002838e+00
  -1.4484113e+00
  -1.2214700e+00
  -1.0726007e+00
  -4.2273271e-01
  -3.9135717e-01
  -4.8369858e-01
  -5.1388270e-01
  -5.2060246e-01
  -5.5992562e-01
  -5.6851667e-01
  -3.8855849e-01
  -7.2218142e-02
   8.6170658e-02
   1.9572843e-01
   2.5331682e-01
   6.3458569e-03
  -5.3143388e-01
  -8.4096068e-01
  -5.3132629e-01
   1.6583731e-01
   6.4647537e-01
   7.2139001e-01
   4.8209888e-01
  -1.1575107e-02
  -6.1585975e-01
  -1.0273913e+00
  -1.1708229e+00
  -1.5079219e+00
  -1.9343569e+00
  -1.7481980e+00
  -7.8125107e-01
   1.4507580e-01
  -1.2526953e-01
  -8.1091619e-01
  -1.3023114e+00
  -1.6970755e+00
  -1.7482452e+00
  -1.2750882e+00
  -7.0694864e-01
  -1.0531220e+00
  -8.1503134e-01
  -6.9939989e-01
  -6.7027563e-01
  -6.6110436e-01
  -5.9568167e-01
  -4.1016719e-01
  -4.3309054e-02
   3.7967345e-01
   6.3522172e-01
   6.1200557e-01
   2.5957537e-01
  -2.1464831e-01
  -6.3120226e-01
  -7.2494441e-01
  -4.9690399e-01
  -6.9478441e-02
   2.9199272e-01
   4.1975075e-01
   3.8006296e-01
   3.1006980e-01
   2.8919214e-01
   2.4022748e-01
   3.3281155e-02
  -2.9477897e-01
  -5.4412660e-01
  -3.6547974e-01
   1.6224505e-01
   6.8033193e-01
   6.7063063e-01
   1.6706496e-01
  -6.1542407e-01
  -1.3044021e+00
  -1.6418977e+00
  -1.6282600e+00
  -1.3517851e+00
