  0.5274  0.5336  0.5382  0.5401  0.5404  0.5406  0.5402  0.5401  0.5422  0.5430  0.5416  0.5395  0.5379  0.5336  0.5277  0.5283  0.5370  0.5438  0.5427  0.5375  0.5328  0.5276  0.5218  0.5232  0.5292  0.5317  0.5254  0.5245  0.5365  0.5483  0.5469  0.5371  0.5283  0.5260  0.5240  0.5233
  0.4747  0.4763  0.4755  0.4728  0.4728  0.4738  0.4707  0.4614  0.4652  0.4756  0.4753  0.4678  0.4605  0.4539  0.4483  0.4452  0.4543  0.4683  0.4649  0.4519  0.4641  0.4769  0.4632  0.4644  0.4776  0.4794  0.4644  0.4485  0.4596  0.4757  0.4783  0.4720  0.4646  0.4633  0.4620  0.4686
  0.4530  0.4483  0.4443  0.4443  0.4442  0.4482  0.4480  0.4362  0.4356  0.4407  0.4430  0.4462  0.4459  0.4425  0.4347  0.4279  0.4324  0.4433  0.4464  0.4013  0.4014  0.4151  0.4127  0.4300  0.4483  0.4506  0.4474  0.4497  0.4600  0.4535  0.4438  0.4465  0.4510  0.4509  0.4522  0.4558
  0.4331  0.4313  0.4256  0.4276  0.4237  0.4229  0.4237  0.4176  0.4155  0.4079  0.4060  0.4138  0.4148  0.4091  0.4144  0.4112  0.4106  0.4288  0.4819  0.4794  0.4792  0.4377  0.3910  0.3803  0.3900  0.4223  0.4389  0.4438  0.4430  0.4316  0.4267  0.4287  0.4278  0.4296  0.4332  0.4347
  0.3877  0.3896  0.3861  0.3850  0.3810  0.3783  0.3754  0.3706  0.3712  0.3655  0.3618  0.3664  0.3678  0.3598  0.3705  0.3750  0.3681  0.3831  0.4306  0.4808  0.5062  0.4933  0.4205  0.3544  0.3547  0.3829  0.3990  0.4030  0.4018  0.4002  0.4014  0.3869  0.3811  0.3872  0.3859  0.3869
  0.3396  0.3399  0.3404  0.3368  0.3370  0.3344  0.3328  0.3265  0.3260  0.3273  0.3212  0.3246  0.3212  0.3186  0.3270  0.3296  0.3268  0.3266  0.3753  0.4241  0.4482  0.4506  0.4322  0.3530  0.3524  0.3557  0.3579  0.3653  0.3722  0.3680  0.3645  0.3476  0.3389  0.3453  0.3368  0.3398
  0.3044  0.3023  0.3049  0.3003  0.3043  0.3023  0.3026  0.2967  0.2916  0.2954  0.2903  0.2966  0.2934  0.2909  0.2888  0.2882  0.2951  0.2893  0.3366  0.3768  0.3923  0.3765  0.3665  0.3172  0.3601  0.3725  0.3483  0.3372  0.3482  0.3391  0.3283  0.3186  0.3096  0.3111  0.3013  0.3052
  0.2821  0.2796  0.2807  0.2779  0.2826  0.2855  0.2863  0.2814  0.2727  0.2710  0.2689  0.2729  0.2741  0.2690  0.2564  0.2522  0.2569  0.2577  0.2837  0.3012  0.3104  0.3023  0.2727  0.2646  0.3263  0.3400  0.3169  0.3099  0.3175  0.3138  0.3002  0.2940  0.2873  0.2817  0.2777  0.2817
  0.2674  0.2658  0.2639  0.2636  0.2672  0.2741  0.2756  0.2716  0.2625  0.2561  0.2539  0.2529  0.2554  0.2445  0.2267  0.2166  0.2134  0.2265  0.2336  0.2310  0.2395  0.2320  0.2176  0.2327  0.2755  0.2747  0.2697  0.2817  0.2876  0.2931  0.2810  0.2734  0.2658  0.2569  0.2595  0.2645
  0.2536  0.2534  0.2490  0.2494  0.2519  0.2576  0.2603  0.2571  0.2495  0.2454  0.2400  0.2384  0.2369  0.2174  0.2000  0.1834  0.1814  0.1985  0.2105  0.2102  0.2113  0.1875  0.2189  0.2249  0.2543  0.2514  0.2472  0.2546  0.2666  0.2766  0.2670  0.2558  0.2426  0.2363  0.2412  0.2482
  0.2293  0.2253  0.2199  0.2189  0.2242  0.2290  0.2308  0.2256  0.2159  0.2150  0.2146  0.2227  0.2100  0.1994  0.1932  0.1780  0.2007  0.1873  0.2012  0.2016  0.1851  0.2026  0.2468  0.2265  0.2407  0.2412  0.2243  0.2303  0.2525  0.2520  0.2403  0.2271  0.2149  0.2132  0.2207  0.2276
  0.2235  0.2152  0.2090  0.2080  0.2166  0.2273  0.2246  0.2209  0.2095  0.2069  0.2043  0.2133  0.2036  0.2076  0.2059  0.1643  0.1951  0.2345  0.2252  0.1920  0.1855  0.1957  0.2535  0.2548  0.2376  0.2428  0.2286  0.2321  0.2373  0.2333  0.2240  0.2105  0.2096  0.2104  0.2201  0.2245
  0.2468  0.2363  0.2334  0.2317  0.2376  0.2533  0.2478  0.2539  0.2366  0.2374  0.2201  0.2235  0.2214  0.2198  0.2150  0.1597  0.1950  0.2524  0.2281  0.1889  0.1995  0.1913  0.2549  0.2534  0.2297  0.2376  0.2323  0.2325  0.2267  0.2333  0.2323  0.2226  0.2252  0.2267  0.2398  0.2409
  0.2712  0.2639  0.2642  0.2630  0.2639  0.2808  0.2729  0.2873  0.2686  0.2732  0.2464  0.2405  0.2444  0.2315  0.2202  0.1612  0.1977  0.2598  0.2283  0.1895  0.2121  0.1913  0.2508  0.2419  0.2212  0.2277  0.2287  0.2287  0.2211  0.2392  0.2469  0.2424  0.2466  0.2465  0.2611  0.2587
  0.2723  0.2884  0.2872  0.2925  0.2842  0.2891  0.2779  0.2866  0.2887  0.2945  0.2909  0.2658  0.2660  0.2395  0.2147  0.1764  0.2061  0.2611  0.2422  0.1982  0.2060  0.2064  0.2301  0.2221  0.2134  0.2045  0.1953  0.2095  0.2281  0.2483  0.2624  0.2647  0.2723  0.2624  0.2700  0.2634
  0.2343  0.2427  0.2366  0.2430  0.2391  0.2428  0.2409  0.2419  0.2459  0.2415  0.2580  0.2376  0.2461  0.2198  0.1870  0.2141  0.2226  0.2634  0.2545  0.1873  0.2050  0.2129  0.2270  0.2240  0.2165  0.2090  0.1992  0.2118  0.2348  0.2333  0.2378  0.2325  0.2394  0.2311  0.2361  0.2344
  0.2235  0.2339  0.2253  0.2343  0.2300  0.2358  0.2391  0.2379  0.2441  0.2307  0.2420  0.2213  0.2293  0.2145  0.1899  0.2291  0.2303  0.2664  0.2565  0.1876  0.2028  0.2055  0.2236  0.2185  0.2097  0.2070  0.2022  0.2099  0.2277  0.2235  0.2278  0.2208  0.2257  0.2174  0.2221  0.2245
  0.2226  0.2388  0.2284  0.2410  0.2341  0.2435  0.2509  0.2495  0.2579  0.2357  0.2314  0.2084  0.2125  0.2144  0.2056  0.2365  0.2351  0.2697  0.2543  0.1922  0.2004  0.1918  0.2199  0.2099  0.1988  0.2026  0.2052  0.2060  0.2141  0.2147  0.2225  0.2162  0.2185  0.2095  0.2147  0.2211
  0.2298  0.2258  0.2330  0.2353  0.2271  0.2363  0.2219  0.2362  0.2221  0.2372  0.2425  0.2307  0.2246  0.2221  0.2546  0.2372  0.2484  0.2537  0.2063  0.1838  0.2578  0.1757  0.2314  0.2584  0.2445  0.2338  0.2213  0.1983  0.1752  0.2080  0.2174  0.2299  0.2343  0.2250  0.2307  0.2160
  0.2061  0.1992  0.2048  0.2009  0.1965  0.1999  0.1903  0.2005  0.1894  0.2093  0.1970  0.2084  0.2237  0.2214  0.2455  0.2272  0.2528  0.2481  0.1957  0.2003  0.2420  0.1760  0.2338  0.2689  0.2501  0.2530  0.2523  0.2235  0.2024  0.2052  0.2010  0.2127  0.2152  0.2090  0.2100  0.1964
  0.1898  0.1826  0.1850  0.1786  0.1765  0.1755  0.1706  0.1755  0.1696  0.1874  0.1695  0.1874  0.2098  0.2204  0.2258  0.2175  0.2520  0.2409  0.1978  0.2118  0.2265  0.1896  0.2361  0.2636  0.2440  0.2583  0.2686  0.2341  0.2178  0.2061  0.1943  0.2024  0.2033  0.1990  0.1963  0.1851
  0.1849  0.1831  0.1781  0.1764  0.1739  0.1700  0.1715  0.1671  0.1719  0.1724  0.1729  0.1639  0.1646  0.2184  0.1784  0.2060  0.2402  0.2287  0.2275  0.2159  0.2077  0.2349  0.2388  0.2235  0.2112  0.2356  0.2578  0.2164  0.2121  0.2152  0.2066  0.2039  0.2038  0.1994  0.1943  0.1887
  0.2245  0.2365  0.2318  0.2359  0.2365  0.2350  0.2490  0.2287  0.2229  0.2096  0.2052  0.1540  0.1500  0.1678  0.1525  0.1898  0.2206  0.2210  0.2405  0.2114  0.2022  0.2327  0.2209  0.2030  0.1984  0.2040  0.1887  0.1893  0.2207  0.2200  0.2301  0.2256  0.2255  0.2257  0.2202  0.2274
  0.2449  0.2561  0.2529  0.2564  0.2540  0.2583  0.2688  0.2499  0.2369  0.2211  0.2182  0.1634  0.1681  0.1796  0.1662  0.1905  0.2121  0.2199  0.2280  0.2118  0.2172  0.2207  0.2148  0.2095  0.2008  0.2023  0.1944  0.1956  0.2189  0.2180  0.2225  0.2292  0.2384  0.2370  0.2376  0.2441
  0.2579  0.2643  0.2614  0.2629  0.2567  0.2649  0.2683  0.2554  0.2392  0.2229  0.2216  0.1712  0.1878  0.2005  0.1890  0.1956  0.2070  0.2209  0.2131  0.2147  0.2340  0.2106  0.2129  0.2227  0.2125  0.2124  0.2183  0.2127  0.2184  0.2150  0.2092  0.2248  0.2436  0.2436  0.2513  0.2548
  0.2571  0.2565  0.2495  0.2490  0.2406  0.2441  0.2400  0.2354  0.2276  0.2095  0.2063  0.1603  0.1890  0.2075  0.2119  0.2033  0.2068  0.2243  0.2092  0.2217  0.2407  0.2149  0.2168  0.2383  0.2421  0.2388  0.2484  0.2402  0.2292  0.2135  0.1993  0.2077  0.2296  0.2442  0.2557  0.2583
  0.2668  0.2579  0.2516  0.2438  0.2386  0.2350  0.2311  0.2254  0.2146  0.2016  0.1942  0.1676  0.1921  0.2132  0.2248  0.2151  0.2164  0.2355  0.2326  0.2673  0.2637  0.2350  0.2212  0.2327  0.2762  0.2752  0.2731  0.2632  0.2570  0.2446  0.2525  0.2324  0.2305  0.2606  0.2696  0.2710
  0.2980  0.2881  0.2779  0.2682  0.2633  0.2573  0.2532  0.2448  0.2315  0.2241  0.2132  0.1903  0.2085  0.2210  0.2328  0.2290  0.2304  0.2536  0.2618  0.2945  0.3140  0.3060  0.2873  0.2511  0.2843  0.2941  0.3020  0.2903  0.2825  0.2759  0.3026  0.2991  0.2567  0.2868  0.3046  0.3034
  0.3441  0.3384  0.3242  0.3169  0.3084  0.3023  0.2953  0.2835  0.2737  0.2627  0.2502  0.2247  0.2232  0.2287  0.2478  0.2549  0.2608  0.2954  0.3171  0.3213  0.3591  0.3696  0.3537  0.3077  0.2988  0.3280  0.3498  0.3390  0.3192  0.3157  0.3584  0.3602  0.3109  0.3231  0.3508  0.3497
  0.3925  0.3907  0.3779  0.3745  0.3622  0.3543  0.3444  0.3310  0.3253  0.3089  0.2975  0.2732  0.2494  0.2431  0.2656  0.2995  0.3242  0.3642  0.3887  0.3605  0.3864  0.4254  0.4192  0.3832  0.3477  0.3807  0.4045  0.3982  0.3991  0.3854  0.4141  0.4190  0.3790  0.3720  0.3972  0.3986
  0.4268  0.4236  0.4168  0.4141  0.4022  0.3894  0.3804  0.3690  0.3631  0.3507  0.3395  0.3269  0.3054  0.2880  0.2882  0.3431  0.4077  0.4459  0.4585  0.4255  0.4132  0.4792  0.4847  0.4550  0.4327  0.4405  0.4476  0.4453  0.4914  0.4655  0.4672  0.4745  0.4536  0.4399  0.4316  0.4339
  0.4513  0.4436  0.4383  0.4319  0.4227  0.4081  0.4013  0.3926  0.3841  0.3804  0.3945  0.3768  0.3994  0.4026  0.3537  0.3692  0.4751  0.5115  0.5087  0.4890  0.4779  0.5186  0.5258  0.5196  0.5207  0.5074  0.4740  0.4830  0.5318  0.5104  0.5106  0.5062  0.5162  0.5029  0.4590  0.4602
  0.5078  0.4955  0.4821  0.4684  0.4576  0.4422  0.4300  0.4202  0.4102  0.4371  0.4856  0.4346  0.4539  0.5193  0.4790  0.4577  0.5248  0.5325  0.5263  0.5214  0.5302  0.5344  0.5304  0.5434  0.5544  0.5475  0.5319  0.5342  0.5482  0.5295  0.5290  0.5251  0.5396  0.5443  0.5135  0.5154
  0.5816  0.5802  0.5730  0.5574  0.5338  0.5053  0.4851  0.4829  0.5191  0.5385  0.5317  0.5069  0.4871  0.5699  0.5602  0.5327  0.5256  0.5114  0.5181  0.5337  0.5343  0.5353  0.5267  0.5191  0.5256  0.5308  0.5458  0.5453  0.5381  0.5222  0.5301  0.5478  0.5606  0.5752  0.5652  0.5801
  0.6270  0.6215  0.6163  0.6057  0.5881  0.5809  0.5860  0.5919  0.5802  0.5684  0.5858  0.5855  0.5576  0.5556  0.5458  0.5267  0.5184  0.5192  0.5262  0.5341  0.5367  0.5432  0.5443  0.5321  0.5293  0.5281  0.5343  0.5417  0.5456  0.5352  0.5346  0.5613  0.5855  0.6016  0.6069  0.6081
  0.6194  0.6225  0.6200  0.6196  0.6200  0.6118  0.6188  0.6122  0.6267  0.6220  0.6203  0.6011  0.5806  0.5580  0.5371  0.5308  0.5265  0.5289  0.5354  0.5383  0.5401  0.5408  0.5420  0.5399  0.5418  0.5498  0.5569  0.5567  0.5483  0.5372  0.5290  0.5376  0.5583  0.5824  0.5999  0.6091
