  -0.0000000e+00
  -0.0000000e+00
  -0.0000000e+00
  -0.0000000e+00
  -0.0000000e+00
  -0.0000000e+00
  -0.0000000e+00
  -0.0000000e+00
  -0.0000000e+00
  -6.4995969e-03
  -7.1135345e-03
  -5.6322496e-03
  -2.6029407e-03
   1.0492398e-03
   2.5950195e-03
   2.4238002e-03
   0.0000000e+00
   0.0000000e+00
   0.0000000e+00
   0.0000000e+00
   0.0000000e+00
   0.0000000e+00
   0.0000000e+00
   0.0000000e+00
   0.0000000e+00
   0.0000000e+00
   0.0000000e+00
   0.0000000e+00
   0.0000000e+00
   4.7306530e-03
   2.4391452e-03
  -1.2309925e-03
  -6.3002282e-03
  -1.0041485e-02
  -1.2491379e-02
  -0.0000000e+00
  -5.4699464e-02
  -5.7923095e-02
  -5.6665422e-02
  -5.2756784e-02
  -4.9080334e-02
  -3.9908151e-02
  -3.4527652e-02
  -2.9866666e-02
  -3.0670185e-02
  -3.1415502e-02
  -3.6437017e-02
  -3.6010589e-02
  -2.9169184e-02
  -0.0000000e+00
  -0.0000000e+00
  -0.0000000e+00
   0.0000000e+00
   0.0000000e+00
   0.0000000e+00
   0.0000000e+00
   0.0000000e+00
   0.0000000e+00
   0.0000000e+00
   0.0000000e+00
   0.0000000e+00
   0.0000000e+00
   0.0000000e+00
   0.0000000e+00
   0.0000000e+00
   0.0000000e+00
  -8.4458414e-04
  -7.6275640e-03
  -1.5309527e-02
  -1.9838804e-02
  -2.7018059e-02
  -4.4370715e-02
  -7.0466241e-03
  -2.1153884e-02
  -2.9822901e-02
  -3.2740254e-02
  -3.2541793e-02
  -2.8057041e-02
  -2.0070052e-02
  -8.7936884e-03
  -3.1548648e-03
   3.4908200e-03
   1.0626782e-02
  -1.5058018e-02
  -7.6549944e-03
   8.1636065e-03
   1.6656153e-02
   1.9596422e-02
   1.0169411e-02
   0.0000000e+00
   0.0000000e+00
   0.0000000e+00
   0.0000000e+00
   0.0000000e+00
   0.0000000e+00
   0.0000000e+00
   0.0000000e+00
   0.0000000e+00
   0.0000000e+00
   0.0000000e+00
   0.0000000e+00
   0.0000000e+00
   0.0000000e+00
   2.7360754e-02
   2.6156394e-02
   2.5770451e-02
   2.4795558e-02
   7.3482539e-03
   8.4285900e-02
   6.3122883e-02
   4.5260895e-02
   3.3050861e-02
   2.4013124e-02
   2.1237765e-02
   2.1045810e-02
   2.8789438e-02
   3.1168034e-02
   3.3524346e-02
   3.0155713e-02
   1.4898125e-02
   0.0000000e+00
   0.0000000e+00
   0.0000000e+00
   3.0013151e-02
   1.9844549e-02
   0.0000000e+00
   0.0000000e+00
   0.0000000e+00
   0.0000000e+00
   0.0000000e+00
   0.0000000e+00
   0.0000000e+00
   0.0000000e+00
   0.0000000e+00
   0.0000000e+00
   0.0000000e+00
   0.0000000e+00
   0.0000000e+00
   0.0000000e+00
   7.5203184e-02
   8.5904536e-02
   1.0559078e-01
   1.1268762e-01
   9.9346898e-02
   1.5695259e-01
   1.4335415e-01
   1.2203535e-01
   1.0557994e-01
   8.6602479e-02
   7.5437076e-02
   6.7618214e-02
   6.2429439e-02
   6.3012302e-02
   5.4606792e-02
   4.8171605e-02
   3.9810548e-02
   0.0000000e+00
   0.0000000e+00
   0.0000000e+00
   0.0000000e+00
   0.0000000e+00
   0.0000000e+00
   0.0000000e+00
   0.0000000e+00
   0.0000000e+00
   0.0000000e+00
   0.0000000e+00
   0.0000000e+00
   0.0000000e+00
   0.0000000e+00
   0.0000000e+00
   0.0000000e+00
   0.0000000e+00
   0.0000000e+00
   0.0000000e+00
   1.1204553e-01
   1.3849299e-01
   1.5003307e-01
   1.6610961e-01
   1.6733293e-01
   1.6327368e-01
   1.6095151e-01
   1.4548016e-01
   1.3547581e-01
   1.1811659e-01
   1.0389613e-01
   9.6405774e-02
   8.4295608e-02
   8.3364733e-02
   7.5485386e-02
   7.0740260e-02
   5.9201896e-02
   0.0000000e+00
   0.0000000e+00
   0.0000000e+00
   0.0000000e+00
   0.0000000e+00
   0.0000000e+00
   0.0000000e+00
   0.0000000e+00
   0.0000000e+00
   0.0000000e+00
   0.0000000e+00
   0.0000000e+00
   0.0000000e+00
   0.0000000e+00
   0.0000000e+00
   0.0000000e+00
   0.0000000e+00
   0.0000000e+00
   0.0000000e+00
   1.1649163e-01
   1.4380400e-01
   1.5193945e-01
   1.6030714e-01
   1.6763850e-01
   1.3225052e-01
   1.3270803e-01
   1.2685722e-01
   1.2433231e-01
   1.1582431e-01
   1.0675216e-01
   1.0000625e-01
   9.1456547e-02
   8.7720372e-02
   8.4811255e-02
   8.4336489e-02
   6.2444214e-02
   0.0000000e+00
   0.0000000e+00
   0.0000000e+00
   0.0000000e+00
   0.0000000e+00
   0.0000000e+00
   0.0000000e+00
   0.0000000e+00
   7.3420000e-02
   6.6110552e-02
   0.0000000e+00
   0.0000000e+00
   0.0000000e+00
   0.0000000e+00
   7.8796073e-02
   7.6734234e-02
   5.8170277e-02
   0.0000000e+00
   0.0000000e+00
   9.1350651e-02
   1.1358850e-01
   1.2414607e-01
   1.2837252e-01
   1.3145578e-01
   7.7799924e-02
   7.9753041e-02
   8.0965161e-02
   8.2315430e-02
   7.9926133e-02
   7.8188375e-02
   7.2795413e-02
   6.9805458e-02
   6.6113442e-02
   6.3430265e-02
   6.4863779e-02
   4.3690350e-02
   2.8334182e-02
   0.0000000e+00
   0.0000000e+00
   0.0000000e+00
   0.0000000e+00
   0.0000000e+00
   0.0000000e+00
   6.4285046e-02
   6.8544023e-02
   5.4982748e-02
   3.1303954e-02
   0.0000000e+00
   0.0000000e+00
   5.1010418e-02
   6.2783785e-02
   5.6274079e-02
   3.4308285e-02
   0.0000000e+00
   0.0000000e+00
   0.0000000e+00
   7.0919097e-02
   7.9385526e-02
   7.7285968e-02
   7.5328425e-02
   1.9005412e-02
   2.2434594e-02
   2.5677675e-02
   2.8215695e-02
   2.8346084e-02
   2.8844591e-02
   2.6659653e-02
   2.4743319e-02
   2.2180814e-02
   2.0268913e-02
   2.2738067e-02
   1.4819797e-02
   3.1373668e-03
  -2.7360951e-03
  -3.1069281e-03
   0.0000000e+00
   0.0000000e+00
   0.0000000e+00
   2.8865505e-02
   3.9879803e-02
   2.8040294e-02
   9.1233104e-03
  -2.0515607e-03
  -2.4482281e-03
   4.0616821e-03
   1.0544573e-02
   1.3018950e-02
   6.9225188e-03
  -1.4255004e-04
   0.0000000e+00
   0.0000000e+00
   0.0000000e+00
   2.2580542e-02
   2.1406289e-02
   1.7953549e-02
   1.5956091e-02
  -2.7844151e-02
  -2.5973674e-02
  -2.1387555e-02
  -1.8622521e-02
  -1.7161587e-02
  -1.5774988e-02
  -1.7261209e-02
  -1.6344288e-02
  -1.9350534e-02
  -1.8200999e-02
  -1.4569337e-02
  -1.2603048e-02
  -1.5657859e-02
  -1.7135065e-02
  -1.0539175e-02
  -0.0000000e+00
   0.0000000e+00
  -0.0000000e+00
  -8.9574766e-03
   2.1355553e-03
  -1.2968502e-02
  -3.3979066e-02
  -3.7485935e-02
  -3.1482954e-02
  -2.5283679e-02
  -2.8661890e-02
  -3.3221278e-02
  -3.5652038e-02
  -2.7418936e-02
   0.0000000e+00
   0.0000000e+00
   0.0000000e+00
  -1.9465137e-02
  -2.7342454e-02
  -2.9700130e-02
  -3.2090697e-02
  -5.9800256e-02
  -5.9967548e-02
  -5.4764971e-02
  -5.0093614e-02
  -4.7139250e-02
  -4.2858168e-02
  -4.4670749e-02
  -4.0261079e-02
  -4.1552879e-02
  -3.9812945e-02
  -3.6289468e-02
  -3.2651436e-02
  -2.5935009e-02
  -2.4778102e-02
  -1.1501813e-02
  -4.3008774e-03
   0.0000000e+00
  -0.0000000e+00
  -2.4808294e-02
  -2.4725592e-02
  -3.4235816e-02
  -5.3563092e-02
  -6.5285936e-02
  -6.2309541e-02
  -5.0553236e-02
  -5.1224023e-02
  -6.0200736e-02
  -5.9193134e-02
  -4.0289440e-02
   0.0000000e+00
   0.0000000e+00
   0.0000000e+00
  -5.4427368e-02
  -6.1310705e-02
  -5.9160531e-02
  -6.3564479e-02
  -7.6693691e-02
  -7.7238679e-02
  -7.3193863e-02
  -6.5833360e-02
  -6.1907127e-02
  -5.4463379e-02
  -5.5612020e-02
  -4.9516685e-02
  -4.7624763e-02
  -4.8507471e-02
  -4.5511499e-02
  -4.3710224e-02
  -3.0332588e-02
  -2.5871629e-02
  -8.6700775e-03
  -3.7012335e-04
   0.0000000e+00
  -0.0000000e+00
  -3.5029915e-02
  -3.9965191e-02
  -4.1168340e-02
  -5.5901058e-02
  -7.3710643e-02
  -7.2418503e-02
  -5.9618820e-02
  -5.6298234e-02
  -6.8641543e-02
  -6.5406494e-02
  -4.0661226e-02
  -0.0000000e+00
   0.0000000e+00
  -0.0000000e+00
  -6.9556807e-02
  -7.7605650e-02
  -7.2796151e-02
  -7.8328252e-02
  -7.8936502e-02
  -7.7507891e-02
  -7.6820083e-02
  -6.6541031e-02
  -6.2553346e-02
  -5.2593995e-02
  -5.1048547e-02
  -4.6090063e-02
  -4.0227499e-02
  -4.7053371e-02
  -4.4824671e-02
  -4.5709688e-02
  -3.0417915e-02
  -1.8612867e-02
   6.5798199e-04
   5.8772198e-03
   0.0000000e+00
  -0.0000000e+00
  -3.5079278e-02
  -4.3269330e-02
  -3.7098236e-02
  -4.4129983e-02
  -5.9853923e-02
  -0.0000000e+00
  -0.0000000e+00
  -0.0000000e+00
  -6.0098566e-02
  -5.4978643e-02
  -3.4265772e-02
  -2.1704160e-02
   0.0000000e+00
  -6.1164716e-02
  -7.3748410e-02
  -7.6470539e-02
  -7.2231248e-02
  -7.6878197e-02
  -6.2424660e-02
  -5.8922444e-02
  -6.0183901e-02
  -5.0177682e-02
  -4.7504123e-02
  -3.9029513e-02
  -3.4295101e-02
  -3.2995079e-02
  -2.8501667e-02
  -3.8819756e-02
  -3.6898326e-02
  -3.7713129e-02
  -2.7088806e-02
  -1.1764334e-02
  -6.0976265e-03
   6.7622550e-03
   0.0000000e+00
   0.0000000e+00
  -0.0000000e+00
  -3.8428828e-02
  -3.1211343e-02
  -2.8878687e-02
  -2.8683649e-02
  -0.0000000e+00
   0.0000000e+00
  -0.0000000e+00
  -4.1231276e-02
  -3.7694849e-02
  -2.6965637e-02
  -1.6667827e-02
   0.0000000e+00
  -5.8858428e-02
  -5.7684314e-02
  -5.5916190e-02
  -5.5585224e-02
  -5.8427937e-02
  -4.3274347e-02
  -4.0368099e-02
  -4.1525140e-02
  -3.4374066e-02
  -3.2514133e-02
  -2.6934717e-02
  -2.2994377e-02
  -2.3985008e-02
  -2.3320062e-02
  -3.2257482e-02
  -3.0687347e-02
  -3.0676201e-02
  -2.2712367e-02
  -9.7819539e-03
  -5.8125779e-03
   7.7506031e-03
   0.0000000e+00
   0.0000000e+00
  -0.0000000e+00
  -3.1399728e-02
  -3.1617217e-02
  -2.4968227e-02
  -1.5844665e-02
  -4.7424072e-03
  -0.0000000e+00
   0.0000000e+00
  -0.0000000e+00
  -2.9592156e-02
  -2.5733195e-02
  -1.7391743e-02
  -2.2906275e-02
  -4.4487081e-02
  -4.0129300e-02
  -3.8079884e-02
  -3.8299013e-02
  -4.0088940e-02
  -3.1084515e-02
  -2.9013326e-02
  -2.9949030e-02
  -2.5490871e-02
  -2.4191324e-02
  -2.1429079e-02
  -1.9145090e-02
  -2.1985022e-02
  -2.3410156e-02
  -3.0354472e-02
  -2.8832309e-02
  -2.7200546e-02
  -2.0878317e-02
  -9.0314439e-03
  -4.8206230e-03
   8.5210794e-03
   0.0000000e+00
   0.0000000e+00
   0.0000000e+00
  -3.0759405e-02
  -3.4154311e-02
  -2.6637962e-02
  -1.3221254e-02
  -2.6952852e-03
  -7.0888900e-03
  -6.6968176e-03
   0.0000000e+00
  -0.0000000e+00
  -2.7088162e-02
  -2.2108242e-02
  -2.7342808e-02
  -3.6246318e-02
  -2.9319849e-02
  -2.7778665e-02
  -2.7813766e-02
  -2.8724307e-02
  -2.2452997e-02
  -2.1501638e-02
  -2.2236843e-02
  -2.1209354e-02
  -2.0387501e-02
  -2.1359472e-02
  -2.1829547e-02
  -2.6772421e-02
  -2.8257037e-02
  -3.1971611e-02
  -3.0383369e-02
  -2.5188100e-02
  -2.0363262e-02
  -7.3711202e-03
  -2.5099118e-03
   8.8909511e-03
   0.0000000e+00
   0.0000000e+00
   0.0000000e+00
  -3.0302363e-02
  -3.8420041e-02
  -3.3459980e-02
  -2.0544307e-02
  -6.2167379e-03
  -5.8007012e-03
  -6.6365223e-03
  -0.0000000e+00
  -0.0000000e+00
  -3.0243201e-02
  -3.0518696e-02
  -3.2133076e-02
  -2.6995249e-02
  -2.2413298e-02
  -2.1859562e-02
  -2.1332564e-02
  -2.0900123e-02
  -2.0050513e-02
  -2.0149155e-02
  -2.0326627e-02
  -2.1622160e-02
  -2.0503320e-02
  -2.3764869e-02
  -2.4212457e-02
  -2.8997434e-02
  -2.9568197e-02
  -3.0632943e-02
  -3.0409224e-02
  -2.2421032e-02
  -1.9636173e-02
  -2.7472773e-03
   3.2155195e-03
   9.2573981e-03
   0.0000000e+00
   0.0000000e+00
   0.0000000e+00
  -2.6649037e-02
  -3.9101354e-02
  -3.6882184e-02
  -3.1015003e-02
  -1.9362276e-02
  -1.6090909e-02
  -9.2263175e-03
  -2.5794727e-03
  -0.0000000e+00
  -3.0132385e-02
  -3.2373562e-02
  -2.9984340e-02
  -2.3231743e-02
  -2.1941049e-02
  -1.9956196e-02
  -2.1076094e-02
  -1.9021368e-02
  -1.6407086e-02
  -1.6694736e-02
  -1.7065875e-02
  -1.8601699e-02
  -1.7708004e-02
  -2.0902995e-02
  -2.0457892e-02
  -2.4010666e-02
  -2.4098700e-02
  -2.4795774e-02
  -2.4326039e-02
  -1.8384818e-02
  -1.6484620e-02
  -1.2142238e-03
   5.0537232e-03
   1.1514246e-02
   0.0000000e+00
   0.0000000e+00
   0.0000000e+00
  -2.2609953e-02
  -3.0226968e-02
  -2.8618056e-02
  -2.9728374e-02
  -2.0925926e-02
  -1.8474564e-02
  -1.1662964e-02
  -5.0054799e-03
  -0.0000000e+00
  -2.5923944e-02
  -2.5665820e-02
  -2.2932226e-02
  -1.9113684e-02
  -1.8846555e-02
  -1.6499497e-02
  -1.8261189e-02
  -1.5733300e-02
  -1.4837525e-02
  -1.5551113e-02
  -1.6372090e-02
  -1.8250138e-02
  -1.7972933e-02
  -2.0985311e-02
  -2.0405101e-02
  -2.3280682e-02
  -2.4393572e-02
  -2.5491852e-02
  -2.5445325e-02
  -2.0882657e-02
  -1.8605854e-02
  -2.8876783e-03
   4.4475910e-03
   1.1922641e-02
   0.0000000e+00
   0.0000000e+00
   0.0000000e+00
  -2.1602605e-02
  -2.4262086e-02
  -2.1460657e-02
  -2.8574856e-02
  -2.4188245e-02
  -2.4184160e-02
  -1.6799878e-02
  -8.2596997e-03
  -1.5688834e-02
  -2.2872112e-02
  -1.9883167e-02
  -1.8270003e-02
  -1.7583851e-02
  -1.8160423e-02
  -1.5534632e-02
  -1.7356459e-02
  -1.4782663e-02
  -9.6933991e-03
  -1.0358903e-02
  -1.1721848e-02
  -1.3218378e-02
  -1.4091451e-02
  -1.5193609e-02
  -1.5083082e-02
  -1.6288064e-02
  -1.8131705e-02
  -2.0456379e-02
  -2.0660460e-02
  -2.1804398e-02
  -1.8738955e-02
  -1.1257812e-02
  -2.1395569e-03
   1.0394601e-02
   0.0000000e+00
   0.0000000e+00
   0.0000000e+00
  -2.1618370e-02
  -9.9450220e-03
  -2.4165114e-03
  -1.5463391e-02
  -2.1420104e-02
  -2.5388170e-02
  -1.6590258e-02
  -1.4000646e-02
  -2.2632936e-02
  -1.6540253e-02
  -9.1558769e-03
  -1.0858274e-02
  -1.2317313e-02
  -1.4206801e-02
  -1.2532739e-02
  -1.2375186e-02
  -1.0744452e-02
  -8.1297820e-03
  -8.2630860e-03
  -9.1765951e-03
  -1.0764356e-02
  -1.2062741e-02
  -1.2182931e-02
  -1.2854995e-02
  -1.3001057e-02
  -1.4927951e-02
  -1.7080754e-02
  -1.9466991e-02
  -2.2975337e-02
  -2.1069564e-02
  -2.2909041e-02
  -1.3649265e-02
  -0.0000000e+00
   0.0000000e+00
   0.0000000e+00
   0.0000000e+00
  -2.0047297e-02
   7.6983037e-04
   7.1414095e-03
  -0.0000000e+00
  -1.6201887e-02
  -1.7627597e-02
  -1.5388198e-02
  -2.2091437e-02
  -2.6252080e-02
  -1.4216121e-02
  -8.6331032e-03
  -1.0260268e-02
  -1.1107734e-02
  -1.3707995e-02
  -1.3518861e-02
  -1.1425149e-02
  -9.8386602e-03
  -1.4691402e-02
  -1.4406645e-02
  -1.4604677e-02
  -1.6276952e-02
  -1.7675497e-02
  -1.7731430e-02
  -1.8126607e-02
  -1.7316338e-02
  -1.9125095e-02
  -2.0779362e-02
  -2.3718918e-02
  -2.6771747e-02
  -2.5827058e-02
  -3.1785455e-02
  -2.7417304e-02
  -0.0000000e+00
  -0.0000000e+00
  -3.1069411e-02
  -2.7297476e-02
  -2.0296296e-02
   1.9234915e-03
   7.1603474e-03
   0.0000000e+00
  -0.0000000e+00
  -1.5044023e-02
  -2.1034293e-02
  -2.9229678e-02
  -2.8347051e-02
  -1.9364474e-02
  -1.6112018e-02
  -1.7210539e-02
  -1.8221103e-02
  -2.1073189e-02
  -2.1065701e-02
  -1.8500533e-02
  -1.6757449e-02
  -3.0128699e-02
  -2.9353466e-02
  -2.8721184e-02
  -3.0470412e-02
  -3.1845037e-02
  -3.2435935e-02
  -3.1667985e-02
  -2.9794857e-02
  -3.1229939e-02
  -3.2145921e-02
  -3.4358505e-02
  -3.5030883e-02
  -3.5022553e-02
  -4.1875087e-02
  -4.7649138e-02
  -4.7485173e-02
  -3.9781155e-02
  -3.2332841e-02
  -3.5017624e-02
  -2.3892492e-02
  -5.0057910e-03
  -0.0000000e+00
   0.0000000e+00
  -0.0000000e+00
  -1.7760921e-02
  -3.4676336e-02
  -3.8590763e-02
  -3.1564131e-02
  -3.0745573e-02
  -3.2076892e-02
  -3.2448068e-02
  -3.4349240e-02
  -3.7365507e-02
  -3.6817670e-02
  -3.4725737e-02
  -3.2507285e-02
  -4.8428137e-02
  -4.7697101e-02
  -4.7223330e-02
  -4.8724428e-02
  -5.0307103e-02
  -5.1325668e-02
  -4.9465224e-02
  -4.7633957e-02
  -4.7396313e-02
  -4.7172327e-02
  -4.6452835e-02
  -4.4348259e-02
  -4.6110731e-02
  -5.2146364e-02
  -7.3536396e-02
  -7.6829195e-02
  -4.7210000e-02
  -4.2644240e-02
  -4.4908162e-02
  -3.0122172e-02
  -2.5692033e-02
  -2.6610891e-02
  -2.7255337e-02
  -2.3472086e-02
  -3.2042362e-02
  -4.9476311e-02
  -4.6267979e-02
  -4.1767705e-02
  -4.3170437e-02
  -4.6090197e-02
  -4.9341731e-02
  -5.1391903e-02
  -5.4642215e-02
  -5.4153472e-02
  -5.3197686e-02
  -5.0889425e-02
  -5.5365071e-02
  -5.4267675e-02
  -5.3792439e-02
  -5.4410581e-02
  -5.5736750e-02
  -5.6440007e-02
  -5.6408159e-02
  -5.5369254e-02
  -5.3295765e-02
  -5.2128587e-02
  -4.9191564e-02
  -4.7581635e-02
  -4.9194511e-02
  -5.4678977e-02
  -6.9873661e-02
  -6.6810295e-02
  -4.3808378e-02
  -4.2830609e-02
  -4.1730061e-02
  -3.3435881e-02
  -3.6281627e-02
  -3.3722418e-02
  -2.9948480e-02
  -2.9615458e-02
  -3.6630720e-02
  -4.5948197e-02
  -4.6589527e-02
  -4.7647219e-02
  -4.6923947e-02
  -4.9215984e-02
  -5.4379757e-02
  -5.5395201e-02
  -5.7612609e-02
  -5.9178304e-02
  -5.9173569e-02
  -5.7565171e-02
  -4.7847722e-02
  -4.7038257e-02
  -4.6781845e-02
  -4.7252450e-02
  -4.8216764e-02
  -4.8912637e-02
  -5.0036218e-02
  -4.9324162e-02
  -4.7763579e-02
  -4.6030849e-02
  -4.3151870e-02
  -4.3601952e-02
  -4.3842092e-02
  -4.6566378e-02
  -5.1686805e-02
  -4.4891544e-02
  -3.4481548e-02
  -3.4165457e-02
  -3.1469952e-02
  -3.0156080e-02
  -3.2099895e-02
  -2.4893949e-02
  -2.1245131e-02
  -2.4675839e-02
  -2.8641280e-02
  -3.2221220e-02
  -3.7370235e-02
  -4.1197080e-02
  -4.0742338e-02
  -4.1979697e-02
  -4.5966938e-02
  -4.6774436e-02
  -4.8412301e-02
  -5.0733577e-02
  -5.1041909e-02
  -4.9682513e-02
  -2.3872226e-02
  -2.3779888e-02
  -2.4278147e-02
  -2.5261000e-02
  -2.6025655e-02
  -2.7338903e-02
  -2.8462837e-02
  -2.8181061e-02
  -2.8589090e-02
  -2.7107082e-02
  -2.6512889e-02
  -2.9063085e-02
  -2.7409352e-02
  -2.5851453e-02
  -2.1746079e-02
  -1.6733320e-02
  -1.8387832e-02
  -1.7845245e-02
  -0.0000000e+00
  -1.9317325e-02
  -1.7681495e-02
  -3.1627214e-03
   1.3973191e-04
  -3.7537715e-03
  -6.1724554e-03
  -1.1297663e-02
  -1.3454262e-02
  -1.7727600e-02
  -1.9711485e-02
  -2.0996407e-02
  -2.2301301e-02
  -2.3628576e-02
  -2.4928374e-02
  -2.6414074e-02
  -2.6550600e-02
  -2.4970841e-02
   1.8777817e-02
   1.8626751e-02
   1.6191937e-02
   1.4453283e-02
   1.3309643e-02
   1.0702139e-02
   1.1012457e-02
   9.4328588e-03
   8.0318553e-03
   7.0674513e-03
   3.9222841e-03
   2.4134871e-03
   4.7742631e-03
   9.4786026e-03
   1.2623613e-02
   1.4027584e-02
   9.5758904e-03
   2.7983141e-03
  -0.0000000e+00
  -0.0000000e+00
   0.0000000e+00
   0.0000000e+00
   3.4065600e-02
   3.7427646e-02
   3.3671007e-02
   3.0084593e-02
   3.3675972e-02
   3.0139280e-02
   2.5615260e-02
   2.0525567e-02
   1.9316224e-02
   1.6761199e-02
   1.6153211e-02
   1.7004672e-02
   1.7318238e-02
   1.9221582e-02
   6.5896109e-02
   6.5626010e-02
   6.0801674e-02
   5.9251975e-02
   5.6369793e-02
   5.3419188e-02
   5.4745901e-02
   5.0323665e-02
   5.0221581e-02
   4.5826539e-02
   4.1947115e-02
   4.5493145e-02
   4.6802737e-02
   4.7681998e-02
   4.5148239e-02
   4.8813723e-02
   4.4939343e-02
   2.7086691e-02
   0.0000000e+00
   0.0000000e+00
   0.0000000e+00
   0.0000000e+00
   6.4957090e-02
   8.2035606e-02
   7.2210095e-02
   7.7057389e-02
   8.4844485e-02
   8.5028529e-02
   8.4508315e-02
   7.5260282e-02
   7.0589356e-02
   6.4673640e-02
   6.5074667e-02
   6.5737702e-02
   6.6620640e-02
   6.8876661e-02
   9.4996929e-02
   9.2067026e-02
   8.7869629e-02
   8.6557746e-02
   8.4099092e-02
   8.3541743e-02
   8.1835806e-02
   7.8585453e-02
   7.8809485e-02
   7.4023969e-02
   7.4497528e-02
   7.8293748e-02
   7.4983470e-02
   6.9805093e-02
   7.0146322e-02
   7.6544397e-02
   6.9333591e-02
   4.7226170e-02
   0.0000000e+00
   0.0000000e+00
   0.0000000e+00
   6.3097121e-02
   7.5836726e-02
   8.6175427e-02
   8.6801171e-02
   9.9810980e-02
   1.0603386e-01
   1.1203237e-01
   1.1827151e-01
   1.1221731e-01
   1.0590494e-01
   1.0004409e-01
   9.8767810e-02
   9.6904062e-02
   9.7354151e-02
   9.8229900e-02
   9.6509509e-02
   9.1723576e-02
   8.9978777e-02
   8.8797249e-02
   8.9099944e-02
   8.9562379e-02
   8.7040044e-02
   8.7779164e-02
   8.3885662e-02
   8.3018392e-02
   8.6176313e-02
   8.1155658e-02
   7.7482186e-02
   7.9123624e-02
   8.3583027e-02
   8.5432932e-02
   7.7196427e-02
   5.9401092e-02
   0.0000000e+00
   0.0000000e+00
   5.9351262e-02
   6.0024764e-02
   6.1417490e-02
   6.5855615e-02
   7.9890773e-02
   9.1035917e-02
   9.6818745e-02
   1.0252871e-01
   1.0691759e-01
   1.0786819e-01
   1.0759421e-01
   1.0734539e-01
   1.0408513e-01
   1.0248819e-01
   1.0136715e-01
   9.8686509e-02
   7.6567911e-02
   7.3365815e-02
   7.2416596e-02
   7.1807168e-02
   7.3908076e-02
   7.3742971e-02
   7.5653680e-02
   7.5245291e-02
   6.9961429e-02
   7.1966998e-02
   7.1879931e-02
   6.6566914e-02
   6.7311093e-02
   7.6847062e-02
   7.8055941e-02
   7.3042862e-02
   6.9794767e-02
   6.1600573e-02
   7.8410579e-02
   8.5649196e-02
   6.3221990e-02
   5.2092340e-02
   4.1140079e-02
   4.2575266e-02
   5.6169350e-02
   6.3045815e-02
   7.0340723e-02
   7.3378101e-02
   7.2874598e-02
   7.4154675e-02
   8.0494747e-02
   8.5092701e-02
   8.3969884e-02
   8.6136825e-02
   8.4686622e-02
   8.0520183e-02
   3.6841899e-02
   3.7052847e-02
   3.7324950e-02
   3.8276713e-02
   3.9656684e-02
   3.9560579e-02
   4.2169139e-02
   3.7377104e-02
   3.8848020e-02
   3.9413530e-02
   3.7275210e-02
   4.4746850e-02
   4.4058274e-02
   4.5450617e-02
   4.2757679e-02
   3.6271751e-02
   3.9240565e-02
   4.4719130e-02
   6.1448447e-02
   6.5957397e-02
   4.7618780e-02
   3.3090092e-02
   2.1147050e-02
   1.8530387e-02
   2.0682888e-02
   2.3842644e-02
   2.7089344e-02
   3.1168532e-02
   3.5099342e-02
   3.3182081e-02
   3.6154177e-02
   3.6875442e-02
   3.7937183e-02
   4.1583002e-02
   4.1133743e-02
   4.0219031e-02
  -7.3261298e-03
  -3.3594714e-03
   6.1488990e-04
   2.9079374e-03
   3.5242892e-03
   2.0663838e-03
  -7.1098603e-04
  -4.1573532e-03
  -6.3201651e-04
  -9.7524564e-05
   6.8636626e-05
   6.5063499e-03
   2.6681472e-03
  -2.7841451e-03
  -3.8449122e-03
  -4.9709650e-03
  -7.2076873e-06
   7.9742773e-03
   1.4709880e-02
   1.6269568e-02
   1.1339175e-02
   4.6811034e-03
  -2.3021633e-03
  -8.1336219e-03
  -1.1312136e-02
  -1.3049785e-02
  -1.6733753e-02
  -1.3888192e-02
  -5.6827436e-03
  -4.8676627e-03
  -7.1262522e-03
  -1.1020699e-02
  -1.2393592e-02
  -1.2268773e-02
  -1.2481744e-02
  -9.4620921e-03
  -2.9566692e-02
  -2.5524074e-02
  -2.2984087e-02
  -2.2544254e-02
  -2.4126614e-02
  -2.6933933e-02
  -2.9253162e-02
  -2.9814985e-02
  -2.8802119e-02
  -2.9124519e-02
  -3.0530930e-02
  -3.1027112e-02
  -3.1459533e-02
  -3.1061120e-02
  -2.9045340e-02
  -2.6807884e-02
  -2.2392947e-02
  -1.6634671e-02
  -1.3231624e-02
  -1.2652511e-02
  -1.4605657e-02
  -1.8370533e-02
  -2.3287570e-02
  -2.7179221e-02
  -2.8379079e-02
  -2.9147077e-02
  -3.2418899e-02
  -3.5185821e-02
  -3.6046430e-02
  -3.7078761e-02
  -3.8547799e-02
  -3.9385628e-02
  -3.8706686e-02
  -3.7918523e-02
  -3.6685377e-02
  -3.3526130e-02
