  -5.717240e+00
  -5.717240e+00
  -5.717240e+00
  -5.717240e+00
  -5.717240e+00
  -5.717240e+00
  -5.717240e+00
  -5.717240e+00
  -5.717240e+00
  -5.717240e+00
  -5.717240e+00
  -5.717240e+00
  -5.717240e+00
  -5.717240e+00
  -5.717240e+00
  -5.717240e+00
  -5.717240e+00
  -5.717240e+00
  4.693148e+00
  4.693148e+00
  4.693148e+00
  4.693148e+00
  4.693148e+00
  4.693148e+00
  4.693148e+00
  4.693148e+00
  4.693148e+00
  4.693148e+00
  4.693148e+00
  4.693148e+00
  4.693148e+00
  4.693148e+00
  4.693148e+00
  4.693148e+00
  4.693148e+00
  4.693148e+00
  8.904299e+00
  8.904299e+00
  8.904299e+00
  8.904299e+00
  8.904299e+00
  8.904299e+00
  8.904299e+00
  8.904299e+00
  8.904299e+00
  8.904299e+00
  8.904299e+00
  8.904299e+00
  8.904299e+00
  8.904299e+00
  8.904299e+00
  8.904299e+00
  8.904299e+00
  8.904299e+00
  7.132105e+00
  7.132105e+00
  7.132105e+00
  7.132105e+00
  7.132105e+00
  7.132105e+00
  7.132105e+00
  7.132105e+00
  7.132105e+00
  7.132105e+00
  7.132105e+00
  7.132105e+00
  7.132105e+00
  7.132105e+00
  7.132105e+00
  7.132105e+00
  7.132105e+00
  7.132105e+00
  -3.508232e+00
  -3.508232e+00
  -3.508232e+00
  -3.508232e+00
  -3.508232e+00
  -3.508232e+00
  -3.508232e+00
  -3.508232e+00
  -3.508232e+00
  -3.508232e+00
  -3.508232e+00
  -3.508232e+00
  -3.508232e+00
  -3.508232e+00
  -3.508232e+00
  -3.508232e+00
  -3.508232e+00
  -3.508232e+00
  -6.258594e+00
  -6.258594e+00
  -6.258594e+00
  -6.258594e+00
  -6.258594e+00
  -6.258594e+00
  -6.258594e+00
  -6.258594e+00
  -6.258594e+00
  -6.258594e+00
  -6.258594e+00
  -6.258594e+00
  -6.258594e+00
  -6.258594e+00
  -6.258594e+00
  -6.258594e+00
  -6.258594e+00
  -6.258594e+00
  -5.871138e+00
  -5.871138e+00
  -5.871138e+00
  -5.871138e+00
  -5.871138e+00
  -5.871138e+00
  -5.871138e+00
  -5.871138e+00
  -5.871138e+00
  -5.871138e+00
  -5.871138e+00
  -5.871138e+00
  -5.871138e+00
  -5.871138e+00
  -5.871138e+00
  -5.871138e+00
  -5.871138e+00
  -5.871138e+00
  -4.341719e+00
  -4.341719e+00
  -4.341719e+00
  -4.341719e+00
  -4.341719e+00
  -4.341719e+00
  -4.341719e+00
  -4.341719e+00
  -4.341719e+00
  -4.341719e+00
  -4.341719e+00
  -4.341719e+00
  -4.341719e+00
  -4.341719e+00
  -4.341719e+00
  -4.341719e+00
  -4.341719e+00
  -4.341719e+00
  -3.508232e+00
  -3.508232e+00
  -3.508232e+00
  -3.508232e+00
  -3.508232e+00
  -3.508232e+00
  -3.508232e+00
  -3.508232e+00
  -3.508232e+00
  -3.508232e+00
  -3.508232e+00
  -3.508232e+00
  -3.508232e+00
  -3.508232e+00
  -3.508232e+00
  -3.508232e+00
  -3.508232e+00
  -3.508232e+00
  -3.508232e+00
  -3.508232e+00
  -3.508232e+00
  -3.508232e+00
  -3.508232e+00
  -3.508232e+00
  -3.508232e+00
  -3.508232e+00
  -3.508232e+00
  -3.508232e+00
  -3.508232e+00
  -3.508232e+00
  -3.508232e+00
  -3.508232e+00
  -3.508232e+00
  -3.508232e+00
  -3.508232e+00
  -3.508232e+00
  -4.005649e+00
  -4.005649e+00
  -4.005649e+00
  -4.005649e+00
  -4.005649e+00
  -4.005649e+00
  -4.005649e+00
  -4.005649e+00
  -4.005649e+00
  -4.005649e+00
  -4.005649e+00
  -4.005649e+00
  -4.005649e+00
  -4.005649e+00
  -4.005649e+00
  -4.005649e+00
  -4.005649e+00
  -4.005649e+00
  -5.076159e+00
  -5.076159e+00
  -5.076159e+00
  -5.076159e+00
  -5.076159e+00
  -5.076159e+00
  -5.076159e+00
  -5.076159e+00
  -5.076159e+00
  -5.076159e+00
  -5.076159e+00
  -5.076159e+00
  -5.076159e+00
  -5.076159e+00
  -5.076159e+00
  -5.076159e+00
  -5.076159e+00
  -5.076159e+00
  -5.334660e+00
  -5.334660e+00
  -5.334660e+00
  -5.334660e+00
  -5.334660e+00
  -5.334660e+00
  -5.334660e+00
  -5.334660e+00
  -5.334660e+00
  -5.334660e+00
  -5.334660e+00
  -5.334660e+00
  -5.334660e+00
  -5.334660e+00
  -5.334660e+00
  -5.334660e+00
  -5.334660e+00
  -5.334660e+00
  -3.508232e+00
  -3.508232e+00
  -3.508232e+00
  -3.508232e+00
  -3.508232e+00
  -3.508232e+00
  -3.508232e+00
  -3.508232e+00
  -3.508232e+00
  -3.508232e+00
  -3.508232e+00
  -3.508232e+00
  -3.508232e+00
  -3.508232e+00
  -3.508232e+00
  -3.508232e+00
  -3.508232e+00
  -3.508232e+00
  5.490388e+00
  5.490388e+00
  5.490388e+00
  5.490388e+00
  5.490388e+00
  5.490388e+00
  5.490388e+00
  5.490388e+00
  5.490388e+00
  5.490388e+00
  5.490388e+00
  5.490388e+00
  5.490388e+00
  5.490388e+00
  5.490388e+00
  5.490388e+00
  5.490388e+00
  5.490388e+00
  6.988032e+00
  6.988032e+00
  6.988032e+00
  6.988032e+00
  6.988032e+00
  6.988032e+00
  6.988032e+00
  6.988032e+00
  6.988032e+00
  6.988032e+00
  6.988032e+00
  6.988032e+00
  6.988032e+00
  6.988032e+00
  6.988032e+00
  6.988032e+00
  6.988032e+00
  6.988032e+00
  3.538418e+00
  3.538418e+00
  3.538418e+00
  3.538418e+00
  3.538418e+00
  3.538418e+00
  3.538418e+00
  3.538418e+00
  3.538418e+00
  3.538418e+00
  3.538418e+00
  3.538418e+00
  3.538418e+00
  3.538418e+00
  3.538418e+00
  3.538418e+00
  3.538418e+00
  3.538418e+00
  -4.685095e+00
  -4.685095e+00
  -4.685095e+00
  -4.685095e+00
  -4.685095e+00
  -4.685095e+00
  -4.685095e+00
  -4.685095e+00
  -4.685095e+00
  -4.685095e+00
  -4.685095e+00
  -4.685095e+00
  -4.685095e+00
  -4.685095e+00
  -4.685095e+00
  -4.685095e+00
  -4.685095e+00
  -4.685095e+00
