  -3.228425e-02
  -3.228425e-02
  -3.228425e-02
  -3.228425e-02
  -3.228425e-02
  -3.228425e-02
  -3.228425e-02
  -3.228425e-02
  -3.228425e-02
  -3.228425e-02
  -3.228425e-02
  -3.228425e-02
  -3.228425e-02
  -3.228425e-02
  -3.228425e-02
  -3.228425e-02
  -3.228425e-02
  -3.228425e-02
  9.914338e-02
  9.914338e-02
  9.914338e-02
  9.914338e-02
  9.914338e-02
  9.914338e-02
  9.914338e-02
  9.914338e-02
  9.914338e-02
  9.914338e-02
  9.914338e-02
  9.914338e-02
  9.914338e-02
  9.914338e-02
  9.914338e-02
  9.914338e-02
  9.914338e-02
  9.914338e-02
  1.199207e-01
  1.199207e-01
  1.199207e-01
  1.199207e-01
  1.199207e-01
  1.199207e-01
  1.199207e-01
  1.199207e-01
  1.199207e-01
  1.199207e-01
  1.199207e-01
  1.199207e-01
  1.199207e-01
  1.199207e-01
  1.199207e-01
  1.199207e-01
  1.199207e-01
  1.199207e-01
  3.321645e-02
  3.321645e-02
  3.321645e-02
  3.321645e-02
  3.321645e-02
  3.321645e-02
  3.321645e-02
  3.321645e-02
  3.321645e-02
  3.321645e-02
  3.321645e-02
  3.321645e-02
  3.321645e-02
  3.321645e-02
  3.321645e-02
  3.321645e-02
  3.321645e-02
  3.321645e-02
  -4.691876e-02
  -4.691876e-02
  -4.691876e-02
  -4.691876e-02
  -4.691876e-02
  -4.691876e-02
  -4.691876e-02
  -4.691876e-02
  -4.691876e-02
  -4.691876e-02
  -4.691876e-02
  -4.691876e-02
  -4.691876e-02
  -4.691876e-02
  -4.691876e-02
  -4.691876e-02
  -4.691876e-02
  -4.691876e-02
  -6.502887e-02
  -6.502887e-02
  -6.502887e-02
  -6.502887e-02
  -6.502887e-02
  -6.502887e-02
  -6.502887e-02
  -6.502887e-02
  -6.502887e-02
  -6.502887e-02
  -6.502887e-02
  -6.502887e-02
  -6.502887e-02
  -6.502887e-02
  -6.502887e-02
  -6.502887e-02
  -6.502887e-02
  -6.502887e-02
  -4.276552e-02
  -4.276552e-02
  -4.276552e-02
  -4.276552e-02
  -4.276552e-02
  -4.276552e-02
  -4.276552e-02
  -4.276552e-02
  -4.276552e-02
  -4.276552e-02
  -4.276552e-02
  -4.276552e-02
  -4.276552e-02
  -4.276552e-02
  -4.276552e-02
  -4.276552e-02
  -4.276552e-02
  -4.276552e-02
  -2.281213e-02
  -2.281213e-02
  -2.281213e-02
  -2.281213e-02
  -2.281213e-02
  -2.281213e-02
  -2.281213e-02
  -2.281213e-02
  -2.281213e-02
  -2.281213e-02
  -2.281213e-02
  -2.281213e-02
  -2.281213e-02
  -2.281213e-02
  -2.281213e-02
  -2.281213e-02
  -2.281213e-02
  -2.281213e-02
  -2.000000e-02
  -2.000000e-02
  -2.000000e-02
  -2.000000e-02
  -2.000000e-02
  -2.000000e-02
  -2.000000e-02
  -2.000000e-02
  -2.000000e-02
  -2.000000e-02
  -2.000000e-02
  -2.000000e-02
  -2.000000e-02
  -2.000000e-02
  -2.000000e-02
  -2.000000e-02
  -2.000000e-02
  -2.000000e-02
  -2.130150e-02
  -2.130150e-02
  -2.130150e-02
  -2.130150e-02
  -2.130150e-02
  -2.130150e-02
  -2.130150e-02
  -2.130150e-02
  -2.130150e-02
  -2.130150e-02
  -2.130150e-02
  -2.130150e-02
  -2.130150e-02
  -2.130150e-02
  -2.130150e-02
  -2.130150e-02
  -2.130150e-02
  -2.130150e-02
  -3.361597e-02
  -3.361597e-02
  -3.361597e-02
  -3.361597e-02
  -3.361597e-02
  -3.361597e-02
  -3.361597e-02
  -3.361597e-02
  -3.361597e-02
  -3.361597e-02
  -3.361597e-02
  -3.361597e-02
  -3.361597e-02
  -3.361597e-02
  -3.361597e-02
  -3.361597e-02
  -3.361597e-02
  -3.361597e-02
  -4.740180e-02
  -4.740180e-02
  -4.740180e-02
  -4.740180e-02
  -4.740180e-02
  -4.740180e-02
  -4.740180e-02
  -4.740180e-02
  -4.740180e-02
  -4.740180e-02
  -4.740180e-02
  -4.740180e-02
  -4.740180e-02
  -4.740180e-02
  -4.740180e-02
  -4.740180e-02
  -4.740180e-02
  -4.740180e-02
  -3.521065e-02
  -3.521065e-02
  -3.521065e-02
  -3.521065e-02
  -3.521065e-02
  -3.521065e-02
  -3.521065e-02
  -3.521065e-02
  -3.521065e-02
  -3.521065e-02
  -3.521065e-02
  -3.521065e-02
  -3.521065e-02
  -3.521065e-02
  -3.521065e-02
  -3.521065e-02
  -3.521065e-02
  -3.521065e-02
  2.000000e-02
  2.000000e-02
  2.000000e-02
  2.000000e-02
  2.000000e-02
  2.000000e-02
  2.000000e-02
  2.000000e-02
  2.000000e-02
  2.000000e-02
  2.000000e-02
  2.000000e-02
  2.000000e-02
  2.000000e-02
  2.000000e-02
  2.000000e-02
  2.000000e-02
  2.000000e-02
  7.326727e-02
  7.326727e-02
  7.326727e-02
  7.326727e-02
  7.326727e-02
  7.326727e-02
  7.326727e-02
  7.326727e-02
  7.326727e-02
  7.326727e-02
  7.326727e-02
  7.326727e-02
  7.326727e-02
  7.326727e-02
  7.326727e-02
  7.326727e-02
  7.326727e-02
  7.326727e-02
  6.064436e-02
  6.064436e-02
  6.064436e-02
  6.064436e-02
  6.064436e-02
  6.064436e-02
  6.064436e-02
  6.064436e-02
  6.064436e-02
  6.064436e-02
  6.064436e-02
  6.064436e-02
  6.064436e-02
  6.064436e-02
  6.064436e-02
  6.064436e-02
  6.064436e-02
  6.064436e-02
  -2.291813e-02
  -2.291813e-02
  -2.291813e-02
  -2.291813e-02
  -2.291813e-02
  -2.291813e-02
  -2.291813e-02
  -2.291813e-02
  -2.291813e-02
  -2.291813e-02
  -2.291813e-02
  -2.291813e-02
  -2.291813e-02
  -2.291813e-02
  -2.291813e-02
  -2.291813e-02
  -2.291813e-02
  -2.291813e-02
  -2.000000e-02
  -2.000000e-02
  -2.000000e-02
  -2.000000e-02
  -2.000000e-02
  -2.000000e-02
  -2.000000e-02
  -2.000000e-02
  -2.000000e-02
  -2.000000e-02
  -2.000000e-02
  -2.000000e-02
  -2.000000e-02
  -2.000000e-02
  -2.000000e-02
  -2.000000e-02
  -2.000000e-02
  -2.000000e-02
