-START-OF-DATA-
   1.000 1.23031e-03
   6.000 1.23135e-03
  11.000 1.23239e-03
  16.000 1.23343e-03
  21.000 1.23447e-03
  26.000 1.23551e-03
  31.000 1.23656e-03
  36.000 1.23760e-03
  41.000 1.23864e-03
  46.000 1.23968e-03
  51.000 1.24072e-03
  56.000 1.24176e-03
  61.000 1.24280e-03
  66.000 1.24384e-03
  71.000 1.24488e-03
  76.000 1.24592e-03
  81.000 1.24696e-03
  86.000 1.24800e-03
  91.000 1.24905e-03
  96.000 1.25009e-03
 101.000 1.25113e-03
 106.000 1.25217e-03
 111.000 1.25321e-03
 116.000 1.25425e-03
 121.000 1.25529e-03
 126.000 1.25633e-03
 131.000 1.25737e-03
 136.000 1.25841e-03
 141.000 1.25945e-03
 146.000 1.26050e-03
 151.000 1.26154e-03
 156.000 1.26258e-03
 161.000 1.26362e-03
 166.000 1.26466e-03
 171.000 1.26570e-03
 176.000 1.26674e-03
 181.000 1.26778e-03
 186.000 1.26882e-03
 191.000 1.26986e-03
 196.000 1.27090e-03
 201.000 1.27194e-03
 206.000 1.27299e-03
 211.000 1.27403e-03
 216.000 1.27507e-03
 221.000 1.27611e-03
 226.000 1.27715e-03
 231.000 1.27819e-03
 236.000 1.27923e-03
 241.000 1.28027e-03
 246.000 1.28131e-03
 251.000 1.28235e-03
 256.000 1.28339e-03
 261.000 1.28444e-03
 266.000 1.28548e-03
 271.000 1.28652e-03
 276.000 1.28756e-03
 281.000 1.28860e-03
 286.000 1.28964e-03
 291.000 1.29068e-03
 296.000 1.29172e-03
 301.000 1.29276e-03
 306.000 1.29380e-03
 311.000 1.29484e-03
 316.000 1.29588e-03
 321.000 1.29693e-03
 326.000 1.29797e-03
 331.000 1.29901e-03
 336.000 1.30005e-03
 341.000 1.30109e-03
 346.000 1.30213e-03
 351.000 1.30317e-03
 356.000 1.30421e-03
 361.000 1.30525e-03
 366.000 1.30629e-03
 371.000 1.30733e-03
 376.000 1.30838e-03
 381.000 1.30942e-03
 386.000 1.31046e-03
 391.000 1.31150e-03
 396.000 1.31254e-03
 401.000 1.31358e-03
 406.000 1.31462e-03
 411.000 1.31566e-03
 416.000 1.31670e-03
 421.000 1.31774e-03
 426.000 1.31878e-03
 431.000 1.31982e-03
 436.000 1.32087e-03
 441.000 1.32191e-03
 446.000 1.32295e-03
 451.000 1.32399e-03
 456.000 1.32503e-03
 461.000 1.32607e-03
 466.000 1.32711e-03
 471.000 1.32815e-03
 476.000 1.32919e-03
 481.000 1.33023e-03
 486.000 1.33127e-03
 491.000 1.33232e-03
 496.000 1.33336e-03
 501.000 1.33440e-03
 506.000 1.33544e-03
 511.000 1.33648e-03
 516.000 1.33752e-03
 521.000 1.33856e-03
 526.000 1.33960e-03
 531.000 1.34064e-03
 536.000 1.34168e-03
 541.000 1.34272e-03
 546.000 1.34376e-03
 551.000 1.34481e-03
 556.000 1.34585e-03
 561.000 1.34689e-03
 566.000 1.34793e-03
 571.000 1.34897e-03
 576.000 1.35001e-03
 581.000 1.35105e-03
 586.000 1.35209e-03
 591.000 1.35313e-03
 596.000 1.35417e-03
 601.000 1.35521e-03
 606.000 1.35626e-03
 611.000 1.35730e-03
 616.000 1.35834e-03
 621.000 1.35938e-03
 626.000 1.36042e-03
 631.000 1.36146e-03
 636.000 1.36250e-03
 641.000 1.36354e-03
 646.000 1.36458e-03
 651.000 1.36562e-03
 656.000 1.36666e-03
 661.000 1.36770e-03
 666.000 1.36875e-03
 671.000 1.36979e-03
 676.000 1.37083e-03
 681.000 1.37187e-03
 686.000 1.37291e-03
 691.000 1.37395e-03
 696.000 1.37499e-03
 701.000 1.37603e-03
 706.000 1.37707e-03
 711.000 1.37811e-03
 716.000 1.37915e-03
 721.000 1.38020e-03
 726.000 1.38124e-03
 731.000 1.38228e-03
 736.000 1.38332e-03
 741.000 1.38436e-03
 746.000 1.38540e-03
 751.000 1.38644e-03
 756.000 1.38748e-03
 761.000 1.38852e-03
 766.000 1.38956e-03
 771.000 1.39060e-03
 776.000 1.39165e-03
 781.000 1.39269e-03
 786.000 1.39373e-03
 791.000 1.39477e-03
 796.000 1.39581e-03
 801.000 1.39685e-03
 806.000 1.39789e-03
 811.000 1.39893e-03
 816.000 1.39997e-03
 821.000 1.40101e-03
 826.000 1.40205e-03
 831.000 1.40309e-03
 836.000 1.40414e-03
 841.000 1.40518e-03
 846.000 1.40622e-03
 851.000 1.40726e-03
 856.000 1.40830e-03
 861.000 1.40934e-03
 866.000 1.41038e-03
 871.000 1.41142e-03
 876.000 1.41246e-03
 881.000 1.41350e-03
 886.000 1.41454e-03
 891.000 1.41559e-03
 896.000 1.41663e-03
 901.000 1.41767e-03
 906.000 1.41871e-03
 911.000 1.41975e-03
 916.000 1.42079e-03
 921.000 1.42183e-03
 926.000 1.42287e-03
 931.000 1.42391e-03
 936.000 1.42495e-03
 941.000 1.42599e-03
 946.000 1.42703e-03
 951.000 1.42808e-03
 956.000 1.42912e-03
 961.000 1.43016e-03
 966.000 1.43120e-03
 971.000 1.43224e-03
 976.000 1.43328e-03
 981.000 1.43432e-03
 986.000 1.43536e-03
 991.000 1.43640e-03
 996.000 1.43744e-03
1001.000 1.43848e-03
1006.000 1.43953e-03
1011.000 1.44057e-03
1016.000 1.44161e-03
1021.000 1.44265e-03
1026.000 1.44369e-03
1031.000 1.44473e-03
1036.000 1.44577e-03
1041.000 1.44681e-03
1046.000 1.44785e-03
1051.000 1.44889e-03
1056.000 1.44993e-03
1061.000 1.45097e-03
1066.000 1.45202e-03
1071.000 1.45306e-03
1076.000 1.45410e-03
1081.000 1.45514e-03
1086.000 1.45618e-03
1091.000 1.45722e-03
1096.000 1.45826e-03
1101.000 1.45930e-03
1106.000 1.46034e-03
1111.000 1.46138e-03
1116.000 1.46242e-03
1121.000 1.46347e-03
1126.000 1.46451e-03
1131.000 1.46555e-03
1136.000 1.46659e-03
1141.000 1.46763e-03
1146.000 1.46867e-03
1151.000 1.46971e-03
1156.000 1.47075e-03
1161.000 1.47179e-03
1166.000 1.47283e-03
1171.000 1.47387e-03
1176.000 1.47491e-03
1181.000 1.47596e-03
1186.000 1.47700e-03
1191.000 1.47804e-03
1196.000 1.47908e-03
1201.000 1.48012e-03
1206.000 1.48116e-03
1211.000 1.48220e-03
1216.000 1.48324e-03
1221.000 1.48428e-03
1226.000 1.48532e-03
1231.000 1.48636e-03
1236.000 1.48741e-03
1241.000 1.48845e-03
1246.000 1.48949e-03
1251.000 1.49053e-03
1256.000 1.49157e-03
1261.000 1.49261e-03
1266.000 1.49365e-03
1271.000 1.49469e-03
1276.000 1.49573e-03
1281.000 1.49677e-03
1286.000 1.49781e-03
1291.000 1.49885e-03
1296.000 1.49990e-03
1301.000 1.50094e-03
1306.000 1.50198e-03
1311.000 1.50302e-03
1316.000 1.50406e-03
1321.000 1.50510e-03
1326.000 1.50614e-03
1331.000 1.50718e-03
1336.000 1.50822e-03
1341.000 1.50926e-03
1346.000 1.51030e-03
1351.000 1.51135e-03
1356.000 1.51239e-03
1361.000 1.51343e-03
1366.000 1.51447e-03
1371.000 1.51551e-03
1376.000 1.51655e-03
1381.000 1.51759e-03
1386.000 1.51863e-03
1391.000 1.51967e-03
1396.000 1.52071e-03
1401.000 1.52175e-03
1406.000 1.52279e-03
1411.000 1.52384e-03
1416.000 1.52488e-03
1421.000 1.52592e-03
1426.000 1.52696e-03
1431.000 1.52800e-03
1436.000 1.52904e-03
1441.000 1.53008e-03
1446.000 1.53112e-03
1451.000 1.53216e-03
1456.000 1.53320e-03
1461.000 1.53424e-03
1466.000 1.53529e-03
1471.000 1.53633e-03
1476.000 1.53737e-03
1481.000 1.53841e-03
1486.000 1.53945e-03
1491.000 1.54049e-03
1496.000 1.54153e-03
1501.000 1.54257e-03
1506.000 1.54361e-03
1511.000 1.54465e-03
1516.000 1.54569e-03
1521.000 1.54673e-03
1526.000 1.54778e-03
1531.000 1.54882e-03
1536.000 1.54986e-03
1541.000 1.55090e-03
1546.000 1.55194e-03
1551.000 1.55298e-03
1556.000 1.55402e-03
1561.000 1.55506e-03
1566.000 1.55610e-03
1571.000 1.55714e-03
1576.000 1.55818e-03
1581.000 1.55923e-03
1586.000 1.56027e-03
1591.000 1.56131e-03
1596.000 1.56235e-03
1601.000 1.56339e-03
1606.000 1.56443e-03
1611.000 1.56547e-03
1616.000 1.56651e-03
1621.000 1.56755e-03
1626.000 1.56859e-03
1631.000 1.56963e-03
1636.000 1.57067e-03
1641.000 1.57172e-03
1646.000 1.57276e-03
1651.000 1.57380e-03
1656.000 1.57484e-03
1661.000 1.57588e-03
1666.000 1.57692e-03
1671.000 1.57796e-03
1676.000 1.57900e-03
1681.000 1.58004e-03
1686.000 1.58108e-03
1691.000 1.58212e-03
1696.000 1.58317e-03
1701.000 1.58421e-03
1706.000 1.58525e-03
1711.000 1.58629e-03
1716.000 1.58733e-03
1721.000 1.58837e-03
1726.000 1.58941e-03
1731.000 1.59045e-03
1736.000 1.59149e-03
1741.000 1.59253e-03
1746.000 1.59357e-03
1751.000 1.59461e-03
1756.000 1.59566e-03
1761.000 1.59670e-03
1766.000 1.59774e-03
1771.000 1.59878e-03
1776.000 1.59982e-03
1781.000 1.60086e-03
1786.000 1.60190e-03
1791.000 1.60294e-03
1796.000 1.60398e-03
1801.000 1.60502e-03
1806.000 1.60606e-03
1811.000 1.60711e-03
1816.000 1.60815e-03
1821.000 1.60919e-03
1826.000 1.61023e-03
1831.000 1.61127e-03
1836.000 1.61231e-03
1841.000 1.61335e-03
1846.000 1.61439e-03
1851.000 1.61543e-03
1856.000 1.61647e-03
1861.000 1.61751e-03
1866.000 1.61855e-03
1871.000 1.61960e-03
1876.000 1.62064e-03
1881.000 1.62168e-03
1886.000 1.62272e-03
1891.000 1.62376e-03
1896.000 1.62480e-03
1901.000 1.62584e-03
1906.000 1.62688e-03
1911.000 1.62792e-03
1916.000 1.62896e-03
1921.000 1.63000e-03
1926.000 1.63105e-03
1931.000 1.63209e-03
1936.000 1.63313e-03
1941.000 1.63417e-03
1946.000 1.63521e-03
1951.000 1.63625e-03
1956.000 1.63729e-03
1961.000 1.63833e-03
1966.000 1.63937e-03
1971.000 1.64041e-03
1976.000 1.64145e-03
1981.000 1.64249e-03
1986.000 1.64354e-03
1991.000 1.64458e-03
1996.000 1.64562e-03
2001.000 1.64666e-03
2006.000 1.64770e-03
2011.000 1.64874e-03
2016.000 1.64978e-03
2021.000 1.65082e-03
2026.000 1.65186e-03
2031.000 1.65290e-03
2036.000 1.65394e-03
2041.000 1.65499e-03
2046.000 1.65603e-03
2051.000 1.65707e-03
2056.000 1.65811e-03
2061.000 1.65915e-03
2066.000 1.66019e-03
2071.000 1.66123e-03
2076.000 1.66227e-03
2081.000 1.66331e-03
2086.000 1.66435e-03
2091.000 1.66539e-03
2096.000 1.66643e-03
2101.000 1.66748e-03
2106.000 1.66852e-03
2111.000 1.66956e-03
2116.000 1.67060e-03
2121.000 1.67164e-03
2126.000 1.67268e-03
2131.000 1.67372e-03
2136.000 1.67476e-03
2141.000 1.67580e-03
2146.000 1.67684e-03
2151.000 1.67788e-03
2156.000 1.67893e-03
2161.000 1.67997e-03
2166.000 1.68101e-03
2171.000 1.68205e-03
2176.000 1.68309e-03
2181.000 1.68413e-03
2186.000 1.68517e-03
2191.000 1.68621e-03
2196.000 1.68725e-03
2201.000 1.68829e-03
2206.000 1.68933e-03
2211.000 1.69038e-03
2216.000 1.69142e-03
2221.000 1.69246e-03
2226.000 1.69350e-03
2231.000 1.69454e-03
2236.000 1.69558e-03
2241.000 1.69662e-03
2246.000 1.69766e-03
2251.000 1.69870e-03
2256.000 1.69974e-03
2261.000 1.70078e-03
2266.000 1.70182e-03
2271.000 1.70287e-03
2276.000 1.70391e-03
2281.000 1.70495e-03
2286.000 1.70599e-03
2291.000 1.70703e-03
2296.000 1.70807e-03
2301.000 1.70911e-03
2306.000 1.71015e-03
2311.000 1.71119e-03
2316.000 1.71223e-03
2321.000 1.71327e-03
2326.000 1.71432e-03
2331.000 1.71536e-03
2336.000 1.71640e-03
2341.000 1.71744e-03
2346.000 1.71848e-03
2351.000 1.71952e-03
2356.000 1.72056e-03
2361.000 1.72160e-03
2366.000 1.72264e-03
2371.000 1.72368e-03
2376.000 1.72472e-03
2381.000 1.72576e-03
2386.000 1.72681e-03
2391.000 1.72785e-03
2396.000 1.72889e-03
2401.000 1.72993e-03
2406.000 1.73097e-03
2411.000 1.73201e-03
2416.000 1.73305e-03
2421.000 1.73409e-03
2426.000 1.73513e-03
2431.000 1.73617e-03
2436.000 1.73721e-03
2441.000 1.73826e-03
2446.000 1.73930e-03
2451.000 1.74034e-03
2456.000 1.74138e-03
2461.000 1.74242e-03
2466.000 1.74346e-03
2471.000 1.74450e-03
2476.000 1.74554e-03
2481.000 1.74658e-03
2486.000 1.74762e-03
2491.000 1.74866e-03
2496.000 1.74970e-03
2501.000 1.75075e-03
2506.000 1.75179e-03
2511.000 1.75283e-03
2516.000 1.75387e-03
2521.000 1.75491e-03
2526.000 1.75595e-03
2531.000 1.75699e-03
2536.000 1.75803e-03
2541.000 1.75907e-03
2546.000 1.76011e-03
2551.000 1.76115e-03
2556.000 1.76220e-03
2561.000 1.76324e-03
2566.000 1.76428e-03
2571.000 1.76532e-03
2576.000 1.76636e-03
2581.000 1.76740e-03
2586.000 1.76844e-03
2591.000 1.76948e-03
2596.000 1.77052e-03
2601.000 1.77156e-03
2606.000 1.77260e-03
2611.000 1.77364e-03
2616.000 1.77469e-03
2621.000 1.77573e-03
2626.000 1.77677e-03
2631.000 1.77781e-03
2636.000 1.77885e-03
2641.000 1.77989e-03
2646.000 1.78093e-03
2651.000 1.78197e-03
2656.000 1.78301e-03
2661.000 1.78405e-03
2666.000 1.78509e-03
2671.000 1.78614e-03
2676.000 1.78718e-03
2681.000 1.78822e-03
2686.000 1.78926e-03
2691.000 1.79030e-03
2696.000 1.79134e-03
2701.000 1.79238e-03
2706.000 1.79342e-03
2711.000 1.79446e-03
2716.000 1.79550e-03
2721.000 1.79654e-03
2726.000 1.79758e-03
2731.000 1.79863e-03
2736.000 1.79967e-03
2741.000 1.80071e-03
2746.000 1.80175e-03
2751.000 1.80279e-03
2756.000 1.80383e-03
2761.000 1.80487e-03
2766.000 1.80591e-03
2771.000 1.80695e-03
2776.000 1.80799e-03
2781.000 1.80903e-03
2786.000 1.81008e-03
2791.000 1.81112e-03
2796.000 1.81216e-03
2801.000 1.81320e-03
2806.000 1.81424e-03
2811.000 1.81528e-03
2816.000 1.81632e-03
2821.000 1.81736e-03
2826.000 1.81840e-03
2831.000 1.81944e-03
2836.000 1.82048e-03
2841.000 1.82152e-03
2846.000 1.82257e-03
2851.000 1.82361e-03
2856.000 1.82465e-03
2861.000 1.82569e-03
2866.000 1.82673e-03
2871.000 1.82777e-03
2876.000 1.82881e-03
2881.000 1.82985e-03
2886.000 1.83089e-03
2891.000 1.83193e-03
2896.000 1.83297e-03
2901.000 1.83402e-03
2906.000 1.83506e-03
2911.000 1.83610e-03
2916.000 1.83714e-03
2921.000 1.83818e-03
2926.000 1.83922e-03
2931.000 1.84026e-03
2936.000 1.84130e-03
2941.000 1.84234e-03
2946.000 1.84338e-03
2951.000 1.84442e-03
2956.000 1.84546e-03
2961.000 1.84651e-03
2966.000 1.84755e-03
2971.000 1.84859e-03
2976.000 1.84963e-03
2981.000 1.85067e-03
2986.000 1.85171e-03
2991.000 1.85275e-03
2996.000 1.85379e-03
3001.000 1.85483e-03
3006.000 1.85587e-03
3011.000 1.85691e-03
3016.000 1.85796e-03
3021.000 1.85900e-03
3026.000 1.86004e-03
3031.000 1.86108e-03
3036.000 1.86212e-03
3041.000 1.86316e-03
3046.000 1.86420e-03
3051.000 1.86524e-03
3056.000 1.86628e-03
3061.000 1.86732e-03
3066.000 1.86836e-03
3071.000 1.86940e-03
3076.000 1.87045e-03
3081.000 1.87149e-03
3086.000 1.87253e-03
3091.000 1.87357e-03
3096.000 1.87461e-03
3101.000 1.87565e-03
3106.000 1.87669e-03
3111.000 1.87773e-03
3116.000 1.87877e-03
3121.000 1.87981e-03
3126.000 1.88085e-03
3131.000 1.88190e-03
3136.000 1.88294e-03
3141.000 1.88398e-03
3146.000 1.88502e-03
3151.000 1.88606e-03
3156.000 1.88710e-03
3161.000 1.88814e-03
3166.000 1.88918e-03
3171.000 1.89022e-03
3176.000 1.89126e-03
3181.000 1.89230e-03
3186.000 1.89334e-03
3191.000 1.89439e-03
3196.000 1.89543e-03
3201.000 1.89647e-03
3206.000 1.89751e-03
3211.000 1.89855e-03
3216.000 1.89959e-03
3221.000 1.90063e-03
3226.000 1.90167e-03
3231.000 1.90271e-03
3236.000 1.90375e-03
3241.000 1.90479e-03
3246.000 1.90584e-03
3251.000 1.90688e-03
3256.000 1.90792e-03
3261.000 1.90896e-03
3266.000 1.91000e-03
3271.000 1.91104e-03
3276.000 1.91208e-03
3281.000 1.91312e-03
3286.000 1.91416e-03
3291.000 1.91520e-03
3296.000 1.91624e-03
3301.000 1.91728e-03
3306.000 1.91833e-03
3311.000 1.91937e-03
3316.000 1.92041e-03
3321.000 1.92145e-03
3326.000 1.92249e-03
3331.000 1.92353e-03
3336.000 1.92457e-03
3341.000 1.92561e-03
3346.000 1.92665e-03
3351.000 1.92769e-03
3356.000 1.92873e-03
3361.000 1.92978e-03
3366.000 1.93082e-03
3371.000 1.93186e-03
3376.000 1.93290e-03
3381.000 1.93394e-03
3386.000 1.93498e-03
3391.000 1.93602e-03
3396.000 1.93706e-03
3401.000 1.93810e-03
3406.000 1.93914e-03
3411.000 1.94018e-03
3416.000 1.94122e-03
3421.000 1.94227e-03
3426.000 1.94331e-03
3431.000 1.94435e-03
3436.000 1.94539e-03
3441.000 1.94643e-03
3446.000 1.94747e-03
3451.000 1.94851e-03
3456.000 1.94955e-03
3461.000 1.95059e-03
3466.000 1.95163e-03
3471.000 1.95267e-03
3476.000 1.95372e-03
3481.000 1.95476e-03
3486.000 1.95580e-03
3491.000 1.95684e-03
3496.000 1.95788e-03
3501.000 1.95892e-03
3506.000 1.95996e-03
3511.000 1.96100e-03
3516.000 1.96204e-03
3521.000 1.96308e-03
3526.000 1.96412e-03
3531.000 1.96516e-03
3536.000 1.96621e-03
3541.000 1.96725e-03
3546.000 1.96829e-03
3551.000 1.96933e-03
3556.000 1.97037e-03
3561.000 1.97141e-03
3566.000 1.97245e-03
3571.000 1.97349e-03
3576.000 1.97453e-03
3581.000 1.97557e-03
3586.000 1.97661e-03
3591.000 1.97766e-03
3596.000 1.97870e-03
3601.000 1.97974e-03
3606.000 1.98078e-03
3611.000 1.98182e-03
3616.000 1.98286e-03
3621.000 1.98390e-03
3626.000 1.98494e-03
3631.000 1.98598e-03
3636.000 1.98702e-03
3641.000 1.98806e-03
3646.000 1.98911e-03
3651.000 1.99015e-03
3656.000 1.99119e-03
3661.000 1.99223e-03
3666.000 1.99327e-03
3671.000 1.99431e-03
3676.000 1.99535e-03
3681.000 1.99639e-03
3686.000 1.99743e-03
3691.000 1.99847e-03
3696.000 1.99951e-03
3701.000 2.00055e-03
3706.000 2.00160e-03
3711.000 2.00264e-03
3716.000 2.00368e-03
3721.000 2.00472e-03
3726.000 2.00576e-03
3731.000 2.00680e-03
3736.000 2.00784e-03
3741.000 2.00888e-03
3746.000 2.00992e-03
3751.000 2.01096e-03
3756.000 2.01200e-03
3761.000 2.01305e-03
3766.000 2.01409e-03
3771.000 2.01513e-03
3776.000 2.01617e-03
3781.000 2.01721e-03
3786.000 2.01825e-03
3791.000 2.01929e-03
3796.000 2.02033e-03
3801.000 2.02137e-03
3806.000 2.02241e-03
3811.000 2.02345e-03
3816.000 2.02449e-03
3821.000 2.02554e-03
3826.000 2.02658e-03
3831.000 2.02762e-03
3836.000 2.02866e-03
3841.000 2.02970e-03
3846.000 2.03074e-03
3851.000 2.03178e-03
3856.000 2.03282e-03
3861.000 2.03386e-03
3866.000 2.03490e-03
3871.000 2.03594e-03
3876.000 2.03699e-03
3881.000 2.03803e-03
3886.000 2.03907e-03
3891.000 2.04011e-03
3896.000 2.04115e-03
3901.000 2.04219e-03
3906.000 2.04323e-03
3911.000 2.04427e-03
3916.000 2.04531e-03
3921.000 2.04635e-03
3926.000 2.04739e-03
3931.000 2.04843e-03
3936.000 2.04948e-03
3941.000 2.05052e-03
3946.000 2.05156e-03
3951.000 2.05260e-03
3956.000 2.05364e-03
3961.000 2.05468e-03
3966.000 2.05572e-03
3971.000 2.05676e-03
3976.000 2.05780e-03
3981.000 2.05884e-03
3986.000 2.05988e-03
3991.000 2.06093e-03
3996.000 2.06197e-03
4001.000 2.06301e-03
4006.000 2.06405e-03
4011.000 2.06509e-03
4016.000 2.06613e-03
4021.000 2.06717e-03
4026.000 2.06821e-03
4031.000 2.06925e-03
4036.000 2.07029e-03
4041.000 2.07133e-03
4046.000 2.07237e-03
4051.000 2.07342e-03
4056.000 2.07446e-03
4061.000 2.07550e-03
4066.000 2.07654e-03
4071.000 2.07758e-03
4076.000 2.07862e-03
4081.000 2.07966e-03
4086.000 2.08070e-03
4091.000 2.08174e-03
4096.000 2.08278e-03
4101.000 2.08382e-03
4106.000 2.08487e-03
4111.000 2.08591e-03
4116.000 2.08695e-03
4121.000 2.08799e-03
4126.000 2.08903e-03
4131.000 2.09007e-03
4136.000 2.09111e-03
4141.000 2.09215e-03
4146.000 2.09319e-03
4151.000 2.09423e-03
4156.000 2.09527e-03
4161.000 2.09631e-03
4166.000 2.09736e-03
4171.000 2.09840e-03
4176.000 2.09944e-03
4181.000 2.10048e-03
4186.000 2.10152e-03
4191.000 2.10256e-03
4196.000 2.10360e-03
4201.000 2.10464e-03
4206.000 2.10568e-03
4211.000 2.10672e-03
4216.000 2.10776e-03
4221.000 2.10881e-03
4226.000 2.10985e-03
4231.000 2.11089e-03
4236.000 2.11193e-03
4241.000 2.11297e-03
4246.000 2.11401e-03
4251.000 2.11505e-03
4256.000 2.11609e-03
4261.000 2.11713e-03
4266.000 2.11817e-03
4271.000 2.11921e-03
4276.000 2.12025e-03
4281.000 2.12130e-03
4286.000 2.12234e-03
4291.000 2.12338e-03
4296.000 2.12442e-03
4301.000 2.12546e-03
4306.000 2.12650e-03
4311.000 2.12754e-03
4316.000 2.12858e-03
4321.000 2.12962e-03
4326.000 2.13066e-03
4331.000 2.13170e-03
4336.000 2.13275e-03
4341.000 2.13379e-03
4346.000 2.13483e-03
4351.000 2.13587e-03
4356.000 2.13691e-03
4361.000 2.13795e-03
4366.000 2.13899e-03
4371.000 2.14003e-03
4376.000 2.14107e-03
4381.000 2.14211e-03
4386.000 2.14315e-03
4391.000 2.14419e-03
4396.000 2.14524e-03
4401.000 2.14628e-03
4406.000 2.14732e-03
4411.000 2.14836e-03
4416.000 2.14940e-03
4421.000 2.15044e-03
4426.000 2.15148e-03
4431.000 2.15252e-03
4436.000 2.15356e-03
4441.000 2.15460e-03
4446.000 2.15564e-03
4451.000 2.15669e-03
4456.000 2.15773e-03
4461.000 2.15877e-03
4466.000 2.15981e-03
4471.000 2.16085e-03
4476.000 2.16189e-03
4481.000 2.16293e-03
4486.000 2.16397e-03
4491.000 2.16501e-03
4496.000 2.16605e-03
4501.000 2.16709e-03
4506.000 2.16813e-03
4511.000 2.16918e-03
4516.000 2.17022e-03
4521.000 2.17126e-03
4526.000 2.17230e-03
4531.000 2.17334e-03
4536.000 2.17438e-03
4541.000 2.17542e-03
4546.000 2.17646e-03
4551.000 2.17750e-03
4556.000 2.17854e-03
4561.000 2.17958e-03
4566.000 2.18063e-03
4571.000 2.18167e-03
4576.000 2.18271e-03
4581.000 2.18375e-03
4586.000 2.18479e-03
4591.000 2.18583e-03
4596.000 2.18687e-03
4601.000 2.18791e-03
4606.000 2.18895e-03
4611.000 2.18999e-03
4616.000 2.19103e-03
4621.000 2.19207e-03
4626.000 2.19312e-03
4631.000 2.19416e-03
4636.000 2.19520e-03
4641.000 2.19624e-03
4646.000 2.19728e-03
4651.000 2.19832e-03
4656.000 2.19936e-03
4661.000 2.20040e-03
4666.000 2.20144e-03
4671.000 2.20248e-03
4676.000 2.20352e-03
4681.000 2.20457e-03
4686.000 2.20561e-03
4691.000 2.20665e-03
4696.000 2.20769e-03
4701.000 2.20873e-03
4706.000 2.20977e-03
4711.000 2.21081e-03
4716.000 2.21185e-03
4721.000 2.21289e-03
4726.000 2.21393e-03
4731.000 2.21497e-03
4736.000 2.21601e-03
4741.000 2.21706e-03
4746.000 2.21810e-03
4751.000 2.21914e-03
4756.000 2.22018e-03
4761.000 2.22122e-03
4766.000 2.22226e-03
4771.000 2.22330e-03
4776.000 2.22434e-03
4781.000 2.22538e-03
4786.000 2.22642e-03
4791.000 2.22746e-03
4796.000 2.22851e-03
4801.000 2.22955e-03
4806.000 2.23059e-03
4811.000 2.23163e-03
4816.000 2.23267e-03
4821.000 2.23371e-03
4826.000 2.23475e-03
4831.000 2.23579e-03
4836.000 2.23683e-03
4841.000 2.23787e-03
4846.000 2.23891e-03
4851.000 2.23995e-03
4856.000 2.24100e-03
4861.000 2.24204e-03
4866.000 2.24308e-03
4871.000 2.24412e-03
4876.000 2.24516e-03
4881.000 2.24620e-03
4886.000 2.24724e-03
4891.000 2.24828e-03
4896.000 2.24932e-03
4901.000 2.25036e-03
4906.000 2.25140e-03
4911.000 2.25245e-03
4916.000 2.25349e-03
4921.000 2.25453e-03
4926.000 2.25557e-03
4931.000 2.25661e-03
4936.000 2.25765e-03
4941.000 2.25869e-03
4946.000 2.25973e-03
4951.000 2.26077e-03
4956.000 2.26181e-03
4961.000 2.26285e-03
4966.000 2.26389e-03
4971.000 2.26494e-03
4976.000 2.26598e-03
4981.000 2.26702e-03
4986.000 2.26806e-03
4991.000 2.26910e-03
4996.000 2.27014e-03
5001.000 2.27118e-03
-END-OF-DATA-
force pCO2 follows the value above (in ppm)
