-START-OF-DATA-
   1.000 4.72018e-04
   6.000 4.73916e-04
  11.000 4.75813e-04
  16.000 4.77711e-04
  21.000 4.79609e-04
  26.000 4.81506e-04
  31.000 4.83404e-04
  36.000 4.85301e-04
  41.000 4.87199e-04
  46.000 4.89097e-04
  51.000 4.90994e-04
  56.000 4.92892e-04
  61.000 4.94790e-04
  66.000 4.96687e-04
  71.000 4.98585e-04
  76.000 5.00483e-04
  81.000 5.02380e-04
  86.000 5.04278e-04
  91.000 5.06176e-04
  96.000 5.08073e-04
 101.000 5.09971e-04
 106.000 5.11868e-04
 111.000 5.13766e-04
 116.000 5.15664e-04
 121.000 5.17561e-04
 126.000 5.19459e-04
 131.000 5.21357e-04
 136.000 5.23254e-04
 141.000 5.25152e-04
 146.000 5.27050e-04
 151.000 5.28947e-04
 156.000 5.30845e-04
 161.000 5.32742e-04
 166.000 5.34640e-04
 171.000 5.36538e-04
 176.000 5.38435e-04
 181.000 5.40333e-04
 186.000 5.42231e-04
 191.000 5.44128e-04
 196.000 5.46026e-04
 201.000 5.47924e-04
 206.000 5.49821e-04
 211.000 5.51719e-04
 216.000 5.53617e-04
 221.000 5.55514e-04
 226.000 5.57412e-04
 231.000 5.59309e-04
 236.000 5.61207e-04
 241.000 5.63105e-04
 246.000 5.65002e-04
 251.000 5.66900e-04
 256.000 5.68798e-04
 261.000 5.70695e-04
 266.000 5.72593e-04
 271.000 5.74491e-04
 276.000 5.76388e-04
 281.000 5.78286e-04
 286.000 5.80183e-04
 291.000 5.82081e-04
 296.000 5.83979e-04
 301.000 5.85876e-04
 306.000 5.87774e-04
 311.000 5.89672e-04
 316.000 5.91569e-04
 321.000 5.93467e-04
 326.000 5.95365e-04
 331.000 5.97262e-04
 336.000 5.99160e-04
 341.000 6.01058e-04
 346.000 6.02955e-04
 351.000 6.04853e-04
 356.000 6.06750e-04
 361.000 6.08648e-04
 366.000 6.10546e-04
 371.000 6.12443e-04
 376.000 6.14341e-04
 381.000 6.16239e-04
 386.000 6.18136e-04
 391.000 6.20034e-04
 396.000 6.21932e-04
 401.000 6.23829e-04
 406.000 6.25727e-04
 411.000 6.27624e-04
 416.000 6.29522e-04
 421.000 6.31420e-04
 426.000 6.33317e-04
 431.000 6.35215e-04
 436.000 6.37113e-04
 441.000 6.39010e-04
 446.000 6.40908e-04
 451.000 6.42806e-04
 456.000 6.44703e-04
 461.000 6.46601e-04
 466.000 6.48499e-04
 471.000 6.50396e-04
 476.000 6.52294e-04
 481.000 6.54191e-04
 486.000 6.56089e-04
 491.000 6.57987e-04
 496.000 6.59884e-04
 501.000 6.61782e-04
 506.000 6.63680e-04
 511.000 6.65577e-04
 516.000 6.67475e-04
 521.000 6.69373e-04
 526.000 6.71270e-04
 531.000 6.73168e-04
 536.000 6.75065e-04
 541.000 6.76963e-04
 546.000 6.78861e-04
 551.000 6.80758e-04
 556.000 6.82656e-04
 561.000 6.84554e-04
 566.000 6.86451e-04
 571.000 6.88349e-04
 576.000 6.90247e-04
 581.000 6.92144e-04
 586.000 6.94042e-04
 591.000 6.95940e-04
 596.000 6.97837e-04
 601.000 6.99735e-04
 606.000 7.01632e-04
 611.000 7.03530e-04
 616.000 7.05428e-04
 621.000 7.07325e-04
 626.000 7.09223e-04
 631.000 7.11121e-04
 636.000 7.13018e-04
 641.000 7.14916e-04
 646.000 7.16814e-04
 651.000 7.18711e-04
 656.000 7.20609e-04
 661.000 7.22506e-04
 666.000 7.24404e-04
 671.000 7.26302e-04
 676.000 7.28199e-04
 681.000 7.30097e-04
 686.000 7.31995e-04
 691.000 7.33892e-04
 696.000 7.35790e-04
 701.000 7.37688e-04
 706.000 7.39585e-04
 711.000 7.41483e-04
 716.000 7.43381e-04
 721.000 7.45278e-04
 726.000 7.47176e-04
 731.000 7.49073e-04
 736.000 7.50971e-04
 741.000 7.52869e-04
 746.000 7.54766e-04
 751.000 7.56664e-04
 756.000 7.58562e-04
 761.000 7.60459e-04
 766.000 7.62357e-04
 771.000 7.64255e-04
 776.000 7.66152e-04
 781.000 7.68050e-04
 786.000 7.69947e-04
 791.000 7.71845e-04
 796.000 7.73743e-04
 801.000 7.75640e-04
 806.000 7.77538e-04
 811.000 7.79436e-04
 816.000 7.81333e-04
 821.000 7.83231e-04
 826.000 7.85129e-04
 831.000 7.87026e-04
 836.000 7.88924e-04
 841.000 7.90822e-04
 846.000 7.92719e-04
 851.000 7.94617e-04
 856.000 7.96514e-04
 861.000 7.98412e-04
 866.000 8.00310e-04
 871.000 8.02207e-04
 876.000 8.04105e-04
 881.000 8.06003e-04
 886.000 8.07900e-04
 891.000 8.09798e-04
 896.000 8.11696e-04
 901.000 8.13593e-04
 906.000 8.15491e-04
 911.000 8.17388e-04
 916.000 8.19286e-04
 921.000 8.21184e-04
 926.000 8.23081e-04
 931.000 8.24979e-04
 936.000 8.26877e-04
 941.000 8.28774e-04
 946.000 8.30672e-04
 951.000 8.32570e-04
 956.000 8.34467e-04
 961.000 8.36365e-04
 966.000 8.38263e-04
 971.000 8.40160e-04
 976.000 8.42058e-04
 981.000 8.43955e-04
 986.000 8.45853e-04
 991.000 8.47751e-04
 996.000 8.49648e-04
1001.000 8.51546e-04
1006.000 8.53444e-04
1011.000 8.55341e-04
1016.000 8.57239e-04
1021.000 8.59137e-04
1026.000 8.61034e-04
1031.000 8.62932e-04
1036.000 8.64829e-04
1041.000 8.66727e-04
1046.000 8.68625e-04
1051.000 8.70522e-04
1056.000 8.72420e-04
1061.000 8.74318e-04
1066.000 8.76215e-04
1071.000 8.78113e-04
1076.000 8.80011e-04
1081.000 8.81908e-04
1086.000 8.83806e-04
1091.000 8.85704e-04
1096.000 8.87601e-04
1101.000 8.89499e-04
1106.000 8.91396e-04
1111.000 8.93294e-04
1116.000 8.95192e-04
1121.000 8.97089e-04
1126.000 8.98987e-04
1131.000 9.00885e-04
1136.000 9.02782e-04
1141.000 9.04680e-04
1146.000 9.06578e-04
1151.000 9.08475e-04
1156.000 9.10373e-04
1161.000 9.12270e-04
1166.000 9.14168e-04
1171.000 9.16066e-04
1176.000 9.17963e-04
1181.000 9.19861e-04
1186.000 9.21759e-04
1191.000 9.23656e-04
1196.000 9.25554e-04
1201.000 9.27452e-04
1206.000 9.29349e-04
1211.000 9.31247e-04
1216.000 9.33145e-04
1221.000 9.35042e-04
1226.000 9.36940e-04
1231.000 9.38837e-04
1236.000 9.40735e-04
1241.000 9.42633e-04
1246.000 9.44530e-04
1251.000 9.46428e-04
1256.000 9.48326e-04
1261.000 9.50223e-04
1266.000 9.52121e-04
1271.000 9.54019e-04
1276.000 9.55916e-04
1281.000 9.57814e-04
1286.000 9.59711e-04
1291.000 9.61609e-04
1296.000 9.63507e-04
1301.000 9.65404e-04
1306.000 9.67302e-04
1311.000 9.69200e-04
1316.000 9.71097e-04
1321.000 9.72995e-04
1326.000 9.74893e-04
1331.000 9.76790e-04
1336.000 9.78688e-04
1341.000 9.80586e-04
1346.000 9.82483e-04
1351.000 9.84381e-04
1356.000 9.86278e-04
1361.000 9.88176e-04
1366.000 9.90074e-04
1371.000 9.91971e-04
1376.000 9.93869e-04
1381.000 9.95767e-04
1386.000 9.97664e-04
1391.000 9.99562e-04
1396.000 1.00146e-03
1401.000 1.00336e-03
1406.000 1.00525e-03
1411.000 1.00715e-03
1416.000 1.00905e-03
1421.000 1.01095e-03
1426.000 1.01285e-03
1431.000 1.01474e-03
1436.000 1.01664e-03
1441.000 1.01854e-03
1446.000 1.02044e-03
1451.000 1.02233e-03
1456.000 1.02423e-03
1461.000 1.02613e-03
1466.000 1.02803e-03
1471.000 1.02992e-03
1476.000 1.03182e-03
1481.000 1.03372e-03
1486.000 1.03562e-03
1491.000 1.03751e-03
1496.000 1.03941e-03
1501.000 1.04131e-03
1506.000 1.04321e-03
1511.000 1.04511e-03
1516.000 1.04700e-03
1521.000 1.04890e-03
1526.000 1.05080e-03
1531.000 1.05270e-03
1536.000 1.05459e-03
1541.000 1.05649e-03
1546.000 1.05839e-03
1551.000 1.06029e-03
1556.000 1.06218e-03
1561.000 1.06408e-03
1566.000 1.06598e-03
1571.000 1.06788e-03
1576.000 1.06977e-03
1581.000 1.07167e-03
1586.000 1.07357e-03
1591.000 1.07547e-03
1596.000 1.07737e-03
1601.000 1.07926e-03
1606.000 1.08116e-03
1611.000 1.08306e-03
1616.000 1.08496e-03
1621.000 1.08685e-03
1626.000 1.08875e-03
1631.000 1.09065e-03
1636.000 1.09255e-03
1641.000 1.09444e-03
1646.000 1.09634e-03
1651.000 1.09824e-03
1656.000 1.10014e-03
1661.000 1.10203e-03
1666.000 1.10393e-03
1671.000 1.10583e-03
1676.000 1.10773e-03
1681.000 1.10963e-03
1686.000 1.11152e-03
1691.000 1.11342e-03
1696.000 1.11532e-03
1701.000 1.11722e-03
1706.000 1.11911e-03
1711.000 1.12101e-03
1716.000 1.12291e-03
1721.000 1.12481e-03
1726.000 1.12670e-03
1731.000 1.12860e-03
1736.000 1.13050e-03
1741.000 1.13240e-03
1746.000 1.13429e-03
1751.000 1.13619e-03
1756.000 1.13809e-03
1761.000 1.13999e-03
1766.000 1.14188e-03
1771.000 1.14378e-03
1776.000 1.14568e-03
1781.000 1.14758e-03
1786.000 1.14948e-03
1791.000 1.15137e-03
1796.000 1.15327e-03
1801.000 1.15517e-03
1806.000 1.15707e-03
1811.000 1.15896e-03
1816.000 1.16086e-03
1821.000 1.16276e-03
1826.000 1.16466e-03
1831.000 1.16655e-03
1836.000 1.16845e-03
1841.000 1.17035e-03
1846.000 1.17225e-03
1851.000 1.17414e-03
1856.000 1.17604e-03
1861.000 1.17794e-03
1866.000 1.17984e-03
1871.000 1.18174e-03
1876.000 1.18363e-03
1881.000 1.18553e-03
1886.000 1.18743e-03
1891.000 1.18933e-03
1896.000 1.19122e-03
1901.000 1.19312e-03
1906.000 1.19502e-03
1911.000 1.19692e-03
1916.000 1.19881e-03
1921.000 1.20071e-03
1926.000 1.20261e-03
1931.000 1.20451e-03
1936.000 1.20640e-03
1941.000 1.20830e-03
1946.000 1.21020e-03
1951.000 1.21210e-03
1956.000 1.21400e-03
1961.000 1.21589e-03
1966.000 1.21779e-03
1971.000 1.21969e-03
1976.000 1.22159e-03
1981.000 1.22348e-03
1986.000 1.22538e-03
1991.000 1.22728e-03
1996.000 1.22918e-03
2001.000 1.23107e-03
2006.000 1.23297e-03
2011.000 1.23487e-03
2016.000 1.23677e-03
2021.000 1.23866e-03
2026.000 1.24056e-03
2031.000 1.24246e-03
2036.000 1.24436e-03
2041.000 1.24626e-03
2046.000 1.24815e-03
2051.000 1.25005e-03
2056.000 1.25195e-03
2061.000 1.25385e-03
2066.000 1.25574e-03
2071.000 1.25764e-03
2076.000 1.25954e-03
2081.000 1.26144e-03
2086.000 1.26333e-03
2091.000 1.26523e-03
2096.000 1.26713e-03
2101.000 1.26903e-03
2106.000 1.27092e-03
2111.000 1.27282e-03
2116.000 1.27472e-03
2121.000 1.27662e-03
2126.000 1.27852e-03
2131.000 1.28041e-03
2136.000 1.28231e-03
2141.000 1.28421e-03
2146.000 1.28611e-03
2151.000 1.28800e-03
2156.000 1.28990e-03
2161.000 1.29180e-03
2166.000 1.29370e-03
2171.000 1.29559e-03
2176.000 1.29749e-03
2181.000 1.29939e-03
2186.000 1.30129e-03
2191.000 1.30318e-03
2196.000 1.30508e-03
2201.000 1.30698e-03
2206.000 1.30888e-03
2211.000 1.31077e-03
2216.000 1.31267e-03
2221.000 1.31457e-03
2226.000 1.31647e-03
2231.000 1.31837e-03
2236.000 1.32026e-03
2241.000 1.32216e-03
2246.000 1.32406e-03
2251.000 1.32596e-03
2256.000 1.32785e-03
2261.000 1.32975e-03
2266.000 1.33165e-03
2271.000 1.33355e-03
2276.000 1.33544e-03
2281.000 1.33734e-03
2286.000 1.33924e-03
2291.000 1.34114e-03
2296.000 1.34303e-03
2301.000 1.34493e-03
2306.000 1.34683e-03
2311.000 1.34873e-03
2316.000 1.35063e-03
2321.000 1.35252e-03
2326.000 1.35442e-03
2331.000 1.35632e-03
2336.000 1.35822e-03
2341.000 1.36011e-03
2346.000 1.36201e-03
2351.000 1.36391e-03
2356.000 1.36581e-03
2361.000 1.36770e-03
2366.000 1.36960e-03
2371.000 1.37150e-03
2376.000 1.37340e-03
2381.000 1.37529e-03
2386.000 1.37719e-03
2391.000 1.37909e-03
2396.000 1.38099e-03
2401.000 1.38289e-03
2406.000 1.38478e-03
2411.000 1.38668e-03
2416.000 1.38858e-03
2421.000 1.39048e-03
2426.000 1.39237e-03
2431.000 1.39427e-03
2436.000 1.39617e-03
2441.000 1.39807e-03
2446.000 1.39996e-03
2451.000 1.40186e-03
2456.000 1.40376e-03
2461.000 1.40566e-03
2466.000 1.40755e-03
2471.000 1.40945e-03
2476.000 1.41135e-03
2481.000 1.41325e-03
2486.000 1.41515e-03
2491.000 1.41704e-03
2496.000 1.41894e-03
2501.000 1.42084e-03
2506.000 1.42274e-03
2511.000 1.42463e-03
2516.000 1.42653e-03
2521.000 1.42843e-03
2526.000 1.43033e-03
2531.000 1.43222e-03
2536.000 1.43412e-03
2541.000 1.43602e-03
2546.000 1.43792e-03
2551.000 1.43981e-03
2556.000 1.44171e-03
2561.000 1.44361e-03
2566.000 1.44551e-03
2571.000 1.44740e-03
2576.000 1.44930e-03
2581.000 1.45120e-03
2586.000 1.45310e-03
2591.000 1.45500e-03
2596.000 1.45689e-03
2601.000 1.45879e-03
2606.000 1.46069e-03
2611.000 1.46259e-03
2616.000 1.46448e-03
2621.000 1.46638e-03
2626.000 1.46828e-03
2631.000 1.47018e-03
2636.000 1.47207e-03
2641.000 1.47397e-03
2646.000 1.47587e-03
2651.000 1.47777e-03
2656.000 1.47966e-03
2661.000 1.48156e-03
2666.000 1.48346e-03
2671.000 1.48536e-03
2676.000 1.48726e-03
2681.000 1.48915e-03
2686.000 1.49105e-03
2691.000 1.49295e-03
2696.000 1.49485e-03
2701.000 1.49674e-03
2706.000 1.49864e-03
2711.000 1.50054e-03
2716.000 1.50244e-03
2721.000 1.50433e-03
2726.000 1.50623e-03
2731.000 1.50813e-03
2736.000 1.51003e-03
2741.000 1.51192e-03
2746.000 1.51382e-03
2751.000 1.51572e-03
2756.000 1.51762e-03
2761.000 1.51952e-03
2766.000 1.52141e-03
2771.000 1.52331e-03
2776.000 1.52521e-03
2781.000 1.52711e-03
2786.000 1.52900e-03
2791.000 1.53090e-03
2796.000 1.53280e-03
2801.000 1.53470e-03
2806.000 1.53659e-03
2811.000 1.53849e-03
2816.000 1.54039e-03
2821.000 1.54229e-03
2826.000 1.54418e-03
2831.000 1.54608e-03
2836.000 1.54798e-03
2841.000 1.54988e-03
2846.000 1.55178e-03
2851.000 1.55367e-03
2856.000 1.55557e-03
2861.000 1.55747e-03
2866.000 1.55937e-03
2871.000 1.56126e-03
2876.000 1.56316e-03
2881.000 1.56506e-03
2886.000 1.56696e-03
2891.000 1.56885e-03
2896.000 1.57075e-03
2901.000 1.57265e-03
2906.000 1.57455e-03
2911.000 1.57644e-03
2916.000 1.57834e-03
2921.000 1.58024e-03
2926.000 1.58214e-03
2931.000 1.58404e-03
2936.000 1.58593e-03
2941.000 1.58783e-03
2946.000 1.58973e-03
2951.000 1.59163e-03
2956.000 1.59352e-03
2961.000 1.59542e-03
2966.000 1.59732e-03
2971.000 1.59922e-03
2976.000 1.60111e-03
2981.000 1.60301e-03
2986.000 1.60491e-03
2991.000 1.60681e-03
2996.000 1.60870e-03
3001.000 1.61060e-03
3006.000 1.61250e-03
3011.000 1.61440e-03
3016.000 1.61629e-03
3021.000 1.61819e-03
3026.000 1.62009e-03
3031.000 1.62199e-03
3036.000 1.62389e-03
3041.000 1.62578e-03
3046.000 1.62768e-03
3051.000 1.62958e-03
3056.000 1.63148e-03
3061.000 1.63337e-03
3066.000 1.63527e-03
3071.000 1.63717e-03
3076.000 1.63907e-03
3081.000 1.64096e-03
3086.000 1.64286e-03
3091.000 1.64476e-03
3096.000 1.64666e-03
3101.000 1.64855e-03
3106.000 1.65045e-03
3111.000 1.65235e-03
3116.000 1.65425e-03
3121.000 1.65615e-03
3126.000 1.65804e-03
3131.000 1.65994e-03
3136.000 1.66184e-03
3141.000 1.66374e-03
3146.000 1.66563e-03
3151.000 1.66753e-03
3156.000 1.66943e-03
3161.000 1.67133e-03
3166.000 1.67322e-03
3171.000 1.67512e-03
3176.000 1.67702e-03
3181.000 1.67892e-03
3186.000 1.68081e-03
3191.000 1.68271e-03
3196.000 1.68461e-03
3201.000 1.68651e-03
3206.000 1.68841e-03
3211.000 1.69030e-03
3216.000 1.69220e-03
3221.000 1.69410e-03
3226.000 1.69600e-03
3231.000 1.69789e-03
3236.000 1.69979e-03
3241.000 1.70169e-03
3246.000 1.70359e-03
3251.000 1.70548e-03
3256.000 1.70738e-03
3261.000 1.70928e-03
3266.000 1.71118e-03
3271.000 1.71307e-03
3276.000 1.71497e-03
3281.000 1.71687e-03
3286.000 1.71877e-03
3291.000 1.72067e-03
3296.000 1.72256e-03
3301.000 1.72446e-03
3306.000 1.72636e-03
3311.000 1.72826e-03
3316.000 1.73015e-03
3321.000 1.73205e-03
3326.000 1.73395e-03
3331.000 1.73585e-03
3336.000 1.73774e-03
3341.000 1.73964e-03
3346.000 1.74154e-03
3351.000 1.74344e-03
3356.000 1.74533e-03
3361.000 1.74723e-03
3366.000 1.74913e-03
3371.000 1.75103e-03
3376.000 1.75293e-03
3381.000 1.75482e-03
3386.000 1.75672e-03
3391.000 1.75862e-03
3396.000 1.76052e-03
3401.000 1.76241e-03
3406.000 1.76431e-03
3411.000 1.76621e-03
3416.000 1.76811e-03
3421.000 1.77000e-03
3426.000 1.77190e-03
3431.000 1.77380e-03
3436.000 1.77570e-03
3441.000 1.77759e-03
3446.000 1.77949e-03
3451.000 1.78139e-03
3456.000 1.78329e-03
3461.000 1.78518e-03
3466.000 1.78708e-03
3471.000 1.78898e-03
3476.000 1.79088e-03
3481.000 1.79278e-03
3486.000 1.79467e-03
3491.000 1.79657e-03
3496.000 1.79847e-03
3501.000 1.80037e-03
3506.000 1.80226e-03
3511.000 1.80416e-03
3516.000 1.80606e-03
3521.000 1.80796e-03
3526.000 1.80985e-03
3531.000 1.81175e-03
3536.000 1.81365e-03
3541.000 1.81555e-03
3546.000 1.81744e-03
3551.000 1.81934e-03
3556.000 1.82124e-03
3561.000 1.82314e-03
3566.000 1.82504e-03
3571.000 1.82693e-03
3576.000 1.82883e-03
3581.000 1.83073e-03
3586.000 1.83263e-03
3591.000 1.83452e-03
3596.000 1.83642e-03
3601.000 1.83832e-03
3606.000 1.84022e-03
3611.000 1.84211e-03
3616.000 1.84401e-03
3621.000 1.84591e-03
3626.000 1.84781e-03
3631.000 1.84970e-03
3636.000 1.85160e-03
3641.000 1.85350e-03
3646.000 1.85540e-03
3651.000 1.85730e-03
3656.000 1.85919e-03
3661.000 1.86109e-03
3666.000 1.86299e-03
3671.000 1.86489e-03
3676.000 1.86678e-03
3681.000 1.86868e-03
3686.000 1.87058e-03
3691.000 1.87248e-03
3696.000 1.87437e-03
3701.000 1.87627e-03
3706.000 1.87817e-03
3711.000 1.88007e-03
3716.000 1.88196e-03
3721.000 1.88386e-03
3726.000 1.88576e-03
3731.000 1.88766e-03
3736.000 1.88956e-03
3741.000 1.89145e-03
3746.000 1.89335e-03
3751.000 1.89525e-03
3756.000 1.89715e-03
3761.000 1.89904e-03
3766.000 1.90094e-03
3771.000 1.90284e-03
3776.000 1.90474e-03
3781.000 1.90663e-03
3786.000 1.90853e-03
3791.000 1.91043e-03
3796.000 1.91233e-03
3801.000 1.91422e-03
3806.000 1.91612e-03
3811.000 1.91802e-03
3816.000 1.91992e-03
3821.000 1.92181e-03
3826.000 1.92371e-03
3831.000 1.92561e-03
3836.000 1.92751e-03
3841.000 1.92941e-03
3846.000 1.93130e-03
3851.000 1.93320e-03
3856.000 1.93510e-03
3861.000 1.93700e-03
3866.000 1.93889e-03
3871.000 1.94079e-03
3876.000 1.94269e-03
3881.000 1.94459e-03
3886.000 1.94648e-03
3891.000 1.94838e-03
3896.000 1.95028e-03
3901.000 1.95218e-03
3906.000 1.95407e-03
3911.000 1.95597e-03
3916.000 1.95787e-03
3921.000 1.95977e-03
3926.000 1.96167e-03
3931.000 1.96356e-03
3936.000 1.96546e-03
3941.000 1.96736e-03
3946.000 1.96926e-03
3951.000 1.97115e-03
3956.000 1.97305e-03
3961.000 1.97495e-03
3966.000 1.97685e-03
3971.000 1.97874e-03
3976.000 1.98064e-03
3981.000 1.98254e-03
3986.000 1.98444e-03
3991.000 1.98633e-03
3996.000 1.98823e-03
4001.000 1.99013e-03
4006.000 1.99203e-03
4011.000 1.99393e-03
4016.000 1.99582e-03
4021.000 1.99772e-03
4026.000 1.99962e-03
4031.000 2.00152e-03
4036.000 2.00341e-03
4041.000 2.00531e-03
4046.000 2.00721e-03
4051.000 2.00911e-03
4056.000 2.01100e-03
4061.000 2.01290e-03
4066.000 2.01480e-03
4071.000 2.01670e-03
4076.000 2.01859e-03
4081.000 2.02049e-03
4086.000 2.02239e-03
4091.000 2.02429e-03
4096.000 2.02619e-03
4101.000 2.02808e-03
4106.000 2.02998e-03
4111.000 2.03188e-03
4116.000 2.03378e-03
4121.000 2.03567e-03
4126.000 2.03757e-03
4131.000 2.03947e-03
4136.000 2.04137e-03
4141.000 2.04326e-03
4146.000 2.04516e-03
4151.000 2.04706e-03
4156.000 2.04896e-03
4161.000 2.05085e-03
4166.000 2.05275e-03
4171.000 2.05465e-03
4176.000 2.05655e-03
4181.000 2.05845e-03
4186.000 2.06034e-03
4191.000 2.06224e-03
4196.000 2.06414e-03
4201.000 2.06604e-03
4206.000 2.06793e-03
4211.000 2.06983e-03
4216.000 2.07173e-03
4221.000 2.07363e-03
4226.000 2.07552e-03
4231.000 2.07742e-03
4236.000 2.07932e-03
4241.000 2.08122e-03
4246.000 2.08311e-03
4251.000 2.08501e-03
4256.000 2.08691e-03
4261.000 2.08881e-03
4266.000 2.09070e-03
4271.000 2.09260e-03
4276.000 2.09450e-03
4281.000 2.09640e-03
4286.000 2.09830e-03
4291.000 2.10019e-03
4296.000 2.10209e-03
4301.000 2.10399e-03
4306.000 2.10589e-03
4311.000 2.10778e-03
4316.000 2.10968e-03
4321.000 2.11158e-03
4326.000 2.11348e-03
4331.000 2.11537e-03
4336.000 2.11727e-03
4341.000 2.11917e-03
4346.000 2.12107e-03
4351.000 2.12296e-03
4356.000 2.12486e-03
4361.000 2.12676e-03
4366.000 2.12866e-03
4371.000 2.13056e-03
4376.000 2.13245e-03
4381.000 2.13435e-03
4386.000 2.13625e-03
4391.000 2.13815e-03
4396.000 2.14004e-03
4401.000 2.14194e-03
4406.000 2.14384e-03
4411.000 2.14574e-03
4416.000 2.14763e-03
4421.000 2.14953e-03
4426.000 2.15143e-03
4431.000 2.15333e-03
4436.000 2.15522e-03
4441.000 2.15712e-03
4446.000 2.15902e-03
4451.000 2.16092e-03
4456.000 2.16282e-03
4461.000 2.16471e-03
4466.000 2.16661e-03
4471.000 2.16851e-03
4476.000 2.17041e-03
4481.000 2.17230e-03
4486.000 2.17420e-03
4491.000 2.17610e-03
4496.000 2.17800e-03
4501.000 2.17989e-03
4506.000 2.18179e-03
4511.000 2.18369e-03
4516.000 2.18559e-03
4521.000 2.18748e-03
4526.000 2.18938e-03
4531.000 2.19128e-03
4536.000 2.19318e-03
4541.000 2.19508e-03
4546.000 2.19697e-03
4551.000 2.19887e-03
4556.000 2.20077e-03
4561.000 2.20267e-03
4566.000 2.20456e-03
4571.000 2.20646e-03
4576.000 2.20836e-03
4581.000 2.21026e-03
4586.000 2.21215e-03
4591.000 2.21405e-03
4596.000 2.21595e-03
4601.000 2.21785e-03
4606.000 2.21974e-03
4611.000 2.22164e-03
4616.000 2.22354e-03
4621.000 2.22544e-03
4626.000 2.22734e-03
4631.000 2.22923e-03
4636.000 2.23113e-03
4641.000 2.23303e-03
4646.000 2.23493e-03
4651.000 2.23682e-03
4656.000 2.23872e-03
4661.000 2.24062e-03
4666.000 2.24252e-03
4671.000 2.24441e-03
4676.000 2.24631e-03
4681.000 2.24821e-03
4686.000 2.25011e-03
4691.000 2.25200e-03
4696.000 2.25390e-03
4701.000 2.25580e-03
4706.000 2.25770e-03
4711.000 2.25959e-03
4716.000 2.26149e-03
4721.000 2.26339e-03
4726.000 2.26529e-03
4731.000 2.26719e-03
4736.000 2.26908e-03
4741.000 2.27098e-03
4746.000 2.27288e-03
4751.000 2.27478e-03
4756.000 2.27667e-03
4761.000 2.27857e-03
4766.000 2.28047e-03
4771.000 2.28237e-03
4776.000 2.28426e-03
4781.000 2.28616e-03
4786.000 2.28806e-03
4791.000 2.28996e-03
4796.000 2.29185e-03
4801.000 2.29375e-03
4806.000 2.29565e-03
4811.000 2.29755e-03
4816.000 2.29945e-03
4821.000 2.30134e-03
4826.000 2.30324e-03
4831.000 2.30514e-03
4836.000 2.30704e-03
4841.000 2.30893e-03
4846.000 2.31083e-03
4851.000 2.31273e-03
4856.000 2.31463e-03
4861.000 2.31652e-03
4866.000 2.31842e-03
4871.000 2.32032e-03
4876.000 2.32222e-03
4881.000 2.32411e-03
4886.000 2.32601e-03
4891.000 2.32791e-03
4896.000 2.32981e-03
4901.000 2.33171e-03
4906.000 2.33360e-03
4911.000 2.33550e-03
4916.000 2.33740e-03
4921.000 2.33930e-03
4926.000 2.34119e-03
4931.000 2.34309e-03
4936.000 2.34499e-03
4941.000 2.34689e-03
4946.000 2.34878e-03
4951.000 2.35068e-03
4956.000 2.35258e-03
4961.000 2.35448e-03
4966.000 2.35637e-03
4971.000 2.35827e-03
4976.000 2.36017e-03
4981.000 2.36207e-03
4986.000 2.36397e-03
4991.000 2.36586e-03
4996.000 2.36776e-03
5001.000 2.36966e-03
-END-OF-DATA-
force pCO2 follows the value above (in ppm)
