   4.3891539e-01
   4.8777391e-01
   5.4985594e-01
   6.2424708e-01
   6.6382926e-01
   6.6494891e-01
   7.0711073e-01
   9.3342105e-01
   1.3757794e+00
   1.7900576e+00
   1.9950140e+00
   1.9142156e+00
   1.7224507e+00
   1.5190752e+00
   1.3607170e+00
   1.2099213e+00
   1.0280699e+00
   9.2850350e-01
   9.2331714e-01
   8.9603695e-01
   7.8166455e-01
   6.1232003e-01
   3.6105939e-01
   4.9649338e-02
  -2.3390187e-01
  -4.6697697e-01
  -5.7731631e-01
  -5.5993800e-01
  -4.5250671e-01
  -3.4438459e-01
  -2.7017092e-01
  -1.8398615e-01
  -1.2414405e-01
  -7.3159829e-02
   8.9661376e-02
   3.1454899e-01
   3.4856934e-01
  -2.7067185e-01
   1.5209470e-01
   6.2854865e-01
   8.2588248e-01
   1.2404533e+00
   1.5924614e+00
   1.8916166e+00
   2.4741555e+00
   2.8441744e+00
   2.5427271e+00
   1.9297929e+00
   1.4759821e+00
   9.0047796e-01
   3.9907351e-01
   6.8779442e-02
  -1.5219425e-01
   2.6854552e-01
   9.2480445e-01
   1.2041121e+00
   1.0981109e+00
   9.0585774e-01
   5.3842799e-01
  -4.4152843e-02
  -4.8497494e-01
  -6.3388240e-01
  -5.9763431e-01
  -4.7414287e-01
  -1.1825899e-01
   4.5425160e-02
  -1.1639117e-02
   2.8069736e-01
   3.0083670e-01
   1.5582781e-01
   7.8574242e-01
   1.1041131e+00
  -7.2151750e-01
  -1.9519022e+00
  -8.3294701e-01
   5.8466051e-02
   4.4969371e-01
   1.3927181e+00
   1.6378304e+00
   1.6440594e+00
   1.9054491e+00
   1.5272693e+00
   8.6520577e-01
   2.1627005e-01
  -2.5809641e-01
  -5.0848035e-01
  -7.0080727e-01
  -7.5788412e-01
  -5.0785021e-01
   2.4030354e-02
   4.2315761e-01
   6.3069163e-01
   6.6383741e-01
   5.4708893e-01
   1.6199589e-01
  -3.4325123e-01
  -6.3145412e-01
  -7.0537777e-01
  -6.8633421e-01
  -7.1531229e-01
  -3.0840652e-01
  -1.1446585e-01
  -3.4145307e-01
   1.2967579e-02
  -1.1840941e-01
  -3.7097260e-02
   1.4357938e+00
   1.3782326e+00
  -1.4618831e+00
  -2.9276296e+00
  -1.9123253e+00
  -4.2542330e-01
   7.9336226e-01
   1.3834422e+00
   9.8492358e-01
   9.1453106e-01
   8.2065304e-01
  -9.7181207e-02
  -6.3753210e-01
  -9.6243183e-01
  -1.5479003e+00
  -1.4033461e+00
  -1.0853625e+00
  -1.0601878e+00
  -7.7014283e-01
  -7.3653609e-01
  -5.7153196e-01
   2.0022247e-02
   2.7498419e-01
   1.5691167e-01
  -2.5083189e-01
  -5.8865760e-01
  -7.1801403e-01
  -8.3016930e-01
  -1.0348560e+00
  -1.2333894e+00
  -9.7200531e-01
  -7.1818847e-01
  -7.9770744e-01
  -6.5366747e-01
  -3.5834854e-02
   7.0407907e-01
   1.0933385e+00
   4.3771208e-01
  -1.8605165e+00
  -2.9700054e+00
  -2.1720903e+00
  -1.4001811e-01
   1.3914536e+00
   5.8701355e-01
   3.1231928e-01
   5.0971147e-01
  -4.7578818e-01
  -1.3869303e+00
  -1.8824960e+00
  -1.6916660e+00
  -1.4571290e+00
  -1.3111615e+00
  -1.0636684e+00
  -1.0730955e+00
  -1.3091387e+00
  -1.4296326e+00
  -9.3608746e-01
  -2.2269801e-01
   6.7968071e-02
  -8.3247959e-02
  -4.4311365e-01
  -7.5903106e-01
  -9.1234519e-01
  -8.8552614e-01
  -1.1248170e+00
  -1.2748499e+00
  -1.2813800e+00
  -8.8404384e-01
  -7.9962756e-01
  -1.1808671e+00
   3.9715535e-01
   9.8805370e-01
  -4.8038275e-01
  -9.1682177e-01
  -1.8462247e+00
  -2.2646742e+00
  -1.4537907e+00
   6.1304434e-01
   1.6615583e+00
  -5.4150789e-01
  -2.1772153e-01
   1.4858936e-01
  -1.6896923e+00
  -2.0732702e+00
  -2.3589323e+00
  -1.8584689e+00
  -7.3771336e-01
  -7.4927277e-01
  -9.2867366e-01
  -9.6421459e-01
  -1.5186540e+00
  -1.4144656e+00
  -6.8894486e-01
  -3.2783593e-01
  -2.2458759e-02
  -1.6246087e-01
  -4.9825902e-01
  -7.7558667e-01
  -1.0269880e+00
  -8.7862795e-01
  -9.1721430e-01
  -8.0760144e-01
  -8.7826128e-01
  -3.7084736e-01
  -2.7305337e-01
  -9.3405616e-01
   5.4155905e-01
  -3.1122639e-02
  -1.8720517e+00
  -1.3119061e+00
  -1.2513800e+00
  -1.3849761e+00
  -5.8862135e-01
   1.0882496e+00
   1.5274504e+00
  -1.1925152e+00
  -6.1577543e-01
  -3.8860240e-01
  -2.3647133e+00
  -1.9550454e+00
  -1.7186075e+00
  -1.0336105e+00
  -1.2356142e-02
  -3.3603839e-01
  -5.0209892e-01
  -6.4469724e-01
  -1.1381426e+00
  -8.6717914e-01
  -3.0234087e-01
  -1.7353436e-01
   7.3238649e-02
  -5.3928204e-02
  -4.0248874e-01
  -5.9754847e-01
  -8.8818200e-01
  -6.9790175e-01
  -4.8675565e-01
  -1.0682477e-01
   6.5847164e-02
   1.7904398e-01
   1.1004486e-01
  -2.4862534e-01
   4.3685782e-01
  -9.9009360e-01
  -2.1896151e+00
  -8.1484438e-01
  -5.9458426e-01
  -7.7865684e-01
   9.7689950e-02
   1.1646885e+00
   9.9783901e-01
  -1.2776093e+00
  -6.0774712e-01
  -6.4813706e-01
  -2.2908691e+00
  -1.2177977e+00
  -4.2644717e-01
   5.6508353e-01
   8.4835631e-01
  -9.9322350e-02
   2.3906080e-01
  -7.5171667e-02
  -5.5623195e-01
  -1.6262035e-01
   5.9796482e-02
   2.4842631e-01
   4.1597207e-01
   2.7021763e-01
  -4.0706028e-02
  -2.6924435e-01
  -5.0200489e-01
  -2.7076415e-01
   1.4158266e-01
   8.2804523e-01
   1.0457026e+00
   1.8703163e-01
  -1.9026073e-02
   2.6177074e-01
   5.1682192e-01
  -7.9343826e-01
  -1.6518679e+00
  -2.8947720e-01
  -4.2061173e-01
  -3.7495895e-01
   7.9781463e-01
   1.0151064e+00
   2.1384188e-01
  -9.2765790e-01
  -7.9805276e-02
  -3.6593850e-01
  -1.5281589e+00
  -3.0423425e-01
   9.8689814e-01
   2.3560360e+00
   1.7011669e+00
   2.3241036e-01
   1.0300437e+00
   5.4692395e-01
   6.0596228e-02
   4.6812406e-01
   4.0087304e-01
   7.3813716e-01
   9.4557434e-01
   8.2908720e-01
   5.2089355e-01
   1.9017402e-01
   8.5531464e-02
   3.1968224e-01
   8.9283402e-01
   1.9498338e+00
   1.7273244e+00
  -2.6727368e-01
  -3.3288524e-01
   5.8418237e-01
   8.3661013e-01
   9.8047868e-02
  -8.2604363e-01
  -1.4692156e-01
  -7.7016481e-01
   5.8807062e-02
   1.6064502e+00
   7.3668953e-01
  -5.4474476e-01
  -1.9598734e-01
   7.9819530e-01
   3.2636207e-01
  -2.9642000e-01
   4.8242915e-01
   2.2761480e+00
   3.8932980e+00
   2.2092169e+00
   7.5397026e-01
   1.6162429e+00
   1.0480747e+00
   7.7823120e-01
   9.0245517e-01
   7.1257989e-01
   1.1530370e+00
   1.5480759e+00
   1.5753522e+00
   1.1251569e+00
   7.6957556e-01
   8.0747963e-01
   9.6086069e-01
   1.6643900e+00
   3.0479225e+00
   2.0598122e+00
  -8.1371607e-01
  -4.0820564e-01
   9.4649485e-01
   1.2071612e+00
   8.9457678e-01
  -1.3398357e-01
  -3.4757500e-01
  -9.6038223e-01
   9.7067673e-01
   2.2379442e+00
   1.1117769e-01
  -4.5891957e-01
   1.4404561e+00
   1.7138318e+00
   1.1741210e+00
   1.2866580e+00
   1.2766553e+00
   3.6093736e+00
   4.7087034e+00
   1.8194481e+00
   1.1375977e+00
   1.6311487e+00
   1.5872733e+00
   1.9242194e+00
   9.1196644e-01
   9.7178458e-01
   1.6042740e+00
   2.2147707e+00
   2.4920598e+00
   1.7163164e+00
   1.6259860e+00
   1.6735993e+00
   1.7578376e+00
   2.4570915e+00
   3.5979039e+00
   2.1324983e+00
  -7.1159209e-01
   4.1136652e-01
   1.6657510e+00
   1.3787678e+00
   9.9939892e-01
  -1.3584951e-01
  -7.4867297e-01
  -8.5820973e-02
   1.5751385e+00
   1.8125438e+00
  -2.1532909e-01
   9.5314854e-01
   2.7433311e+00
   1.8384390e+00
   1.5462349e+00
   1.7322071e+00
   2.0945160e+00
   4.0578498e+00
   3.9313129e+00
   1.4576722e+00
   4.6606849e-01
   9.6354627e-01
   2.2206962e+00
   2.3291822e+00
   7.2558581e-01
   1.0736592e+00
   2.0599210e+00
   2.6039543e+00
   2.6493671e+00
   2.0962031e+00
   2.0444891e+00
   1.9618305e+00
   2.2726600e+00
   2.6824291e+00
   3.0538295e+00
   1.9843735e+00
   3.2401676e-01
   1.3207941e+00
   1.8714142e+00
   1.5711108e+00
   9.5697687e-01
  -7.3918147e-01
  -7.4748623e-01
   4.8899482e-01
   1.6016049e+00
   1.3453530e+00
   5.1856298e-02
   2.1387263e+00
   3.0950346e+00
   1.7698826e+00
   1.6436888e+00
   1.7020463e+00
   2.5181445e+00
   3.6189825e+00
   3.0100300e+00
   1.4336159e+00
  -1.2306461e-01
   4.0333929e-01
   2.3168227e+00
   2.3042914e+00
   7.5101930e-01
   1.1578128e+00
   2.3816505e+00
   2.6637555e+00
   2.4395061e+00
   2.1643318e+00
   2.0014933e+00
   1.8988899e+00
   2.3302980e+00
   2.5144469e+00
   2.4246756e+00
   1.7818491e+00
   1.0333361e+00
   1.4920620e+00
   1.6577038e+00
   1.9063012e+00
   1.0890153e+00
  -8.4852054e-01
  -3.6384340e-01
   7.5185980e-01
   1.3713467e+00
   9.8411859e-01
   6.0279136e-01
   3.0256718e+00
   2.9443353e+00
   1.6515404e+00
   1.5867155e+00
   1.5556012e+00
   2.6273512e+00
   2.7247073e+00
   2.1919356e+00
   1.4892821e+00
  -4.9145491e-01
  -2.1309734e-02
   2.0569748e+00
   2.1862460e+00
   8.7725978e-01
   1.2561745e+00
   2.5765689e+00
   2.5023764e+00
   2.0992742e+00
   2.0022028e+00
   1.7443953e+00
   1.6776407e+00
   2.1265613e+00
   2.1527854e+00
   1.7969606e+00
   1.5619461e+00
   1.4066363e+00
   1.2355220e+00
   1.2940368e+00
   2.2318258e+00
   1.2410056e+00
  -6.4329791e-01
   1.6141244e-01
   8.4340617e-02
   7.8063000e-01
   1.0927043e+00
   1.7068220e+00
   3.1021931e+00
   1.8841090e+00
   1.5723635e+00
   1.2189042e+00
   1.5760380e+00
   1.9026711e+00
   8.3523304e-01
   1.8665061e+00
   1.3995722e+00
  -4.4942329e-02
  -9.1549049e-02
   8.9165990e-01
   2.2796295e+00
   1.1792205e+00
   1.4777740e+00
   2.4370820e+00
   1.7712892e+00
   1.6315375e+00
   1.1988432e+00
   1.1357456e+00
   1.2036617e+00
   1.3545543e+00
   1.3985559e+00
   1.1373089e+00
   1.2851717e+00
   8.0832947e-01
   5.4066415e-02
   7.8669353e-01
   2.3737227e+00
   1.2512958e+00
   3.2456749e-01
   8.9468210e-01
  -1.8412518e-01
   8.2420584e-01
   1.2418373e+00
   2.0895672e+00
   2.4622955e+00
   1.2206664e+00
   1.3586809e+00
   9.1057300e-01
   1.6429177e+00
   1.0933563e+00
  -8.3837990e-03
   1.6856187e+00
   1.2160917e+00
   2.9476103e-01
  -1.4146851e-01
   7.7622529e-01
   2.2977621e+00
   1.2853206e+00
   1.7506272e+00
   1.7540933e+00
   1.0366845e+00
   1.0950249e+00
   5.2838463e-01
   7.8655602e-01
   8.0482412e-01
   9.0882473e-01
   7.9048428e-01
   5.9809818e-01
   8.1758857e-01
  -1.5469881e-01
  -7.6602568e-01
   4.8446442e-01
   1.7293918e+00
   6.7661248e-01
   5.0253066e-01
   6.8495641e-01
   1.7958401e-01
   1.0961436e+00
   1.1667004e+00
   2.0358892e+00
   2.0492340e+00
   1.0718100e+00
   1.1225364e+00
   8.3904215e-01
   1.5058491e+00
   7.7311238e-01
   2.3123164e-02
   1.1939231e+00
   1.0262333e+00
  -2.4564819e-03
  -4.8609327e-01
   1.2353260e+00
   2.0215268e+00
   1.2444148e+00
   1.8943173e+00
   1.1862819e+00
   6.6045270e-01
   6.4712627e-01
   3.6216794e-01
   6.9246111e-01
   6.1933259e-01
   8.5972394e-01
   4.9396704e-01
   2.8305713e-01
   3.3158010e-01
  -6.4354800e-01
  -9.3847092e-01
   2.7675107e-01
   1.0225068e+00
   1.2219436e-02
   4.2006518e-02
   2.6870243e-01
   8.8391616e-01
   1.5082835e+00
   9.7730312e-01
   1.7711599e+00
   1.6920386e+00
   1.1459060e+00
   8.4703970e-01
   8.6973871e-01
   1.2564823e+00
   6.4294280e-01
   4.6854019e-01
   4.9656631e-01
   8.1020943e-01
  -6.3440396e-01
  -1.0108803e+00
   2.0196860e+00
   1.5736357e+00
   1.1296317e+00
   1.9950252e+00
   6.0312455e-01
   4.0621856e-01
   1.8607340e-01
   4.1193712e-01
   7.0641144e-01
   5.1116670e-01
   9.9048091e-01
   3.0724034e-01
   3.4598753e-02
  -2.2239139e-01
  -9.6988302e-01
  -8.2849400e-01
   8.7969184e-02
   2.0001800e-01
  -7.7531483e-01
  -7.7391715e-01
  -2.9514009e-01
   1.5002543e+00
   1.5406947e+00
   1.0837101e+00
   1.3735235e+00
   1.2819936e+00
   1.2548624e+00
   7.9549711e-01
   1.0119434e+00
   9.7775899e-01
   5.5616741e-01
   1.0232078e+00
  -2.4949760e-01
  -6.0721681e-01
  -1.7372644e+00
  -2.1005714e+00
   1.2309711e+00
   9.7728588e-01
   6.2099610e-01
   1.7131032e+00
   4.0122492e-01
   2.7755739e-01
   2.5336354e-01
   7.1254772e-01
   1.0109101e+00
   7.5870636e-01
   1.1807097e+00
   4.9397114e-01
   3.0501045e-01
  -4.9187124e-01
  -1.2594657e+00
  -2.2175635e-01
   1.0108323e-01
  -8.0880763e-01
  -1.8264251e+00
  -1.8222389e+00
  -1.8784261e-01
   1.0326118e+00
   9.4659029e-01
   1.2875048e+00
   1.3306749e+00
   9.4814750e-01
   8.8533044e-01
   8.3592943e-01
   9.0408741e-01
   9.0080561e-01
   2.3243918e-01
   4.8249118e-01
  -2.8261691e-01
  -1.4481328e+00
  -1.8770973e+00
  -2.4382939e+00
  -5.0035801e-01
   4.9208740e-01
   2.0392296e-01
   1.3293337e+00
   5.9660654e-01
   2.4232063e-01
   5.0536501e-01
   6.1589846e-01
   1.0426064e+00
   8.5242922e-01
   9.8630075e-01
   5.5001583e-01
   5.6507732e-01
  -1.9072791e-01
  -1.3989480e+00
  -2.5381442e-01
   5.1244714e-02
  -9.2398814e-01
  -1.8229237e+00
  -1.6452932e+00
   3.4291386e-01
   5.7692094e-01
   3.2596078e-01
   1.2488810e+00
   1.2043984e+00
   6.1600550e-01
   4.4773111e-01
   7.1819733e-01
   7.0136897e-01
   6.8649667e-01
  -9.3194305e-02
  -1.4517009e-01
  -4.3122707e-01
  -1.9259425e+00
  -1.9628919e+00
  -2.6195704e+00
  -1.8838530e+00
  -2.2883664e-01
  -2.9314546e-01
   9.2091484e-01
   7.6998366e-01
   1.9324609e-01
   5.4248692e-01
   4.5196218e-01
   9.2762233e-01
   8.1664587e-01
   7.3316185e-01
   4.8085813e-01
   6.4804565e-01
   3.7777355e-02
  -1.3672125e+00
  -4.0108646e-01
  -1.7553072e-01
  -9.4057514e-01
  -1.6262168e+00
  -1.4041081e+00
   6.6439171e-01
   6.7232424e-02
  -4.9517574e-01
   5.8814705e-01
   8.2988616e-01
   2.0734910e-01
  -2.5478020e-01
   1.7189862e-01
   2.1702228e-01
   7.0575005e-02
  -4.9583470e-01
  -1.1166705e+00
  -9.2223066e-01
  -1.6157434e+00
  -1.9546609e+00
  -2.4668121e+00
  -2.6992797e+00
  -1.7177941e+00
  -1.1121710e+00
   3.5543513e-01
   9.2026658e-01
   9.5520996e-02
   4.2947611e-02
   8.8417366e-02
   4.2187039e-01
   4.4954182e-01
   2.8044606e-01
   8.2754437e-02
   3.0484245e-01
   1.2485269e-01
  -8.9995350e-01
  -8.5930215e-01
  -9.0064438e-01
  -7.3284682e-01
  -9.1967361e-01
  -9.7123906e-01
   5.2565601e-01
  -2.1628954e-01
  -7.9885819e-01
  -6.2988927e-01
  -2.5796352e-01
  -2.8158819e-01
  -7.8966650e-01
  -8.4333477e-01
  -6.0939738e-01
  -8.1450329e-01
  -8.3933512e-01
  -1.4823991e+00
  -1.5922630e+00
  -1.0940470e+00
  -1.5844854e+00
  -1.6203678e+00
  -1.7265868e+00
  -2.7329445e+00
  -2.4454668e+00
  -4.1328696e-01
   8.9111603e-01
  -3.7322304e-01
  -1.0801970e+00
  -5.9566821e-01
  -4.3387677e-01
  -2.6830314e-01
  -2.9190863e-01
  -6.1009488e-01
  -7.1541880e-01
  -4.8373695e-01
  -3.1512671e-01
  -1.0062904e+00
  -1.8147808e+00
  -1.1178762e+00
  -6.1942770e-01
  -1.1020609e+00
  -5.4794033e-01
  -8.3124513e-01
  -9.2231694e-01
  -9.4621424e-01
  -1.0704356e+00
  -8.0132341e-01
  -1.0904910e+00
  -1.3528035e+00
  -1.0916702e+00
  -1.1649430e+00
  -1.1647673e+00
  -1.5318084e+00
  -1.7132650e+00
  -1.3227142e+00
  -9.7348447e-01
  -8.2726969e-01
  -1.2784686e+00
  -2.5493951e+00
  -3.2207003e+00
  -1.2439567e+00
   7.1959028e-01
  -6.7386842e-01
  -1.6124317e+00
  -1.1725826e+00
  -9.5766982e-01
  -7.3521754e-01
  -6.9058391e-01
  -1.0297886e+00
  -1.2259387e+00
  -9.7213989e-01
  -5.2463501e-01
  -8.6335266e-01
  -2.0401237e+00
  -1.7716990e+00
  -9.3219152e-01
  -1.2671560e+00
  -1.1153572e+00
  -1.5790441e+00
  -1.0461313e+00
  -8.6529965e-01
  -1.6902710e+00
  -1.3319400e+00
  -1.2927956e+00
  -1.6211859e+00
  -1.3597547e+00
  -1.3051627e+00
  -1.4561313e+00
  -1.4894364e+00
  -1.6639901e+00
  -1.7257708e+00
  -3.3962533e-01
  -1.0430472e-01
  -1.0576142e+00
  -1.9912643e+00
  -3.6409777e+00
  -2.1561733e+00
   3.9868994e-01
  -7.8418743e-01
  -1.8609649e+00
  -1.6249226e+00
  -1.3303154e+00
  -1.0957812e+00
  -9.7848252e-01
  -1.3171403e+00
  -1.4503469e+00
  -1.3709678e+00
  -1.0730745e+00
  -6.6114449e-01
  -1.9576637e+00
  -2.4164710e+00
  -1.4072295e+00
  -1.3747142e+00
  -1.4277189e+00
  -2.3640725e+00
  -1.2971175e+00
  -1.2533733e-01
  -1.7087821e+00
  -1.7597455e+00
  -1.2918147e+00
  -1.3848612e+00
  -1.0836576e+00
  -1.1053082e+00
  -1.5753556e+00
  -1.3916397e+00
  -1.4733614e+00
  -2.0367479e+00
   3.4012968e-02
   2.5103791e-01
  -1.2649098e+00
  -1.2129372e+00
  -3.1542747e+00
  -3.1121487e+00
  -2.7340892e-01
  -3.2205489e-01
  -1.5266969e+00
  -1.6169262e+00
  -1.3544123e+00
  -1.2043001e+00
  -9.4859858e-01
  -1.2929793e+00
  -1.0195838e+00
  -1.4592915e+00
  -2.0576600e+00
  -5.3413421e-01
  -1.3604591e+00
  -2.6590460e+00
  -1.8470406e+00
  -1.2207374e+00
  -1.1753825e+00
  -1.7120737e+00
  -1.2029462e+00
   3.2620030e-01
  -7.4550809e-01
  -1.1915373e+00
  -6.4052941e-01
  -6.2817009e-01
  -3.4133686e-01
  -6.2442171e-01
  -1.0250128e+00
  -1.0204927e+00
  -1.2696880e+00
  -1.3874938e+00
  -4.3206932e-01
  -6.8787065e-02
  -9.1404748e-01
  -1.0156773e+00
  -1.8310899e+00
  -2.8315688e+00
  -8.9241998e-01
   3.9844774e-01
  -6.1461427e-01
  -6.5298800e-01
  -6.4170310e-01
  -6.7852723e-01
  -2.9762406e-01
  -6.4550454e-01
  -2.2361932e-01
  -8.7881614e-01
  -1.9506277e+00
  -5.6139581e-01
  -5.2222085e-01
  -1.5264053e+00
  -1.2232800e+00
  -6.9190491e-01
  -5.4119306e-01
  -6.2324895e-01
  -5.4394931e-01
   4.4819428e-01
   1.7318218e-01
  -1.6598766e-01
   1.1447580e-01
   1.3531917e-01
   1.7430649e-01
  -3.3431836e-02
  -2.9536911e-01
  -3.9211890e-01
  -6.8245565e-01
  -7.8332108e-01
  -4.6754133e-01
  -8.3029230e-02
  -2.3754331e-01
  -5.6419632e-01
  -8.5948509e-01
  -1.4772837e+00
  -7.2421735e-01
   4.0050301e-01
   6.5447224e-02
   1.9863538e-01
   2.7250989e-01
   1.4915549e-01
   3.7712268e-01
   9.5718973e-02
   3.4501143e-01
  -7.6108793e-02
  -9.1965684e-01
  -1.4553008e-01
   1.8556008e-01
  -3.0497318e-01
  -3.5937092e-01
  -8.1676605e-02
   8.2421799e-02
   2.5310687e-01
   2.5776354e-01
   7.4418294e-01
   9.6865277e-01
   8.4593948e-01
   7.4601652e-01
   9.0661159e-01
   7.4346066e-01
   6.1753058e-01
   5.1302329e-01
   3.9427820e-01
   1.4977492e-01
  -7.2033434e-02
   1.1787137e-01
   2.9599883e-01
   5.0950418e-01
   2.5269009e-01
   1.2109433e-01
   2.9277746e-01
  -2.2817835e-02
   1.6374070e-01
   4.2015835e-01
   7.6446594e-01
   1.0944670e+00
   9.9928178e-01
   1.0179426e+00
   8.2171502e-01
   9.7353841e-01
   7.7943926e-01
   3.0073188e-01
   6.5636074e-01
   8.0723163e-01
   7.1712454e-01
   4.6300806e-01
   5.2805399e-01
   7.5006434e-01
   7.6226789e-01
   7.5743167e-01
   1.1487225e+00
   1.4828220e+00
   1.5477815e+00
   1.2075138e+00
   1.5082952e+00
   1.3683793e+00
   1.1733008e+00
   1.2364855e+00
   1.1368712e+00
   9.7289444e-01
   8.7622488e-01
   1.1041102e+00
   9.2287376e-01
   1.1825250e+00
   1.1416318e+00
   1.0862172e+00
   1.8877840e+00
   1.0021875e+00
   1.0284969e-01
   4.4278817e-01
   8.9475602e-01
   1.4749279e+00
   1.5267995e+00
   1.4933402e+00
   1.4249310e+00
   1.5865732e+00
   1.5007375e+00
   1.2824093e+00
   1.4572488e+00
   1.1973766e+00
   1.4295880e+00
   1.2222252e+00
   9.2017131e-01
   1.2524867e+00
   1.0202159e+00
   5.7920839e-01
   1.2118961e+00
   1.5653089e+00
   1.8272859e+00
   1.6611078e+00
   1.7172694e+00
   1.7692309e+00
   1.4498814e+00
   1.5583879e+00
   1.5453753e+00
   1.4921861e+00
   1.7800994e+00
   1.8090947e+00
   1.4119575e+00
   1.5498831e+00
   1.6046814e+00
   1.7460187e+00
   2.5912318e+00
   1.8848466e+00
   5.6006054e-01
   4.3777462e-01
   6.5435016e-01
   1.1943295e+00
   1.4392032e+00
   1.6050649e+00
   1.7469233e+00
   1.8664257e+00
   1.9042953e+00
   1.6961241e+00
   1.6461324e+00
   1.3677876e+00
   1.8893731e+00
   1.9078795e+00
   1.0174242e+00
   1.3483720e+00
   9.8262110e-01
  -4.8013594e-02
   5.9850268e-01
   1.1985260e+00
   1.8123530e+00
   2.0760166e+00
   1.4365056e+00
   1.4932081e+00
   1.3219572e+00
   1.1533358e+00
   1.4020716e+00
   1.5521374e+00
   1.7400455e+00
   1.6901848e+00
   1.4747466e+00
   1.3491754e+00
   1.4669820e+00
   1.6951109e+00
   2.2179164e+00
   2.1416315e+00
   1.1365283e+00
   6.7637639e-01
   3.4627501e-01
   5.1549171e-01
   8.3712286e-01
   1.1314545e+00
   1.4862464e+00
   1.4682431e+00
   1.8621980e+00
   1.5715440e+00
   1.2079718e+00
   1.6366885e+00
   2.0428411e+00
   2.1355428e+00
   1.1992216e+00
   1.1334191e+00
   2.2416157e-01
  -6.4699403e-01
  -8.3930488e-02
   7.0710812e-01
   1.3867297e+00
   1.6602037e+00
   7.3141456e-01
   7.2091229e-01
   7.5604567e-01
   2.1620996e-01
   6.0790927e-01
   9.2092085e-01
   7.2795536e-01
   9.9362891e-01
   1.1072427e+00
   7.3707703e-01
   1.0047254e+00
   1.2360930e+00
   1.4063434e+00
   1.6137975e+00
   1.0714042e+00
   7.2054225e-01
   1.3413255e-01
  -1.2358211e-01
   4.8017869e-03
   1.1659067e-01
   5.0900609e-01
   5.8719069e-01
   1.2417330e+00
   1.0404235e+00
   8.5911135e-01
   1.9728952e+00
   1.6174922e+00
   1.4949441e+00
   1.6220559e+00
   9.0360993e-01
  -8.8230962e-01
  -1.0691960e+00
  -2.8902734e-01
   3.4997774e-01
   3.7494897e-01
   3.9558413e-02
  -3.8792984e-01
  -1.2632716e-01
  -4.6268961e-02
  -6.3158239e-01
  -5.7713457e-01
  -2.2616115e-01
  -1.3973117e-01
   2.6769590e-01
   4.3173460e-01
   2.2748674e-01
   5.8426306e-01
   9.2139924e-01
   8.9091187e-01
   7.6777710e-01
   3.7083997e-01
   1.7580427e-01
  -2.2117198e-01
  -7.0899652e-01
  -9.1860367e-01
  -9.6245211e-01
  -6.3174650e-01
  -3.7426575e-01
   5.4025385e-02
   9.6080149e-02
   5.0844710e-01
   1.5674487e+00
   7.9498124e-01
   5.6750337e-01
   1.4382464e+00
   4.1680573e-01
  -1.1115075e+00
  -9.9646074e-01
  -3.3701699e-01
  -9.0943748e-02
  -6.3828819e-01
  -1.4131347e+00
  -1.5817525e+00
  -1.1994074e+00
  -9.2810347e-01
  -1.0409082e+00
  -1.0906967e+00
  -7.8194582e-01
  -4.3461627e-01
  -2.8952845e-01
  -2.9280746e-01
  -2.0336224e-01
   1.1253883e-01
   4.3263774e-01
   4.9168971e-01
   3.1540865e-01
   3.2992704e-02
  -1.9023179e-01
  -5.5148409e-01
  -1.0761849e+00
  -1.4016039e+00
  -1.4136541e+00
  -1.2393881e+00
  -1.1907999e+00
  -1.2445867e+00
  -1.1214593e+00
  -5.2227661e-01
   2.4839704e-01
   2.4811559e-01
   2.2666819e-01
   4.1399253e-01
  -3.0547345e-01
   2.6867608e-02
  -3.4297002e-02
  -4.9380268e-02
  -1.8043652e-01
  -5.3520237e-01
  -9.6474581e-01
  -1.2078402e+00
  -1.1987653e+00
  -9.7954442e-01
  -7.1508541e-01
  -4.4163829e-01
  -2.3484939e-01
  -1.6025415e-01
  -2.1984151e-01
  -3.3363366e-01
  -3.9072171e-01
  -3.6359355e-01
  -2.5062631e-01
  -9.9801977e-02
   6.0199958e-02
   1.4227497e-01
   9.4053117e-02
  -1.1319302e-01
  -4.1589476e-01
  -6.7040791e-01
  -8.6137793e-01
  -9.9171178e-01
  -1.0877946e+00
  -1.1120761e+00
  -9.3969033e-01
  -5.7601336e-01
  -8.8684006e-02
   2.7706799e-01
   4.2047521e-01
   3.8015532e-01
   1.9288099e-01
