   0.0000000e+00
   0.0000000e+00
   0.0000000e+00
   0.0000000e+00
   0.0000000e+00
   0.0000000e+00
   0.0000000e+00
   0.0000000e+00
   0.0000000e+00
   0.0000000e+00
   0.0000000e+00
   0.0000000e+00
   0.0000000e+00
   0.0000000e+00
   0.0000000e+00
   0.0000000e+00
   0.0000000e+00
   0.0000000e+00
   0.0000000e+00
   0.0000000e+00
   0.0000000e+00
   0.0000000e+00
   0.0000000e+00
   0.0000000e+00
   1.7432742e-02
   1.8056425e-02
   1.8027916e-02
   1.8100219e-02
   1.7024976e-02
   1.4743454e-02
   1.2020027e-02
   9.4880905e-03
   0.0000000e+00
   0.0000000e+00
   6.7978191e-03
   4.6080608e-03
  -1.3721809e-03
  -3.9445214e-03
   0.0000000e+00
   0.0000000e+00
   0.0000000e+00
   0.0000000e+00
   0.0000000e+00
   0.0000000e+00
   0.0000000e+00
   0.0000000e+00
   0.0000000e+00
   0.0000000e+00
   0.0000000e+00
   0.0000000e+00
   0.0000000e+00
   0.0000000e+00
   3.1564180e-02
   2.3761176e-02
   1.3448219e-02
   0.0000000e+00
   0.0000000e+00
   4.8549334e-03
   9.2258883e-03
   1.4356589e-02
   1.4305673e-02
   9.0238312e-03
   7.6675531e-03
   1.3757259e-02
   1.8364143e-02
   1.6080454e-02
   1.3958784e-02
   1.5317480e-02
   1.8598252e-02
   1.9114617e-02
   1.2338675e-02
   3.6548981e-03
  -1.0444948e-02
  -1.2086244e-02
  -1.6930532e-02
  -0.0000000e+00
   0.0000000e+00
   0.0000000e+00
   0.0000000e+00
   0.0000000e+00
   0.0000000e+00
   0.0000000e+00
   0.0000000e+00
   0.0000000e+00
   0.0000000e+00
   0.0000000e+00
   0.0000000e+00
   0.0000000e+00
   3.5553776e-02
   1.1791906e-02
  -1.7811293e-03
  -8.2833134e-03
  -1.5701314e-02
  -1.1685269e-02
  -1.5972836e-02
  -1.3597828e-02
  -8.5291499e-03
  -8.0808075e-03
  -1.6345760e-03
   1.3505289e-02
   2.0746207e-02
   1.8360628e-02
   2.0988679e-02
   2.1655709e-02
   1.7198225e-02
   1.0033833e-02
   2.8942480e-03
  -4.9843386e-03
  -2.6795043e-02
  -2.8061701e-02
  -3.2018293e-02
  -3.3256518e-02
   0.0000000e+00
   0.0000000e+00
   0.0000000e+00
   0.0000000e+00
   0.0000000e+00
   0.0000000e+00
   0.0000000e+00
   0.0000000e+00
   0.0000000e+00
  -0.0000000e+00
   0.0000000e+00
   0.0000000e+00
   2.1723878e-02
  -1.0369384e-02
  -1.7448090e-02
  -3.0013764e-02
  -3.8653053e-02
  -3.6258634e-02
  -3.4265514e-02
  -2.8372688e-02
  -2.2496421e-02
  -1.4440285e-02
  -2.5204001e-03
   6.9381185e-03
   9.0853292e-03
   1.3771684e-02
   1.7783195e-02
   1.3200802e-02
   7.5911004e-03
  -8.1631979e-03
  -1.7835920e-02
  -1.8234100e-02
  -3.8551845e-02
  -3.4269661e-02
  -4.1670986e-02
  -3.7816774e-02
   0.0000000e+00
   0.0000000e+00
   0.0000000e+00
   0.0000000e+00
   0.0000000e+00
   0.0000000e+00
   0.0000000e+00
   0.0000000e+00
   0.0000000e+00
   0.0000000e+00
   0.0000000e+00
   0.0000000e+00
  -2.1071849e-02
  -1.3152295e-02
  -1.1877614e-02
  -4.4161730e-02
  -4.9663316e-02
  -5.2024439e-02
  -3.7387602e-02
  -2.3754774e-02
  -1.6946912e-02
  -8.6453175e-03
  -6.7626704e-03
  -8.5369206e-04
   4.8648729e-03
   1.3607187e-02
   8.5634878e-03
  -5.0974649e-04
  -2.5891846e-03
  -2.0289132e-02
  -3.1970356e-02
  -3.6797658e-02
  -3.8251206e-02
  -3.1274404e-02
  -3.9753508e-02
  -3.4441661e-02
   0.0000000e+00
   0.0000000e+00
   0.0000000e+00
   0.0000000e+00
   0.0000000e+00
   0.0000000e+00
   0.0000000e+00
   0.0000000e+00
   0.0000000e+00
   0.0000000e+00
   0.0000000e+00
  -0.0000000e+00
  -4.8421104e-02
  -3.9305514e-03
  -1.9783171e-03
  -4.9205784e-02
  -3.9351773e-02
  -4.6666518e-02
  -3.1462722e-02
  -2.1920064e-02
  -1.0479579e-02
  -5.2547920e-03
  -1.0819666e-02
   9.3850465e-03
   1.5807023e-02
   1.1036553e-02
   9.4669370e-04
  -1.2725579e-02
  -1.9987117e-02
  -3.0183582e-02
  -3.2456607e-02
  -4.2234834e-02
  -2.9677799e-02
  -2.3209805e-02
  -3.0890901e-02
  -2.6890683e-02
  -1.6759840e-02
   0.0000000e+00
   0.0000000e+00
   0.0000000e+00
   0.0000000e+00
   0.0000000e+00
   0.0000000e+00
   0.0000000e+00
   0.0000000e+00
   0.0000000e+00
   0.0000000e+00
  -2.2413239e-02
  -4.7507577e-02
  -4.6564684e-03
  -1.5949567e-02
  -4.5488719e-02
  -3.3838920e-02
  -3.4857012e-02
  -1.9588752e-02
  -1.7389160e-02
  -4.4786851e-03
  -1.2969607e-03
  -5.2399109e-03
   2.4028085e-02
   2.1036077e-02
   6.3366885e-04
  -5.7123960e-03
  -2.1918613e-02
  -2.9543705e-02
  -3.6068037e-02
  -3.1237898e-02
  -3.1769231e-02
  -1.5544910e-02
  -1.3550209e-02
  -1.9535059e-02
  -1.7221775e-02
  -7.3970893e-03
  -0.0000000e+00
   0.0000000e+00
   0.0000000e+00
   0.0000000e+00
   0.0000000e+00
   0.0000000e+00
   0.0000000e+00
   0.0000000e+00
   0.0000000e+00
  -3.9393693e-03
  -1.3624081e-02
  -2.1080561e-02
  -1.0137907e-02
  -2.0934166e-02
  -3.5339512e-02
  -3.0962095e-02
  -2.5868243e-02
  -7.3924125e-03
  -1.3135886e-03
   8.2107633e-03
   1.4676298e-02
   1.0128095e-02
   2.3745224e-02
   1.0131427e-02
  -9.4346637e-03
  -8.9623248e-03
  -1.7713647e-02
  -1.9918351e-02
  -2.5706684e-02
  -2.3471858e-02
  -1.6359149e-02
  -2.2434788e-03
  -5.3899297e-03
  -7.2661885e-03
  -3.7947805e-03
   3.6041779e-03
   1.0129481e-02
   0.0000000e+00
   0.0000000e+00
   0.0000000e+00
   0.0000000e+00
   0.0000000e+00
   0.0000000e+00
  -0.0000000e+00
  -2.1603142e-03
   2.1365284e-03
   1.6500511e-03
   2.0265331e-03
  -2.8273175e-03
  -1.2786741e-02
  -2.0243850e-02
  -1.9774521e-02
  -1.4683270e-02
   3.3423074e-03
   1.7972397e-02
   2.8561268e-02
   4.2559084e-02
   1.6776504e-02
   5.5465982e-04
  -2.5134868e-03
  -6.8272180e-03
  -1.1609707e-03
  -4.0355525e-04
  -3.2705786e-03
  -4.1387710e-03
  -7.6138005e-03
  -3.7409521e-03
   4.7351965e-03
   1.7132265e-03
   4.7383672e-03
   4.4870763e-03
   1.2218185e-02
   1.8776487e-02
   0.0000000e+00
   0.0000000e+00
   0.0000000e+00
   0.0000000e+00
   0.0000000e+00
   0.0000000e+00
   1.1480425e-03
   9.8554483e-03
   1.6136417e-02
   1.7052989e-02
   1.5893807e-02
   7.6676323e-03
   8.1658422e-04
  -6.1840080e-03
  -4.6243458e-03
   9.4244519e-04
   1.5356346e-02
   3.3590853e-02
   4.9421582e-02
   4.8579704e-02
   5.3515462e-03
  -1.2597272e-02
  -1.1333692e-03
   4.5343807e-03
   0.0000000e+00
   0.0000000e+00
   8.3164537e-03
   1.2436324e-02
   4.3035522e-03
   8.0607776e-03
   8.9799948e-03
   9.3048681e-03
   1.1628633e-02
   7.7856043e-03
   1.7461658e-02
   2.2990045e-02
   2.5583601e-02
   0.0000000e+00
   0.0000000e+00
   0.0000000e+00
   0.0000000e+00
   0.0000000e+00
   1.1712271e-02
   2.2669731e-02
   2.7401011e-02
   2.9115267e-02
   2.4290282e-02
   1.6143471e-02
   1.2131735e-02
   6.4490526e-03
   9.8086577e-03
   1.6817147e-02
   2.8429063e-02
   4.5147348e-02
   5.4158919e-02
   0.0000000e+00
   0.0000000e+00
   6.3110288e-04
   1.0302846e-02
   9.5786332e-03
   0.0000000e+00
   0.0000000e+00
   1.6869962e-02
   2.0914344e-02
   9.9412957e-03
   1.6569216e-02
   1.3898966e-02
   1.4516120e-02
   1.3039618e-02
   1.0888426e-02
   2.0007400e-02
   2.5176076e-02
   2.9427817e-02
   0.0000000e+00
   0.0000000e+00
   0.0000000e+00
   0.0000000e+00
   0.0000000e+00
   2.1881841e-02
   3.1294364e-02
   3.4539789e-02
   3.6123484e-02
   2.8467685e-02
   2.2252081e-02
   1.9888811e-02
   1.7208550e-02
   2.1228507e-02
   2.8745908e-02
   3.8756877e-02
   5.1154990e-02
   4.9755126e-02
   0.0000000e+00
   0.0000000e+00
   0.0000000e+00
   0.0000000e+00
   0.0000000e+00
   0.0000000e+00
   0.0000000e+00
   0.0000000e+00
   2.4196111e-02
   1.3174514e-02
   2.0260012e-02
   2.0610973e-02
   1.5603983e-02
   9.4258403e-03
   1.6251475e-02
   2.0653727e-02
   2.6787248e-02
   3.2289535e-02
   0.0000000e+00
   0.0000000e+00
   0.0000000e+00
   0.0000000e+00
   0.0000000e+00
   2.7542469e-02
   3.3979502e-02
   3.8068738e-02
   3.7260283e-02
   2.8310291e-02
   2.6461968e-02
   2.4068361e-02
   2.6361493e-02
   2.9628839e-02
   3.6123678e-02
   4.4963855e-02
   5.0709493e-02
   3.7305981e-02
  -6.5570078e-03
  -0.0000000e+00
   0.0000000e+00
   0.0000000e+00
   0.0000000e+00
   0.0000000e+00
   0.0000000e+00
   0.0000000e+00
   2.3916239e-02
   1.6176069e-02
   1.8683644e-02
   2.1657113e-02
   7.4517769e-03
   6.9222734e-03
   2.1316234e-02
   2.1074183e-02
   2.7535949e-02
   3.1553514e-02
   1.9789729e-02
   0.0000000e+00
   0.0000000e+00
   0.0000000e+00
   0.0000000e+00
   2.5769819e-02
   2.7239688e-02
   3.2735936e-02
   2.6247673e-02
   2.2868173e-02
   2.3683688e-02
   2.0615177e-02
   2.7904199e-02
   2.8385708e-02
   3.4886412e-02
   3.8954057e-02
   4.0174395e-02
   2.5253879e-02
  -1.3947792e-03
   7.7927434e-03
   0.0000000e+00
   0.0000000e+00
   0.0000000e+00
   5.8944811e-03
   1.5982631e-02
   1.6418906e-02
   2.1934621e-02
   1.8040879e-02
   1.2853293e-02
   1.3429726e-02
   8.7636424e-04
   1.0813678e-02
   1.8691064e-02
   2.2283335e-02
   2.6062876e-02
   2.5775693e-02
   1.9258753e-02
   0.0000000e+00
   0.0000000e+00
   0.0000000e+00
   1.7494397e-02
   2.1770474e-02
   1.9781046e-02
   2.4127970e-02
   1.6988754e-02
   1.8881306e-02
   1.8144669e-02
   1.6893979e-02
   2.3429399e-02
   2.3463244e-02
   3.2753311e-02
   2.9918868e-02
   2.9591134e-02
   1.9766899e-02
   1.1094549e-02
   1.8968441e-02
   0.0000000e+00
   0.0000000e+00
  -0.0000000e+00
  -4.1184850e-04
   1.9005325e-02
   1.0937228e-02
   1.6116770e-02
   1.3729956e-02
   1.0376556e-02
   6.8847346e-03
   1.3951689e-03
   1.3785200e-02
   1.5128924e-02
   0.0000000e+00
   2.2542602e-02
   1.9705594e-02
   1.6653519e-02
   0.0000000e+00
   0.0000000e+00
   0.0000000e+00
   1.1505841e-02
   1.9043246e-02
   1.6086597e-02
   1.8202096e-02
   1.2667683e-02
   1.6307274e-02
   1.4293502e-02
   1.4835190e-02
   1.9501977e-02
   2.0458814e-02
   2.9958203e-02
   2.4381699e-02
   2.3270082e-02
   1.7602237e-02
   1.9967244e-02
   1.5431366e-02
  -0.0000000e+00
  -0.0000000e+00
  -0.0000000e+00
   1.6644667e-03
   1.7102178e-02
   6.8915132e-03
   1.0823363e-02
   8.3717220e-03
   8.3471341e-03
   1.0301844e-03
   1.0589976e-02
   1.4291561e-02
   9.3201529e-03
   0.0000000e+00
   0.0000000e+00
   1.1292048e-02
   1.2028763e-02
   0.0000000e+00
   0.0000000e+00
   0.0000000e+00
   9.7676013e-03
   1.6208760e-02
   1.5086577e-02
   1.3418627e-02
   1.2409147e-02
   1.3505002e-02
   1.1469202e-02
   1.3619327e-02
   1.5252554e-02
   1.8976038e-02
   2.3743084e-02
   2.1015799e-02
   1.9502332e-02
   1.7344902e-02
   2.0243124e-02
   7.1415505e-03
  -0.0000000e+00
  -0.0000000e+00
  -0.0000000e+00
   5.9348924e-03
   9.7031640e-03
   1.7403421e-03
   3.5750780e-03
  -7.2999967e-05
   4.1039740e-03
   1.3914509e-04
   1.9745372e-02
   3.3774800e-03
   2.8180112e-03
   1.0458272e-02
   0.0000000e+00
   1.8623485e-03
   1.2934451e-03
   0.0000000e+00
   0.0000000e+00
   0.0000000e+00
   1.2806044e-02
   1.3961837e-02
   1.5558382e-02
   1.3046661e-02
   1.4964100e-02
   9.8316232e-03
   1.1648546e-02
   1.2773615e-02
   1.3003220e-02
   2.0683598e-02
   1.4208644e-02
   2.1472950e-02
   1.8523585e-02
   1.0927071e-02
   6.1002878e-03
  -7.8006182e-03
   0.0000000e+00
   0.0000000e+00
   0.0000000e+00
   1.1009282e-02
   2.9507331e-03
  -3.5528874e-03
  -1.3571049e-03
  -5.7347007e-03
  -7.1981386e-03
  -2.8677876e-03
   1.5443283e-02
  -2.1722475e-04
  -2.0035114e-03
   5.8576925e-03
   0.0000000e+00
  -5.8651743e-03
  -6.6414093e-03
   0.0000000e+00
   0.0000000e+00
   0.0000000e+00
   1.2602909e-02
   1.0893818e-02
   1.4150756e-02
   1.1614051e-02
   1.4437637e-02
   8.3946800e-03
   1.1082111e-02
   1.1706161e-02
   1.1096623e-02
   1.8872935e-02
   9.7167073e-03
   1.8338740e-02
   1.4370218e-02
   6.8247472e-03
   1.4279805e-03
  -1.3438286e-02
   1.6437361e-02
  -1.1915985e-03
   7.9853156e-03
   1.3104193e-02
  -8.9443784e-04
  -4.0730205e-03
  -2.8201758e-03
  -7.4292542e-03
  -8.9940112e-03
  -5.7138209e-03
   0.0000000e+00
  -2.5393378e-03
  -5.0583980e-03
   1.6666296e-03
   0.0000000e+00
  -1.4979596e-02
  -1.3880274e-02
   0.0000000e+00
   0.0000000e+00
   3.1029842e-04
   1.0047891e-02
   8.7237809e-03
   1.2540122e-02
   1.0121784e-02
   1.4051296e-02
   8.4106531e-03
   1.1927819e-02
   1.2259716e-02
   1.1690292e-02
   1.7761528e-02
   8.0369376e-03
   1.5589477e-02
   7.2603063e-03
   2.7540042e-03
  -1.3747360e-03
  -1.8407979e-02
   6.9697641e-03
  -7.8984532e-03
  -8.6742873e-03
   1.1002694e-02
  -5.0076530e-03
  -4.5758612e-03
  -5.3971182e-03
  -9.6639404e-03
  -7.7215489e-03
  -1.1268947e-02
  -0.0000000e+00
  -3.1957844e-04
  -1.0187307e-02
  -3.5540052e-03
   0.0000000e+00
  -2.7489426e-02
  -1.8139526e-02
   0.0000000e+00
   0.0000000e+00
  -6.0109438e-03
  -1.3500984e-03
   1.7885444e-03
   5.4638460e-03
   2.6141431e-03
   6.6468958e-03
   6.4591258e-03
   7.4276044e-03
   8.9181848e-03
   8.2127871e-03
   9.3347440e-03
   6.2503689e-03
   3.6581117e-03
  -5.6161811e-03
  -3.0767641e-03
   8.3233445e-04
  -5.9159319e-03
  -1.4616514e-02
  -2.0299302e-02
  -7.8232475e-03
   2.5744684e-04
  -7.7839955e-03
  -3.6190953e-03
  -6.9223517e-03
  -1.0622944e-02
   5.3033605e-04
  -3.1878552e-03
  -2.4758154e-02
  -9.6981730e-03
  -9.8695979e-03
  -6.7909537e-03
   0.0000000e+00
  -2.1380297e-02
  -2.0551346e-02
  -0.0000000e+00
  -2.2275347e-02
  -1.5245367e-02
  -1.0136571e-02
  -9.2961360e-03
  -4.5299353e-03
  -4.4117412e-03
  -2.6066448e-03
   1.5495712e-04
   8.6825649e-04
   2.1471290e-03
   2.6105593e-03
   1.6151883e-03
   4.5002720e-04
  -6.7511150e-03
  -1.2772346e-02
  -1.2491588e-02
  -1.0096512e-02
  -7.6689533e-03
  -2.1441999e-02
  -2.0147845e-02
  -1.0963297e-02
  -1.1578765e-02
  -8.7086130e-03
  -5.8105313e-03
  -6.2606875e-03
  -1.1301047e-02
  -1.1181566e-03
   3.3775393e-03
  -2.3100125e-02
  -1.9249814e-02
  -1.1709305e-02
  -9.2472555e-03
   0.0000000e+00
  -2.1798943e-02
  -2.2597982e-02
  -0.0000000e+00
  -2.4186898e-02
  -2.1513279e-02
  -1.4998887e-02
  -1.6539341e-02
  -1.2669088e-02
  -9.9712601e-03
  -9.5851887e-03
  -7.0750732e-03
  -5.8580297e-03
  -5.2947239e-03
  -3.0319341e-03
  -4.1442504e-03
  -4.8737205e-03
  -1.1265694e-02
  -1.5904510e-02
  -1.9648965e-02
  -2.5314951e-02
  -1.4549250e-02
  -1.7869247e-02
  -1.4893767e-02
  -1.4761530e-02
  -1.9577844e-02
  -1.0924801e-02
  -7.6358864e-03
  -5.7514142e-03
  -1.3345005e-02
  -7.1935956e-03
   9.8555085e-03
  -0.0000000e+00
  -2.9713938e-02
  -1.7072609e-02
  -1.2182425e-02
   3.6027452e-03
  -1.9474033e-02
  -2.4766589e-02
   0.0000000e+00
  -0.0000000e+00
  -2.6564826e-02
  -1.9080653e-02
  -2.2793170e-02
  -2.1341052e-02
  -1.6326860e-02
  -1.6574940e-02
  -1.6676527e-02
  -1.4499186e-02
  -1.5156698e-02
  -1.0381553e-02
  -1.0276560e-02
  -1.1141004e-02
  -1.2902297e-02
  -1.7524047e-02
  -2.6417522e-02
  -4.6415210e-02
  -2.7762195e-02
  -4.8017227e-03
  -5.4237228e-03
  -2.0282967e-02
  -2.6675100e-02
  -1.5820976e-02
  -1.0080889e-02
  -0.0000000e+00
  -1.7710065e-02
  -1.7150145e-02
   5.5607999e-03
  -0.0000000e+00
  -2.3557339e-02
  -2.6734751e-02
  -1.6096873e-02
   1.3746009e-03
  -1.7532842e-02
  -2.3739023e-02
  -0.0000000e+00
  -0.0000000e+00
  -2.3925035e-02
  -2.0979648e-02
  -2.0670403e-02
  -2.3924084e-02
  -2.1164866e-02
  -1.7923893e-02
  -2.0837920e-02
  -1.9490967e-02
  -2.0416973e-02
  -1.5307348e-02
  -1.3165419e-02
  -1.1259587e-02
  -1.1068679e-02
  -1.8305311e-02
  -2.4016071e-02
  -5.2228559e-02
  -3.8743921e-02
   4.3935835e-04
   7.5639441e-04
  -1.8028675e-02
  -2.6157157e-02
  -2.3683351e-02
  -1.1998141e-02
  -0.0000000e+00
  -1.9286679e-02
  -1.9331887e-02
  -8.4391183e-04
   5.5719763e-04
  -1.2284874e-02
  -2.8350076e-02
  -1.8536879e-02
  -1.3829006e-03
  -1.6008634e-02
  -2.2850903e-02
  -7.7499265e-03
  -7.8473762e-03
  -1.8036351e-02
  -1.9609680e-02
  -1.5003199e-02
  -1.9958934e-02
  -2.1526691e-02
  -1.6069749e-02
  -1.7212229e-02
  -1.8223342e-02
  -1.9894481e-02
  -1.8235980e-02
  -1.3834247e-02
  -1.0282363e-02
  -1.0329988e-02
  -1.4684175e-02
  -1.6378060e-02
  -3.6003575e-02
  -3.5200913e-02
  -5.9076217e-03
  -0.0000000e+00
  -1.2093001e-02
  -1.9398995e-02
  -2.5275718e-02
  -1.7420872e-02
   0.0000000e+00
  -0.0000000e+00
  -1.5019773e-02
  -3.7512847e-03
   2.5074091e-03
  -4.1573439e-03
  -2.2758314e-02
  -1.7723955e-02
  -2.8202666e-03
  -1.1405953e-02
  -2.0234531e-02
  -8.7218218e-03
  -1.9147593e-03
  -1.1073603e-02
  -1.4493396e-02
  -9.1381930e-03
  -1.2933493e-02
  -1.6667955e-02
  -1.2389203e-02
  -1.1027534e-02
  -1.2742859e-02
  -1.5844218e-02
  -1.7048432e-02
  -1.2172028e-02
  -8.7059420e-03
  -8.0733094e-03
  -8.0619520e-03
  -8.4768487e-03
  -2.1083642e-02
  -2.7758380e-02
  -1.3089539e-02
  -0.0000000e+00
  -6.4268545e-03
  -1.1927675e-02
  -2.0448362e-02
  -1.6100563e-02
   0.0000000e+00
  -9.8438210e-03
  -1.0274269e-02
  -2.2837138e-03
   3.6140517e-03
   2.2313735e-03
  -1.1105622e-02
  -1.2272943e-02
  -2.3435897e-03
  -3.1135736e-03
  -1.3105562e-02
  -7.9511739e-03
   2.4903307e-04
  -4.3505350e-03
  -6.0374369e-03
  -2.1384098e-03
  -3.1039128e-03
  -6.7787007e-03
  -5.9213662e-03
  -2.4966262e-03
  -3.6590698e-03
  -7.7255908e-03
  -1.0693396e-02
  -7.4278037e-03
  -4.6505276e-03
  -2.5780604e-03
   1.5938940e-03
  -1.1242984e-05
  -9.9955592e-03
  -1.8632641e-02
  -1.6646661e-02
  -7.2610247e-03
  -4.7392571e-04
  -3.7261660e-03
  -1.0010122e-02
  -6.1960975e-03
   5.0192193e-04
  -3.9546062e-03
  -4.2184778e-03
   7.5285141e-03
   1.0320088e-02
   9.5127998e-03
   3.8368290e-03
   1.7311639e-04
   3.6841922e-03
   9.2717744e-03
   3.3185587e-03
   6.8215089e-04
   4.5107691e-03
   2.6530812e-03
   4.4890279e-03
   7.7541438e-03
   8.4664756e-03
   6.7082318e-03
   4.6373424e-03
   7.5960248e-03
   7.4577359e-03
   5.1818332e-03
   2.5627220e-03
   2.4368258e-03
   5.7370896e-03
   8.0650067e-03
   1.1785482e-02
   7.8123761e-03
  -4.9645053e-03
  -1.1057965e-02
  -8.4684528e-03
   9.2174791e-04
   4.0853140e-03
   4.7855298e-03
   4.2758291e-03
   5.8600184e-04
  -1.2512880e-03
  -3.0516795e-04
   5.7329275e-03
   1.9662805e-02
   1.9292416e-02
   2.0192921e-02
   1.7515184e-02
   1.4165974e-02
   1.5847141e-02
   2.1600325e-02
   2.2097619e-02
   1.5298950e-02
   1.3683805e-02
   9.6500721e-03
   1.1174367e-02
   1.8864755e-02
   2.0482114e-02
   1.9607168e-02
   1.6017789e-02
   1.6472388e-02
   1.8574936e-02
   1.8670358e-02
   1.8134689e-02
   1.7508918e-02
   2.0117400e-02
   1.7625453e-02
   1.6649935e-02
   1.3597015e-02
   2.6759522e-03
  -2.6142013e-03
   4.3796618e-03
   1.6722748e-02
   1.2159215e-02
   1.7393142e-02
   2.3129802e-02
   3.3736959e-03
  -4.8080583e-03
   5.5360899e-03
   1.5531516e-02
   2.4415642e-02
   2.2550190e-02
   2.5262937e-02
   2.7272364e-02
   2.4083819e-02
   2.7383795e-02
   2.9302709e-02
   3.3136934e-02
   2.7858453e-02
   2.7484689e-02
   2.1317355e-02
   1.4496962e-02
   2.2779983e-02
   2.7642073e-02
   3.1773161e-02
   2.4120292e-02
   2.1135367e-02
   3.0262845e-02
   2.8096031e-02
   2.8292641e-02
   3.0269684e-02
   2.7681006e-02
   2.1513956e-02
   1.8835632e-02
   1.7217867e-02
   1.7152756e-02
   1.4746041e-02
   9.5438929e-03
   2.2065304e-02
   1.9100111e-02
   2.8909545e-02
   4.0409654e-02
   7.8206533e-04
  -2.3892007e-03
   1.6726242e-02
   1.6128676e-02
   1.9511057e-02
   1.8064978e-02
   1.8631751e-02
   2.2469113e-02
   2.5902295e-02
   2.9812843e-02
   2.4113767e-02
   2.9905593e-02
   2.8789157e-02
   3.2963198e-02
   3.3834878e-02
   1.7886633e-02
   1.8273257e-02
   2.6706573e-02
   3.8771518e-02
   3.0160116e-02
   2.2488277e-02
   3.5683855e-02
   3.1557884e-02
   2.8943410e-02
   2.9615680e-02
   2.5552608e-02
   2.3300873e-02
   2.0978311e-02
   1.7620005e-02
   2.2945540e-02
   2.6385289e-02
   9.8398747e-03
   1.3538191e-02
   1.9491583e-02
   2.7233995e-02
   3.9574325e-02
   9.0118842e-03
   6.2174504e-03
   2.0876925e-02
   1.2752471e-02
   9.2313755e-03
   8.3457911e-03
   5.9017492e-03
   4.4205282e-03
   1.5384791e-02
   1.7628366e-02
   8.2581006e-03
   2.0528868e-02
   2.2404704e-02
   2.3722222e-02
   3.2146342e-02
   1.8507246e-02
   1.2185063e-02
   1.8431973e-02
   3.2459781e-02
   3.1936951e-02
   1.8881982e-02
   2.4822008e-02
   2.5000103e-02
   2.0844787e-02
   1.9586125e-02
   2.0872654e-02
   2.2761082e-02
   1.6772037e-02
   1.2167176e-02
   1.1538537e-02
   1.4192622e-02
   8.3729830e-03
   7.3512658e-03
   1.5047461e-02
   1.6946711e-02
   2.4066975e-02
   1.9250559e-02
   1.0661867e-02
   1.2572955e-02
   1.0521937e-02
  -2.9683886e-03
  -4.8336750e-03
  -5.7545626e-03
  -1.0554871e-02
  -4.9903612e-03
  -7.3222960e-03
  -1.3011074e-02
   4.4067409e-03
   9.1077127e-03
   3.1655631e-03
   1.0336075e-02
   1.0340364e-02
   7.2547053e-03
   5.5830013e-03
   1.1264703e-02
   1.7766789e-02
   7.4573406e-03
   3.2199514e-03
   8.0971820e-03
   8.5843457e-03
   9.3289576e-03
   1.1135234e-02
   8.9914324e-03
   2.6010340e-03
   1.0241956e-03
  -5.5341888e-03
  -8.6171906e-03
  -4.5131793e-04
   1.7287689e-03
   6.2400349e-03
   8.9892866e-03
   9.0487199e-03
   9.9877799e-03
   3.2777404e-03
   1.7541546e-03
   4.3959194e-03
  -1.1891562e-02
  -1.4044116e-02
  -1.3545854e-02
  -1.5568936e-02
  -1.8576261e-02
  -2.4832275e-02
  -2.7870128e-02
  -1.5868682e-02
  -8.0347508e-03
  -1.1483408e-02
  -8.2925381e-03
  -7.6668119e-05
   3.7291972e-03
   2.2172777e-03
   4.1854105e-04
   2.7075177e-03
  -2.0055869e-03
  -6.8800631e-03
  -4.9395114e-03
  -3.2762939e-03
  -3.1411452e-03
  -4.0389667e-03
  -5.4980060e-03
  -5.4628644e-03
  -4.8571476e-03
  -9.0541663e-03
  -1.2442125e-02
  -9.1792317e-03
  -1.0092784e-02
  -7.1902666e-03
   5.1663595e-04
   1.0346703e-03
  -6.8369880e-04
   4.3355129e-05
  -7.3869678e-04
  -5.4063555e-03
  -8.7376209e-03
  -1.1958601e-02
  -1.3733507e-02
  -1.5927365e-02
  -2.0502824e-02
  -2.5944326e-02
  -2.8286867e-02
  -2.5297657e-02
  -2.0610474e-02
  -1.8078927e-02
  -1.4009582e-02
  -5.8025112e-03
   1.7757019e-03
   6.4719119e-03
   6.9219451e-03
   4.9401787e-03
   4.6237670e-05
  -5.4721576e-03
  -8.5386019e-03
  -9.9264728e-03
  -1.0273722e-02
  -9.1895089e-03
  -6.7780460e-03
  -4.9930718e-03
  -5.4188031e-03
  -5.7966709e-03
  -4.2147436e-03
  -2.9430299e-03
  -5.0909603e-03
  -7.0515899e-03
  -5.7738144e-03
  -4.2617586e-03
  -2.4017028e-03
   5.2985246e-04
   3.7224602e-04
  -4.1194386e-03
