   2.7722374e-01
   5.1372112e-02
  -2.4006633e-01
  -5.6002784e-01
  -8.9438320e-01
  -1.0363516e+00
  -8.4943128e-01
  -3.4339477e-01
   2.7776366e-01
   8.3974582e-01
   1.4473050e+00
   1.9890894e+00
   2.2967095e+00
   2.3345747e+00
   2.1242297e+00
   1.8403126e+00
   1.4764001e+00
   1.0370505e+00
   6.3297582e-01
   3.2414570e-01
   2.5092080e-01
   4.0962505e-01
   7.4564579e-01
   1.0451683e+00
   1.1019909e+00
   9.7161419e-01
   9.2783290e-01
   1.0500001e+00
   1.0935874e+00
   8.9381081e-01
   6.8064147e-01
   6.3254832e-01
   7.3154330e-01
   7.8495085e-01
   6.8267129e-01
   4.7246593e-01
  -5.7000041e-01
  -7.3880357e-01
  -8.3537567e-01
  -8.3142549e-01
  -1.0642849e+00
  -1.3819625e+00
  -8.3033240e-01
   3.3906746e-01
   1.0106113e+00
   1.2308612e+00
   1.8011559e+00
   2.5750537e+00
   2.7479486e+00
   2.3619795e+00
   2.1250138e+00
   2.5299602e+00
   2.7089601e+00
   1.8388422e+00
   1.0046588e+00
   5.3600043e-01
   2.8911728e-01
   1.6986784e-01
   1.4834403e-01
   3.9974064e-01
   4.2300457e-01
  -9.3140073e-02
  -1.0151964e-01
   7.9021281e-01
   1.3678131e+00
   1.1182368e+00
   1.0989007e+00
   1.3303145e+00
   1.3816552e+00
   1.1631019e+00
   5.6614149e-01
  -1.4906672e-01
  -1.5181042e+00
  -1.6498992e+00
  -1.8771412e+00
  -1.7861785e+00
  -1.5085976e+00
  -1.9255805e+00
  -1.2389547e+00
   3.0619338e-01
   7.7126640e-01
   8.3568817e-01
   1.5358011e+00
   1.7959354e+00
   8.9253324e-01
  -7.3332325e-02
   3.6984026e-01
   1.9061654e+00
   1.8790694e+00
   7.7860594e-02
  -6.3554335e-01
  -1.0878574e+00
  -1.4471761e+00
  -1.4658593e+00
  -1.6993979e+00
  -1.5960693e+00
  -1.3409737e+00
  -1.1152456e+00
  -4.3923593e-01
   4.7080132e-01
   7.5518537e-01
   8.7200767e-01
   1.3190368e+00
   1.2339028e+00
   7.4606782e-01
  -2.3072913e-02
  -6.2941372e-01
  -9.6703303e-01
  -2.1694322e+00
  -2.0914829e+00
  -2.4805858e+00
  -2.5243467e+00
  -1.8009274e+00
  -1.8414099e+00
  -1.3693151e+00
   9.9829420e-02
   4.9192303e-01
   7.1352818e-01
   1.2148077e+00
  -5.1158667e-02
  -1.7226052e+00
  -2.1094673e+00
  -4.5528090e-01
   8.8397519e-01
  -3.4460545e-01
  -1.1995534e+00
  -1.3077237e+00
  -2.3155825e+00
  -2.6965680e+00
  -2.6537424e+00
  -2.2635956e+00
  -1.7685232e+00
  -1.5074812e+00
  -1.0692068e+00
  -6.7077547e-01
  -2.9698077e-01
   2.3236094e-02
   7.7190292e-01
   9.7090661e-01
   4.8369762e-01
   1.7687503e-01
  -8.4634064e-01
  -1.5651079e+00
  -1.7662683e+00
  -2.3470211e+00
  -2.1403520e+00
  -2.6580560e+00
  -2.6311131e+00
  -1.9705687e+00
  -1.4859273e+00
  -1.1682022e+00
  -1.4932435e-02
   4.0031779e-01
   5.7057375e-01
   3.7339455e-01
  -2.1162727e+00
  -3.4191461e+00
  -2.5951238e+00
  -3.4352395e-01
  -4.0166724e-01
  -2.4433625e+00
  -1.1294022e+00
  -1.3058752e+00
  -2.8488712e+00
  -2.6838293e+00
  -2.9617970e+00
  -2.2170184e+00
  -1.5774775e+00
  -9.8230124e-01
  -5.4945105e-01
  -9.8480833e-01
  -3.5966992e-01
   3.1552166e-01
   7.7491546e-01
   4.0957457e-01
  -3.1223366e-01
  -6.3461542e-01
  -1.4307497e+00
  -1.9014386e+00
  -2.3799844e+00
  -1.9883096e+00
  -1.7599163e+00
  -2.3561161e+00
  -2.3083787e+00
  -1.7659804e+00
  -9.2379290e-01
  -4.8545039e-01
   2.1230704e-01
   4.7377789e-01
   3.3794785e-01
  -6.4841825e-01
  -3.1862850e+00
  -3.5546384e+00
  -2.0646634e+00
  -3.3925325e-01
  -1.3437235e+00
  -3.0341561e+00
  -8.0608892e-01
  -1.4072994e+00
  -2.8881912e+00
  -2.2750320e+00
  -2.5168924e+00
  -1.7196802e+00
  -1.5105991e+00
  -6.4939195e-01
  -7.8239553e-02
  -5.4057592e-01
   7.6315463e-01
   7.9949576e-01
   2.6087767e-01
  -1.6288775e-01
  -1.0302855e+00
  -1.4228024e+00
  -1.8881879e+00
  -1.8480062e+00
  -2.1656375e+00
  -1.2987264e+00
  -1.1784216e+00
  -1.7310798e+00
  -1.7149245e+00
  -1.0566275e+00
  -1.5914278e-02
   5.7568502e-01
   7.8634277e-01
   7.9360447e-01
   3.3614624e-01
  -1.0435857e+00
  -2.9128803e+00
  -2.7706928e+00
  -1.4128348e+00
  -5.5976886e-01
  -1.3622171e+00
  -2.1786790e+00
  -7.6248333e-01
  -1.4914594e+00
  -2.5926027e+00
  -2.1273916e+00
  -1.9459951e+00
  -8.4069969e-01
  -7.1983125e-01
  -6.9165118e-03
   7.9226145e-01
   6.4349140e-01
   1.4153361e+00
   3.2316332e-01
  -5.5543823e-01
  -5.3276181e-01
  -1.2427432e+00
  -1.3391790e+00
  -1.6509167e+00
  -1.5257029e+00
  -1.3619845e+00
  -5.3188026e-01
  -6.9906825e-01
  -9.8310184e-01
  -8.9307314e-01
  -1.3002993e-01
   1.0366266e+00
   1.5959947e+00
   1.4870267e+00
   1.3933898e+00
   7.3777425e-01
  -6.7199993e-01
  -1.9357570e+00
  -1.8769753e+00
  -8.6532611e-01
  -4.0252450e-01
  -6.1676466e-01
  -8.3703548e-01
  -5.8642486e-01
  -1.2648411e+00
  -2.0894458e+00
  -1.8918577e+00
  -1.4110436e+00
   1.2756678e-01
   8.6601036e-01
   1.4349025e+00
   2.3816195e+00
   1.4470335e+00
   4.3921915e-01
  -6.6167557e-01
  -9.4538039e-01
  -3.1183058e-01
  -5.7974637e-01
  -5.6015614e-01
  -6.3365680e-01
  -8.5651624e-01
  -5.5079666e-01
   9.7257502e-02
  -3.2022953e-01
  -1.7436714e-01
  -1.2068550e-01
   7.2926551e-01
   1.8850820e+00
   2.2864017e+00
   2.1539886e+00
   2.0310414e+00
   1.3374985e+00
  -1.0767903e-02
  -9.6568692e-01
  -1.0618668e+00
  -2.0325524e-01
   2.9329658e-01
   4.3184632e-01
   3.7849787e-01
  -8.8065490e-02
  -6.9241458e-01
  -1.3937738e+00
  -1.2226861e+00
  -6.2133735e-01
   1.0584283e+00
   2.5768852e+00
   3.2906535e+00
   3.8141484e+00
   1.1541069e+00
  -1.0964197e+00
  -1.1234559e+00
  -6.4381802e-01
   6.0954493e-01
   5.1654959e-01
   3.3305204e-01
   6.4438868e-01
  -2.6072569e-02
   2.0763424e-01
   5.1314831e-01
   9.8781899e-02
   6.2994772e-01
   3.5456672e-01
   1.4105216e+00
   2.3587093e+00
   2.6291792e+00
   2.7152941e+00
   2.4353318e+00
   1.8384173e+00
   5.0429136e-01
  -3.2361752e-01
  -2.3163083e-01
   6.9746417e-01
   1.2781811e+00
   1.4648832e+00
   1.2977924e+00
   5.7571423e-01
   1.0598331e-01
  -5.0340575e-01
  -1.5258341e-01
   5.7002944e-01
   1.9766914e+00
   3.9104710e+00
   4.9405179e+00
   4.1163955e+00
  -1.3971423e-01
  -1.7250040e+00
  -6.0825342e-01
   1.6444905e-01
   1.9744041e+00
   1.4001268e+00
   1.0531206e+00
   1.7094084e+00
   6.8790889e-01
   1.0328339e+00
   9.7029460e-01
   9.3973094e-01
   1.1012886e+00
   5.3353385e-01
   1.9066111e+00
   2.4331130e+00
   2.9192150e+00
   3.0375780e+00
   2.1816318e+00
   1.7054341e+00
   5.1089433e-01
   3.5573314e-02
   9.6682389e-01
   1.9349731e+00
   2.2520457e+00
   2.4448520e+00
   1.9008300e+00
   1.1885692e+00
   1.1228986e+00
   8.7352511e-01
   1.3325959e+00
   2.2604284e+00
   3.2453363e+00
   4.7862141e+00
   5.5765012e+00
   1.5817419e+00
  -1.9853631e+00
   7.5734651e-01
   1.2221181e+00
   1.2109105e+00
   3.1845168e+00
   1.3275026e+00
   1.7604994e+00
   2.2849847e+00
   1.0878960e+00
   1.9123532e+00
   1.6015055e+00
   1.2873166e+00
   6.7297459e-01
   1.1242473e+00
   1.9496189e+00
   2.5014296e+00
   3.3773212e+00
   2.7506591e+00
   1.4811778e+00
   8.9356339e-01
   1.1723940e-01
   3.3468878e-01
   1.6326002e+00
   2.3088443e+00
   2.5616140e+00
   2.5975113e+00
   1.8473548e+00
   1.5236948e+00
   1.5361916e+00
   1.8341330e+00
   2.2103963e+00
   2.9394927e+00
   3.9858053e+00
   4.8916063e+00
   4.6895418e+00
  -6.9620208e-01
  -1.9222245e+00
   3.1188951e+00
   2.3911664e+00
   1.4467888e+00
   2.6186037e+00
   1.1225656e+00
   1.9522939e+00
   2.2821009e+00
   1.3730738e+00
   1.6734359e+00
   1.8116782e+00
   9.0611506e-01
   5.0115025e-01
   1.6814795e+00
   2.0327682e+00
   2.6812115e+00
   3.5436816e+00
   2.4963858e+00
   8.7515914e-01
   3.0295950e-01
  -1.6895141e-01
   4.9319214e-01
   1.7745277e+00
   2.1325848e+00
   2.5029259e+00
   2.2408347e+00
   1.6990567e+00
   1.6708381e+00
   1.6018775e+00
   2.2385402e+00
   2.4989369e+00
   3.1265960e+00
   4.0015011e+00
   4.5060549e+00
   3.7580681e+00
  -7.3342276e-01
  -8.1122321e-01
   3.0219314e+00
   2.3930249e+00
   1.2281089e+00
   1.6908197e+00
   1.3793292e+00
   1.6844550e+00
   2.1081882e+00
   1.5068449e+00
   1.2744584e+00
   1.7083645e+00
   2.7938558e-01
   5.5816448e-01
   2.0592558e+00
   2.1926981e+00
   2.8380020e+00
   3.4587421e+00
   2.3171317e+00
   3.5636815e-01
  -1.0013664e-01
  -3.6107429e-01
   5.4261190e-01
   1.6884811e+00
   1.7637881e+00
   2.2485015e+00
   1.7021921e+00
   1.5473793e+00
   1.6811873e+00
   1.5467409e+00
   2.3548254e+00
   2.5041490e+00
   3.1354933e+00
   3.6667790e+00
   3.9047935e+00
   2.9242611e+00
   2.5757091e-01
   5.8502382e-01
   1.8120366e+00
   1.7943586e+00
   7.8439867e-01
   8.1569684e-01
   1.7534581e+00
   1.2143270e+00
   1.8228569e+00
   1.4533915e+00
   9.2096061e-01
   7.5928453e-01
  -5.2395090e-01
   1.3087357e+00
   1.7427928e+00
   2.6979224e+00
   2.7510135e+00
   2.6220644e+00
   2.3923506e+00
  -4.3215262e-02
  -7.7914949e-02
  -3.3135615e-01
   3.1207458e-01
   1.3322281e+00
   1.2565016e+00
   1.5815323e+00
   9.6281137e-01
   1.4889721e+00
   1.3447089e+00
   1.4575895e+00
   2.0230669e+00
   2.1060161e+00
   3.0861907e+00
   2.7318015e+00
   2.8955882e+00
   2.3936643e+00
   2.8300219e+00
   2.0509045e+00
  -1.0948098e+00
   4.0353188e-02
  -1.2584998e-01
   5.2560892e-01
   2.0516211e+00
   3.8650259e-01
   1.2018912e+00
   7.3720135e-01
   9.4103210e-01
   1.2523153e-01
   3.3912158e-01
   1.2565975e+00
   1.0042038e+00
   2.7160625e+00
   1.8875881e+00
   1.6607412e+00
   1.9490422e+00
   4.9376234e-02
  -3.1225976e-02
  -1.9987431e-01
   3.8714752e-01
   1.1465359e+00
   1.2619736e+00
   1.1860887e+00
   9.6459353e-01
   1.3371302e+00
   1.0604243e+00
   1.4839339e+00
   1.6668780e+00
   2.0741541e+00
   2.6779137e+00
   2.4224470e+00
   2.5921760e+00
   2.1955814e+00
   2.9332559e+00
   1.2500684e+00
  -1.0678395e+00
  -8.3754486e-01
  -1.1359596e+00
   1.1545392e+00
   1.4250804e+00
  -1.5122899e-01
   5.2841496e-01
  -1.4358112e-01
   4.8159042e-01
  -7.5015932e-02
   1.2309642e+00
   7.9885674e-01
   5.4636765e-01
   2.2795002e+00
   1.1405027e+00
   9.8077363e-01
   1.1384016e+00
   8.8273481e-02
  -2.6103273e-01
  -1.5066907e-01
   6.9287860e-01
   1.0898576e+00
   1.3554039e+00
   1.1306458e+00
   1.1578702e+00
   1.1525736e+00
   1.0520824e+00
   1.4821798e+00
   1.5164114e+00
   2.1996956e+00
   2.1580141e+00
   2.4201133e+00
   2.4271150e+00
   1.8700019e+00
   2.0544505e+00
   7.7296674e-02
  -8.9467935e-02
  -9.2483902e-01
  -1.7715311e+00
   1.4839040e+00
   7.9436702e-01
  -4.3892407e-01
   1.0156550e-01
  -5.8435154e-01
  -1.8409835e-01
  -9.6436932e-02
   2.2451593e+00
   9.5180753e-02
   1.6419556e-01
   1.5765807e+00
   3.5673110e-01
   3.4963559e-01
   5.6677922e-02
   1.0675918e-01
  -6.4845296e-01
  -1.3401013e-01
   1.1440132e+00
   1.0867135e+00
   1.5014551e+00
   1.2277513e+00
   1.4644713e+00
   9.3015734e-01
   1.1720227e+00
   1.4670453e+00
   1.4439736e+00
   2.4143180e+00
   1.5223437e+00
   2.5613575e+00
   2.3067324e+00
   1.4449351e+00
   6.0820236e-01
  -1.4129220e+00
   1.4541442e+00
  -6.5233022e-01
  -2.3091895e+00
   1.7131064e+00
   8.4703933e-02
  -6.4457808e-01
  -2.6182795e-01
  -8.7274920e-01
  -1.0276939e+00
  -6.3630223e-01
   1.2075173e+00
   6.8550050e-02
  -5.7504117e-01
   2.3933901e-01
   2.7371514e-01
  -1.0018837e+00
  -1.5503414e+00
  -6.5535665e-01
  -1.5985718e+00
  -1.9349650e-01
   1.2077880e+00
   1.0387408e+00
   1.4134926e+00
   1.1920403e+00
   1.5242512e+00
   8.5328770e-01
   1.3442833e+00
   1.3581614e+00
   1.4034742e+00
   2.0536311e+00
   9.3211776e-01
   1.9486989e+00
   9.6319401e-01
   4.8777446e-01
  -4.6856314e-01
  -2.1968374e+00
   1.3934789e+00
  -7.3673344e-01
  -1.9579326e+00
   1.1906614e+00
  -6.4021534e-01
  -5.4529166e-01
  -5.0194389e-01
  -9.9529278e-01
  -8.8946301e-01
  -9.2323500e-01
  -5.2794152e-01
   2.2703332e-01
  -9.4915611e-01
  -3.1048712e-01
   7.6187915e-01
  -1.7035184e+00
  -2.0703926e+00
  -1.0547222e+00
  -1.9992124e+00
  -4.5065841e-01
   5.3159165e-01
   5.9277374e-01
   9.9809819e-01
   6.9654781e-01
   1.0673170e+00
   7.6272666e-01
   1.0477899e+00
   1.0996909e+00
   1.1088301e+00
   1.3760397e+00
   7.6629555e-01
   9.6566695e-01
  -1.1119635e-01
  -1.0669018e-01
  -3.3618522e-01
  -1.5937463e+00
  -2.5830317e-01
  -1.5305879e+00
  -1.4103293e+00
   4.7813034e-01
  -7.6776320e-01
  -4.2780685e-01
  -5.5368888e-01
  -1.0259558e+00
  -2.2671244e-01
  -8.7783663e-01
  -1.8775822e+00
  -1.2847395e-02
  -1.2150221e+00
  -8.2533926e-01
   1.1561078e+00
  -2.1476197e+00
  -2.5380065e+00
  -1.2064314e+00
  -2.2807908e+00
  -8.5475051e-01
  -1.7899539e-01
  -2.8943125e-02
   4.4261175e-01
   1.4647024e-01
   4.9378997e-01
   5.0125176e-01
   6.3165499e-01
   7.0236989e-01
   7.1752328e-01
   7.1109363e-01
   4.9703267e-01
   5.8172423e-02
  -9.6888780e-01
  -7.2306266e-01
  -5.1661861e-01
  -1.1603220e+00
  -1.5944811e+00
  -2.1191008e+00
  -1.0379170e+00
  -3.5267000e-01
  -8.7540543e-01
  -3.9715539e-01
  -5.7817645e-01
  -1.0259979e+00
   9.2776846e-02
   9.9140065e-03
  -2.5609134e+00
  -1.3176091e+00
  -1.2797085e+00
  -1.3924105e+00
   1.3947026e+00
  -2.0633050e+00
  -3.0093401e+00
  -7.7851753e-01
  -2.3418404e+00
  -1.7207758e+00
  -1.1287722e+00
  -1.2325097e+00
  -5.9070975e-01
  -6.6175886e-01
  -4.9840549e-01
  -2.5275923e-01
  -1.7442982e-01
  -1.3600005e-01
  -4.7628019e-03
  -7.3202290e-02
  -1.0650040e-01
  -8.6678185e-01
  -1.4909522e+00
  -1.5495671e+00
  -1.5553011e+00
  -1.0823545e+00
  -2.4179194e+00
  -2.3144701e+00
  -1.0225992e+00
  -1.6749798e+00
  -9.7198107e-01
  -5.7837238e-01
  -5.4406685e-01
  -9.5097630e-01
  -3.8823605e-01
   1.1309248e+00
  -1.0868090e+00
  -2.7380424e+00
  -1.8449171e+00
  -1.8516445e+00
   9.8873639e-01
  -1.5808587e+00
  -3.1613744e+00
  -4.0144328e-02
  -1.8520726e+00
  -2.5146880e+00
  -1.6894712e+00
  -2.1309419e+00
  -1.6972306e+00
  -1.3515849e+00
  -1.3309643e+00
  -1.3294701e+00
  -1.1231821e+00
  -1.1660318e+00
  -7.4592266e-01
  -6.1686915e-01
  -7.6231503e-01
  -9.5099652e-01
  -1.4426470e+00
  -2.1436484e+00
  -3.7225764e+00
  -2.6062152e+00
  -9.8819280e-01
  -8.7853815e-01
  -1.5587945e+00
  -2.6986222e+00
  -1.6570085e+00
  -9.6852309e-01
  -3.6214134e-01
  -1.1297381e+00
  -1.6868422e+00
   1.1425062e+00
  -7.8027949e-02
  -2.6273186e+00
  -2.5544071e+00
  -2.0681422e+00
   6.5930408e-01
  -1.5028634e+00
  -2.9930189e+00
   7.8994274e-02
  -1.2789527e+00
  -2.5434985e+00
  -1.9601681e+00
  -2.1712193e+00
  -2.1063504e+00
  -1.7982752e+00
  -1.6166451e+00
  -1.7621466e+00
  -1.6287003e+00
  -1.6576446e+00
  -1.1965511e+00
  -9.5035040e-01
  -9.3172884e-01
  -9.1484284e-01
  -1.4810417e+00
  -2.1799493e+00
  -4.4718485e+00
  -3.5865548e+00
  -2.4197850e-01
   2.4232827e-02
  -1.6147319e+00
  -2.7720366e+00
  -2.3312941e+00
  -1.2045189e+00
  -1.4792773e-01
  -1.3102636e+00
  -2.0428343e+00
   7.3606801e-01
   6.4981693e-01
  -1.9393593e+00
  -3.1423457e+00
  -2.1823947e+00
   3.4403020e-01
  -1.5008969e+00
  -2.6970294e+00
  -6.1918255e-02
  -6.5586364e-01
  -2.2156925e+00
  -2.0761783e+00
  -1.8747566e+00
  -2.1865706e+00
  -2.1035273e+00
  -1.6905632e+00
  -1.8900427e+00
  -1.8933681e+00
  -1.9213101e+00
  -1.5504609e+00
  -1.2020128e+00
  -9.4524974e-01
  -8.6843884e-01
  -1.4660921e+00
  -1.9427147e+00
  -4.4960313e+00
  -4.1596971e+00
   2.5221944e-02
   5.5447686e-01
  -1.4060626e+00
  -2.4319017e+00
  -2.8867700e+00
  -1.3760498e+00
   1.0552300e-01
  -1.3704458e+00
  -2.0230341e+00
  -1.5726221e-01
   5.9334973e-01
  -6.0609346e-01
  -3.0377807e+00
  -2.1064779e+00
   8.4216908e-02
  -1.4320588e+00
  -2.2744354e+00
  -5.9045872e-01
  -5.8531551e-02
  -1.3144160e+00
  -1.8513650e+00
  -1.1491107e+00
  -1.6471437e+00
  -2.0348385e+00
  -1.4437123e+00
  -1.4301164e+00
  -1.6019159e+00
  -1.7567222e+00
  -1.7223682e+00
  -1.2799489e+00
  -8.0272487e-01
  -8.9715821e-01
  -1.1871471e+00
  -1.2378161e+00
  -3.0861408e+00
  -3.5903781e+00
  -9.2495570e-01
   6.8730506e-02
  -6.9008775e-01
  -1.4714466e+00
  -2.8984036e+00
  -1.4068391e+00
   4.1852794e-01
  -9.7903863e-01
  -1.4433934e+00
  -2.1741970e-01
   3.5112119e-01
  -2.7211875e-02
  -1.6072472e+00
  -1.4169093e+00
  -6.0669005e-02
  -5.8719039e-01
  -1.4893671e+00
  -8.0853885e-01
   1.3975567e-01
  -4.3508708e-01
  -9.4995970e-01
  -4.6008480e-01
  -6.5930289e-01
  -1.0583835e+00
  -8.4227687e-01
  -5.6421810e-01
  -6.6197670e-01
  -1.0201287e+00
  -1.2691286e+00
  -9.3666095e-01
  -5.6148434e-01
  -5.1219767e-01
  -1.6486247e-01
  -3.2725033e-01
  -1.5547330e+00
  -2.1803708e+00
  -1.6332407e+00
  -6.4422160e-01
  -4.2873595e-02
  -5.7805550e-01
  -1.8482907e+00
  -9.5677871e-01
   5.3629011e-01
  -1.9676463e-01
  -7.3420316e-01
   3.3455217e-01
   5.9745586e-01
   3.4322375e-01
  -4.4365093e-01
  -4.8372400e-01
   1.8539909e-01
   3.2605618e-01
  -3.6103320e-01
  -3.8856983e-01
   2.7905488e-01
   2.6407583e-02
  -1.5889770e-01
   1.4460391e-01
   1.5005106e-01
  -6.0147002e-02
  -1.2554185e-01
   1.2803136e-01
   9.7963415e-02
  -1.4795494e-01
  -4.4196439e-01
  -3.2557219e-01
   2.3887046e-02
   1.4013183e-01
   5.5971384e-01
   2.1792689e-01
  -9.4069391e-01
  -1.3292184e+00
  -1.0477389e+00
  -2.7132460e-01
   2.9231882e-01
   5.9657246e-03
  -7.5253242e-01
  -4.3233147e-01
   3.9703101e-01
   2.0573506e-01
   5.3825498e-02
   9.9888241e-01
   1.0018268e+00
   9.2491722e-01
   5.6696260e-01
   4.7379133e-01
   7.6949686e-01
   1.1461200e+00
   8.4796031e-01
   4.3744206e-01
   7.0679981e-01
   4.8607940e-01
   4.7866583e-01
   8.2299340e-01
   9.3641234e-01
   8.8141859e-01
   6.5178877e-01
   7.8023216e-01
   8.6463845e-01
   7.6474786e-01
   5.4557681e-01
   5.5753946e-01
   8.1889701e-01
   7.6065478e-01
   9.4785118e-01
   5.9609264e-01
  -2.6744813e-01
  -4.8108083e-01
  -1.7887272e-01
   5.4054576e-01
   6.7782736e-01
   7.0779729e-01
   4.7648886e-01
  -8.5136667e-02
   2.6648948e-01
   6.2247823e-01
   8.1846178e-01
   1.5013560e+00
   1.3419201e+00
   1.4692465e+00
   1.3481787e+00
   1.2683750e+00
   1.4988076e+00
   1.6932168e+00
   1.7597245e+00
   1.4014519e+00
   1.4550217e+00
   1.1099612e+00
   9.3139678e-01
   1.3798328e+00
   1.5954983e+00
   1.7224122e+00
   1.3455482e+00
   1.3142428e+00
   1.6494963e+00
   1.5284170e+00
   1.4361921e+00
   1.4961023e+00
   1.5099795e+00
   1.1969174e+00
   1.1094330e+00
   8.9347046e-01
   6.6931029e-01
   5.3593245e-01
   4.7035101e-01
   1.2181473e+00
   1.1244050e+00
   1.4584733e+00
   1.7042685e+00
   1.4235198e-01
   3.6006340e-01
   1.1672691e+00
   1.2446014e+00
   1.5638809e+00
   1.3757474e+00
   1.4965324e+00
   1.6340699e+00
   1.7074968e+00
   1.9346511e+00
   1.7838710e+00
   2.0827701e+00
   2.0035263e+00
   2.1429290e+00
   1.8946278e+00
   1.2581510e+00
   1.5218888e+00
   1.9191672e+00
   2.3740608e+00
   1.8448939e+00
   1.5987870e+00
   2.2346305e+00
   1.9569039e+00
   1.8980787e+00
   2.0115598e+00
   1.7763086e+00
   1.4833182e+00
   1.3208925e+00
   1.1919370e+00
   1.5114257e+00
   1.4895140e+00
   7.0427684e-01
   1.2514011e+00
   1.4647048e+00
   1.8895240e+00
   2.4847951e+00
   6.1176107e-01
   7.4906604e-01
   1.6238908e+00
   1.1971793e+00
   1.1213289e+00
   1.0130626e+00
   9.2010224e-01
   1.0326043e+00
   1.5244491e+00
   1.6538908e+00
   1.2718251e+00
   1.8778347e+00
   1.9112365e+00
   2.0576582e+00
   2.2945588e+00
   1.4361030e+00
   1.2370806e+00
   1.6852124e+00
   2.4443712e+00
   2.0862322e+00
   1.5020661e+00
   2.0677075e+00
   1.9272164e+00
   1.7746805e+00
   1.7999012e+00
   1.7119967e+00
   1.7089410e+00
   1.4639487e+00
   1.2539390e+00
   1.3791320e+00
   1.5142229e+00
   8.5517436e-01
   9.5976818e-01
   1.4552667e+00
   1.6578991e+00
   2.2514136e+00
   1.3459964e+00
   1.0271499e+00
   1.4213181e+00
   1.0135450e+00
   3.9543724e-01
   2.9748288e-01
   1.6219594e-01
  -4.8567645e-02
   5.3402299e-01
   5.7019353e-01
   1.9571021e-01
   1.1212609e+00
   1.2669737e+00
   1.0818802e+00
   1.6257936e+00
   1.2543588e+00
   8.8411605e-01
   9.9071062e-01
   1.6040864e+00
   1.7649918e+00
   1.0153451e+00
   1.0646811e+00
   1.3064811e+00
   1.2225794e+00
   1.2251602e+00
   1.4000440e+00
   1.4252589e+00
   9.8203599e-01
   7.4045217e-01
   3.9735654e-01
   4.4780675e-01
   6.9666559e-01
   6.9340605e-01
   1.0497961e+00
   1.1206888e+00
   1.3193427e+00
   1.3625453e+00
   7.5077248e-01
   6.7955875e-01
   7.4054384e-01
  -3.9950442e-01
  -5.6179678e-01
  -5.6881225e-01
  -7.8691286e-01
  -7.2215003e-01
  -9.3988168e-01
  -1.1744568e+00
  -2.7264675e-01
   2.1423616e-01
  -1.2206854e-01
   1.8840086e-01
   5.8945149e-01
   6.0746729e-01
   3.7356159e-01
   4.5531124e-01
   7.6257044e-01
   2.7985394e-01
  -3.5762362e-02
   2.3355547e-01
   3.8755757e-01
   4.3239376e-01
   4.3992606e-01
   3.1780419e-01
   7.2794057e-02
   2.6443275e-02
  -3.5754138e-01
  -5.8540410e-01
  -1.3895798e-01
  -6.1045539e-02
   1.8152303e-01
   5.7034373e-01
   5.2856779e-01
   4.9719971e-01
   2.4704121e-01
   1.2515309e-01
   6.7961603e-02
  -8.2453388e-01
  -1.0482142e+00
  -1.0968711e+00
  -1.1819042e+00
  -1.4836153e+00
  -1.9502783e+00
  -2.1523991e+00
  -1.6814989e+00
  -1.1080769e+00
  -1.0464404e+00
  -8.5132839e-01
  -2.0172162e-01
   3.2320124e-01
   4.1303904e-01
   2.6209348e-01
   1.5536554e-01
  -1.6057841e-01
  -5.3010595e-01
  -6.5034974e-01
  -6.4957349e-01
  -6.7985189e-01
  -7.1076870e-01
  -5.7211082e-01
  -3.8184714e-01
  -3.4438816e-01
  -5.1986015e-01
  -6.5915346e-01
  -6.2237394e-01
  -7.7004853e-01
  -7.4411249e-01
  -3.5752138e-01
  -1.5866918e-01
  -7.4174643e-02
   1.0121863e-01
   1.3435412e-02
  -4.2022008e-01
  -1.6550499e-01
  -4.2650818e-01
  -7.2656792e-01
  -1.0272695e+00
  -1.3876438e+00
  -1.7278565e+00
  -1.9224669e+00
  -1.9317424e+00
  -1.7784595e+00
  -1.5635028e+00
  -1.2081575e+00
  -6.9064283e-01
  -1.6889197e-01
   2.7322255e-01
   4.7354946e-01
   4.4813782e-01
   2.5712796e-01
  -1.0584412e-02
  -2.3657006e-01
  -4.0543183e-01
  -4.8182875e-01
  -4.8472032e-01
  -4.5819425e-01
  -4.5083231e-01
  -4.3580285e-01
  -3.0445336e-01
  -4.4096395e-02
   1.6319804e-01
   1.8623092e-01
   4.4230815e-02
  -8.3756268e-02
  -1.2535756e-01
  -4.5308810e-02
   7.6278001e-02
   1.2191369e-01
   1.9434048e-02
