  -1.8356020e+00
  -1.8370657e+00
  -1.8091804e+00
  -1.7000836e+00
  -1.4530744e+00
  -1.0588264e+00
  -6.4972109e-01
  -2.9321709e-01
  -6.1990660e-02
   9.5357858e-02
   2.0240941e-01
   1.2681301e-01
  -1.6814983e-01
  -6.8372152e-01
  -1.2609277e+00
  -1.7547997e+00
  -2.2389092e+00
  -2.5929410e+00
  -2.7130218e+00
  -2.6172318e+00
  -2.3671088e+00
  -2.0956900e+00
  -1.8432834e+00
  -1.6671382e+00
  -1.5057497e+00
  -1.2324100e+00
  -9.7285014e-01
  -9.9486423e-01
  -1.3585674e+00
  -1.7632502e+00
  -1.9327027e+00
  -1.9370481e+00
  -1.9074852e+00
  -1.9166534e+00
  -1.9192734e+00
  -1.8719556e+00
  -1.8823955e+00
  -1.5698344e+00
  -1.0142479e+00
  -5.5608326e-01
  -4.6938494e-01
  -1.8006785e-01
   3.4177449e-01
   4.1324097e-01
  -4.8607737e-02
  -2.8628293e-01
  -1.5291582e-01
  -1.4350826e-01
  -2.5718182e-01
  -3.6568916e-01
  -5.5166864e-01
  -9.4621158e-01
  -1.9761604e+00
  -2.9658780e+00
  -3.2404232e+00
  -3.2777634e+00
  -3.2715406e+00
  -3.1665361e+00
  -2.8975065e+00
  -2.5020163e+00
  -2.0928602e+00
  -1.5701690e+00
  -9.8506898e-01
  -7.3250628e-01
  -1.0203854e+00
  -1.3217010e+00
  -1.5892348e+00
  -2.1678150e+00
  -2.6100776e+00
  -2.8468292e+00
  -2.8256488e+00
  -2.3206735e+00
  -1.1691305e-01
  -1.4292169e-02
   3.6798334e-01
   7.2415203e-01
   7.1190548e-01
   7.3523098e-01
   1.6802579e+00
   2.5300734e+00
   2.0895195e+00
   1.5424085e+00
   1.0836916e+00
   5.2864414e-01
   7.7955288e-01
   1.8039238e+00
   2.5492501e+00
   2.5620902e+00
   1.9470105e+00
   1.5826452e+00
   1.5731976e+00
   1.3711298e+00
   1.2465817e+00
   1.3382320e+00
   1.4773245e+00
   1.5840323e+00
   1.7620054e+00
   1.6138988e+00
   1.1725796e+00
   1.2848260e+00
   1.6332510e+00
   1.7376097e+00
   1.2924681e+00
   3.9225286e-01
  -1.6846061e-02
  -2.9484808e-01
  -4.2544445e-01
  -1.5588982e-01
   2.2947367e+00
   2.0899234e+00
   1.7079642e+00
   1.4375570e+00
   1.7377554e+00
   1.3011305e+00
   1.8317427e+00
   3.2734375e+00
   3.2243452e+00
   2.9210857e+00
   1.9665971e+00
   1.2372016e+00
   2.0086381e+00
   3.3713758e+00
   4.1919413e+00
   4.0655913e+00
   4.9784207e+00
   5.7223129e+00
   4.9167591e+00
   4.6155200e+00
   4.5811801e+00
   4.6245743e+00
   4.7700877e+00
   4.4879165e+00
   4.1610732e+00
   3.5634634e+00
   3.3239541e+00
   3.5632939e+00
   3.5540621e+00
   3.1008048e+00
   2.8836950e+00
   3.1489928e+00
   3.2231283e+00
   2.9737152e+00
   2.7756641e+00
   2.6468139e+00
   4.3501434e+00
   3.5968018e+00
   2.9122145e+00
   2.1855345e+00
   2.3200774e+00
   2.0150180e+00
   1.8715076e+00
   3.1919951e+00
   3.6627564e+00
   3.8672075e+00
   2.8541191e+00
   2.0350733e+00
   3.0089011e+00
   4.0420580e+00
   4.5745111e+00
   4.3571129e+00
   6.4779711e+00
   7.5258527e+00
   5.5578752e+00
   5.7004457e+00
   5.8547797e+00
   5.5756297e+00
   5.6960344e+00
   5.4188657e+00
   5.3140407e+00
   4.4643364e+00
   4.3760290e+00
   4.2514491e+00
   3.6488988e+00
   3.6253943e+00
   3.9124892e+00
   4.8969383e+00
   5.2743402e+00
   5.3437014e+00
   5.1539850e+00
   4.7152948e+00
   4.9269714e+00
   3.9735684e+00
   3.3380806e+00
   2.4080949e+00
   1.8578609e+00
   2.1002836e+00
   1.6727799e+00
   2.5971673e+00
   3.6469445e+00
   4.2122383e+00
   3.5198803e+00
   2.3952804e+00
   3.2325816e+00
   4.0708704e+00
   4.6807728e+00
   4.8310399e+00
   6.5232072e+00
   7.2587280e+00
   5.1183739e+00
   5.4111919e+00
   5.6626701e+00
   5.2078781e+00
   5.1880646e+00
   4.6267891e+00
   5.0104842e+00
   4.4105368e+00
   3.8783355e+00
   3.0730991e+00
   2.5470071e+00
   4.1413989e+00
   4.6248889e+00
   5.1773953e+00
   5.7634850e+00
   5.9681492e+00
   5.8433976e+00
   5.1795411e+00
   3.5829060e+00
   3.2012268e+00
   2.5047820e+00
   1.5028045e+00
   7.7558472e-01
   1.1191729e+00
   7.9624552e-01
   1.4194172e+00
   2.6992401e+00
   3.4931731e+00
   3.1496445e+00
   1.9361137e+00
   2.5495336e+00
   3.3569022e+00
   4.3027883e+00
   4.7709813e+00
   5.0852183e+00
   5.7244231e+00
   4.4750752e+00
   4.2458930e+00
   4.3912969e+00
   4.0113797e+00
   3.8804033e+00
   2.7601388e+00
   2.5662174e+00
   2.2892179e+00
   2.5119293e+00
   2.0831246e+00
   1.3174178e+00
   3.5813648e+00
   4.2653079e+00
   4.1823401e+00
   4.8150469e+00
   4.6286640e+00
   4.5464858e+00
   3.9060192e+00
   1.1658735e+00
   1.3186738e+00
   7.1046351e-01
  -1.1007257e-01
  -5.1274192e-01
  -3.9066687e-01
  -4.3861705e-01
  -1.2624097e-01
   8.8272493e-01
   1.8029662e+00
   1.7097818e+00
   7.9894994e-01
   1.0954536e+00
   1.7306576e+00
   2.7174949e+00
   3.1081517e+00
   2.5801289e+00
   3.3457596e+00
   3.1888540e+00
   2.4612308e+00
   2.3223459e+00
   1.9984664e+00
   1.7823316e+00
   5.3681067e-01
  -9.2175949e-01
  -1.2340093e+00
   1.1246229e+00
   2.0334649e+00
   2.0839688e-01
   1.4899678e+00
   2.6271727e+00
   2.2928088e+00
   2.6947209e+00
   2.1460948e+00
   1.9143246e+00
   1.5912101e+00
  -1.2297955e+00
  -1.2014157e+00
  -1.3634812e+00
  -1.7459946e+00
  -1.9286041e+00
  -1.7731444e+00
  -1.4752854e+00
  -1.5023321e+00
  -1.0521380e+00
  -2.0777358e-01
  -1.1817285e-01
  -6.7949235e-01
  -8.5625118e-01
  -6.0093445e-01
   3.1254172e-02
   1.6995847e-01
  -3.0999240e-01
   4.1642967e-01
   9.6722001e-01
   2.2330157e-01
  -2.4721846e-01
  -5.9783936e-01
  -8.9528853e-01
  -1.6410471e+00
  -3.6900871e+00
  -3.9159930e+00
   7.1537286e-02
   1.6653101e+00
  -1.0205189e+00
  -1.1798162e+00
   2.2208148e-01
   3.4241453e-02
  -1.9398302e-02
  -5.0025070e-01
  -9.5960820e-01
  -9.1706699e-01
  -3.0323327e+00
  -3.6774132e+00
  -3.2144189e+00
  -3.0843594e+00
  -3.3865008e+00
  -2.7557755e+00
  -2.0583529e+00
  -2.3059342e+00
  -2.4631000e+00
  -1.9314795e+00
  -1.7421083e+00
  -2.2170179e+00
  -2.9697828e+00
  -3.2045224e+00
  -3.0724750e+00
  -3.0850394e+00
  -3.0380843e+00
  -2.6703296e+00
  -1.9241654e+00
  -2.2807276e+00
  -3.0076292e+00
  -3.3692734e+00
  -3.7015038e+00
  -3.5752048e+00
  -4.8194757e+00
  -4.3008718e+00
  -6.0872811e-01
  -4.4058539e-02
  -2.5100975e+00
  -3.4428005e+00
  -2.3108411e+00
  -2.0944443e+00
  -2.6987448e+00
  -2.7504616e+00
  -3.3008893e+00
  -3.0780642e+00
  -4.1810422e+00
  -5.1241372e+00
  -4.6783550e+00
  -4.4268945e+00
  -4.6519474e+00
  -3.4776860e+00
  -2.1693381e+00
  -2.0209089e+00
  -2.7318325e+00
  -2.7796460e+00
  -2.9149740e+00
  -3.7665281e+00
  -5.0391801e+00
  -5.7682171e+00
  -5.7807548e+00
  -5.7055286e+00
  -5.3687385e+00
  -5.6259468e+00
  -5.3468116e+00
  -5.3731676e+00
  -6.1005647e+00
  -6.2393583e+00
  -6.2911568e+00
  -5.1495546e+00
  -3.4697260e+00
  -9.3024457e-01
  -9.3296180e-01
  -3.8559357e+00
  -4.7026550e+00
  -4.9005994e+00
  -4.3568394e+00
  -3.6933726e+00
  -4.7939322e+00
  -4.4436527e+00
  -4.6556765e+00
  -4.6224516e+00
  -4.4166212e+00
  -4.5654239e+00
  -4.9796228e+00
  -5.1538506e+00
  -4.7968005e+00
  -3.7471972e+00
  -2.0079126e+00
  -1.2504555e+00
  -1.9326689e+00
  -2.4675846e+00
  -3.1027537e+00
  -4.2127209e+00
  -5.4314833e+00
  -6.0373089e+00
  -5.9667401e+00
  -5.7686982e+00
  -5.7190688e+00
  -6.2206926e+00
  -6.6609707e+00
  -6.9497529e+00
  -7.4053655e+00
  -7.4313507e+00
  -6.8031456e+00
  -5.3125391e+00
  -1.3946943e+00
   1.8289771e+00
  -1.1069318e+00
  -4.4405661e+00
  -5.7257798e+00
  -5.6281023e+00
  -4.0436306e+00
  -4.0327654e+00
  -4.8307638e+00
  -4.5139513e+00
  -4.6481890e+00
  -4.6161041e+00
  -4.2925291e+00
  -4.0515594e+00
  -4.7393894e+00
  -5.1834960e+00
  -4.6640024e+00
  -3.7153492e+00
  -1.7763320e+00
  -7.3128110e-01
  -1.2232804e+00
  -2.0848868e+00
  -2.9298186e+00
  -4.0728092e+00
  -4.9808946e+00
  -5.2394719e+00
  -5.3150983e+00
  -5.0272803e+00
  -5.2276740e+00
  -5.7910790e+00
  -6.6564102e+00
  -7.2210565e+00
  -7.4595628e+00
  -7.6027083e+00
  -6.3850493e+00
  -4.9428096e+00
  -3.8503209e-01
   2.4804535e+00
  -1.3757250e+00
  -2.6269014e+00
  -4.8122325e+00
  -5.9604330e+00
  -3.2487690e+00
  -3.8766167e+00
  -4.3394690e+00
  -3.9517541e+00
  -4.3060164e+00
  -4.0699940e+00
  -3.9987099e+00
  -3.7357657e+00
  -4.2974796e+00
  -4.8677282e+00
  -4.4020055e+00
  -3.5833192e+00
  -1.5120486e+00
  -2.6498999e-01
  -6.1226362e-01
  -1.6924250e+00
  -2.6645381e+00
  -3.7113438e+00
  -4.2239590e+00
  -4.1144331e+00
  -4.3882771e+00
  -4.0643101e+00
  -4.4423187e+00
  -5.0152135e+00
  -6.0724130e+00
  -6.8796181e+00
  -6.9339619e+00
  -7.2644205e+00
  -5.6240862e+00
  -4.3287787e+00
  -7.3064476e-02
   2.2106782e+00
  -1.6109856e+00
  -1.3937882e-01
  -2.7384078e+00
  -5.9510994e+00
  -2.4953108e+00
  -3.4064960e+00
  -3.7819927e+00
  -3.1932309e+00
  -3.8409383e+00
  -3.3627687e+00
  -3.3912711e+00
  -4.2017690e+00
  -3.6394909e+00
  -3.9368760e+00
  -3.8967836e+00
  -3.4200490e+00
  -1.1308863e+00
   4.8139618e-01
  -1.5519304e-01
  -1.2571928e+00
  -2.4630326e+00
  -3.1330133e+00
  -3.1474764e+00
  -2.8263360e+00
  -3.2343270e+00
  -3.0662234e+00
  -3.3865179e+00
  -4.0149073e+00
  -4.6795756e+00
  -5.6171049e+00
  -5.5051970e+00
  -6.0409910e+00
  -4.5082334e+00
  -3.2341188e+00
  -1.2874833e+00
   8.5607105e-01
  -1.6008088e+00
   2.4101906e+00
   2.3319881e+00
  -4.9468978e+00
  -2.4987052e+00
  -2.1052584e+00
  -3.5988742e+00
  -2.3013531e+00
  -3.1971552e+00
  -2.5555987e+00
  -2.9322891e+00
  -4.7248726e+00
  -3.7847605e+00
  -3.3948078e+00
  -3.0183983e+00
  -3.7221220e+00
  -9.6269655e-01
   1.6471322e+00
   3.5586983e-01
  -9.4433266e-01
  -2.9160919e+00
  -3.0822496e+00
  -3.0852785e+00
  -2.8089862e+00
  -2.9233875e+00
  -3.1492743e+00
  -3.1541033e+00
  -3.9437306e+00
  -3.8498023e+00
  -4.8839188e+00
  -4.4356914e+00
  -4.7987580e+00
  -4.0423632e+00
  -2.0957956e+00
  -2.6271124e+00
   6.9463164e-01
  -7.3072994e-01
   1.3206379e+00
   5.2583442e+00
  -3.5365157e+00
  -3.0233171e+00
  -8.5979050e-01
  -4.0853257e+00
  -2.2433510e+00
  -3.2185102e+00
  -2.6423502e+00
  -2.7794974e+00
  -4.7459278e+00
  -4.1187282e+00
  -3.1242208e+00
  -2.2775402e+00
  -3.8933976e+00
  -9.1012567e-01
   2.3711050e+00
   7.9765719e-01
  -8.8613164e-01
  -3.3210177e+00
  -3.2144885e+00
  -3.2492509e+00
  -2.9120829e+00
  -2.9176364e+00
  -3.3324094e+00
  -3.1340261e+00
  -3.9694166e+00
  -3.5011683e+00
  -4.5262418e+00
  -3.8133962e+00
  -4.0111666e+00
  -3.6762831e+00
  -1.3684927e+00
  -2.9134846e+00
   9.4020891e-01
   1.9593894e-02
   2.9645056e-02
   5.0121007e+00
  -2.8364875e+00
  -2.9025590e+00
  -4.5539436e-01
  -4.1671247e+00
  -2.4159803e+00
  -3.5433536e+00
  -2.9703622e+00
  -2.7515268e+00
  -4.5343027e+00
  -4.5818836e+00
  -2.9478118e+00
  -1.5106844e+00
  -4.0242928e+00
  -9.0531356e-01
   2.9764562e+00
   1.2609149e+00
  -9.4015341e-01
  -3.7528195e+00
  -3.4486212e+00
  -3.5392181e+00
  -3.0842037e+00
  -3.0541881e+00
  -3.5847979e+00
  -3.2109942e+00
  -4.0436253e+00
  -3.3354255e+00
  -4.3008552e+00
  -3.3246876e+00
  -3.3404645e+00
  -3.3122724e+00
  -7.4499943e-01
  -2.7412827e+00
   1.4064837e+00
   8.0539936e-01
  -1.5133365e+00
   3.2491860e+00
  -2.3838584e+00
  -2.4646527e+00
  -3.9573902e-01
  -4.0692984e+00
  -2.7177529e+00
  -4.0500603e+00
  -3.4514653e+00
  -3.4057660e+00
  -3.7159550e+00
  -4.4081087e+00
  -2.4278121e+00
  -5.3570968e-01
  -3.1232972e+00
  -8.5346532e-01
   2.3090737e+00
   6.6556382e-01
  -1.5823796e+00
  -3.6954031e+00
  -3.4169044e+00
  -3.0327702e+00
  -2.6153269e+00
  -2.8290536e+00
  -3.1065745e+00
  -2.7953992e+00
  -3.2264886e+00
  -2.9404550e+00
  -3.3130250e+00
  -2.6235080e+00
  -2.6117816e+00
  -2.3523288e+00
  -8.0388248e-01
  -1.3436700e+00
   1.3568044e+00
   8.0720633e-01
  -2.5679324e+00
  -2.2334135e+00
  -2.7905388e+00
  -1.5431607e+00
  -1.2943451e+00
  -2.9430280e+00
  -3.1381912e+00
  -4.1581912e+00
  -3.7588124e+00
  -3.6883163e+00
  -3.4585235e+00
  -3.7242215e+00
  -1.9669495e+00
   1.6585723e-01
  -2.2333937e+00
  -9.7748566e-01
   1.3275611e+00
  -5.1197714e-01
  -2.1432033e+00
  -3.3688602e+00
  -2.9445720e+00
  -2.3322277e+00
  -2.1451490e+00
  -2.2630556e+00
  -2.4691577e+00
  -2.2207267e+00
  -2.4117751e+00
  -2.2895470e+00
  -2.3897119e+00
  -2.1393878e+00
  -2.2343290e+00
  -2.1049898e+00
  -1.2906255e+00
  -1.4049809e+00
   4.2547381e-01
  -4.2476699e-02
  -2.7836194e+00
  -3.3036549e+00
  -3.1542397e+00
  -1.8732281e+00
  -1.5489817e+00
  -2.5933864e+00
  -3.0888610e+00
  -3.4287329e+00
  -3.2918129e+00
  -3.6575684e+00
  -3.3112833e+00
  -3.1463033e+00
  -1.5638798e+00
   8.5398811e-01
  -1.4953991e+00
  -1.2914448e+00
   4.4973817e-01
  -1.5660618e+00
  -2.7458900e+00
  -3.1067390e+00
  -2.5310884e+00
  -1.8551566e+00
  -1.8319850e+00
  -1.8120116e+00
  -1.9846938e+00
  -1.7733371e+00
  -1.7838638e+00
  -1.7281544e+00
  -1.6555097e+00
  -1.7802336e+00
  -1.9894435e+00
  -2.0893378e+00
  -1.8755662e+00
  -1.8793489e+00
  -7.5875139e-01
  -9.5903122e-01
  -2.8583561e+00
  -3.7301850e+00
  -3.5094168e+00
  -2.2919994e+00
  -1.7818292e+00
  -2.4034248e+00
  -2.8913096e+00
  -2.7650166e+00
  -2.6906236e+00
  -2.8385780e+00
  -3.3939575e+00
  -2.7092185e+00
  -1.2090948e+00
   1.6782870e+00
  -9.6411878e-01
  -2.1547158e+00
  -3.6882107e-01
  -2.5470225e+00
  -3.5993882e+00
  -2.9505559e+00
  -2.1773207e+00
  -1.8318395e+00
  -1.8398395e+00
  -1.5508378e+00
  -1.7737804e+00
  -1.5436560e+00
  -1.4769808e+00
  -1.2643552e+00
  -1.2214436e+00
  -1.6454916e+00
  -2.0123098e+00
  -2.6376001e+00
  -2.8375511e+00
  -3.4744360e+00
  -2.8422355e+00
  -2.2431390e+00
  -2.6146815e+00
  -2.7359335e+00
  -3.9286642e+00
  -3.0057820e+00
  -2.0297308e+00
  -2.5530209e+00
  -2.2838795e+00
  -2.1277321e+00
  -1.6256459e+00
  -1.3683919e+00
  -3.5110679e+00
  -3.1422629e+00
  -1.4713750e+00
   1.3515788e+00
  -1.6895373e+00
  -3.3352766e+00
  -6.0675250e-01
  -2.5605943e+00
  -4.1703062e+00
  -3.4500688e+00
  -2.9967146e+00
  -3.0333240e+00
  -3.0464371e+00
  -2.6141834e+00
  -2.7722254e+00
  -2.5962593e+00
  -2.5629635e+00
  -2.3353426e+00
  -2.2224159e+00
  -2.6193144e+00
  -2.8876035e+00
  -3.6469064e+00
  -4.1510067e+00
  -5.1446309e+00
  -4.7116579e+00
  -2.6720066e+00
  -1.9311872e+00
  -2.8743550e+00
  -4.3251104e+00
  -3.2924304e+00
  -2.7505316e+00
  -2.1475034e+00
  -1.5695703e+00
  -2.6793749e+00
  -9.2087561e-01
  -1.0309420e+00
  -3.3522592e+00
  -3.3797379e+00
  -1.9312041e+00
   2.4497326e-01
  -2.6813073e+00
  -3.7135673e+00
  -1.1147556e+00
  -2.7713618e+00
  -4.1332016e+00
  -3.9788425e+00
  -3.8217316e+00
  -3.9295359e+00
  -4.1747799e+00
  -3.6826088e+00
  -3.7571378e+00
  -3.6927454e+00
  -3.7235646e+00
  -3.5699174e+00
  -3.3738220e+00
  -3.6010108e+00
  -3.6777887e+00
  -4.3524122e+00
  -4.9018788e+00
  -5.7000198e+00
  -5.0927620e+00
  -2.5731869e+00
  -1.9752749e+00
  -3.5155637e+00
  -4.4181991e+00
  -3.6226792e+00
  -3.0887749e+00
  -1.4108216e+00
  -1.3132133e+00
  -3.0219569e+00
  -8.5731900e-01
  -1.2205834e+00
  -3.0111759e+00
  -3.3679318e+00
  -2.4010398e+00
  -1.2076496e+00
  -3.6824417e+00
  -3.7117429e+00
  -1.9017851e+00
  -3.1381700e+00
  -3.8174300e+00
  -4.3666391e+00
  -4.4362755e+00
  -4.5553136e+00
  -5.0606475e+00
  -4.5860610e+00
  -4.5846653e+00
  -4.6397915e+00
  -4.7565308e+00
  -4.6847949e+00
  -4.4692512e+00
  -4.4403119e+00
  -4.3579898e+00
  -4.8691659e+00
  -5.2650790e+00
  -5.6874042e+00
  -4.7468433e+00
  -2.3882482e+00
  -2.3760023e+00
  -4.0441260e+00
  -4.2563591e+00
  -3.8918397e+00
  -3.1436539e+00
  -5.7176155e-01
  -1.1623845e+00
  -3.0669429e+00
  -1.0153586e+00
  -2.3207913e+00
  -2.3172327e+00
  -2.6196926e+00
  -2.6366435e+00
  -2.9364359e+00
  -4.2722862e+00
  -3.0113139e+00
  -3.3002721e+00
  -3.8237939e+00
  -3.0752132e+00
  -4.1328668e+00
  -4.1473558e+00
  -4.3213911e+00
  -4.9386704e+00
  -4.6884524e+00
  -4.6711058e+00
  -4.7996903e+00
  -5.0366067e+00
  -4.9821450e+00
  -4.9939201e+00
  -4.5721988e+00
  -4.5622097e+00
  -4.8453907e+00
  -4.6188557e+00
  -4.5617027e+00
  -3.1005612e+00
  -2.3790830e+00
  -3.3661723e+00
  -3.6211896e+00
  -3.4619306e+00
  -3.8432768e+00
  -2.4824891e+00
   1.7416579e-01
  -1.0389598e+00
  -2.1991065e+00
  -1.3990046e+00
  -2.2695439e+00
  -1.2112107e+00
  -8.7603831e-01
  -1.5477446e+00
  -2.7970324e+00
  -2.8589702e+00
  -1.8245765e+00
  -3.3524547e+00
  -3.0216932e+00
  -1.7732948e+00
  -2.0068619e+00
  -1.8067824e+00
  -2.0816009e+00
  -2.1658313e+00
  -2.4298286e+00
  -2.5426254e+00
  -2.5006862e+00
  -2.7254517e+00
  -2.8697717e+00
  -3.1167479e+00
  -2.7603745e+00
  -3.1627369e+00
  -2.8949673e+00
  -2.2499504e+00
  -1.9290388e+00
  -8.5965896e-01
  -2.2419169e+00
  -2.8733048e+00
  -1.4917272e+00
  -1.3044813e+00
  -1.6480732e+00
  -9.0038097e-01
   5.7102722e-01
  -1.4319278e-01
  -5.9848785e-01
  -1.0447397e+00
  -4.8636511e-01
   2.9618296e-01
   8.5330272e-01
   3.6343971e-01
  -6.8490082e-01
  -4.7674808e-01
  -1.3994244e-01
  -1.0411134e+00
  -4.9916762e-01
   2.5277263e-01
   6.5628004e-01
   8.7190998e-01
   7.7951527e-01
   1.0609589e+00
   5.8160806e-01
   3.2672220e-01
   5.1910806e-01
   3.5351551e-01
  -4.9167424e-02
  -2.5042740e-01
  -3.5732952e-01
  -7.7647805e-01
  -1.3608806e-01
   2.1445274e-01
   6.2299109e-01
   9.8448265e-01
  -7.4446177e-01
  -7.4694085e-01
   6.4311320e-01
   1.1460593e+00
   1.1061530e+00
   9.9184096e-01
   1.5083148e+00
   1.0733925e+00
   6.6239268e-01
   2.0901525e-01
   1.9375000e+00
   2.3771314e+00
   2.7732058e+00
   2.7847207e+00
   2.3689134e+00
   2.4152110e+00
   2.5044816e+00
   2.5733611e+00
   2.9324088e+00
   3.0823963e+00
   3.5210171e+00
   3.6188927e+00
   3.7686570e+00
   4.1371345e+00
   3.6728001e+00
   3.3596277e+00
   3.4927002e+00
   3.3318987e+00
   2.9034209e+00
   2.7596938e+00
   2.3349934e+00
   2.1722608e+00
   2.7430290e+00
   2.6978617e+00
   3.1576419e+00
   3.1423150e+00
   1.9568582e+00
   2.1273239e+00
   2.9656981e+00
   3.6020226e+00
   3.5515699e+00
   3.2703114e+00
   3.1656148e+00
   2.4299443e+00
   2.1024582e+00
   2.0202041e+00
   4.1370676e+00
   4.5547043e+00
   4.6862896e+00
   5.1732562e+00
   5.3454730e+00
   5.2614401e+00
   5.6217364e+00
   6.2034147e+00
   6.2178072e+00
   5.9944381e+00
   6.0261619e+00
   5.8966187e+00
   6.1033863e+00
   6.3069656e+00
   5.9911841e+00
   5.7654098e+00
   5.5887625e+00
   5.3892573e+00
   5.2620552e+00
   5.1373950e+00
   4.7910579e+00
   4.9066222e+00
   5.0132819e+00
   4.8495210e+00
   5.3668483e+00
   5.3776857e+00
   5.0608819e+00
   5.0312880e+00
   5.1758911e+00
   5.4889940e+00
   5.1164063e+00
   5.3673150e+00
   5.0864585e+00
   3.7551226e+00
   3.6830430e+00
   3.9122264e+00
   5.1777986e+00
   5.7818575e+00
   5.9774874e+00
   6.5538801e+00
   6.8163624e+00
   7.0356202e+00
   7.6349687e+00
   7.9052420e+00
   7.7848120e+00
   7.5324759e+00
   7.3646026e+00
   7.0560083e+00
   6.9801249e+00
   6.9282336e+00
   6.7233166e+00
   6.7060885e+00
   6.2227697e+00
   6.0257553e+00
   6.3133768e+00
   6.2368875e+00
   6.2352008e+00
   6.3544210e+00
   6.1141315e+00
   6.2420081e+00
   6.7214531e+00
   6.7614727e+00
   6.9536557e+00
   6.8826989e+00
   6.5432773e+00
   6.2865023e+00
   5.6896151e+00
   6.3052640e+00
   6.1606511e+00
   4.7159779e+00
   4.8498902e+00
   5.0460332e+00
   4.7618561e+00
   5.2129960e+00
   5.6180024e+00
   5.9622450e+00
   6.0115628e+00
   6.5275555e+00
   6.8551955e+00
   6.7498937e+00
   6.7739730e+00
   6.6309123e+00
   6.7727160e+00
   6.6096611e+00
   6.2084017e+00
   5.8987155e+00
   5.7363920e+00
   5.9267936e+00
   5.5857573e+00
   5.4916024e+00
   5.8778605e+00
   5.9239364e+00
   6.0353589e+00
   6.0428367e+00
   6.0134358e+00
   6.3168979e+00
   6.3926897e+00
   6.1646781e+00
   6.5142956e+00
   6.6601801e+00
   6.1142168e+00
   5.8026409e+00
   5.4106836e+00
   5.5159531e+00
   5.4662833e+00
   4.6435919e+00
   4.6010618e+00
   4.6856546e+00
   2.9882479e+00
   3.1561773e+00
   3.2818537e+00
   3.3609657e+00
   3.3552883e+00
   3.6722043e+00
   3.7865186e+00
   3.7886252e+00
   3.9611273e+00
   3.9536035e+00
   4.3105640e+00
   4.5454078e+00
   4.1539316e+00
   3.6269341e+00
   3.4738183e+00
   3.7660086e+00
   3.8942738e+00
   3.9334846e+00
   4.1119599e+00
   4.1679344e+00
   4.2401400e+00
   4.3214216e+00
   4.4866104e+00
   4.4968300e+00
   4.0729451e+00
   3.8575945e+00
   4.2161636e+00
   4.1694870e+00
   3.7791712e+00
   3.8021834e+00
   3.6781855e+00
   3.4319928e+00
   3.3192852e+00
   3.0292046e+00
   2.8067932e+00
   2.8088906e+00
   2.4570817e-01
   3.6765981e-01
   6.9143169e-02
  -7.5922057e-02
   4.8107170e-03
   1.6704628e-01
   4.0532446e-01
   5.5870795e-01
   7.3918778e-01
   8.8034552e-01
   1.0942992e+00
   1.3890727e+00
   1.1929433e+00
   6.7842203e-01
   4.5356423e-01
   5.9323782e-01
   8.4476334e-01
   9.3756574e-01
   9.5711643e-01
   9.9357545e-01
   1.1697795e+00
   1.2544922e+00
   1.1751370e+00
   1.0546325e+00
   8.5980785e-01
   9.9063295e-01
   1.0106674e+00
   5.7386351e-01
   4.1039145e-01
   3.3215433e-01
   2.3278379e-01
   4.3872738e-01
   4.8161355e-01
   4.2345446e-01
   3.7247887e-01
   1.6767552e-01
  -2.1389570e+00
  -2.0710399e+00
  -2.2639048e+00
  -2.4337711e+00
  -2.3737857e+00
  -2.2176108e+00
  -2.1029105e+00
  -2.1131446e+00
  -2.0160611e+00
  -1.8258160e+00
  -1.7733876e+00
  -1.8108969e+00
  -1.9212476e+00
  -2.1059024e+00
  -2.2609406e+00
  -2.3618851e+00
  -2.4164912e+00
  -2.4469724e+00
  -2.4613981e+00
  -2.4042847e+00
  -2.2732708e+00
  -2.2559857e+00
  -2.1996939e+00
  -1.8602588e+00
  -1.5965376e+00
  -1.6749934e+00
  -2.1026235e+00
  -2.3790934e+00
  -2.3527300e+00
  -2.5504484e+00
  -2.7236269e+00
  -2.4856841e+00
  -2.2484562e+00
  -2.0480719e+00
  -1.8756929e+00
  -2.0495281e+00
  -1.3949168e+00
  -1.2776477e+00
  -1.2266155e+00
  -1.2527566e+00
  -1.3381888e+00
  -1.4858769e+00
  -1.6793276e+00
  -1.9128054e+00
  -2.0991290e+00
  -2.2249005e+00
  -2.3550619e+00
  -2.4438376e+00
  -2.4204328e+00
  -2.2591757e+00
  -2.0221624e+00
  -1.8175709e+00
  -1.6542532e+00
  -1.5597477e+00
  -1.5184590e+00
  -1.4893504e+00
  -1.4484971e+00
  -1.3886371e+00
  -1.3054926e+00
  -1.2872479e+00
  -1.4367425e+00
  -1.7518043e+00
  -1.9819187e+00
  -1.9355761e+00
  -1.6898176e+00
  -1.5002307e+00
  -1.4770573e+00
  -1.5520003e+00
  -1.6368123e+00
  -1.6506685e+00
  -1.5902683e+00
  -1.4996533e+00
