  0.6486  0.6462  0.6442  0.6410  0.6377  0.6351  0.6335  0.6355  0.6384  0.6357  0.6231  0.6179  0.6258  0.6287  0.6486  0.6450  0.6368  0.6307  0.6270  0.6248  0.6245  0.6226  0.6221  0.6222  0.6230  0.6323  0.6375  0.6428  0.6478  0.6507  0.6519  0.6534  0.6555  0.6561  0.6545  0.6511
  0.6161  0.6084  0.6003  0.5921  0.5855  0.5841  0.5844  0.5820  0.5788  0.5765  0.5682  0.5636  0.5629  0.5793  0.5879  0.6191  0.6243  0.6058  0.5969  0.6014  0.6127  0.6087  0.6090  0.6284  0.6307  0.6230  0.6283  0.6324  0.6408  0.6429  0.6394  0.6351  0.6336  0.6340  0.6302  0.6219
  0.5732  0.5625  0.5485  0.5389  0.5294  0.5223  0.5256  0.5241  0.5196  0.5102  0.5004  0.4902  0.5258  0.5864  0.5248  0.5229  0.5452  0.5778  0.5992  0.6062  0.6052  0.5779  0.5824  0.5988  0.6009  0.5571  0.5704  0.5853  0.6097  0.6073  0.6103  0.6067  0.5882  0.5818  0.5810  0.5795
  0.5321  0.5212  0.5068  0.4892  0.4715  0.4598  0.4586  0.4594  0.4612  0.4548  0.4401  0.4428  0.4405  0.5057  0.4468  0.4589  0.4695  0.4790  0.5370  0.5509  0.5472  0.5239  0.5445  0.5643  0.5618  0.5156  0.5422  0.5769  0.6049  0.5901  0.5755  0.5738  0.5567  0.5434  0.5425  0.5375
  0.4820  0.4668  0.4508  0.4310  0.4181  0.4106  0.4076  0.4062  0.4035  0.4068  0.3985  0.4036  0.3951  0.4028  0.3909  0.4477  0.4499  0.4360  0.4538  0.4702  0.4779  0.4681  0.4925  0.5227  0.5251  0.5111  0.5334  0.5578  0.5741  0.5758  0.5393  0.5238  0.5126  0.5031  0.4967  0.4866
  0.4134  0.3965  0.3869  0.3747  0.3693  0.3634  0.3592  0.3574  0.3526  0.3580  0.3548  0.3557  0.3822  0.3262  0.3385  0.4083  0.4081  0.3958  0.3928  0.4049  0.4156  0.4205  0.4395  0.4656  0.4795  0.4841  0.4841  0.4812  0.5017  0.5041  0.4430  0.4362  0.4360  0.4377  0.4291  0.4188
  0.3520  0.3392  0.3354  0.3262  0.3244  0.3210  0.3165  0.3152  0.3140  0.3186  0.3128  0.3083  0.3228  0.2831  0.3327  0.3636  0.3592  0.3521  0.3564  0.3647  0.3700  0.3822  0.3990  0.4165  0.4244  0.4216  0.4230  0.4161  0.4328  0.4187  0.3428  0.3524  0.3566  0.3622  0.3597  0.3550
  0.3106  0.3039  0.2991  0.2936  0.2917  0.2918  0.2873  0.2857  0.2875  0.2891  0.2831  0.2716  0.2584  0.2498  0.3319  0.3337  0.3272  0.3271  0.3361  0.3373  0.3396  0.3532  0.3741  0.3779  0.3348  0.3165  0.3521  0.3696  0.3826  0.3365  0.2842  0.2985  0.3013  0.3058  0.3102  0.3110
  0.2835  0.2821  0.2756  0.2750  0.2716  0.2748  0.2707  0.2693  0.2715  0.2683  0.2649  0.2451  0.2300  0.2267  0.3155  0.3152  0.3087  0.3125  0.3222  0.3171  0.3195  0.3323  0.3554  0.3390  0.2455  0.2259  0.2741  0.3306  0.3492  0.2773  0.2563  0.2664  0.2703  0.2738  0.2803  0.2837
  0.2666  0.2663  0.2610  0.2636  0.2606  0.2648  0.2615  0.2611  0.2621  0.2545  0.2508  0.2258  0.2085  0.2043  0.3052  0.3046  0.2994  0.3039  0.3105  0.3036  0.3065  0.3177  0.3355  0.2967  0.2030  0.2055  0.2119  0.2969  0.3294  0.2523  0.2437  0.2507  0.2563  0.2583  0.2624  0.2669
  0.2576  0.2507  0.2539  0.2508  0.2523  0.2538  0.2482  0.2508  0.2466  0.2433  0.2293  0.2183  0.1971  0.1862  0.2984  0.2968  0.2949  0.2969  0.2975  0.2945  0.2986  0.3077  0.3062  0.2317  0.2013  0.2166  0.2008  0.2820  0.3193  0.2358  0.2339  0.2541  0.2516  0.2570  0.2573  0.2576
  0.2417  0.2330  0.2373  0.2335  0.2347  0.2316  0.2309  0.2321  0.2301  0.2326  0.2223  0.2217  0.2141  0.1954  0.2945  0.2936  0.2924  0.2917  0.2892  0.2887  0.2955  0.2944  0.2406  0.2152  0.2176  0.2263  0.2067  0.2933  0.2885  0.2282  0.2297  0.2392  0.2348  0.2426  0.2429  0.2438
  0.2317  0.2249  0.2269  0.2238  0.2252  0.2215  0.2226  0.2226  0.2209  0.2239  0.2240  0.2195  0.2244  0.2368  0.2943  0.2937  0.2926  0.2896  0.2850  0.2847  0.2723  0.2514  0.2167  0.2149  0.2256  0.2272  0.2131  0.3045  0.2836  0.2283  0.2309  0.2308  0.2285  0.2352  0.2349  0.2357
  0.2273  0.2233  0.2224  0.2206  0.2219  0.2189  0.2200  0.2184  0.2162  0.2167  0.2266  0.2155  0.2270  0.2783  0.2962  0.2964  0.2941  0.2891  0.2831  0.2764  0.2397  0.2147  0.2213  0.2242  0.2279  0.2239  0.2161  0.3111  0.2868  0.2317  0.2338  0.2265  0.2274  0.2323  0.2318  0.2320
  0.2371  0.2356  0.2324  0.2342  0.2339  0.2312  0.2282  0.2231  0.2198  0.2108  0.2230  0.2095  0.2071  0.2934  0.3026  0.3061  0.2980  0.2907  0.2846  0.2460  0.1849  0.2281  0.2929  0.2559  0.2176  0.2138  0.2053  0.3013  0.2926  0.2397  0.2374  0.2294  0.2343  0.2384  0.2399  0.2383
  0.2478  0.2546  0.2544  0.2604  0.2624  0.2574  0.2517  0.2453  0.2418  0.2359  0.2219  0.1966  0.2129  0.3064  0.3116  0.3126  0.3009  0.2954  0.2900  0.2705  0.2056  0.2647  0.3174  0.3097  0.2885  0.2380  0.2161  0.3042  0.3192  0.2439  0.2341  0.2294  0.2359  0.2371  0.2390  0.2439
  0.2342  0.2409  0.2407  0.2444  0.2464  0.2419  0.2377  0.2345  0.2330  0.2397  0.2285  0.2109  0.2192  0.3097  0.3168  0.3144  0.3024  0.2981  0.2931  0.2819  0.2199  0.2364  0.3052  0.3213  0.3152  0.2761  0.2436  0.3084  0.3285  0.2513  0.2268  0.2209  0.2240  0.2241  0.2243  0.2293
  0.2097  0.2131  0.2115  0.2103  0.2114  0.2086  0.2077  0.2096  0.2112  0.2353  0.2387  0.2371  0.2263  0.3096  0.3209  0.3145  0.3034  0.3002  0.2956  0.2893  0.2331  0.1802  0.2767  0.3169  0.3265  0.3230  0.2805  0.3137  0.3318  0.2607  0.2174  0.2085  0.2057  0.2054  0.2030  0.2055
  0.1920  0.1926  0.1911  0.1872  0.1917  0.1895  0.1973  0.2009  0.2086  0.2275  0.2468  0.2264  0.2169  0.3071  0.3231  0.3155  0.3056  0.2987  0.2962  0.2932  0.2571  0.1855  0.1891  0.2651  0.3006  0.3196  0.3304  0.3309  0.3416  0.2758  0.2186  0.2160  0.2120  0.2149  0.2019  0.1974
  0.2183  0.2184  0.2189  0.2163  0.2209  0.2166  0.2213  0.2247  0.2311  0.2439  0.2511  0.2354  0.2047  0.3022  0.3292  0.3174  0.3022  0.2971  0.2960  0.2936  0.2729  0.2001  0.1852  0.2153  0.2253  0.2686  0.3176  0.3336  0.3397  0.2560  0.2203  0.2215  0.2249  0.2307  0.2237  0.2211
  0.2346  0.2350  0.2366  0.2354  0.2398  0.2343  0.2358  0.2371  0.2386  0.2443  0.2466  0.2383  0.1959  0.2978  0.3313  0.3163  0.2986  0.2955  0.2957  0.2939  0.2864  0.2314  0.1943  0.1913  0.1864  0.2268  0.2851  0.3158  0.3168  0.2410  0.2237  0.2257  0.2325  0.2388  0.2358  0.2350
  0.2342  0.2362  0.2373  0.2383  0.2412  0.2368  0.2342  0.2282  0.2159  0.2107  0.2218  0.2288  0.1920  0.2933  0.3253  0.3087  0.2935  0.2934  0.2948  0.2943  0.2984  0.3062  0.2336  0.2164  0.2152  0.1939  0.2019  0.2495  0.2433  0.2323  0.2318  0.2281  0.2308  0.2327  0.2302  0.2315
  0.2314  0.2302  0.2278  0.2263  0.2266  0.2234  0.2256  0.2201  0.2158  0.2118  0.2345  0.2699  0.1766  0.2740  0.3053  0.2998  0.2920  0.2920  0.2941  0.2942  0.3006  0.3117  0.2822  0.2279  0.2297  0.2173  0.2034  0.2126  0.2259  0.2273  0.2342  0.2323  0.2336  0.2358  0.2334  0.2335
  0.2366  0.2359  0.2323  0.2311  0.2292  0.2265  0.2273  0.2220  0.2228  0.2180  0.2388  0.2534  0.1759  0.2762  0.2989  0.2970  0.2922  0.2916  0.2929  0.2939  0.2993  0.3084  0.3011  0.2361  0.2267  0.2228  0.2162  0.2171  0.2299  0.2318  0.2329  0.2333  0.2365  0.2385  0.2383  0.2393
  0.2454  0.2455  0.2423  0.2420  0.2393  0.2354  0.2343  0.2294  0.2333  0.2277  0.2409  0.2298  0.1787  0.2818  0.2961  0.2961  0.2936  0.2922  0.2925  0.2940  0.2976  0.3037  0.3108  0.2475  0.2216  0.2249  0.2300  0.2287  0.2334  0.2340  0.2303  0.2337  0.2405  0.2434  0.2454  0.2477
  0.2585  0.2583  0.2589  0.2592  0.2608  0.2508  0.2502  0.2464  0.2485  0.2439  0.2403  0.2240  0.1831  0.2834  0.2969  0.2979  0.2970  0.2951  0.2949  0.2958  0.2971  0.3010  0.3084  0.2692  0.2220  0.2269  0.2374  0.2346  0.2214  0.2227  0.2259  0.2344  0.2475  0.2549  0.2571  0.2602
  0.2513  0.2500  0.2543  0.2542  0.2618  0.2558  0.2618  0.2597  0.2582  0.2548  0.2325  0.2217  0.1801  0.2762  0.3027  0.3023  0.3032  0.3015  0.3003  0.3022  0.3017  0.3042  0.3094  0.2715  0.2206  0.2242  0.2215  0.2175  0.2081  0.2153  0.2215  0.2333  0.2466  0.2580  0.2572  0.2553
  0.2599  0.2580  0.2573  0.2583  0.2634  0.2611  0.2676  0.2663  0.2664  0.2576  0.2420  0.2343  0.1923  0.2748  0.3144  0.3102  0.3130  0.3123  0.3095  0.3102  0.3085  0.3093  0.3143  0.2817  0.2173  0.2225  0.2298  0.2301  0.2818  0.3121  0.2764  0.2457  0.2597  0.2665  0.2651  0.2639
  0.2830  0.2809  0.2748  0.2766  0.2749  0.2748  0.2793  0.2779  0.2819  0.2722  0.2687  0.2567  0.2217  0.2936  0.3364  0.3279  0.3319  0.3314  0.3268  0.3232  0.3215  0.3206  0.3253  0.3117  0.2688  0.2759  0.2989  0.3212  0.3659  0.3838  0.3382  0.2720  0.2945  0.2951  0.2930  0.2896
  0.3219  0.3170  0.3077  0.3094  0.3027  0.3029  0.3042  0.3035  0.3113  0.3055  0.3117  0.2920  0.2695  0.3425  0.3707  0.3612  0.3702  0.3648  0.3571  0.3488  0.3483  0.3471  0.3512  0.3545  0.3462  0.3597  0.3907  0.4204  0.4318  0.4325  0.4097  0.3265  0.3522  0.3480  0.3438  0.3337
  0.3668  0.3570  0.3467  0.3479  0.3452  0.3480  0.3475  0.3486  0.3566  0.3542  0.3631  0.3415  0.3295  0.4109  0.4172  0.4135  0.4292  0.4157  0.4095  0.3989  0.3973  0.3986  0.4007  0.4036  0.4119  0.4342  0.4604  0.4751  0.4787  0.4854  0.4895  0.4156  0.4255  0.4186  0.4054  0.3848
  0.4012  0.3890  0.3800  0.3847  0.3923  0.4038  0.4038  0.4065  0.4084  0.4052  0.4146  0.3973  0.3928  0.4732  0.4753  0.4797  0.4917  0.4791  0.4838  0.4716  0.4642  0.4689  0.4651  0.4609  0.4765  0.4986  0.5137  0.5265  0.5278  0.5399  0.5560  0.5228  0.4913  0.4783  0.4494  0.4214
  0.4262  0.4172  0.4179  0.4301  0.4432  0.4576  0.4582  0.4637  0.4605  0.4598  0.4652  0.4495  0.4515  0.5348  0.5451  0.5506  0.5469  0.5439  0.5528  0.5429  0.5315  0.5340  0.5261  0.5194  0.5372  0.5534  0.5586  0.5726  0.5676  0.5769  0.5957  0.5916  0.5316  0.5032  0.4687  0.4410
  0.4512  0.4555  0.4724  0.4975  0.5149  0.5214  0.5211  0.5301  0.5365  0.5384  0.5298  0.5168  0.5552  0.5930  0.5909  0.5947  0.5886  0.5864  0.5932  0.5959  0.5863  0.5830  0.5841  0.5739  0.5746  0.5815  0.5918  0.6032  0.5998  0.6105  0.6198  0.6124  0.5542  0.5128  0.4863  0.4592
  0.4869  0.5005  0.5267  0.5693  0.5950  0.5989  0.5966  0.6022  0.6073  0.6022  0.5845  0.5775  0.6109  0.6057  0.5920  0.5934  0.5978  0.6019  0.6062  0.6066  0.5965  0.5902  0.5999  0.6069  0.6065  0.6120  0.6210  0.6250  0.6272  0.6337  0.6368  0.6398  0.6111  0.5427  0.5147  0.4919
  0.5588  0.5615  0.5845  0.6127  0.6252  0.6290  0.6291  0.6255  0.6186  0.6091  0.6062  0.6165  0.6353  0.6304  0.6265  0.6258  0.6253  0.6232  0.6206  0.6156  0.6103  0.6080  0.6128  0.6239  0.6358  0.6457  0.6479  0.6451  0.6413  0.6409  0.6444  0.6493  0.6348  0.6006  0.5860  0.5695
