  6.375640e-01
  6.074639e-01
  5.632238e-01
  5.135094e-01
  4.675663e-01
  4.104319e-01
  3.569774e-01
  3.151233e-01
  2.855528e-01
  2.675666e-01
  2.563730e-01
  2.466707e-01
  2.422941e-01
  2.408219e-01
  2.443694e-01
  2.599137e-01
  2.589890e-01
  2.514603e-01
  2.462300e-01
  2.504383e-01
  2.513380e-01
  2.454113e-01
  2.448062e-01
  2.472419e-01
  2.511992e-01
  2.573539e-01
  2.569649e-01
  2.698247e-01
  2.991827e-01
  3.436452e-01
  3.981337e-01
  4.554273e-01
  5.062994e-01
  5.532438e-01
  5.893895e-01
  6.187696e-01
