   1.6666378e-02
   1.3282049e-02
   3.4461493e-03
   1.1647287e-03
  -2.1321808e-05
  -5.4323505e-04
  -9.9485206e-04
  -1.6168858e-03
  -2.2397808e-03
  -3.1809625e-03
  -4.1207164e-03
  -5.1735501e-03
   0.0000000e+00
   0.0000000e+00
   0.0000000e+00
   0.0000000e+00
   0.0000000e+00
   0.0000000e+00
   0.0000000e+00
   0.0000000e+00
   0.0000000e+00
   0.0000000e+00
   0.0000000e+00
   0.0000000e+00
   0.0000000e+00
   0.0000000e+00
   0.0000000e+00
   0.0000000e+00
   0.0000000e+00
   0.0000000e+00
   0.0000000e+00
   0.0000000e+00
   0.0000000e+00
   1.0448341e-02
   1.2477476e-02
   1.3215532e-02
   2.5558678e-02
   1.0551066e-02
  -2.4865938e-03
  -4.3681441e-03
  -3.3932424e-03
  -2.3560480e-03
  -1.3121059e-03
  -1.9422702e-04
   1.2524377e-03
   6.5765774e-04
  -4.3522017e-03
  -9.0934992e-03
  -0.0000000e+00
   0.0000000e+00
   0.0000000e+00
   0.0000000e+00
   0.0000000e+00
   0.0000000e+00
   0.0000000e+00
   0.0000000e+00
   0.0000000e+00
   0.0000000e+00
   0.0000000e+00
   0.0000000e+00
   0.0000000e+00
   0.0000000e+00
   0.0000000e+00
   0.0000000e+00
   0.0000000e+00
   0.0000000e+00
   0.0000000e+00
   0.0000000e+00
   0.0000000e+00
   2.7210260e-02
   3.2730378e-02
   3.2059200e-02
  -2.0352311e-03
  -1.3510527e-02
  -2.0015744e-02
  -1.6481217e-02
  -1.0652715e-02
  -7.1063344e-03
  -5.4777493e-03
  -4.8593045e-03
  -2.4784422e-03
  -6.3179166e-04
  -5.0101918e-03
  -1.6207846e-02
  -2.0349503e-02
   0.0000000e+00
   0.0000000e+00
   0.0000000e+00
   0.0000000e+00
   0.0000000e+00
   0.0000000e+00
   0.0000000e+00
   0.0000000e+00
   0.0000000e+00
   0.0000000e+00
   0.0000000e+00
   0.0000000e+00
   0.0000000e+00
   0.0000000e+00
   0.0000000e+00
   0.0000000e+00
   0.0000000e+00
   0.0000000e+00
   0.0000000e+00
   2.0419229e-02
   3.0137526e-02
   3.3778004e-02
   1.2559707e-02
  -2.6544295e-02
  -3.0946195e-02
  -3.3587601e-02
  -3.0270316e-02
  -2.5657877e-02
  -2.2641052e-02
  -1.7211618e-02
  -1.3958862e-02
  -1.0545824e-02
  -8.0576530e-03
  -8.2672564e-03
  -1.8919216e-02
  -3.3013836e-02
  -0.0000000e+00
   0.0000000e+00
   0.0000000e+00
   0.0000000e+00
   0.0000000e+00
   0.0000000e+00
   0.0000000e+00
   0.0000000e+00
   0.0000000e+00
   0.0000000e+00
   0.0000000e+00
   0.0000000e+00
   0.0000000e+00
   0.0000000e+00
   0.0000000e+00
   0.0000000e+00
   0.0000000e+00
   0.0000000e+00
   0.0000000e+00
   2.4686660e-03
   9.8994176e-04
  -5.0492119e-03
  -1.9286968e-02
  -3.8074441e-02
  -3.6051106e-02
  -3.5299066e-02
  -3.6311992e-02
  -3.3776861e-02
  -3.0953340e-02
  -2.3367332e-02
  -2.1484803e-02
  -1.6445015e-02
  -1.6071504e-02
  -1.8107504e-02
  -2.2917528e-02
  -4.6910800e-02
  -3.2688326e-02
   0.0000000e+00
   0.0000000e+00
   0.0000000e+00
   0.0000000e+00
   0.0000000e+00
   0.0000000e+00
   0.0000000e+00
   0.0000000e+00
   0.0000000e+00
   0.0000000e+00
   0.0000000e+00
   0.0000000e+00
   0.0000000e+00
   0.0000000e+00
   0.0000000e+00
   0.0000000e+00
   0.0000000e+00
  -0.0000000e+00
  -1.0718692e-02
  -1.8381987e-02
  -2.8122650e-02
  -3.5639051e-02
  -3.4394301e-02
  -2.9114904e-02
  -2.9915215e-02
  -3.2722469e-02
  -2.9793847e-02
  -2.7933175e-02
  -2.2316867e-02
  -2.4115061e-02
  -1.9109743e-02
  -2.0893367e-02
  -2.4716005e-02
  -2.6775930e-02
  -5.0869253e-02
  -3.1209223e-02
   0.0000000e+00
   0.0000000e+00
   0.0000000e+00
   0.0000000e+00
   0.0000000e+00
   0.0000000e+00
   0.0000000e+00
   0.0000000e+00
   0.0000000e+00
   0.0000000e+00
   0.0000000e+00
   0.0000000e+00
   0.0000000e+00
   0.0000000e+00
   0.0000000e+00
   0.0000000e+00
   0.0000000e+00
  -6.1833277e-03
  -1.5332405e-02
  -2.0755310e-02
  -2.8568016e-02
  -3.4422304e-02
  -2.2344287e-02
  -1.9516349e-02
  -2.3023605e-02
  -2.4110802e-02
  -2.2589529e-02
  -2.2821531e-02
  -1.9091167e-02
  -2.1073168e-02
  -1.9264236e-02
  -2.4499768e-02
  -2.6817681e-02
  -2.4812927e-02
  -3.8270783e-02
  -2.0734468e-02
   0.0000000e+00
   0.0000000e+00
   0.0000000e+00
   0.0000000e+00
   0.0000000e+00
   0.0000000e+00
   0.0000000e+00
   0.0000000e+00
   0.0000000e+00
   0.0000000e+00
   0.0000000e+00
   0.0000000e+00
   0.0000000e+00
   0.0000000e+00
   0.0000000e+00
   0.0000000e+00
   0.0000000e+00
  -1.0053386e-03
  -1.4003187e-02
  -1.9664204e-02
  -2.5302848e-02
  -2.5163423e-02
  -7.4366662e-03
  -8.6719636e-03
  -1.0718566e-02
  -1.2181386e-02
  -1.2786263e-02
  -1.3536192e-02
  -1.1689643e-02
  -1.1645998e-02
  -1.4987143e-02
  -2.1074414e-02
  -2.2567319e-02
  -1.3949904e-02
  -9.8238876e-03
  -0.0000000e+00
   0.0000000e+00
   0.0000000e+00
   0.0000000e+00
   0.0000000e+00
   0.0000000e+00
   0.0000000e+00
   0.0000000e+00
   0.0000000e+00
   0.0000000e+00
   0.0000000e+00
  -2.3729818e-03
  -7.7260526e-03
  -1.2768073e-02
  -1.1594975e-02
   0.0000000e+00
   0.0000000e+00
   0.0000000e+00
   1.1935148e-02
  -6.0938662e-03
  -1.2106691e-02
  -1.4574451e-02
  -1.1653384e-02
   7.5144465e-03
   5.8269897e-03
   6.0285856e-03
   3.4279390e-03
   3.0648159e-03
   2.9197347e-03
   2.2540078e-03
   7.1053277e-04
  -7.2185593e-03
  -1.1292160e-02
  -1.1153779e-02
   5.3713731e-03
   2.1234151e-02
   0.0000000e+00
   0.0000000e+00
   0.0000000e+00
   0.0000000e+00
   0.0000000e+00
   0.0000000e+00
   0.0000000e+00
   0.0000000e+00
   0.0000000e+00
   0.0000000e+00
   0.0000000e+00
   8.9501729e-03
   7.6346616e-03
   8.8973455e-03
   9.4497166e-03
   8.3341208e-03
   0.0000000e+00
   2.6107236e-02
   2.0126438e-02
   5.4857545e-03
   1.8618932e-03
   1.1068003e-03
   4.2455094e-03
   2.1448234e-02
   2.1413092e-02
   2.2826733e-02
   2.0107895e-02
   2.0424083e-02
   1.9558109e-02
   1.7042315e-02
   1.1673018e-02
   6.9247012e-04
  -1.2015665e-03
   2.0978844e-03
   2.8382791e-02
   4.2179778e-02
   0.0000000e+00
   0.0000000e+00
   0.0000000e+00
   0.0000000e+00
   0.0000000e+00
   0.0000000e+00
   0.0000000e+00
   0.0000000e+00
   0.0000000e+00
   0.0000000e+00
   0.0000000e+00
   2.4208410e-02
   2.2389226e-02
   1.9862343e-02
   2.1190045e-02
   2.1946149e-02
   3.0454458e-02
   3.5506162e-02
   2.7835937e-02
   1.8441968e-02
   1.6839694e-02
   1.6594328e-02
   1.9343510e-02
   3.0880058e-02
   3.1629004e-02
   3.3463076e-02
   3.0087048e-02
   3.0286599e-02
   2.7514448e-02
   2.3963820e-02
   1.6493995e-02
   5.2199033e-03
   6.0642483e-03
   1.2856731e-02
   4.4948522e-02
   4.9245456e-02
   0.0000000e+00
   0.0000000e+00
   0.0000000e+00
   0.0000000e+00
   0.0000000e+00
   0.0000000e+00
   0.0000000e+00
   0.0000000e+00
   0.0000000e+00
   0.0000000e+00
   0.0000000e+00
   3.4008320e-02
   2.9261038e-02
   2.2060381e-02
   2.5779575e-02
   3.4111194e-02
   4.0502761e-02
   4.2501386e-02
   3.6423914e-02
   2.8466327e-02
   2.7161866e-02
   2.6805803e-02
   2.9468819e-02
   3.4618095e-02
   3.5444621e-02
   3.6602449e-02
   3.2202255e-02
   3.1922694e-02
   2.7211912e-02
   2.3577236e-02
   1.5875125e-02
   6.9728349e-03
   1.0469734e-02
   2.0102777e-02
   5.2933794e-02
   4.8572135e-02
   0.0000000e+00
   0.0000000e+00
   0.0000000e+00
   0.0000000e+00
   0.0000000e+00
   0.0000000e+00
   0.0000000e+00
   0.0000000e+00
   0.0000000e+00
   0.0000000e+00
   3.7200455e-02
   3.8832061e-02
   3.0195786e-02
   2.2529174e-02
   2.9527338e-02
   4.2897929e-02
   4.6204094e-02
   4.6539627e-02
   4.2503312e-02
   3.3400107e-02
   3.1720094e-02
   3.0580584e-02
   3.3524003e-02
   3.1475551e-02
   3.1869475e-02
   3.1057922e-02
   2.5564265e-02
   2.4637641e-02
   1.8486843e-02
   1.5805826e-02
   9.5288791e-03
   5.8631529e-03
   1.2132787e-02
   2.4048958e-02
   5.1647641e-02
   4.2349416e-02
   0.0000000e+00
   0.0000000e+00
   0.0000000e+00
   0.0000000e+00
   0.0000000e+00
   0.0000000e+00
   0.0000000e+00
   0.0000000e+00
   0.0000000e+00
   0.0000000e+00
   3.8070550e-02
   3.9005689e-02
   2.6489465e-02
   2.4499431e-02
   3.4336261e-02
   4.6861790e-02
   4.6886839e-02
   4.8089597e-02
   4.3588508e-02
   3.1978469e-02
   2.9877534e-02
   2.7353257e-02
   3.0709866e-02
   1.6192595e-02
   1.6939379e-02
   1.3860293e-02
   9.1882963e-03
   8.0687087e-03
   2.6380219e-03
   1.6604305e-03
  -1.4951766e-03
   1.4800665e-03
   9.9770017e-03
   2.3529191e-02
   4.2507944e-02
   3.1357054e-02
   0.0000000e+00
   0.0000000e+00
   0.0000000e+00
   0.0000000e+00
   0.0000000e+00
   0.0000000e+00
   0.0000000e+00
   0.0000000e+00
   0.0000000e+00
   0.0000000e+00
   3.3195515e-02
   3.3628136e-02
   2.4240786e-02
   3.1741917e-02
   3.3802915e-02
   3.6800150e-02
   3.9936341e-02
   3.9019387e-02
   2.8670909e-02
   1.8945841e-02
   1.7086685e-02
   1.4183307e-02
   1.6399236e-02
   3.1730107e-03
   3.1742025e-03
   9.1790763e-04
  -1.9121784e-03
  -3.2098682e-03
  -7.0175403e-03
  -7.4652443e-03
  -7.3426794e-03
  -2.2461182e-03
   7.5841360e-03
   2.2027154e-02
   3.4613905e-02
   2.3236468e-02
   0.0000000e+00
   0.0000000e+00
   0.0000000e+00
   0.0000000e+00
   0.0000000e+00
   0.0000000e+00
   0.0000000e+00
   0.0000000e+00
   0.0000000e+00
   1.8793769e-02
   2.9629301e-02
   2.8857298e-02
   2.7187161e-02
   2.8914312e-02
   0.0000000e+00
   2.0804628e-02
   2.7850300e-02
   2.3679109e-02
   1.3832175e-02
   7.1298173e-03
   5.4998682e-03
   3.3190753e-03
   3.8121145e-03
  -3.2775546e-03
  -3.9307419e-03
  -4.6907472e-03
  -6.0979063e-03
  -7.5339316e-03
  -9.9100731e-03
  -1.0476965e-02
  -8.2796402e-03
  -3.5354630e-03
   6.1843810e-03
   1.9991241e-02
   2.7195603e-02
   1.8296628e-02
   0.0000000e+00
   0.0000000e+00
   0.0000000e+00
   0.0000000e+00
   0.0000000e+00
   0.0000000e+00
   0.0000000e+00
   0.0000000e+00
   0.0000000e+00
   1.8127596e-02
   2.6532577e-02
   2.3842879e-02
   2.3205617e-02
   0.0000000e+00
   0.0000000e+00
   0.0000000e+00
   1.7366173e-02
   1.2346989e-02
   5.0211661e-03
   4.2404508e-04
  -1.1381402e-03
  -2.5237217e-03
  -2.9940796e-03
  -4.1024433e-03
  -5.4069231e-03
  -3.9609452e-03
  -4.2644674e-03
  -5.8082528e-03
  -6.6377693e-03
  -7.9100812e-03
  -4.4851215e-03
  -2.4946192e-03
   5.2365051e-03
   1.6058816e-02
   1.8231450e-02
   1.4587195e-02
   0.0000000e+00
   0.0000000e+00
   0.0000000e+00
   0.0000000e+00
   0.0000000e+00
   0.0000000e+00
   0.0000000e+00
   0.0000000e+00
   5.8352844e-03
   2.1103960e-02
   2.0713566e-02
   1.5586704e-02
   0.0000000e+00
   0.0000000e+00
   0.0000000e+00
   0.0000000e+00
   7.3410724e-03
   2.2531939e-03
   6.1142870e-04
  -2.4019673e-03
  -4.0950887e-03
  -4.3458017e-03
  -5.0364444e-03
  -1.4570054e-03
  -1.5772665e-03
  -1.4287456e-04
  -4.0832654e-04
  -1.1816046e-03
  -9.4514806e-04
  -1.8130969e-03
   2.9699475e-04
  -3.2142526e-04
   2.0596953e-03
   5.3800261e-03
   7.3419316e-03
   1.0188945e-02
   0.0000000e+00
   0.0000000e+00
   0.0000000e+00
   0.0000000e+00
   0.0000000e+00
   0.0000000e+00
   0.0000000e+00
  -1.6764454e-03
   8.5287830e-03
   1.7282685e-02
   9.2700867e-03
   0.0000000e+00
   0.0000000e+00
   0.0000000e+00
   0.0000000e+00
   0.0000000e+00
   0.0000000e+00
  -8.7413029e-04
  -1.0425290e-03
  -2.6418413e-03
  -4.5239888e-03
  -4.0363721e-03
  -3.6441239e-03
   2.3771685e-03
   2.9520991e-03
   3.7227017e-03
   3.4605060e-03
   3.2167807e-03
   3.7822640e-03
   3.6346195e-03
   4.6711667e-03
   3.7426339e-03
   4.9146665e-03
   5.3987307e-03
   3.8392186e-03
   6.2583047e-03
   0.0000000e+00
   0.0000000e+00
   0.0000000e+00
   0.0000000e+00
   0.0000000e+00
   0.0000000e+00
   0.0000000e+00
  -5.3335627e-03
   8.0394940e-03
   0.0000000e+00
   0.0000000e+00
   0.0000000e+00
   0.0000000e+00
  -0.0000000e+00
   0.0000000e+00
   0.0000000e+00
   4.4011029e-04
  -1.2462976e-03
  -1.2766761e-03
  -1.5478373e-03
  -2.3247157e-03
  -8.0847961e-04
   1.3202267e-04
   5.8585429e-03
   6.9916956e-03
   7.1136174e-03
   6.9740065e-03
   7.2867414e-03
   8.3980691e-03
   9.0604685e-03
   9.4849737e-03
   8.0487765e-03
   7.2766705e-03
   3.9465912e-03
  -2.0758457e-03
   8.2878485e-04
   0.0000000e+00
   0.0000000e+00
   0.0000000e+00
   0.0000000e+00
   0.0000000e+00
   0.0000000e+00
   0.0000000e+00
  -8.8493495e-03
   4.1835507e-03
   0.0000000e+00
   0.0000000e+00
   0.0000000e+00
   0.0000000e+00
  -0.0000000e+00
   0.0000000e+00
   0.0000000e+00
  -2.1056135e-03
  -2.0676858e-03
  -1.9128870e-03
  -1.2656495e-03
  -7.8013923e-04
   1.8808322e-03
   3.5208212e-03
   6.2700203e-03
   6.3317949e-03
   5.9980657e-03
   6.1891070e-03
   7.2438968e-03
   9.0553621e-03
   1.0563239e-02
   1.1180447e-02
   9.1561191e-03
   4.8489235e-03
  -5.4306150e-03
  -1.6454050e-02
  -9.1055771e-03
   0.0000000e+00
   0.0000000e+00
   0.0000000e+00
   0.0000000e+00
   0.0000000e+00
   0.0000000e+00
  -0.0000000e+00
  -1.5691550e-02
  -1.2084394e-02
   0.0000000e+00
   0.0000000e+00
  -0.0000000e+00
  -2.0510228e-02
  -1.1228057e-02
   0.0000000e+00
  -0.0000000e+00
  -8.5890151e-03
  -6.8808715e-03
  -5.3004017e-03
  -3.9518508e-03
  -9.4041962e-04
   3.0144064e-03
   5.2948608e-03
   6.5806060e-04
   6.0442742e-04
  -4.0692656e-04
  -1.8814870e-05
   1.1903159e-03
   3.6380768e-03
   6.4376560e-03
   7.9507297e-03
   7.2251339e-03
   7.7852554e-04
  -1.0497387e-02
  -2.5920050e-02
  -2.2448802e-02
   0.0000000e+00
   0.0000000e+00
   0.0000000e+00
   0.0000000e+00
   0.0000000e+00
   0.0000000e+00
  -0.0000000e+00
  -1.4141181e-02
  -2.2844197e-02
   0.0000000e+00
  -3.2937827e-02
  -3.1867607e-02
  -3.2650474e-02
  -1.5823413e-02
   0.0000000e+00
  -0.0000000e+00
  -1.6521582e-02
  -1.5782319e-02
  -1.2689166e-02
  -9.9095004e-03
  -7.2670872e-03
  -3.2385346e-03
   5.3075119e-04
  -7.6277875e-03
  -7.2220881e-03
  -8.6202314e-03
  -8.2827639e-03
  -7.1927067e-03
  -4.6615028e-03
  -1.0391711e-03
   1.1847687e-03
   2.6744616e-03
  -3.7826446e-03
  -1.4798599e-02
  -3.0891025e-02
  -3.3318614e-02
   0.0000000e+00
   0.0000000e+00
   0.0000000e+00
   0.0000000e+00
   0.0000000e+00
   0.0000000e+00
  -0.0000000e+00
  -1.4654823e-02
  -2.7808331e-02
  -3.5843139e-02
  -3.6783829e-02
  -3.9256766e-02
  -4.3205276e-02
  -2.2954227e-02
   0.0000000e+00
  -0.0000000e+00
  -2.2249755e-02
  -2.3379033e-02
  -2.1310527e-02
  -1.8490899e-02
  -1.6917337e-02
  -1.3178796e-02
  -8.1294738e-03
  -2.0183228e-02
  -1.8653141e-02
  -2.0172469e-02
  -2.0097801e-02
  -1.9330963e-02
  -1.7203104e-02
  -1.3256772e-02
  -1.0345996e-02
  -5.4189772e-03
  -9.8612802e-03
  -2.0319613e-02
  -3.5054520e-02
  -4.3345380e-02
  -0.0000000e+00
   0.0000000e+00
   0.0000000e+00
   0.0000000e+00
   0.0000000e+00
   0.0000000e+00
   0.0000000e+00
  -0.0000000e+00
  -3.2192429e-02
  -4.0172946e-02
  -4.2783692e-02
  -4.4217367e-02
  -5.3097185e-02
  -4.0234154e-02
   0.0000000e+00
  -0.0000000e+00
  -2.8245907e-02
  -3.2183725e-02
  -3.3242345e-02
  -3.1666324e-02
  -3.1703968e-02
  -2.8535781e-02
  -2.2235658e-02
  -3.1474382e-02
  -2.9133905e-02
  -3.0332552e-02
  -3.0518942e-02
  -3.0251924e-02
  -2.9123425e-02
  -2.6958417e-02
  -2.3446394e-02
  -1.4897076e-02
  -1.3483355e-02
  -2.3260253e-02
  -3.6889143e-02
  -5.1368930e-02
  -3.9021876e-02
   0.0000000e+00
   0.0000000e+00
   0.0000000e+00
   0.0000000e+00
   0.0000000e+00
   0.0000000e+00
   0.0000000e+00
  -3.1338842e-02
  -3.2082569e-02
  -4.1710261e-02
  -4.5550607e-02
  -5.4143663e-02
  -4.9512336e-02
   0.0000000e+00
  -0.0000000e+00
  -3.2498088e-02
  -3.4656011e-02
  -3.9287172e-02
  -4.1132346e-02
  -4.2088676e-02
  -4.0299930e-02
  -3.5172142e-02
  -3.4968745e-02
  -3.2035284e-02
  -3.3414815e-02
  -3.3277847e-02
  -3.3391003e-02
  -3.2609381e-02
  -3.2539587e-02
  -2.9196493e-02
  -1.8266605e-02
  -1.1712892e-02
  -1.8535571e-02
  -3.3141918e-02
  -6.0266481e-02
  -5.2377505e-02
   0.0000000e+00
   0.0000000e+00
   0.0000000e+00
   0.0000000e+00
   0.0000000e+00
   0.0000000e+00
   0.0000000e+00
   0.0000000e+00
  -0.0000000e+00
  -3.9821761e-02
  -4.4902753e-02
  -4.5000769e-02
  -4.8512284e-02
   0.0000000e+00
  -0.0000000e+00
  -3.1760376e-02
  -2.9744687e-02
  -3.4265563e-02
  -3.7265841e-02
  -4.0674679e-02
  -4.1016493e-02
  -3.8233384e-02
  -3.1455193e-02
  -2.7843693e-02
  -2.9297125e-02
  -2.9473171e-02
  -2.9469252e-02
  -2.8476076e-02
  -2.9735314e-02
  -2.7175512e-02
  -1.5858604e-02
  -7.0713265e-03
  -1.0652681e-02
  -2.4631051e-02
  -4.6027249e-02
  -5.3108721e-02
   0.0000000e+00
   0.0000000e+00
   0.0000000e+00
   0.0000000e+00
   0.0000000e+00
   0.0000000e+00
   0.0000000e+00
   0.0000000e+00
   0.0000000e+00
  -0.0000000e+00
  -4.1493945e-02
  -3.6154632e-02
  -4.2132288e-02
   0.0000000e+00
  -0.0000000e+00
  -2.7259753e-02
  -2.2076461e-02
  -2.4859002e-02
  -2.7503803e-02
  -3.2445442e-02
  -3.5064746e-02
  -3.3893202e-02
  -2.0787172e-02
  -1.6991394e-02
  -1.8223800e-02
  -1.9499786e-02
  -1.9079456e-02
  -1.7366186e-02
  -1.9075302e-02
  -1.7838441e-02
  -8.6639877e-03
  -2.9391286e-04
  -5.9176201e-04
  -1.1454501e-02
  -2.7199510e-02
  -4.1850481e-02
   0.0000000e+00
   0.0000000e+00
   0.0000000e+00
   0.0000000e+00
   0.0000000e+00
   0.0000000e+00
   0.0000000e+00
   0.0000000e+00
   0.0000000e+00
  -0.0000000e+00
  -3.4921698e-02
  -2.7166931e-02
  -2.8875204e-02
   0.0000000e+00
   0.0000000e+00
  -1.8651797e-02
  -1.2054455e-02
  -1.1724649e-02
  -1.3464867e-02
  -1.8378029e-02
  -2.2901071e-02
  -2.2680586e-02
  -3.0107375e-03
  -1.0839269e-03
  -1.7297345e-03
  -4.5334445e-03
  -3.8218924e-03
  -1.0211805e-03
  -1.6454419e-03
  -1.5967884e-03
   2.3347759e-03
   8.3785383e-03
   9.7823860e-03
   5.0961338e-03
  -3.8675219e-03
  -1.8402785e-02
   0.0000000e+00
   0.0000000e+00
   0.0000000e+00
   0.0000000e+00
   0.0000000e+00
   0.0000000e+00
   0.0000000e+00
   0.0000000e+00
   0.0000000e+00
  -0.0000000e+00
  -0.0000000e+00
  -0.0000000e+00
  -0.0000000e+00
   0.0000000e+00
   0.0000000e+00
  -0.0000000e+00
  -2.1252986e-03
   3.3325669e-03
   1.3063964e-03
  -1.1886604e-03
  -5.3265961e-03
  -5.5768574e-03
   1.4380775e-02
   1.3868842e-02
   1.3194932e-02
   9.0030925e-03
   9.3271611e-03
   1.1860789e-02
   1.3876147e-02
   1.4174945e-02
   1.3350922e-02
   1.6730381e-02
   1.8026112e-02
   1.8599916e-02
   1.3932780e-02
   8.0361535e-03
   0.0000000e+00
   0.0000000e+00
   0.0000000e+00
   0.0000000e+00
   0.0000000e+00
   0.0000000e+00
   0.0000000e+00
   0.0000000e+00
   0.0000000e+00
   0.0000000e+00
  -0.0000000e+00
  -0.0000000e+00
   0.0000000e+00
   0.0000000e+00
   0.0000000e+00
  -0.0000000e+00
  -2.8729070e-03
   8.0441460e-03
   8.6912224e-03
   1.0225690e-02
   1.0659916e-02
   1.1918479e-02
   2.5736906e-02
   2.6489934e-02
   2.5161859e-02
   2.0463137e-02
   1.8798888e-02
   1.9041115e-02
   2.2529125e-02
   2.3892630e-02
   2.3175498e-02
   2.4935495e-02
   2.3896808e-02
   2.5787249e-02
   2.4383086e-02
   2.7904531e-02
   2.9560506e-02
   2.8770921e-02
   0.0000000e+00
   0.0000000e+00
   0.0000000e+00
   0.0000000e+00
   0.0000000e+00
   0.0000000e+00
   0.0000000e+00
   0.0000000e+00
   0.0000000e+00
   0.0000000e+00
   0.0000000e+00
   0.0000000e+00
   0.0000000e+00
   0.0000000e+00
  -0.0000000e+00
   3.5129515e-03
   1.1817559e-02
   1.5592201e-02
   1.7516542e-02
   2.2001613e-02
   2.4205575e-02
   2.8195724e-02
   2.9753478e-02
   2.7363533e-02
   2.4684964e-02
   2.3338350e-02
   2.5600681e-02
   2.7317293e-02
   2.8301379e-02
   2.7665753e-02
   2.3781715e-02
   2.7057933e-02
   2.5729963e-02
   2.9788635e-02
   3.6950805e-02
   3.3246757e-02
   0.0000000e+00
   0.0000000e+00
   0.0000000e+00
   0.0000000e+00
   0.0000000e+00
   0.0000000e+00
   0.0000000e+00
   0.0000000e+00
   0.0000000e+00
   0.0000000e+00
   0.0000000e+00
   0.0000000e+00
   0.0000000e+00
   0.0000000e+00
  -0.0000000e+00
   3.8491045e-03
   1.1974459e-02
   1.7429462e-02
   2.0362576e-02
   2.2437228e-02
   2.0336417e-02
   2.2645621e-02
   2.3471149e-02
   2.3805643e-02
   2.2682318e-02
   2.2394311e-02
   2.1984829e-02
   2.2623258e-02
   2.1826858e-02
   1.8714383e-02
   1.6269784e-02
   2.1655202e-02
   2.2621185e-02
   0.0000000e+00
   2.5733628e-02
   2.4335859e-02
   2.3640317e-02
   2.1699224e-02
   0.0000000e+00
   0.0000000e+00
   0.0000000e+00
   0.0000000e+00
   0.0000000e+00
   0.0000000e+00
   0.0000000e+00
   3.0400207e-03
   1.5027897e-03
  -8.8032215e-04
   0.0000000e+00
   0.0000000e+00
  -6.8315931e-03
  -6.7254616e-04
   6.8430947e-03
   1.2666556e-02
   1.7741974e-02
   1.8812986e-02
   8.3046574e-03
   9.6977718e-03
   1.0579135e-02
   1.0270295e-02
   9.1931606e-03
   9.6737705e-03
   7.8584058e-03
   5.8457013e-03
   3.2293515e-03
   1.3298834e-03
   1.9492713e-03
   5.2602147e-03
   1.0430412e-02
   0.0000000e+00
   6.8860835e-03
   1.0040021e-02
   1.7706618e-02
   1.6264895e-02
   0.0000000e+00
   0.0000000e+00
   0.0000000e+00
   0.0000000e+00
   0.0000000e+00
   0.0000000e+00
   0.0000000e+00
  -3.8387030e-03
  -1.6079003e-03
  -1.5885111e-03
  -2.2367963e-03
  -6.1602370e-03
  -7.6955314e-03
  -4.4874414e-03
  -2.4650390e-03
   4.3830593e-04
   5.8597284e-03
   7.3034200e-03
  -3.8415480e-03
  -4.0794745e-03
  -3.6680348e-03
  -3.4489490e-03
  -3.5517814e-03
  -3.4193031e-03
  -3.4099666e-03
  -3.3639155e-03
  -3.8681764e-03
  -3.6359923e-03
  -4.4719824e-03
  -5.4952945e-03
  -1.3550990e-03
  -4.9851637e-04
  -5.6369629e-05
   1.9266838e-03
   0.0000000e+00
   0.0000000e+00
   0.0000000e+00
   0.0000000e+00
   0.0000000e+00
   0.0000000e+00
   0.0000000e+00
   0.0000000e+00
   0.0000000e+00
  -4.4438453e-03
  -2.9643103e-03
  -1.7556675e-03
  -2.0385508e-03
  -3.9166957e-03
  -4.7908728e-03
  -5.1592188e-03
  -7.2542550e-03
  -7.2534322e-03
  -4.4756806e-03
  -3.5278474e-03
  -3.7611159e-03
  -4.2583439e-03
  -5.0553204e-03
  -5.6239166e-03
  -5.4455223e-03
  -5.0245668e-03
  -4.3551433e-03
  -3.6004379e-03
  -3.3288933e-03
  -3.8453308e-03
  -5.1053665e-03
  -5.3752363e-03
  -2.9994325e-03
  -1.2364381e-03
  -5.0592740e-04
  -0.0000000e+00
   0.0000000e+00
   0.0000000e+00
   0.0000000e+00
   0.0000000e+00
   0.0000000e+00
   0.0000000e+00
   0.0000000e+00
   0.0000000e+00
   4.2221128e-04
  -1.0364764e-03
  -2.1422163e-03
  -2.1990777e-03
  -2.1957315e-03
  -2.3664236e-03
  -2.5673746e-03
  -2.6725791e-03
  -3.2628337e-03
  -3.7744630e-03
  -3.8867684e-03
  -3.7982503e-03
